BOM
Frame extends: 2263, 1306
_ms_area: 10
measurements taken: 585
current rendering method: 0
is mouse replay: 1
Camera settings: Roation Quaternion: ( 0.488333, -0.339726, -0.497206, 0.631584), Translationsvektor: ( 0.0768895, 0.101072, 1.625).
System_Time	Elapsed_Time_PaintGL	Elapsed_Kernel_Time	Frame_Coordinates	Grid_Position	Manual_Measurement
00:27:41.967	90	82.2003	(-1, -1)	(-1, -1)	16
00:27:42.069	92	82.1259	(-1, -1)	(-1, -1)	16
00:27:42.169	93	82.065	(-1, -1)	(-1, -1)	16
00:27:42.267	93	82.1073	(-1, -1)	(-1, -1)	16
00:27:42.375	91	82.067	(-1, -1)	(-1, -1)	16
00:27:42.475	89	82.1292	(-1, -1)	(-1, -1)	16
00:27:42.572	90	82.2393	(-1, -1)	(-1, -1)	16
00:27:42.669	94	82.0959	(-1, -1)	(-1, -1)	16
00:27:42.768	94	82.084	(-1, -1)	(-1, -1)	16
00:27:42.871	91	82.0705	(-1, -1)	(-1, -1)	16
00:27:42.969	94	82.1012	(-1, -1)	(-1, -1)	16
00:27:43.072	88	82.1433	(-1, -1)	(-1, -1)	16
00:27:43.170	94	82.0643	(-1, -1)	(-1, -1)	16
00:27:43.266	91	82.0788	(-1, -1)	(-1, -1)	16
00:27:43.365	95	82.0724	(-1, -1)	(-1, -1)	16
00:27:43.469	90	82.1501	(-1, -1)	(-1, -1)	16
00:27:43.588	90	82.088	(-1, -1)	(-1, -1)	16
00:27:43.685	89	82.1787	(-1, -1)	(-1, -1)	16
00:27:43.781	89	82.103	(-1, -1)	(-1, -1)	16
00:27:43.882	88	82.0576	(-1, -1)	(-1, -1)	16
00:27:43.982	95	82.0844	(-1, -1)	(-1, -1)	16
00:27:44.085	93	82.1453	(-1, -1)	(-1, -1)	16
00:27:44.185	91	82.0649	(-1, -1)	(-1, -1)	16
00:27:44.284	96	82.1353	(-1, -1)	(-1, -1)	16
00:27:44.387	104	82.0548	(-1, -1)	(-1, -1)	16
00:27:44.500	93	82.0681	(-1, -1)	(-1, -1)	16
00:27:44.602	94	82.084	(-1, -1)	(-1, -1)	16
00:27:44.711	94	82.1247	(-1, -1)	(-1, -1)	16
00:27:44.811	95	82.0819	(-1, -1)	(-1, -1)	16
00:27:44.919	94	82.0403	(-1, -1)	(-1, -1)	16
00:27:45.023	92	82.0658	(-1, -1)	(-1, -1)	16
00:27:45.123	92	82.0621	(-1, -1)	(-1, -1)	16
00:27:45.220	94	82.0652	(-1, -1)	(-1, -1)	16
00:27:45.319	94	82.0596	(-1, -1)	(-1, -1)	16
00:27:45.414	90	82.1455	(-1, -1)	(-1, -1)	16
00:27:45.513	95	82.0841	(-1, -1)	(-1, -1)	16
00:27:45.616	91	82.1653	(-1, -1)	(-1, -1)	16
00:27:45.715	94	82.0966	(-1, -1)	(-1, -1)	16
00:27:45.811	90	82.1376	(-1, -1)	(-1, -1)	16
00:27:45.912	99	82.0881	(-1, -1)	(-1, -1)	16
00:27:46.013	90	82.1452	(-1, -1)	(-1, -1)	16
00:27:46.111	93	82.1084	(-1, -1)	(-1, -1)	16
00:27:46.207	91	82.0742	(-1, -1)	(-1, -1)	16
00:27:46.306	94	82.0375	(-1, -1)	(-1, -1)	16
00:27:46.408	92	82.0733	(-1, -1)	(-1, -1)	16
00:27:46.507	95	82.1856	(-1, -1)	(-1, -1)	16
00:27:46.611	89	82.1564	(-1, -1)	(-1, -1)	16
00:27:46.710	94	82.0868	(-1, -1)	(-1, -1)	16
00:27:46.816	92	82.0747	(-1, -1)	(-1, -1)	16
00:27:46.918	98	82.057	(-1, -1)	(-1, -1)	16
00:27:47.023	93	82.0496	(-1, -1)	(-1, -1)	16
00:27:47.118	89	82.1244	(-1, -1)	(-1, -1)	16
00:27:47.217	95	82.1163	(-1, -1)	(-1, -1)	16
00:27:47.319	92	82.1004	(-1, -1)	(-1, -1)	16
00:27:47.418	95	82.1576	(-1, -1)	(-1, -1)	16
00:27:47.521	90	82.1584	(-1, -1)	(-1, -1)	16
00:27:47.620	93	82.0446	(-1, -1)	(-1, -1)	16
00:27:47.715	91	82.0769	(-1, -1)	(-1, -1)	16
00:27:47.814	92	82.1307	(-1, -1)	(-1, -1)	16
00:27:47.911	92	82.1249	(-1, -1)	(-1, -1)	16
00:27:48.009	94	82.1027	(-1, -1)	(-1, -1)	16
00:27:48.113	90	82.0588	(-1, -1)	(-1, -1)	16
00:27:48.214	93	82.0612	(-1, -1)	(-1, -1)	16
00:27:48.315	91	82.0655	(-1, -1)	(-1, -1)	16
00:27:48.415	94	82.0827	(-1, -1)	(-1, -1)	16
00:27:48.516	91	82.0667	(-1, -1)	(-1, -1)	16
00:27:48.616	93	82.0444	(-1, -1)	(-1, -1)	16
00:27:48.717	91	82.0967	(-1, -1)	(-1, -1)	16
00:27:48.818	94	82.1596	(-1, -1)	(-1, -1)	16
00:27:48.921	94	82.0679	(-1, -1)	(-1, -1)	16
00:27:49.024	95	82.1265	(-1, -1)	(-1, -1)	16
00:27:49.131	93	82.0502	(-1, -1)	(-1, -1)	16
00:27:49.232	94	82.0871	(-1, -1)	(-1, -1)	16
00:27:49.336	96	82.0646	(-1, -1)	(-1, -1)	16
00:27:49.443	94	82.0575	(-1, -1)	(-1, -1)	16
00:27:49.546	94	82.1024	(-1, -1)	(-1, -1)	16
00:27:49.650	94	82.0182	(-1, -1)	(-1, -1)	16
00:27:49.757	94	82.1416	(-1, -1)	(-1, -1)	16
00:27:49.856	90	82.2116	(-1, -1)	(-1, -1)	16
00:27:49.957	94	82.1181	(-1, -1)	(-1, -1)	16
00:27:50.058	90	82.2116	(-1, -1)	(-1, -1)	16
00:27:50.157	93	82.0779	(-1, -1)	(-1, -1)	16
00:27:50.253	90	82.2022	(-1, -1)	(-1, -1)	16
00:27:50.352	94	82.1021	(-1, -1)	(-1, -1)	16
00:27:50.454	89	82.1769	(-1, -1)	(-1, -1)	16
00:27:50.553	94	82.149	(-1, -1)	(-1, -1)	16
00:27:50.649	90	82.139	(-1, -1)	(-1, -1)	16
00:27:50.748	94	82.1681	(-1, -1)	(-1, -1)	16
00:27:50.844	91	82.159	(-1, -1)	(-1, -1)	16
00:27:50.944	94	82.1117	(-1, -1)	(-1, -1)	16
00:27:51.048	93	82.0573	(-1, -1)	(-1, -1)	16
00:27:51.151	95	82.068	(-1, -1)	(-1, -1)	16
00:27:51.257	92	82.1019	(-1, -1)	(-1, -1)	16
00:27:51.353	94	82.0588	(-1, -1)	(-1, -1)	16
00:27:51.459	94	82.0963	(-1, -1)	(-1, -1)	16
00:27:51.560	89	82.1837	(-1, -1)	(-1, -1)	16
00:27:51.659	93	82.0886	(-1, -1)	(-1, -1)	16
00:27:51.755	91	82.1178	(-1, -1)	(-1, -1)	16
00:27:51.853	92	82.0594	(-1, -1)	(-1, -1)	16
00:27:51.949	91	82.1689	(-1, -1)	(-1, -1)	16
00:27:52.047	95	82.0788	(-1, -1)	(-1, -1)	16
00:27:52.144	89	82.1341	(-1, -1)	(-1, -1)	16
00:27:52.242	94	82.1227	(-1, -1)	(-1, -1)	16
00:27:52.339	89	82.1901	(-1, -1)	(-1, -1)	16
00:27:52.438	94	82.0876	(-1, -1)	(-1, -1)	16
00:27:52.542	91	82.0704	(-1, -1)	(-1, -1)	16
00:27:52.638	93	82.085	(-1, -1)	(-1, -1)	16
00:27:52.737	93	82.0443	(-1, -1)	(-1, -1)	16
00:27:52.838	90	82.1926	(-1, -1)	(-1, -1)	16
00:27:52.938	92	82.0796	(-1, -1)	(-1, -1)	16
00:27:53.040	94	82.0717	(-1, -1)	(-1, -1)	16
00:27:53.148	94	82.1422	(-1, -1)	(-1, -1)	16
00:27:53.251	94	82.1181	(-1, -1)	(-1, -1)	16
00:27:53.360	95	82.0747	(-1, -1)	(-1, -1)	16
00:27:53.466	94	82.1172	(-1, -1)	(-1, -1)	16
00:27:53.572	92	82.0615	(-1, -1)	(-1, -1)	16
00:27:53.676	95	82.1634	(-1, -1)	(-1, -1)	16
00:27:53.784	94	82.0825	(-1, -1)	(-1, -1)	16
00:27:53.890	94	82.1665	(-1, -1)	(-1, -1)	16
00:27:53.995	95	82.0724	(-1, -1)	(-1, -1)	16
00:27:54.099	93	82.1199	(-1, -1)	(-1, -1)	16
00:27:54.208	91	82.0804	(-1, -1)	(-1, -1)	16
00:27:54.305	91	82.1351	(-1, -1)	(-1, -1)	16
00:27:54.405	94	82.1434	(-1, -1)	(-1, -1)	16
00:27:54.500	89	82.1194	(-1, -1)	(-1, -1)	16
00:27:54.599	94	82.0742	(-1, -1)	(-1, -1)	16
00:27:54.694	90	82.2296	(-1, -1)	(-1, -1)	16
00:27:54.793	93	82.0751	(-1, -1)	(-1, -1)	16
00:27:54.890	91	82.06	(-1, -1)	(-1, -1)	16
00:27:54.990	93	82.1753	(-1, -1)	(-1, -1)	16
00:27:55.092	91	82.1591	(-1, -1)	(-1, -1)	16
00:27:55.190	94	82.0588	(-1, -1)	(-1, -1)	16
00:27:55.294	90	82.0748	(-1, -1)	(-1, -1)	16
00:27:55.392	94	82.124	(-1, -1)	(-1, -1)	16
00:27:55.495	91	82.1249	(-1, -1)	(-1, -1)	16
00:27:55.593	91	82.04	(-1, -1)	(-1, -1)	16
00:27:55.693	94	82.173	(-1, -1)	(-1, -1)	16
00:27:55.795	95	82.0908	(-1, -1)	(-1, -1)	16
00:27:55.899	94	82.1447	(-1, -1)	(-1, -1)	16
00:27:55.995	89	82.2047	(-1, -1)	(-1, -1)	16
00:27:56.093	95	82.1668	(-1, -1)	(-1, -1)	16
00:27:56.196	92	82.2101	(-1, -1)	(-1, -1)	16
00:27:56.296	92	82.1055	(-1, -1)	(-1, -1)	16
00:27:56.392	94	82.0391	(-1, -1)	(-1, -1)	16
00:27:56.498	93	82.0701	(-1, -1)	(-1, -1)	16
00:27:56.600	92	82.1495	(-1, -1)	(-1, -1)	16
00:27:56.699	93	82.0776	(-1, -1)	(-1, -1)	16
00:27:56.794	88	82.0987	(-1, -1)	(-1, -1)	16
00:27:56.895	94	82.0886	(-1, -1)	(-1, -1)	16
00:27:56.996	91	82.0699	(-1, -1)	(-1, -1)	16
00:27:57.095	93	82.0704	(-1, -1)	(-1, -1)	16
00:27:57.192	91	82.0714	(-1, -1)	(-1, -1)	16
00:27:57.293	90	82.068	(-1, -1)	(-1, -1)	16
00:27:57.393	91	82.123	(-1, -1)	(-1, -1)	16
00:27:57.496	91	82.0751	(-1, -1)	(-1, -1)	16
00:27:57.594	89	82.1484	(-1, -1)	(-1, -1)	16
00:27:57.691	89	82.213	(-1, -1)	(-1, -1)	16
00:27:57.790	94	82.0797	(-1, -1)	(-1, -1)	16
00:27:57.886	89	82.1566	(-1, -1)	(-1, -1)	16
00:27:57.984	94	82.0784	(-1, -1)	(-1, -1)	16
00:27:58.089	94	82.0289	(-1, -1)	(-1, -1)	16
00:27:58.198	95	82.1361	(-1, -1)	(-1, -1)	16
00:27:58.297	90	82.0313	(-1, -1)	(-1, -1)	16
00:27:58.396	94	82.0985	(-1, -1)	(-1, -1)	16
00:27:58.498	92	82.1086	(-1, -1)	(-1, -1)	16
00:27:58.596	89	82.0751	(-1, -1)	(-1, -1)	16
00:27:58.693	91	82.0624	(-1, -1)	(-1, -1)	16
00:27:58.792	94	82.169	(-1, -1)	(-1, -1)	16
00:27:58.896	91	82.0732	(-1, -1)	(-1, -1)	16
00:27:58.993	94	82.097	(-1, -1)	(-1, -1)	16
00:27:59.100	93	82.0979	(-1, -1)	(-1, -1)	16
00:27:59.199	90	82.1437	(-1, -1)	(-1, -1)	16
00:27:59.299	93	82.1013	(-1, -1)	(-1, -1)	16
00:27:59.402	94	82.0357	(-1, -1)	(-1, -1)	16
00:27:59.509	94	82.0978	(-1, -1)	(-1, -1)	16
00:27:59.614	91	82.0801	(-1, -1)	(-1, -1)	16
00:27:59.715	96	82.1778	(-1, -1)	(-1, -1)	16
00:27:59.819	92	82.0822	(-1, -1)	(-1, -1)	16
00:27:59.918	93	82.0561	(-1, -1)	(-1, -1)	16
00:28:00.013	89	82.2113	(-1, -1)	(-1, -1)	16
00:28:00.109	91	82.2785	(-1, -1)	(-1, -1)	16
00:28:00.210	94	82.1514	(-1, -1)	(-1, -1)	16
00:28:00.314	94	82.119	(-1, -1)	(-1, -1)	16
00:28:00.416	93	82.1627	(-1, -1)	(-1, -1)	16
00:28:00.515	92	82.0616	(-1, -1)	(-1, -1)	16
00:28:00.611	88	82.1967	(-1, -1)	(-1, -1)	16
00:28:00.710	92	82.0631	(-1, -1)	(-1, -1)	16
00:28:00.806	90	82.1816	(-1, -1)	(-1, -1)	16
00:28:00.905	94	82.0406	(-1, -1)	(-1, -1)	16
00:28:01.010	90	82.0641	(-1, -1)	(-1, -1)	16
00:28:01.106	95	82.1099	(-1, -1)	(-1, -1)	16
00:28:01.214	93	82.0563	(-1, -1)	(-1, -1)	16
00:28:01.315	94	82.0615	(-1, -1)	(-1, -1)	16
00:28:01.419	96	82.1379	(-1, -1)	(-1, -1)	16
00:28:01.523	93	82.0489	(-1, -1)	(-1, -1)	16
00:28:01.618	90	82.139	(-1, -1)	(-1, -1)	16
00:28:01.717	95	82.091	(-1, -1)	(-1, -1)	16
00:28:01.822	90	82.1544	(-1, -1)	(-1, -1)	16
00:28:01.919	91	82.0521	(-1, -1)	(-1, -1)	16
00:28:02.017	93	82.1716	(-1, -1)	(-1, -1)	16
00:28:02.112	90	82.1496	(-1, -1)	(-1, -1)	16
00:28:02.216	92	82.1336	(-1, -1)	(-1, -1)	16
00:28:02.315	90	82.2382	(-1, -1)	(-1, -1)	16
00:28:02.418	93	82.0801	(-1, -1)	(-1, -1)	16
00:28:02.516	91	82.14	(-1, -1)	(-1, -1)	16
00:28:02.618	93	82.0456	(-1, -1)	(-1, -1)	16
00:28:02.719	89	82.0846	(-1, -1)	(-1, -1)	16
00:28:02.821	91	82.1084	(-1, -1)	(-1, -1)	16
00:28:02.920	91	82.1458	(-1, -1)	(-1, -1)	16
00:28:03.018	93	82.1113	(-1, -1)	(-1, -1)	16
00:28:03.120	91	82.1495	(-1, -1)	(-1, -1)	16
00:28:03.219	96	82.0886	(-1, -1)	(-1, -1)	16
00:28:03.322	92	82.125	(-1, -1)	(-1, -1)	16
00:28:03.421	94	82.0748	(-1, -1)	(-1, -1)	16
00:28:03.526	91	82.081	(-1, -1)	(-1, -1)	16
00:28:03.620	95	82.0575	(-1, -1)	(-1, -1)	16
00:28:03.720	94	82.1047	(-1, -1)	(-1, -1)	16
00:28:03.822	90	82.1545	(-1, -1)	(-1, -1)	16
00:28:03.922	95	82.1053	(-1, -1)	(-1, -1)	16
00:28:04.025	91	82.1044	(-1, -1)	(-1, -1)	16
00:28:04.124	92	82.0427	(-1, -1)	(-1, -1)	16
00:28:04.218	90	82.1092	(-1, -1)	(-1, -1)	16
00:28:04.318	93	82.092	(-1, -1)	(-1, -1)	16
00:28:04.420	93	82.1123	(-1, -1)	(-1, -1)	16
00:28:04.523	93	82.0474	(-1, -1)	(-1, -1)	16
00:28:04.622	92	82.0559	(-1, -1)	(-1, -1)	16
00:28:04.721	95	82.1357	(-1, -1)	(-1, -1)	16
00:28:04.824	90	82.2495	(-1, -1)	(-1, -1)	16
00:28:04.923	94	82.1548	(-1, -1)	(-1, -1)	16
00:28:05.027	91	82.1976	(-1, -1)	(-1, -1)	16
00:28:05.124	95	82.0446	(-1, -1)	(-1, -1)	16
00:28:05.230	93	82.0511	(-1, -1)	(-1, -1)	16
00:28:05.334	94	82.029	(-1, -1)	(-1, -1)	16
00:28:05.441	93	82.204	(-1, -1)	(-1, -1)	16
00:28:05.541	92	82.1019	(-1, -1)	(-1, -1)	16
00:28:05.639	95	82.0815	(-1, -1)	(-1, -1)	16
00:28:05.743	93	82.0641	(-1, -1)	(-1, -1)	16
00:28:05.847	94	82.049	(-1, -1)	(-1, -1)	16
00:28:05.951	94	82.0578	(-1, -1)	(-1, -1)	16
00:28:06.056	93	82.1043	(-1, -1)	(-1, -1)	16
00:28:06.160	92	82.0559	(-1, -1)	(-1, -1)	16
00:28:06.257	94	82.1714	(-1, -1)	(-1, -1)	16
00:28:06.360	93	82.1099	(-1, -1)	(-1, -1)	16
00:28:06.462	92	82.0963	(-1, -1)	(-1, -1)	16
00:28:06.561	91	82.1526	(-1, -1)	(-1, -1)	16
00:28:06.661	93	82.1276	(-1, -1)	(-1, -1)	16
00:28:06.756	89	82.1951	(-1, -1)	(-1, -1)	16
00:28:06.855	94	82.1129	(-1, -1)	(-1, -1)	16
00:28:06.951	89	82.2519	(-1, -1)	(-1, -1)	16
00:28:07.050	92	82.0628	(-1, -1)	(-1, -1)	16
00:28:07.146	91	82.1868	(-1, -1)	(-1, -1)	16
00:28:07.245	93	82.0369	(-1, -1)	(-1, -1)	16
00:28:07.349	90	82.0853	(-1, -1)	(-1, -1)	16
00:28:07.446	95	82.0218	(-1, -1)	(-1, -1)	16
00:28:07.550	92	82.0861	(-1, -1)	(-1, -1)	16
00:28:07.655	95	82.1419	(-1, -1)	(-1, -1)	16
00:28:07.760	91	82.0724	(-1, -1)	(-1, -1)	16
00:28:07.856	95	82.1302	(-1, -1)	(-1, -1)	16
00:28:07.964	92	82.1797	(-1, -1)	(-1, -1)	16
00:28:08.064	88	82.1277	(-1, -1)	(-1, -1)	16
00:28:08.163	91	82.1132	(-1, -1)	(-1, -1)	16
00:28:08.257	90	82.1994	(-1, -1)	(-1, -1)	16
00:28:08.358	95	82.0833	(-1, -1)	(-1, -1)	16
00:28:08.460	90	82.1316	(-1, -1)	(-1, -1)	16
00:28:08.558	93	82.1044	(-1, -1)	(-1, -1)	16
00:28:08.655	90	82.1381	(-1, -1)	(-1, -1)	16
00:28:08.753	93	82.0756	(-1, -1)	(-1, -1)	16
00:28:08.849	91	82.1033	(-1, -1)	(-1, -1)	16
00:28:08.948	92	82.1055	(-1, -1)	(-1, -1)	16
00:28:09.052	89	82.1166	(-1, -1)	(-1, -1)	16
00:28:09.149	93	82.0837	(-1, -1)	(-1, -1)	16
00:28:09.245	91	82.145	(-1, -1)	(-1, -1)	16
00:28:09.344	94	82.0724	(-1, -1)	(-1, -1)	16
00:28:09.447	90	82.2264	(-1, -1)	(-1, -1)	16
00:28:09.546	95	82.0781	(-1, -1)	(-1, -1)	16
00:28:09.651	91	82.0733	(-1, -1)	(-1, -1)	16
00:28:09.747	95	82.0862	(-1, -1)	(-1, -1)	16
00:28:09.854	93	82.0502	(-1, -1)	(-1, -1)	16
00:28:09.956	93	82.0708	(-1, -1)	(-1, -1)	16
00:28:10.052	89	82.2973	(-1, -1)	(-1, -1)	16
00:28:10.149	94	82.065	(-1, -1)	(-1, -1)	16
00:28:10.254	94	82.0892	(-1, -1)	(-1, -1)	16
00:28:10.359	94	82.0344	(-1, -1)	(-1, -1)	16
00:28:10.463	95	82.1487	(-1, -1)	(-1, -1)	16
00:28:10.567	91	82.0825	(-1, -1)	(-1, -1)	16
00:28:10.665	94	82.0462	(-1, -1)	(-1, -1)	16
00:28:10.770	94	82.0603	(-1, -1)	(-1, -1)	16
00:28:10.873	95	82.0461	(-1, -1)	(-1, -1)	16
00:28:10.979	93	82.1495	(-1, -1)	(-1, -1)	16
00:28:11.083	93	82.1231	(-1, -1)	(-1, -1)	16
00:28:11.184	88	82.2276	(-1, -1)	(-1, -1)	16
00:28:11.274	88	82.2399	(-1, -1)	(-1, -1)	16
00:28:11.366	92	82.1274	(-1, -1)	(-1, -1)	16
00:28:11.464	94	82.0769	(-1, -1)	(-1, -1)	16
00:28:11.560	91	82.1713	(-1, -1)	(-1, -1)	16
00:28:11.659	93	82.0775	(-1, -1)	(-1, -1)	16
00:28:11.755	92	82.0701	(-1, -1)	(-1, -1)	16
00:28:11.854	94	82.0807	(-1, -1)	(-1, -1)	16
00:28:11.961	93	82.1058	(-1, -1)	(-1, -1)	16
00:28:12.063	93	82.0879	(-1, -1)	(-1, -1)	16
00:28:12.170	91	82.095	(-1, -1)	(-1, -1)	16
00:28:12.273	94	82.1025	(-1, -1)	(-1, -1)	16
00:28:12.376	91	82.1338	(-1, -1)	(-1, -1)	16
00:28:12.471	95	82.1433	(-1, -1)	(-1, -1)	16
00:28:12.575	93	82.1206	(-1, -1)	(-1, -1)	16
00:28:12.674	94	82.0532	(-1, -1)	(-1, -1)	16
00:28:12.778	93	82.0996	(-1, -1)	(-1, -1)	16
00:28:12.873	89	82.1071	(-1, -1)	(-1, -1)	16
00:28:12.972	94	82.0696	(-1, -1)	(-1, -1)	16
00:28:13.068	92	82.1484	(-1, -1)	(-1, -1)	16
00:28:13.167	95	82.132	(-1, -1)	(-1, -1)	16
00:28:13.264	89	82.2173	(-1, -1)	(-1, -1)	16
00:28:13.363	93	82.1545	(-1, -1)	(-1, -1)	16
00:28:13.465	89	82.1717	(-1, -1)	(-1, -1)	16
00:28:13.563	94	82.0637	(-1, -1)	(-1, -1)	16
00:28:13.661	91	82.1679	(-1, -1)	(-1, -1)	16
00:28:13.757	92	82.009	(-1, -1)	(-1, -1)	16
00:28:13.854	93	82.1764	(-1, -1)	(-1, -1)	16
00:28:13.953	93	82.1163	(-1, -1)	(-1, -1)	16
00:28:14.057	91	82.1381	(-1, -1)	(-1, -1)	16
00:28:14.152	90	82.1733	(-1, -1)	(-1, -1)	16
00:28:14.252	94	82.1339	(-1, -1)	(-1, -1)	16
00:28:14.347	89	82.1542	(-1, -1)	(-1, -1)	16
00:28:14.446	94	82.0616	(-1, -1)	(-1, -1)	16
00:28:14.543	96	82.0681	(-1, -1)	(-1, -1)	16
00:28:14.651	92	82.0927	(-1, -1)	(-1, -1)	16
00:28:14.750	92	82.0898	(-1, -1)	(-1, -1)	16
00:28:14.849	95	82.0841	(-1, -1)	(-1, -1)	16
00:28:14.947	90	82.089	(-1, -1)	(-1, -1)	16
00:28:15.045	94	82.0391	(-1, -1)	(-1, -1)	16
00:28:15.147	91	82.2259	(-1, -1)	(-1, -1)	16
00:28:15.246	92	82.1279	(-1, -1)	(-1, -1)	16
00:28:15.341	92	82.1194	(-1, -1)	(-1, -1)	16
00:28:15.444	93	82.0821	(-1, -1)	(-1, -1)	16
00:28:15.544	90	82.0907	(-1, -1)	(-1, -1)	16
00:28:15.642	92	82.0784	(-1, -1)	(-1, -1)	16
00:28:15.745	91	82.0948	(-1, -1)	(-1, -1)	16
00:28:15.843	93	82.0858	(-1, -1)	(-1, -1)	16
00:28:15.939	88	82.271	(-1, -1)	(-1, -1)	16
00:28:16.042	95	82.1307	(-1, -1)	(-1, -1)	16
00:28:16.145	94	82.1524	(-1, -1)	(-1, -1)	16
00:28:16.247	95	82.0953	(-1, -1)	(-1, -1)	16
00:28:16.353	94	82.1446	(-1, -1)	(-1, -1)	16
00:28:16.456	91	82.133	(-1, -1)	(-1, -1)	16
00:28:16.555	94	82.097	(-1, -1)	(-1, -1)	16
00:28:16.655	92	82.115	(-1, -1)	(-1, -1)	16
00:28:16.758	92	82.1504	(-1, -1)	(-1, -1)	16
00:28:16.856	90	82.1865	(-1, -1)	(-1, -1)	16
00:28:16.956	93	82.0815	(-1, -1)	(-1, -1)	16
00:28:17.052	91	82.2246	(-1, -1)	(-1, -1)	16
00:28:17.151	94	82.1415	(-1, -1)	(-1, -1)	16
00:28:17.246	89	82.0914	(-1, -1)	(-1, -1)	16
00:28:17.345	94	82.0696	(-1, -1)	(-1, -1)	16
00:28:17.443	90	82.0573	(-1, -1)	(-1, -1)	16
00:28:17.543	94	82.1339	(-1, -1)	(-1, -1)	16
00:28:17.650	94	82.1169	(-1, -1)	(-1, -1)	16
00:28:17.755	94	82.0495	(-1, -1)	(-1, -1)	16
00:28:17.853	91	82.1156	(-1, -1)	(-1, -1)	16
00:28:17.950	92	82.0997	(-1, -1)	(-1, -1)	16
00:28:18.060	97	82.1015	(-1, -1)	(-1, -1)	16
00:28:18.166	95	82.1591	(-1, -1)	(-1, -1)	16
00:28:18.274	93	82.0902	(-1, -1)	(-1, -1)	16
00:28:18.374	95	82.1806	(-1, -1)	(-1, -1)	16
00:28:18.480	97	82.1141	(-1, -1)	(-1, -1)	16
00:28:18.587	94	82.1092	(-1, -1)	(-1, -1)	16
00:28:18.689	96	82.1884	(-1, -1)	(-1, -1)	16
00:28:18.789	90	82.1044	(-1, -1)	(-1, -1)	16
00:28:18.889	93	82.0908	(-1, -1)	(-1, -1)	16
00:28:18.984	89	82.177	(-1, -1)	(-1, -1)	16
00:28:19.084	93	82.0759	(-1, -1)	(-1, -1)	16
00:28:19.179	91	82.1431	(-1, -1)	(-1, -1)	16
00:28:19.279	92	82.0504	(-1, -1)	(-1, -1)	16
00:28:19.373	89	82.1806	(-1, -1)	(-1, -1)	16
00:28:19.473	93	82.1348	(-1, -1)	(-1, -1)	16
00:28:19.568	91	82.1147	(-1, -1)	(-1, -1)	16
00:28:19.667	94	82.0444	(-1, -1)	(-1, -1)	16
00:28:19.770	93	82.1228	(-1, -1)	(-1, -1)	16
00:28:19.868	95	82.0739	(-1, -1)	(-1, -1)	16
00:28:19.974	89	82.0618	(-1, -1)	(-1, -1)	16
00:28:20.070	93	82.132	(-1, -1)	(-1, -1)	16
00:28:20.168	93	82.2127	(-1, -1)	(-1, -1)	16
00:28:20.264	92	82.1511	(-1, -1)	(-1, -1)	16
00:28:20.364	93	82.1532	(-1, -1)	(-1, -1)	16
00:28:20.465	90	82.1182	(-1, -1)	(-1, -1)	16
00:28:20.565	93	82.1467	(-1, -1)	(-1, -1)	16
00:28:20.662	91	82.0557	(-1, -1)	(-1, -1)	16
00:28:20.759	94	82.1327	(-1, -1)	(-1, -1)	16
00:28:20.854	91	82.2256	(-1, -1)	(-1, -1)	16
00:28:20.953	95	82.0785	(-1, -1)	(-1, -1)	16
00:28:21.050	89	82.1908	(-1, -1)	(-1, -1)	16
00:28:21.148	95	82.0554	(-1, -1)	(-1, -1)	16
00:28:21.255	92	82.1539	(-1, -1)	(-1, -1)	16
00:28:21.357	95	82.057	(-1, -1)	(-1, -1)	16
00:28:21.461	95	82.0788	(-1, -1)	(-1, -1)	16
00:28:21.565	90	82.0241	(-1, -1)	(-1, -1)	16
00:28:21.665	94	82.1316	(-1, -1)	(-1, -1)	16
00:28:21.765	92	82.2055	(-1, -1)	(-1, -1)	16
00:28:21.865	89	82.0729	(-1, -1)	(-1, -1)	16
00:28:21.959	90	82.1081	(-1, -1)	(-1, -1)	16
00:28:22.059	92	82.1684	(-1, -1)	(-1, -1)	16
00:28:22.154	89	82.1289	(-1, -1)	(-1, -1)	16
00:28:22.253	97	82.0681	(-1, -1)	(-1, -1)	16
00:28:22.357	94	82.1006	(-1, -1)	(-1, -1)	16
00:28:22.462	93	82.1031	(-1, -1)	(-1, -1)	16
00:28:22.558	90	82.2834	(-1, -1)	(-1, -1)	16
00:28:22.656	92	82.0887	(-1, -1)	(-1, -1)	16
00:28:22.752	91	82.0807	(-1, -1)	(-1, -1)	16
00:28:22.852	93	82.1119	(-1, -1)	(-1, -1)	16
00:28:22.955	91	82.0812	(-1, -1)	(-1, -1)	16
00:28:23.052	93	82.0394	(-1, -1)	(-1, -1)	16
00:28:23.150	91	82.1064	(-1, -1)	(-1, -1)	16
00:28:23.247	95	82.0726	(-1, -1)	(-1, -1)	16
00:28:23.353	91	82.1338	(-1, -1)	(-1, -1)	16
00:28:23.447	89	82.1613	(-1, -1)	(-1, -1)	16
00:28:23.550	94	82.0806	(-1, -1)	(-1, -1)	16
00:28:23.651	94	82.0413	(-1, -1)	(-1, -1)	16
00:28:23.755	94	82.0985	(-1, -1)	(-1, -1)	16
00:28:23.859	95	82.1178	(-1, -1)	(-1, -1)	16
00:28:23.964	93	82.0919	(-1, -1)	(-1, -1)	16
00:28:24.073	93	82.1007	(-1, -1)	(-1, -1)	16
00:28:24.179	93	82.1627	(-1, -1)	(-1, -1)	16
00:28:24.277	94	82.0433	(-1, -1)	(-1, -1)	16
00:28:24.383	98	82.0698	(-1, -1)	(-1, -1)	16
00:28:24.492	93	82.0917	(-1, -1)	(-1, -1)	16
00:28:24.587	92	82.1895	(-1, -1)	(-1, -1)	16
00:28:24.687	94	82.1369	(-1, -1)	(-1, -1)	16
00:28:24.794	92	82.1201	(-1, -1)	(-1, -1)	16
00:28:24.896	92	82.0788	(-1, -1)	(-1, -1)	16
00:28:24.991	90	82.1244	(-1, -1)	(-1, -1)	16
00:28:25.088	90	82.1516	(-1, -1)	(-1, -1)	16
00:28:25.187	94	82.1372	(-1, -1)	(-1, -1)	16
00:28:25.289	89	82.2394	(-1, -1)	(-1, -1)	16
00:28:25.388	94	82.1126	(-1, -1)	(-1, -1)	16
00:28:25.492	92	82.0775	(-1, -1)	(-1, -1)	16
00:28:25.590	92	82.1159	(-1, -1)	(-1, -1)	16
00:28:25.686	92	82.1247	(-1, -1)	(-1, -1)	16
00:28:25.784	95	82.0283	(-1, -1)	(-1, -1)	16
00:28:25.890	94	82.0996	(-1, -1)	(-1, -1)	16
00:28:25.992	90	82.2036	(-1, -1)	(-1, -1)	16
00:28:26.091	91	82.1747	(-1, -1)	(-1, -1)	16
00:28:26.188	94	82.0779	(-1, -1)	(-1, -1)	16
00:28:26.293	93	82.1668	(-1, -1)	(-1, -1)	16
00:28:26.388	89	82.129	(-1, -1)	(-1, -1)	16
00:28:26.488	93	82.1679	(-1, -1)	(-1, -1)	16
00:28:26.583	89	82.171	(-1, -1)	(-1, -1)	16
00:28:26.682	94	82.128	(-1, -1)	(-1, -1)	16
00:28:26.778	91	82.24	(-1, -1)	(-1, -1)	16
00:28:26.877	93	82.0667	(-1, -1)	(-1, -1)	16
00:28:26.972	91	82.1319	(-1, -1)	(-1, -1)	16
00:28:27.070	95	82.1116	(-1, -1)	(-1, -1)	16
00:28:27.174	92	82.0996	(-1, -1)	(-1, -1)	16
00:28:27.273	94	82.1364	(-1, -1)	(-1, -1)	16
00:28:27.376	91	82.0615	(-1, -1)	(-1, -1)	16
00:28:27.474	94	82.0409	(-1, -1)	(-1, -1)	16
00:28:27.570	91	82.0627	(-1, -1)	(-1, -1)	16
00:28:27.669	95	82.0356	(-1, -1)	(-1, -1)	16
00:28:27.772	92	82.1373	(-1, -1)	(-1, -1)	16
00:28:27.870	94	82.0443	(-1, -1)	(-1, -1)	16
00:28:27.974	92	82.0905	(-1, -1)	(-1, -1)	16
00:28:28.070	92	82.1421	(-1, -1)	(-1, -1)	16
00:28:28.170	92	82.1428	(-1, -1)	(-1, -1)	16
00:28:28.273	95	82.1159	(-1, -1)	(-1, -1)	16
00:28:28.380	94	82.0957	(-1, -1)	(-1, -1)	16
00:28:28.480	90	82.1479	(-1, -1)	(-1, -1)	16
00:28:28.580	92	82.181	(-1, -1)	(-1, -1)	16
00:28:28.676	95	82.1184	(-1, -1)	(-1, -1)	16
00:28:28.781	94	82.1056	(-1, -1)	(-1, -1)	16
00:28:28.885	96	82.1255	(-1, -1)	(-1, -1)	16
00:28:28.995	92	82.1313	(-1, -1)	(-1, -1)	16
00:28:29.092	89	82.1077	(-1, -1)	(-1, -1)	16
00:28:29.194	94	82.1298	(-1, -1)	(-1, -1)	16
00:28:29.293	92	82.0652	(-1, -1)	(-1, -1)	16
00:28:29.393	93	82.103	(-1, -1)	(-1, -1)	16
00:28:29.488	90	82.1351	(-1, -1)	(-1, -1)	16
00:28:29.588	93	82.0596	(-1, -1)	(-1, -1)	16
00:28:29.684	90	82.2046	(-1, -1)	(-1, -1)	16
00:28:29.782	94	82.0738	(-1, -1)	(-1, -1)	16
00:28:29.887	95	82.1413	(-1, -1)	(-1, -1)	16
00:28:29.991	94	82.0898	(-1, -1)	(-1, -1)	16
00:28:30.087	91	82.0615	(-1, -1)	(-1, -1)	16
00:28:30.185	96	82.0354	(-1, -1)	(-1, -1)	16
00:28:30.293	94	82.0246	(-1, -1)	(-1, -1)	16
00:28:30.397	95	82.048	(-1, -1)	(-1, -1)	16
00:28:30.499	91	82.1781	(-1, -1)	(-1, -1)	16
00:28:30.595	94	82.0599	(-1, -1)	(-1, -1)	16
00:28:30.700	94	82.1433	(-1, -1)	(-1, -1)	16
00:28:30.804	94	82.0615	(-1, -1)	(-1, -1)	16
00:28:30.912	93	82.0801	(-1, -1)	(-1, -1)	16
00:28:31.013	94	82.1193	(-1, -1)	(-1, -1)	16
00:28:31.116	94	82.1784	(-1, -1)	(-1, -1)	16
00:28:31.212	90	82.1523	(-1, -1)	(-1, -1)	16
00:28:31.312	94	82.1385	(-1, -1)	(-1, -1)	16
00:28:31.414	89	82.1926	(-1, -1)	(-1, -1)	16
00:28:31.513	93	82.0308	(-1, -1)	(-1, -1)	16
00:28:31.608	89	82.1676	(-1, -1)	(-1, -1)	16
00:28:31.711	93	82.0397	(-1, -1)	(-1, -1)	16
00:28:31.812	90	82.068	(-1, -1)	(-1, -1)	16
00:28:31.911	93	82.1098	(-1, -1)	(-1, -1)	16
00:28:32.012	91	82.1736	(-1, -1)	(-1, -1)	16
00:28:32.111	95	82.0495	(-1, -1)	(-1, -1)	16
00:28:32.214	90	82.1633	(-1, -1)	(-1, -1)	16
00:28:32.313	93	82.1127	(-1, -1)	(-1, -1)	16
00:28:32.409	89	82.1465	(-1, -1)	(-1, -1)	16
00:28:32.505	89	82.1816	(-1, -1)	(-1, -1)	16
00:28:32.604	91	82.0939	(-1, -1)	(-1, -1)	16
00:28:32.701	93	82.0819	(-1, -1)	(-1, -1)	16
00:28:32.799	93	82.0317	(-1, -1)	(-1, -1)	16
00:28:32.895	89	82.1353	(-1, -1)	(-1, -1)	16
00:28:32.994	93	82.0554	(-1, -1)	(-1, -1)	16
00:28:33.090	91	82.1834	(-1, -1)	(-1, -1)	16
00:28:33.189	94	82.08	(-1, -1)	(-1, -1)	16
00:28:33.293	90	82.1213	(-1, -1)	(-1, -1)	16
00:28:33.390	93	82.0993	(-1, -1)	(-1, -1)	16
00:28:33.497	92	82.0997	(-1, -1)	(-1, -1)	16
00:28:33.598	94	82.1161	(-1, -1)	(-1, -1)	16
00:28:33.695	91	82.0896	(-1, -1)	(-1, -1)	16
00:28:33.795	94	82.0865	(-1, -1)	(-1, -1)	16
00:28:33.902	95	82.1053	(-1, -1)	(-1, -1)	16
00:28:34.002	94	82.0714	(-1, -1)	(-1, -1)	16
00:28:34.105	91	82.0582	(-1, -1)	(-1, -1)	16
00:28:34.203	95	82.0809	(-1, -1)	(-1, -1)	16
00:28:34.312	92	82.073	(-1, -1)	(-1, -1)	16
00:28:34.411	89	82.196	(-1, -1)	(-1, -1)	16
00:28:34.512	93	82.1399	(-1, -1)	(-1, -1)	16
00:28:34.612	89	82.1929	(-1, -1)	(-1, -1)	16
00:28:34.715	91	82.0956	(-1, -1)	(-1, -1)	16
00:28:34.814	89	82.14	(-1, -1)	(-1, -1)	16
00:28:34.916	93	82.1514	(-1, -1)	(-1, -1)	16
00:28:35.016	91	82.0591	(-1, -1)	(-1, -1)	16
00:28:35.118	93	82.1176	(-1, -1)	(-1, -1)	16
00:28:35.217	90	82.1865	(-1, -1)	(-1, -1)	16
00:28:35.317	95	82.1007	(-1, -1)	(-1, -1)	16
00:28:35.419	90	82.1884	(-1, -1)	(-1, -1)	16
00:28:35.517	93	82.0781	(-1, -1)	(-1, -1)	16
00:28:35.613	90	82.1354	(-1, -1)	(-1, -1)	16
00:28:35.711	95	82.111	(-1, -1)	(-1, -1)	16
00:28:35.816	91	82.0947	(-1, -1)	(-1, -1)	16
00:28:35.913	93	82.1156	(-1, -1)	(-1, -1)	16
00:28:36.011	93	82.0991	(-1, -1)	(-1, -1)	16
00:28:36.106	90	82.1157	(-1, -1)	(-1, -1)	16
00:28:36.208	95	82.0964	(-1, -1)	(-1, -1)	16
00:28:36.310	92	82.1547	(-1, -1)	(-1, -1)	16
00:28:36.407	93	82.1028	(-1, -1)	(-1, -1)	16
00:28:36.505	94	82.1218	(-1, -1)	(-1, -1)	16
00:28:36.608	95	82.1037	(-1, -1)	(-1, -1)	16
00:28:36.712	92	82.128	(-1, -1)	(-1, -1)	16
00:28:36.811	92	82.132	(-1, -1)	(-1, -1)	16
00:28:36.906	88	82.0999	(-1, -1)	(-1, -1)	16
00:28:37.008	93	82.069	(-1, -1)	(-1, -1)	16
00:28:37.107	90	82.0324	(-1, -1)	(-1, -1)	16
00:28:37.204	90	82.1253	(-1, -1)	(-1, -1)	16
00:28:37.304	92	82.0956	(-1, -1)	(-1, -1)	16
00:28:37.401	94	82.0713	(-1, -1)	(-1, -1)	16
00:28:37.497	90	82.2237	(-1, -1)	(-1, -1)	16
00:28:37.596	94	82.1049	(-1, -1)	(-1, -1)	16
00:28:37.700	90	82.128	(-1, -1)	(-1, -1)	16
00:28:37.797	95	82.0754	(-1, -1)	(-1, -1)	16
00:28:37.903	93	82.0702	(-1, -1)	(-1, -1)	16
00:28:38.007	95	82.0921	(-1, -1)	(-1, -1)	16
00:28:38.111	94	82.0732	(-1, -1)	(-1, -1)	16
00:28:38.214	94	82.0713	(-1, -1)	(-1, -1)	16
00:28:38.321	95	82.1102	(-1, -1)	(-1, -1)	16
00:28:38.423	94	82.0704	(-1, -1)	(-1, -1)	16
00:28:38.530	91	82.1913	(-1, -1)	(-1, -1)	16
00:28:38.630	89	82.136	(-1, -1)	(-1, -1)	16
00:28:38.729	92	82.1578	(-1, -1)	(-1, -1)	16
00:28:38.824	90	82.1834	(-1, -1)	(-1, -1)	16
00:28:38.924	93	82.0679	(-1, -1)	(-1, -1)	16
00:28:39.019	89	82.1012	(-1, -1)	(-1, -1)	16
00:28:39.118	93	82.1058	(-1, -1)	(-1, -1)	16
00:28:39.213	90	82.1156	(-1, -1)	(-1, -1)	16
00:28:39.313	92	82.0956	(-1, -1)	(-1, -1)	16
00:28:39.409	90	82.2356	(-1, -1)	(-1, -1)	16
00:28:39.507	94	82.1353	(-1, -1)	(-1, -1)	16
00:28:39.610	91	82.1161	(-1, -1)	(-1, -1)	16
00:28:39.710	93	82.075	(-1, -1)	(-1, -1)	16
00:28:39.807	90	82.1209	(-1, -1)	(-1, -1)	16
00:28:39.904	95	82.0799	(-1, -1)	(-1, -1)	16
00:28:40.009	91	82.0625	(-1, -1)	(-1, -1)	16
00:28:40.105	95	82.0976	(-1, -1)	(-1, -1)	16
00:28:40.212	93	82.1031	(-1, -1)	(-1, -1)	16
00:28:40.314	95	82.0612	(-1, -1)	(-1, -1)	16
00:28:40.419	95	82.0973	(-1, -1)	(-1, -1)	16
00:28:40.524	93	82.125	(-1, -1)	(-1, -1)	16
00:28:40.628	94	82.1281	(-1, -1)	(-1, -1)	16
EOM

