BOM
Frame extends: 2263, 1306
_ms_area: 10
measurements taken: 585
current rendering method: 1
is mouse replay: 1
Camera settings: Roation Quaternion: ( 0.488333, -0.339726, -0.497206, 0.631584), Translationsvektor: ( 0.0768895, 0.101072, 1.625).
System_Time	Elapsed_Time_PaintGL	Elapsed_Kernel_Time	Frame_Coordinates	Grid_Position	Manual_Measurement
00:30:40.355	25	9.53644	(318, 226)	(32, 23)	16
00:30:40.382	25	9.66889	(325, 225)	(33, 23)	16
00:30:40.410	28	10.2225	(335, 225)	(34, 23)	16
00:30:40.445	29	10.4973	(345, 225)	(35, 23)	16
00:30:40.481	31	10.7979	(357, 225)	(36, 23)	16
00:30:40.515	34	11.3157	(372, 225)	(37, 23)	16
00:30:40.557	26	11.4876	(375, 225)	(38, 23)	16
00:30:40.584	26	11.8175	(385, 225)	(39, 23)	16
00:30:40.612	26	12.2597	(395, 225)	(40, 23)	16
00:30:40.640	26	12.6652	(405, 225)	(41, 23)	16
00:30:40.668	26	13.049	(415, 225)	(42, 23)	16
00:30:40.695	27	13.6289	(425, 225)	(43, 23)	16
00:30:40.723	28	13.9754	(435, 226)	(44, 23)	16
00:30:40.758	28	14.3071	(445, 226)	(45, 23)	16
00:30:40.793	28	14.5957	(455, 226)	(46, 23)	16
00:30:40.827	29	15.1993	(465, 227)	(47, 23)	16
00:30:40.862	36	15.437	(475, 227)	(48, 23)	16
00:30:40.906	38	15.815	(485, 228)	(49, 23)	16
00:30:40.947	37	16.0113	(495, 228)	(50, 23)	16
00:30:40.989	32	16.4406	(505, 229)	(51, 23)	16
00:30:41.029	34	16.8644	(515, 229)	(52, 23)	16
00:30:41.071	35	17.1735	(525, 229)	(53, 23)	16
00:30:41.114	35	17.3415	(535, 229)	(54, 23)	16
00:30:41.157	38	17.7422	(545, 229)	(55, 23)	16
00:30:41.204	33	17.9567	(555, 229)	(56, 23)	16
00:30:41.245	37	18.2157	(565, 229)	(57, 23)	16
00:30:41.287	38	19.0471	(575, 229)	(58, 23)	16
00:30:41.329	38	18.7261	(585, 229)	(59, 23)	16
00:30:41.370	36	19.0153	(596, 229)	(60, 23)	16
00:30:41.412	34	19.3347	(605, 230)	(61, 23)	16
00:30:41.453	35	19.5399	(615, 230)	(62, 23)	16
00:30:41.495	41	19.7593	(626, 230)	(63, 23)	16
00:30:41.545	39	19.9079	(635, 230)	(64, 23)	16
00:30:41.593	37	20.1677	(645, 230)	(65, 23)	16
00:30:41.635	35	20.3458	(655, 230)	(66, 23)	16
00:30:41.676	34	20.5274	(665, 230)	(67, 23)	16
00:30:41.717	40	20.856	(680, 230)	(68, 23)	16
00:30:41.760	41	20.8105	(685, 230)	(69, 23)	16
00:30:41.809	37	20.9523	(695, 230)	(70, 23)	16
00:30:41.851	35	21.1997	(705, 230)	(71, 23)	16
00:30:41.891	35	21.3259	(715, 230)	(72, 23)	16
00:30:41.934	42	21.4708	(725, 230)	(73, 23)	16
00:30:41.982	45	21.5305	(735, 230)	(74, 23)	16
00:30:42.031	41	21.6671	(749, 230)	(75, 23)	16
00:30:42.079	38	21.8107	(756, 230)	(76, 23)	16
00:30:42.121	43	21.8643	(766, 230)	(77, 23)	16
00:30:42.170	44	21.8781	(775, 230)	(78, 23)	16
00:30:42.219	42	21.9846	(785, 230)	(79, 23)	16
00:30:42.267	38	22.1603	(796, 229)	(80, 23)	16
00:30:42.308	38	22.157	(805, 229)	(81, 23)	16
00:30:42.350	42	22.2493	(815, 229)	(82, 23)	16
00:30:42.400	53	22.2689	(825, 228)	(83, 23)	16
00:30:42.464	43	22.2458	(835, 228)	(84, 23)	16
00:30:42.511	41	22.2561	(845, 228)	(85, 23)	16
00:30:42.559	38	22.3339	(855, 228)	(86, 23)	16
00:30:42.600	44	22.4273	(865, 228)	(87, 23)	16
00:30:42.651	41	22.3981	(875, 228)	(88, 23)	16
00:30:42.698	41	22.5154	(885, 228)	(89, 23)	16
00:30:42.747	45	22.4341	(895, 228)	(90, 23)	16
00:30:42.796	47	22.4047	(905, 228)	(91, 23)	16
00:30:42.856	42	22.4532	(915, 228)	(92, 23)	16
00:30:42.907	39	22.444	(925, 228)	(93, 23)	16
00:30:42.948	39	22.4496	(935, 228)	(94, 23)	16
00:30:42.990	39	22.4166	(945, 227)	(95, 23)	16
00:30:43.032	39	22.4098	(957, 227)	(96, 23)	16
00:30:43.074	38	22.3759	(966, 227)	(97, 23)	16
00:30:43.115	36	22.4329	(975, 227)	(98, 23)	16
00:30:43.156	42	22.4058	(985, 227)	(99, 23)	16
00:30:43.207	40	22.3031	(995, 227)	(100, 23)	16
00:30:43.254	39	22.253	(1005, 227)	(101, 23)	16
00:30:43.295	38	22.2796	(1015, 226)	(102, 23)	16
00:30:43.337	39	22.2923	(1025, 226)	(103, 23)	16
00:30:43.381	43	22.2507	(1035, 226)	(104, 23)	16
00:30:43.429	43	22.1098	(1045, 225)	(105, 23)	16
00:30:43.477	39	22.1219	(1055, 225)	(106, 23)	16
00:30:43.518	36	22.0809	(1065, 225)	(107, 23)	16
00:30:43.559	38	22.0207	(1071, 224)	(107, 22)	16
00:30:43.602	36	21.9843	(1075, 224)	(108, 22)	16
00:30:43.647	46	21.9253	(1085, 224)	(109, 22)	16
00:30:43.701	37	21.843	(1095, 224)	(110, 22)	16
00:30:43.740	38	21.8499	(1105, 224)	(111, 22)	16
00:30:43.783	37	21.836	(1115, 224)	(112, 22)	16
00:30:43.824	45	21.7396	(1125, 224)	(113, 22)	16
00:30:43.875	44	21.7022	(1135, 224)	(114, 22)	16
00:30:43.928	39	21.6819	(1146, 223)	(115, 22)	16
00:30:43.970	40	21.569	(1155, 223)	(116, 22)	16
00:30:44.019	40	21.5061	(1165, 223)	(117, 22)	16
00:30:44.067	41	21.5721	(1175, 223)	(118, 22)	16
00:30:44.116	37	21.5004	(1185, 223)	(119, 22)	16
00:30:44.157	39	21.4502	(1195, 223)	(120, 22)	16
00:30:44.199	42	21.293	(1205, 223)	(121, 22)	16
00:30:44.249	40	21.2169	(1215, 223)	(122, 22)	16
00:30:44.298	40	21.1716	(1225, 223)	(123, 22)	16
00:30:44.345	36	21.0369	(1235, 223)	(124, 22)	16
00:30:44.387	40	20.9561	(1245, 223)	(125, 22)	16
00:30:44.436	42	20.8507	(1255, 223)	(126, 22)	16
00:30:44.485	41	20.7698	(1265, 224)	(127, 22)	16
00:30:44.533	37	20.7548	(1275, 224)	(128, 22)	16
00:30:44.574	34	20.8039	(1282, 225)	(128, 23)	16
00:30:44.616	39	20.7733	(1285, 225)	(129, 23)	16
00:30:44.658	53	20.7203	(1295, 226)	(130, 23)	16
00:30:44.714	40	20.5708	(1305, 226)	(131, 23)	16
00:30:44.763	34	20.6354	(1316, 228)	(132, 23)	16
00:30:44.804	38	20.4516	(1326, 228)	(133, 23)	16
00:30:44.846	40	20.3704	(1335, 228)	(134, 23)	16
00:30:44.888	44	20.2689	(1345, 229)	(135, 23)	16
00:30:44.936	41	20.2566	(1355, 230)	(136, 23)	16
00:30:44.986	40	20.2024	(1366, 230)	(137, 23)	16
00:30:45.034	40	20.1751	(1375, 230)	(138, 23)	16
00:30:45.083	41	20.2089	(1386, 231)	(139, 23)	16
00:30:45.131	41	20.1145	(1395, 231)	(140, 23)	16
00:30:45.179	39	20.1622	(1405, 232)	(141, 23)	16
00:30:45.223	41	19.9892	(1415, 232)	(142, 23)	16
00:30:45.272	39	19.88	(1425, 232)	(143, 23)	16
00:30:45.322	40	19.8332	(1435, 233)	(144, 23)	16
00:30:45.368	36	19.6841	(1445, 234)	(145, 23)	16
00:30:45.409	37	19.609	(1455, 234)	(146, 23)	16
00:30:45.451	40	19.4831	(1465, 234)	(147, 23)	16
00:30:45.501	45	19.2307	(1478, 234)	(148, 23)	16
00:30:45.556	37	19.0865	(1485, 234)	(149, 23)	16
00:30:45.597	35	19.0852	(1488, 235)	(149, 24)	16
00:30:45.639	34	19.0095	(1495, 235)	(150, 24)	16
00:30:45.680	34	18.8079	(1506, 235)	(151, 24)	16
00:30:45.721	35	18.5957	(1516, 235)	(152, 24)	16
00:30:45.764	35	18.4963	(1526, 236)	(153, 24)	16
00:30:45.807	40	18.259	(1535, 236)	(154, 24)	16
00:30:45.856	45	18.0499	(1546, 236)	(155, 24)	16
00:30:45.913	44	17.9351	(1556, 237)	(156, 24)	16
00:30:45.966	42	17.701	(1565, 237)	(157, 24)	16
00:30:46.014	32	17.6467	(1575, 238)	(158, 24)	16
00:30:46.048	31	17.4649	(1585, 238)	(159, 24)	16
00:30:46.083	32	17.2532	(1595, 239)	(160, 24)	16
00:30:46.118	30	17.0877	(1605, 239)	(161, 24)	16
00:30:46.152	32	16.9499	(1615, 240)	(162, 24)	16
00:30:46.188	31	16.7156	(1625, 240)	(163, 24)	16
00:30:46.223	31	16.4941	(1636, 241)	(164, 24)	16
00:30:46.257	30	16.292	(1645, 242)	(165, 24)	16
00:30:46.291	35	16.1286	(1655, 242)	(166, 24)	16
00:30:46.336	36	15.8748	(1666, 243)	(167, 24)	16
00:30:46.376	33	15.7719	(1676, 244)	(168, 24)	16
00:30:46.417	32	15.8012	(1677, 245)	(168, 25)	16
00:30:46.452	31	15.6458	(1686, 245)	(169, 25)	16
00:30:46.487	30	15.4241	(1696, 246)	(170, 25)	16
00:30:46.522	30	15.3479	(1705, 246)	(171, 25)	16
00:30:46.556	30	15.1679	(1715, 248)	(172, 25)	16
00:30:46.590	30	14.9139	(1726, 249)	(173, 25)	16
00:30:46.625	30	14.7173	(1735, 250)	(174, 25)	16
00:30:46.660	29	14.5262	(1745, 251)	(175, 25)	16
00:30:46.695	32	14.4018	(1755, 253)	(176, 25)	16
00:30:46.730	33	14.1976	(1765, 254)	(177, 25)	16
00:30:46.765	33	14.1467	(1768, 255)	(177, 26)	16
00:30:46.807	30	14.0323	(1775, 256)	(178, 26)	16
00:30:46.840	29	13.7723	(1785, 258)	(179, 26)	16
00:30:46.875	27	13.5502	(1795, 260)	(180, 26)	16
00:30:46.903	28	13.3495	(1805, 262)	(181, 26)	16
00:30:46.938	31	13.1673	(1815, 264)	(182, 26)	16
00:30:46.973	32	13.1047	(1817, 265)	(182, 27)	16
00:30:47.015	30	12.8363	(1825, 267)	(183, 27)	16
00:30:47.049	29	12.6535	(1838, 271)	(184, 27)	16
00:30:47.085	26	12.4547	(1845, 273)	(185, 27)	16
00:30:47.118	29	12.3813	(1849, 275)	(185, 28)	16
00:30:47.153	29	12.2012	(1858, 278)	(186, 28)	16
00:30:47.189	27	12.0142	(1865, 280)	(187, 28)	16
00:30:47.225	27	11.793	(1874, 285)	(187, 29)	16
00:30:47.258	28	11.7462	(1875, 285)	(188, 29)	16
00:30:47.293	27	11.5579	(1885, 289)	(189, 29)	16
00:30:47.328	29	11.2599	(1895, 294)	(190, 29)	16
00:30:47.364	27	11.3311	(1895, 295)	(190, 30)	16
00:30:47.397	27	11.0717	(1905, 299)	(191, 30)	16
00:30:47.432	27	10.9713	(1912, 305)	(191, 31)	16
00:30:47.467	25	10.9373	(1915, 307)	(192, 31)	16
00:30:47.494	24	10.7028	(1925, 314)	(193, 31)	16
00:30:47.522	25	10.7244	(1926, 315)	(193, 32)	16
00:30:47.550	24	10.5462	(1935, 322)	(194, 32)	16
00:30:47.577	24	10.5267	(1937, 325)	(194, 33)	16
00:30:47.605	25	10.3944	(1945, 333)	(195, 33)	16
00:30:47.634	24	10.3439	(1947, 335)	(195, 34)	16
00:30:47.661	25	10.3247	(1955, 344)	(196, 34)	16
00:30:47.689	24	10.2979	(1955, 345)	(196, 35)	16
00:30:47.717	24	10.1904	(1963, 355)	(196, 36)	16
00:30:47.745	24	10.2053	(1965, 358)	(197, 36)	16
00:30:47.772	24	10.1935	(1968, 365)	(197, 37)	16
00:30:47.800	24	10.169	(1973, 375)	(197, 38)	16
00:30:47.828	24	10.1967	(1975, 379)	(198, 38)	16
00:30:47.856	25	10.2504	(1976, 385)	(198, 39)	16
00:30:47.883	24	10.2619	(1980, 395)	(198, 40)	16
00:30:47.911	24	10.3519	(1982, 405)	(198, 41)	16
00:30:47.939	24	10.4542	(1984, 415)	(198, 42)	16
00:30:47.967	24	10.4844	(1985, 417)	(199, 42)	16
00:30:47.994	26	10.6756	(1985, 425)	(199, 43)	16
00:30:48.022	24	10.6975	(1987, 435)	(199, 44)	16
00:30:48.050	25	10.8667	(1988, 445)	(199, 45)	16
00:30:48.078	25	10.9705	(1989, 455)	(199, 46)	16
00:30:48.105	29	11.1043	(1989, 465)	(199, 47)	16
00:30:48.142	29	11.6421	(1989, 475)	(199, 48)	16
00:30:48.176	29	11.4636	(1988, 485)	(199, 49)	16
00:30:48.210	29	11.7209	(1985, 495)	(199, 50)	16
00:30:48.246	31	11.7413	(1984, 495)	(198, 50)	16
00:30:48.280	28	12.0631	(1980, 505)	(198, 51)	16
00:30:48.314	29	12.5262	(1972, 516)	(197, 52)	16
00:30:48.350	31	13.3716	(1965, 525)	(197, 53)	16
00:30:48.384	31	12.9276	(1964, 526)	(196, 53)	16
00:30:48.419	32	13.5847	(1954, 534)	(195, 53)	16
00:30:48.455	31	13.5585	(1953, 535)	(195, 54)	16
00:30:48.491	29	13.9889	(1944, 539)	(194, 54)	16
00:30:48.523	29	14.3233	(1937, 545)	(194, 55)	16
00:30:48.558	30	14.4782	(1934, 547)	(193, 55)	16
00:30:48.592	32	14.9209	(1924, 555)	(192, 56)	16
00:30:48.631	37	15.4459	(1914, 561)	(191, 56)	16
00:30:48.678	36	15.7213	(1907, 565)	(191, 57)	16
00:30:48.718	32	15.9379	(1904, 567)	(190, 57)	16
00:30:48.752	37	16.2733	(1894, 572)	(189, 57)	16
00:30:48.795	31	16.405	(1890, 575)	(189, 58)	16
00:30:48.829	33	16.8173	(1884, 577)	(188, 58)	16
00:30:48.871	32	17.0505	(1874, 581)	(187, 58)	16
00:30:48.906	32	17.2996	(1866, 585)	(187, 59)	16
00:30:48.940	32	17.4227	(1864, 585)	(186, 59)	16
00:30:48.975	35	17.7859	(1854, 590)	(185, 59)	16
00:30:49.017	37	18.1219	(1844, 594)	(184, 59)	16
00:30:49.059	37	18.1031	(1843, 595)	(184, 60)	16
00:30:49.101	36	18.8773	(1834, 597)	(183, 60)	16
00:30:49.142	32	18.6744	(1823, 601)	(182, 60)	16
00:30:49.176	33	19.0695	(1810, 606)	(181, 61)	16
00:30:49.211	34	19.2763	(1804, 609)	(180, 61)	16
00:30:49.254	41	19.4785	(1794, 612)	(179, 61)	16
00:30:49.304	37	19.6607	(1787, 615)	(179, 62)	16
00:30:49.344	39	19.7873	(1784, 616)	(178, 62)	16
00:30:49.393	45	19.9761	(1774, 619)	(177, 62)	16
00:30:49.443	43	20.2978	(1764, 622)	(176, 62)	16
00:30:49.491	43	20.4428	(1758, 625)	(176, 63)	16
00:30:49.542	38	20.5236	(1754, 626)	(175, 63)	16
00:30:49.586	45	20.8212	(1744, 628)	(174, 63)	16
00:30:49.637	42	21.0887	(1734, 631)	(173, 63)	16
00:30:49.685	38	21.2652	(1724, 633)	(172, 63)	16
00:30:49.727	37	21.6047	(1715, 635)	(172, 64)	16
00:30:49.768	36	21.7348	(1714, 635)	(171, 64)	16
00:30:49.809	36	21.9754	(1704, 637)	(170, 64)	16
00:30:49.852	43	22.1197	(1694, 638)	(169, 64)	16
00:30:49.901	43	22.3745	(1684, 640)	(168, 64)	16
00:30:49.948	39	22.6721	(1674, 641)	(167, 64)	16
00:30:49.990	40	22.8668	(1664, 642)	(166, 64)	16
00:30:50.032	46	23.1877	(1654, 643)	(165, 64)	16
00:30:50.089	52	23.3156	(1644, 644)	(164, 64)	16
00:30:50.151	39	23.5213	(1633, 644)	(163, 64)	16
00:30:50.198	37	23.831	(1624, 644)	(162, 64)	16
00:30:50.240	40	24.0616	(1614, 644)	(161, 64)	16
00:30:50.289	46	24.204	(1604, 644)	(160, 64)	16
00:30:50.345	42	24.4807	(1594, 644)	(159, 64)	16
00:30:50.394	39	24.6763	(1584, 644)	(158, 64)	16
00:30:50.435	41	25.0018	(1574, 644)	(157, 64)	16
00:30:50.484	46	25.1459	(1564, 644)	(156, 64)	16
00:30:50.543	43	25.3692	(1554, 644)	(155, 64)	16
00:30:50.594	41	25.4979	(1548, 645)	(155, 65)	16
00:30:50.637	40	25.5659	(1544, 645)	(154, 65)	16
00:30:50.679	40	25.7987	(1534, 645)	(153, 65)	16
00:30:50.728	47	25.908	(1524, 646)	(152, 65)	16
00:30:50.784	41	26.0501	(1514, 647)	(151, 65)	16
00:30:50.831	45	26.2132	(1504, 648)	(150, 65)	16
00:30:50.886	52	26.3308	(1494, 649)	(149, 65)	16
00:30:50.947	51	26.4855	(1484, 651)	(148, 65)	16
00:30:51.008	43	26.6319	(1474, 652)	(147, 65)	16
00:30:51.054	49	26.8932	(1464, 652)	(146, 65)	16
00:30:51.111	54	26.9344	(1454, 653)	(145, 65)	16
00:30:51.173	47	27.0289	(1444, 654)	(144, 65)	16
00:30:51.228	42	27.3399	(1434, 654)	(143, 65)	16
00:30:51.276	41	27.4877	(1419, 654)	(142, 65)	16
00:30:51.324	49	27.6241	(1414, 654)	(141, 65)	16
00:30:51.382	50	27.7351	(1404, 654)	(140, 65)	16
00:30:51.436	60	27.8892	(1394, 654)	(139, 65)	16
00:30:51.509	54	28.1123	(1384, 654)	(138, 65)	16
00:30:51.569	46	28.3228	(1374, 654)	(137, 65)	16
00:30:51.624	44	28.7233	(1356, 653)	(136, 65)	16
00:30:51.672	43	28.5991	(1354, 653)	(135, 65)	16
00:30:51.721	47	28.8615	(1344, 652)	(134, 65)	16
00:30:51.777	52	28.9399	(1334, 651)	(133, 65)	16
00:30:51.833	44	29.0853	(1323, 651)	(132, 65)	16
00:30:51.880	46	29.3351	(1314, 650)	(131, 65)	16
00:30:51.931	57	29.4043	(1303, 649)	(130, 65)	16
00:30:51.994	54	29.5846	(1294, 648)	(129, 65)	16
00:30:52.055	45	29.6535	(1284, 647)	(128, 65)	16
00:30:52.103	51	29.7969	(1274, 647)	(127, 65)	16
00:30:52.160	53	29.8754	(1264, 646)	(126, 65)	16
00:30:52.223	54	29.865	(1256, 644)	(126, 64)	16
00:30:52.284	49	29.9049	(1254, 644)	(125, 64)	16
00:30:52.340	51	30.0754	(1244, 643)	(124, 64)	16
00:30:52.405	57	30.0966	(1234, 643)	(123, 64)	16
00:30:52.471	50	30.1721	(1224, 641)	(122, 64)	16
00:30:52.527	46	30.359	(1214, 641)	(121, 64)	16
00:30:52.576	53	30.3853	(1204, 641)	(120, 64)	16
00:30:52.643	57	30.3381	(1194, 640)	(119, 64)	16
00:30:52.708	46	30.5089	(1184, 639)	(118, 64)	16
00:30:52.757	44	30.5704	(1174, 639)	(117, 64)	16
00:30:52.805	45	30.6899	(1164, 637)	(116, 64)	16
00:30:52.855	51	30.695	(1154, 637)	(115, 64)	16
00:30:52.910	46	30.8588	(1144, 636)	(114, 64)	16
00:30:52.959	46	30.8916	(1134, 636)	(113, 64)	16
00:30:53.008	52	30.9203	(1124, 635)	(112, 64)	16
00:30:53.063	52	30.9067	(1114, 635)	(111, 64)	16
00:30:53.119	48	30.9721	(1110, 634)	(111, 63)	16
00:30:53.174	54	31.0548	(1104, 634)	(110, 63)	16
00:30:53.243	58	31.0052	(1093, 633)	(109, 63)	16
00:30:53.308	52	31.0502	(1084, 632)	(108, 63)	16
00:30:53.362	54	31.1056	(1074, 632)	(107, 63)	16
00:30:53.425	59	31.1199	(1064, 631)	(106, 63)	16
00:30:53.491	54	31.1179	(1051, 631)	(105, 63)	16
00:30:53.550	45	31.3604	(1032, 629)	(103, 63)	16
00:30:53.598	55	31.3579	(1024, 629)	(102, 63)	16
00:30:53.661	52	31.2963	(1014, 629)	(101, 63)	16
00:30:53.717	48	31.2973	(1004, 628)	(100, 63)	16
00:30:53.772	47	31.4886	(994, 627)	(99, 63)	16
00:30:53.820	49	31.4886	(984, 627)	(98, 63)	16
00:30:53.877	55	31.5258	(974, 627)	(97, 63)	16
00:30:53.939	52	31.4481	(964, 626)	(96, 63)	16
00:30:53.995	52	32.0923	(954, 626)	(95, 63)	16
00:30:54.053	52	31.5727	(944, 626)	(94, 63)	16
00:30:54.116	53	31.6664	(934, 625)	(93, 63)	16
00:30:54.175	51	31.7407	(927, 624)	(93, 62)	16
00:30:54.231	54	31.6856	(924, 624)	(92, 62)	16
00:30:54.294	53	31.7556	(914, 623)	(91, 62)	16
00:30:54.357	54	31.6973	(904, 622)	(90, 62)	16
00:30:54.418	53	31.8159	(894, 621)	(89, 62)	16
00:30:54.475	55	31.7533	(884, 620)	(88, 62)	16
00:30:54.541	50	31.7161	(873, 619)	(87, 62)	16
00:30:54.599	49	31.7957	(864, 619)	(86, 62)	16
00:30:54.656	58	31.8064	(854, 619)	(85, 62)	16
00:30:54.719	59	31.7373	(843, 618)	(84, 62)	16
00:30:54.793	50	31.6984	(834, 618)	(83, 62)	16
00:30:54.849	49	31.8222	(823, 617)	(82, 62)	16
00:30:54.906	49	31.7179	(814, 617)	(81, 62)	16
00:30:54.960	47	31.6397	(804, 617)	(80, 62)	16
00:30:55.009	52	31.6895	(794, 617)	(79, 62)	16
00:30:55.069	55	31.5979	(784, 616)	(78, 62)	16
00:30:55.131	54	31.4433	(772, 616)	(77, 62)	16
00:30:55.192	46	31.3237	(764, 615)	(76, 62)	16
00:30:55.245	54	31.3206	(754, 615)	(75, 62)	16
00:30:55.310	57	31.1862	(744, 615)	(74, 62)	16
00:30:55.373	53	31.1378	(734, 615)	(73, 62)	16
00:30:55.433	45	31.1379	(724, 615)	(72, 62)	16
00:30:55.481	50	30.9225	(714, 615)	(71, 62)	16
00:30:55.544	51	30.7573	(704, 615)	(70, 62)	16
00:30:55.601	48	30.5898	(694, 615)	(69, 62)	16
00:30:55.656	46	30.535	(684, 615)	(68, 62)	16
00:30:55.712	55	30.3044	(674, 615)	(67, 62)	16
00:30:55.775	51	30.2138	(664, 616)	(66, 62)	16
00:30:55.830	45	30.4615	(654, 617)	(65, 62)	16
00:30:55.878	51	29.7013	(644, 618)	(64, 62)	16
00:30:55.935	56	29.4729	(634, 618)	(63, 62)	16
00:30:55.997	52	29.273	(624, 619)	(62, 62)	16
00:30:56.052	46	29.0464	(614, 619)	(61, 62)	16
00:30:56.108	50	28.6668	(604, 621)	(60, 62)	16
00:30:56.164	50	28.4982	(594, 621)	(59, 62)	16
00:30:56.223	44	28.2317	(584, 622)	(58, 62)	16
00:30:56.274	54	27.9828	(574, 624)	(57, 62)	16
00:30:56.338	55	27.6766	(566, 625)	(57, 63)	16
00:30:56.401	52	27.6655	(564, 625)	(56, 63)	16
00:30:56.458	44	27.3086	(554, 625)	(55, 63)	16
00:30:56.503	46	27.0517	(544, 626)	(54, 63)	16
00:30:56.553	47	26.7216	(534, 628)	(53, 63)	16
00:30:56.608	47	26.4182	(524, 629)	(52, 63)	16
00:30:56.658	42	25.9954	(514, 631)	(51, 63)	16
00:30:56.706	39	25.7181	(504, 633)	(50, 63)	16
00:30:56.747	41	25.2923	(494, 634)	(49, 63)	16
00:30:56.796	47	25.2339	(493, 635)	(49, 64)	16
00:30:56.852	42	24.8295	(484, 637)	(48, 64)	16
00:30:56.900	39	24.153	(467, 641)	(47, 64)	16
00:30:56.942	38	24.1213	(464, 642)	(46, 64)	16
00:30:56.983	45	23.7701	(458, 645)	(46, 65)	16
00:30:57.034	47	23.4852	(454, 646)	(45, 65)	16
00:30:57.090	46	23.0504	(444, 650)	(44, 65)	16
00:30:57.144	46	22.6154	(434, 654)	(43, 65)	16
00:30:57.201	51	22.4382	(432, 655)	(43, 66)	16
00:30:57.262	46	22.0816	(424, 658)	(42, 66)	16
00:30:57.318	38	21.5116	(414, 662)	(41, 66)	16
00:30:57.358	38	21.1993	(409, 665)	(41, 67)	16
00:30:57.401	37	20.8961	(404, 667)	(40, 67)	16
00:30:57.444	46	20.3036	(394, 671)	(39, 67)	16
00:30:57.500	42	19.9264	(387, 675)	(39, 68)	16
00:30:57.547	36	19.8031	(384, 676)	(38, 68)	16
00:30:57.589	36	19.1972	(374, 680)	(37, 68)	16
00:30:57.633	40	18.693	(367, 685)	(37, 69)	16
00:30:57.680	39	18.4948	(364, 687)	(36, 69)	16
00:30:57.728	36	17.9947	(356, 695)	(36, 70)	16
00:30:57.770	35	17.8283	(354, 695)	(35, 70)	16
00:30:57.812	41	17.171	(344, 704)	(34, 70)	16
00:30:57.860	42	17.2046	(344, 705)	(34, 71)	16
00:30:57.909	35	16.5145	(337, 715)	(34, 72)	16
00:30:57.950	30	16.3502	(335, 725)	(34, 73)	16
00:30:57.984	31	16.1933	(334, 727)	(33, 73)	16
00:30:58.021	37	15.8236	(331, 735)	(33, 74)	16
00:30:58.062	34	15.9852	(329, 746)	(33, 75)	16
00:30:58.104	35	15.2833	(329, 755)	(33, 76)	16
00:30:58.146	30	15.0039	(329, 765)	(33, 77)	16
00:30:58.179	28	14.787	(329, 775)	(33, 78)	16
00:30:58.214	30	14.6064	(329, 785)	(33, 79)	16
00:30:58.249	32	14.2862	(329, 795)	(33, 80)	16
00:30:58.283	32	14.0505	(329, 805)	(33, 81)	16
00:30:58.318	31	13.2818	(329, 833)	(33, 83)	16
00:30:58.353	27	13.1113	(329, 836)	(33, 84)	16
00:30:58.388	27	12.8727	(329, 845)	(33, 85)	16
00:30:58.422	29	12.5879	(329, 855)	(33, 86)	16
00:30:58.458	30	12.2966	(330, 865)	(33, 87)	16
00:30:58.493	30	12.0539	(332, 875)	(33, 88)	16
00:30:58.527	30	11.9929	(335, 883)	(34, 88)	16
00:30:58.562	26	11.9993	(335, 885)	(34, 89)	16
00:30:58.589	27	11.8138	(338, 895)	(34, 90)	16
00:30:58.624	26	11.6871	(341, 905)	(34, 91)	16
00:30:58.652	26	11.6193	(345, 914)	(35, 91)	16
00:30:58.680	26	11.6197	(346, 915)	(35, 92)	16
00:30:58.708	26	11.4926	(350, 925)	(35, 93)	16
00:30:58.743	27	11.9794	(355, 931)	(36, 93)	16
00:30:58.777	25	11.4625	(357, 935)	(36, 94)	16
00:30:58.804	27	11.4884	(364, 945)	(36, 95)	16
00:30:58.833	25	11.516	(365, 945)	(37, 95)	16
00:30:58.860	25	11.5302	(373, 955)	(37, 96)	16
00:30:58.888	25	11.5953	(375, 956)	(38, 96)	16
00:30:58.915	25	11.6219	(384, 965)	(38, 97)	16
00:30:58.943	27	11.6896	(385, 966)	(39, 97)	16
00:30:58.972	25	11.7484	(395, 975)	(40, 98)	16
00:30:58.999	26	11.8938	(405, 982)	(41, 98)	16
00:30:59.027	26	11.9738	(411, 987)	(41, 99)	16
00:30:59.055	26	12.0831	(415, 989)	(42, 99)	16
00:30:59.083	26	12.1576	(423, 995)	(42, 100)	16
00:30:59.110	26	12.2018	(425, 996)	(43, 100)	16
00:30:59.138	26	12.429	(435, 1001)	(44, 100)	16
00:30:59.166	26	12.487	(441, 1005)	(44, 101)	16
00:30:59.193	27	12.6161	(446, 1007)	(45, 101)	16
00:30:59.222	27	12.736	(455, 1012)	(46, 101)	16
00:30:59.256	30	12.8181	(461, 1015)	(46, 102)	16
00:30:59.292	31	12.9222	(465, 1017)	(47, 102)	16
00:30:59.327	31	13.1031	(475, 1022)	(48, 102)	16
00:30:59.361	30	13.1707	(481, 1025)	(48, 103)	16
00:30:59.396	27	13.2778	(485, 1026)	(49, 103)	16
00:30:59.430	28	13.4664	(495, 1030)	(50, 103)	16
00:30:59.466	31	13.6397	(505, 1034)	(51, 103)	16
00:30:59.500	34	13.6049	(506, 1035)	(51, 104)	16
00:30:59.545	33	13.8507	(515, 1037)	(52, 104)	16
00:30:59.584	28	14.1458	(525, 1040)	(53, 104)	16
00:30:59.617	28	14.5859	(540, 1043)	(54, 104)	16
00:30:59.652	29	14.7367	(545, 1044)	(55, 104)	16
00:30:59.687	32	14.8843	(549, 1045)	(55, 105)	16
00:30:59.722	36	15.1167	(555, 1046)	(56, 105)	16
00:30:59.765	33	15.8624	(577, 1050)	(58, 105)	16
00:30:59.806	31	16.1634	(585, 1052)	(59, 105)	16
00:30:59.840	32	16.676	(595, 1053)	(60, 105)	16
00:30:59.876	36	16.9834	(605, 1054)	(61, 105)	16
00:30:59.918	36	17.6139	(608, 1055)	(61, 106)	16
00:30:59.959	37	17.4292	(615, 1056)	(62, 106)	16
00:31:00.001	34	17.8999	(625, 1057)	(63, 106)	16
00:31:00.042	32	18.2108	(635, 1058)	(64, 106)	16
00:31:00.076	32	18.6618	(645, 1059)	(65, 106)	16
00:31:00.112	33	18.9326	(655, 1060)	(66, 106)	16
00:31:00.153	33	19.2576	(665, 1061)	(67, 106)	16
00:31:00.188	34	19.7539	(675, 1061)	(68, 106)	16
00:31:00.229	40	20.0369	(685, 1063)	(69, 106)	16
00:31:00.272	41	20.2862	(695, 1063)	(70, 106)	16
00:31:00.321	41	20.6274	(705, 1064)	(71, 106)	16
00:31:00.370	42	20.972	(715, 1064)	(72, 106)	16
00:31:00.418	38	21.012	(719, 1065)	(72, 107)	16
00:31:00.459	39	21.2778	(725, 1065)	(73, 107)	16
00:31:00.502	38	21.5599	(735, 1066)	(74, 107)	16
00:31:00.543	39	21.8628	(745, 1066)	(75, 107)	16
00:31:00.585	39	22.1834	(755, 1066)	(76, 107)	16
00:31:00.634	39	22.4624	(765, 1066)	(77, 107)	16
00:31:00.676	39	22.6292	(775, 1067)	(78, 107)	16
00:31:00.725	39	22.8687	(785, 1067)	(79, 107)	16
00:31:00.773	40	23.5594	(795, 1068)	(80, 107)	16
00:31:00.822	40	23.2687	(805, 1069)	(81, 107)	16
00:31:00.869	48	23.5433	(815, 1070)	(82, 107)	16
00:31:00.927	51	23.6221	(825, 1071)	(83, 107)	16
00:31:00.982	46	23.8295	(835, 1072)	(84, 107)	16
00:31:01.030	40	24.0307	(845, 1073)	(85, 107)	16
00:31:01.071	44	24.3046	(856, 1074)	(86, 107)	16
00:31:01.122	46	24.2742	(862, 1075)	(86, 108)	16
00:31:01.177	43	24.2735	(865, 1075)	(87, 108)	16
00:31:01.225	41	24.4465	(875, 1075)	(88, 108)	16
00:31:01.273	42	24.6501	(885, 1076)	(89, 108)	16
00:31:01.323	50	24.6514	(895, 1077)	(90, 108)	16
00:31:01.378	48	24.7652	(905, 1078)	(91, 108)	16
00:31:01.433	42	24.816	(915, 1078)	(92, 108)	16
00:31:01.481	45	24.8689	(925, 1079)	(93, 108)	16
00:31:01.531	47	24.8304	(935, 1080)	(94, 108)	16
00:31:01.586	45	24.9062	(945, 1081)	(95, 108)	16
00:31:01.635	41	24.8839	(955, 1082)	(96, 108)	16
00:31:01.682	41	24.9296	(965, 1082)	(97, 108)	16
00:31:01.725	41	24.9684	(975, 1083)	(98, 108)	16
00:31:01.775	48	25.021	(986, 1083)	(99, 108)	16
00:31:01.830	44	24.9187	(995, 1084)	(100, 108)	16
00:31:01.878	42	25.0021	(1005, 1084)	(101, 108)	16
00:31:01.926	42	24.9043	(1015, 1084)	(102, 108)	16
00:31:01.975	48	24.8935	(1017, 1085)	(102, 109)	16
00:31:02.032	48	24.884	(1025, 1085)	(103, 109)	16
00:31:02.086	41	24.8471	(1040, 1085)	(104, 109)	16
00:31:02.134	45	24.8631	(1048, 1085)	(105, 109)	16
00:31:02.184	50	24.7407	(1055, 1086)	(106, 109)	16
00:31:02.240	47	24.7329	(1065, 1086)	(107, 109)	16
00:31:02.296	43	24.6689	(1075, 1086)	(108, 109)	16
00:31:02.343	40	24.6966	(1085, 1086)	(109, 109)	16
00:31:02.392	46	24.6855	(1096, 1086)	(110, 109)	16
00:31:02.443	46	24.5849	(1105, 1086)	(111, 109)	16
00:31:02.497	40	24.616	(1115, 1086)	(112, 109)	16
00:31:02.544	48	24.5877	(1126, 1086)	(113, 109)	16
00:31:02.602	53	24.5733	(1135, 1086)	(114, 109)	16
00:31:02.665	46	24.5185	(1146, 1086)	(115, 109)	16
00:31:02.719	40	24.5572	(1155, 1086)	(116, 109)	16
00:31:02.760	43	24.5363	(1166, 1086)	(117, 109)	16
00:31:02.810	43	24.4853	(1175, 1086)	(118, 109)	16
00:31:02.858	43	24.7016	(1185, 1085)	(119, 109)	16
00:31:02.907	45	24.6041	(1188, 1084)	(119, 108)	16
00:31:02.956	42	24.6753	(1195, 1084)	(120, 108)	16
00:31:03.004	44	25.243	(1205, 1082)	(121, 108)	16
00:31:03.053	44	24.733	(1215, 1081)	(122, 108)	16
00:31:03.102	42	24.7545	(1225, 1081)	(123, 108)	16
00:31:03.150	38	24.767	(1235, 1081)	(124, 108)	16
00:31:03.192	42	24.7834	(1245, 1080)	(125, 108)	16
00:31:03.241	44	24.7887	(1255, 1080)	(126, 108)	16
00:31:03.289	45	24.7524	(1265, 1079)	(127, 108)	16
00:31:03.339	40	24.7729	(1275, 1078)	(128, 108)	16
00:31:03.386	46	24.8209	(1286, 1077)	(129, 108)	16
00:31:03.436	48	24.7662	(1295, 1077)	(130, 108)	16
00:31:03.491	54	24.7649	(1305, 1077)	(131, 108)	16
00:31:03.557	42	24.6751	(1315, 1077)	(132, 108)	16
00:31:03.602	40	24.711	(1325, 1077)	(133, 108)	16
00:31:03.650	49	24.5493	(1335, 1077)	(134, 108)	16
00:31:03.709	49	24.5105	(1345, 1077)	(135, 108)	16
00:31:03.763	42	24.4193	(1355, 1077)	(136, 108)	16
00:31:03.810	41	24.2264	(1365, 1079)	(137, 108)	16
00:31:03.859	45	24.0929	(1375, 1080)	(138, 108)	16
00:31:03.909	56	23.9447	(1385, 1081)	(139, 108)	16
00:31:03.974	42	23.8604	(1395, 1081)	(140, 108)	16
00:31:04.018	37	23.7016	(1405, 1083)	(141, 108)	16
00:31:04.060	39	23.4689	(1416, 1084)	(142, 108)	16
00:31:04.102	48	23.3916	(1418, 1085)	(142, 109)	16
00:31:04.159	40	23.2396	(1425, 1085)	(143, 109)	16
00:31:04.207	37	22.9437	(1437, 1088)	(144, 109)	16
00:31:04.248	40	22.7585	(1445, 1088)	(145, 109)	16
00:31:04.291	40	22.528	(1455, 1089)	(146, 109)	16
00:31:04.339	41	22.4068	(1465, 1090)	(147, 109)	16
00:31:04.389	40	22.1921	(1476, 1091)	(148, 109)	16
00:31:04.436	46	21.9553	(1485, 1092)	(149, 109)	16
00:31:04.493	48	21.7778	(1495, 1093)	(150, 109)	16
00:31:04.549	40	21.5889	(1505, 1093)	(151, 109)	16
00:31:04.596	35	21.3455	(1515, 1093)	(152, 109)	16
00:31:04.637	41	21.1624	(1525, 1093)	(153, 109)	16
00:31:04.687	42	20.947	(1535, 1094)	(154, 109)	16
00:31:04.735	41	20.6585	(1545, 1094)	(155, 109)	16
00:31:04.784	39	20.3883	(1555, 1094)	(156, 109)	16
00:31:04.825	49	20.3188	(1565, 1094)	(157, 109)	16
00:31:04.882	41	20.1348	(1566, 1095)	(157, 110)	16
00:31:04.930	41	19.9373	(1575, 1095)	(158, 110)	16
00:31:04.979	38	19.7764	(1585, 1095)	(159, 110)	16
00:31:05.021	34	19.3947	(1596, 1096)	(160, 110)	16
00:31:05.061	33	19.2274	(1605, 1096)	(161, 110)	16
00:31:05.096	34	19.0687	(1615, 1096)	(162, 110)	16
00:31:05.138	39	18.737	(1625, 1097)	(163, 110)	16
00:31:05.180	36	18.3739	(1635, 1097)	(164, 110)	16
00:31:05.222	32	18.1207	(1645, 1097)	(165, 110)	16
00:31:05.256	34	17.8424	(1655, 1098)	(166, 110)	16
00:31:05.298	31	17.5356	(1665, 1098)	(167, 110)	16
00:31:05.332	32	17.1661	(1675, 1099)	(168, 110)	16
00:31:05.368	35	16.8932	(1685, 1099)	(169, 110)	16
00:31:05.410	32	16.5677	(1695, 1100)	(170, 110)	16
00:31:05.450	33	16.4159	(1705, 1100)	(171, 110)	16
00:31:05.486	37	15.9674	(1715, 1101)	(172, 110)	16
00:31:05.527	37	15.6467	(1725, 1101)	(173, 110)	16
00:31:05.569	36	15.3218	(1735, 1103)	(174, 110)	16
00:31:05.612	32	14.7267	(1748, 1104)	(175, 110)	16
00:31:05.652	29	14.5476	(1753, 1105)	(175, 111)	16
00:31:05.686	28	14.4652	(1755, 1105)	(176, 111)	16
00:31:05.723	34	14.0117	(1765, 1106)	(177, 111)	16
00:31:05.764	35	13.703	(1775, 1107)	(178, 111)	16
00:31:05.805	35	13.3274	(1785, 1108)	(179, 111)	16
00:31:05.847	27	12.8687	(1798, 1109)	(180, 111)	16
00:31:05.881	27	12.5228	(1806, 1111)	(181, 111)	16
00:31:05.909	26	12.1757	(1815, 1112)	(182, 111)	16
00:31:05.937	27	11.889	(1825, 1112)	(183, 111)	16
00:31:05.973	31	11.4545	(1835, 1113)	(184, 111)	16
00:31:06.008	30	10.8727	(1850, 1114)	(185, 111)	16
00:31:06.042	28	10.712	(1855, 1114)	(186, 111)	16
00:31:06.076	25	10.6996	(1858, 1115)	(186, 112)	16
00:31:06.103	26	10.3121	(1865, 1116)	(187, 112)	16
00:31:06.132	24	9.90148	(1877, 1117)	(188, 112)	16
00:31:06.160	25	9.64208	(1885, 1118)	(189, 112)	16
00:31:06.188	23	9.2757	(1895, 1120)	(190, 112)	16
00:31:06.215	24	8.984	(1905, 1121)	(191, 112)	16
00:31:06.243	20	4.60415	(0, 0)	(0, 0)	16
EOM

