BOM
Frame extends: 2263, 1306
_ms_area: 10
measurements taken: 585
current rendering method: 2
is mouse replay: 1
Camera settings: Roation Quaternion: ( -0.0917033, -0.688919, 0.716429, 0.0609024), Translationsvektor: ( 0.212108, -0.14242, 1.85).
System_Time	Elapsed_Time_PaintGL	Elapsed_Kernel_Time	Frame_Coordinates	Grid_Position	Manual_Measurement
16:30:53.222	20	7.54074	(318, 226)	(32, 23)	49
16:30:53.248	18	7.6397	(325, 225)	(33, 23)	49
16:30:53.269	17	7.54119	(335, 225)	(34, 23)	49
16:30:53.290	17	7.60326	(345, 225)	(35, 23)	49
16:30:53.310	18	7.56207	(357, 225)	(36, 23)	49
16:30:53.331	18	7.70311	(372, 225)	(37, 23)	49
16:30:53.352	19	7.64015	(375, 225)	(38, 23)	49
16:30:53.373	18	7.60207	(385, 225)	(39, 23)	49
16:30:53.393	20	7.81007	(395, 225)	(40, 23)	49
16:30:53.415	18	7.632	(405, 225)	(41, 23)	49
16:30:53.436	18	7.71778	(415, 225)	(42, 23)	49
16:30:53.456	19	7.68296	(425, 225)	(43, 23)	49
16:30:53.477	19	7.77822	(435, 226)	(44, 23)	49
16:30:53.498	18	7.77437	(445, 226)	(45, 23)	49
16:30:53.519	19	7.67645	(455, 226)	(46, 23)	49
16:30:53.540	18	7.72237	(465, 227)	(47, 23)	49
16:30:53.560	19	7.71985	(475, 227)	(48, 23)	49
16:30:53.581	19	7.74074	(485, 228)	(49, 23)	49
16:30:53.602	18	7.70459	(495, 228)	(50, 23)	49
16:30:53.623	19	7.72252	(505, 229)	(51, 23)	49
16:30:53.644	19	7.84444	(515, 229)	(52, 23)	49
16:30:53.664	19	7.77541	(525, 229)	(53, 23)	49
16:30:53.686	19	7.89037	(535, 229)	(54, 23)	49
16:30:53.713	19	7.90341	(545, 229)	(55, 23)	49
16:30:53.734	19	7.97837	(555, 229)	(56, 23)	49
16:30:53.755	19	8.08178	(565, 229)	(57, 23)	49
16:30:53.777	18	8.084	(575, 229)	(58, 23)	49
16:30:53.797	18	8.17526	(585, 229)	(59, 23)	49
16:30:53.818	19	8.22059	(596, 229)	(60, 23)	49
16:30:53.846	18	8.22756	(605, 230)	(61, 23)	49
16:30:53.866	20	8.25689	(615, 230)	(62, 23)	49
16:30:53.894	20	8.3963	(626, 230)	(63, 23)	49
16:30:53.923	18	8.37037	(635, 230)	(64, 23)	49
16:30:53.943	19	8.57615	(645, 230)	(65, 23)	49
16:30:53.971	19	8.512	(655, 230)	(66, 23)	49
16:30:53.998	19	8.5803	(665, 230)	(67, 23)	49
16:30:54.026	22	8.63807	(680, 230)	(68, 23)	49
16:30:54.055	21	8.80889	(685, 230)	(69, 23)	49
16:30:54.082	18	8.74741	(695, 230)	(70, 23)	49
16:30:54.102	17	8.7243	(705, 230)	(71, 23)	49
16:30:54.123	17	8.79244	(715, 230)	(72, 23)	49
16:30:54.143	21	8.82044	(725, 230)	(73, 23)	49
16:30:54.172	22	8.89956	(735, 230)	(74, 23)	49
16:30:54.200	21	9.05096	(749, 230)	(75, 23)	49
16:30:54.229	21	9.09926	(756, 230)	(76, 23)	49
16:30:54.258	21	9.09289	(766, 230)	(77, 23)	49
16:30:54.284	21	9.07955	(775, 230)	(78, 23)	49
16:30:54.311	19	9.30593	(785, 230)	(79, 23)	49
16:30:54.332	19	9.38459	(796, 229)	(80, 23)	49
16:30:54.353	21	9.30444	(805, 229)	(81, 23)	49
16:30:54.382	22	9.45511	(815, 229)	(82, 23)	49
16:30:54.412	22	9.40978	(825, 228)	(83, 23)	49
16:30:54.437	22	9.58711	(835, 228)	(84, 23)	49
16:30:54.466	22	9.62919	(845, 228)	(85, 23)	49
16:30:54.493	22	9.6923	(855, 228)	(86, 23)	49
16:30:54.520	23	9.83956	(865, 228)	(87, 23)	49
16:30:54.548	23	9.88237	(875, 228)	(88, 23)	49
16:30:54.576	23	9.96237	(885, 228)	(89, 23)	49
16:30:54.604	23	10.0058	(895, 228)	(90, 23)	49
16:30:54.632	24	10.093	(905, 228)	(91, 23)	49
16:30:54.662	22	10.0809	(915, 228)	(92, 23)	49
16:30:54.689	23	10.0807	(925, 228)	(93, 23)	49
16:30:54.715	21	10.1119	(935, 228)	(94, 23)	49
16:30:54.743	19	10.1039	(945, 227)	(95, 23)	49
16:30:54.771	19	10.1224	(957, 227)	(96, 23)	49
16:30:54.798	20	10.0553	(966, 227)	(97, 23)	49
16:30:54.826	20	10.14	(975, 227)	(98, 23)	49
16:30:54.854	19	10.1104	(985, 227)	(99, 23)	49
16:30:54.881	22	10.1324	(995, 227)	(100, 23)	49
16:30:54.909	21	10.1846	(1005, 227)	(101, 23)	49
16:30:54.937	21	10.0486	(1015, 226)	(102, 23)	49
16:30:54.965	21	10.3172	(1025, 226)	(103, 23)	49
16:30:54.993	23	10.4742	(1035, 226)	(104, 23)	49
16:30:55.020	24	10.5096	(1045, 225)	(105, 23)	49
16:30:55.048	23	10.4132	(1055, 225)	(106, 23)	49
16:30:55.076	23	10.5376	(1065, 225)	(107, 23)	49
16:30:55.104	23	10.6004	(1071, 224)	(107, 22)	49
16:30:55.133	25	10.4754	(1075, 224)	(108, 22)	49
16:30:55.166	25	10.5296	(1085, 224)	(109, 22)	49
16:30:55.195	23	10.5046	(1095, 224)	(110, 22)	49
16:30:55.223	23	10.5759	(1105, 224)	(111, 22)	49
16:30:55.250	23	10.4766	(1115, 224)	(112, 22)	49
16:30:55.278	22	10.5631	(1125, 224)	(113, 22)	49
16:30:55.306	22	10.3473	(1135, 224)	(114, 22)	49
16:30:55.333	21	10.4957	(1146, 223)	(115, 22)	49
16:30:55.361	23	10.4086	(1155, 223)	(116, 22)	49
16:30:55.389	23	10.4347	(1165, 223)	(117, 22)	49
16:30:55.417	24	10.4951	(1175, 223)	(118, 22)	49
16:30:55.445	22	10.3079	(1185, 223)	(119, 22)	49
16:30:55.473	23	10.2581	(1195, 223)	(120, 22)	49
16:30:55.501	24	10.2483	(1205, 223)	(121, 22)	49
16:30:55.529	20	10.2007	(1215, 223)	(122, 22)	49
16:30:55.556	19	10.1791	(1225, 223)	(123, 22)	49
16:30:55.576	20	10.119	(1235, 223)	(124, 22)	49
16:30:55.597	20	10.1622	(1245, 223)	(125, 22)	49
16:30:55.626	19	10.0508	(1255, 223)	(126, 22)	49
16:30:55.653	20	10.1173	(1265, 224)	(127, 22)	49
16:30:55.681	21	10.1084	(1275, 224)	(128, 22)	49
16:30:55.709	20	10.0461	(1282, 225)	(128, 23)	49
16:30:55.737	19	10.0424	(1285, 225)	(129, 23)	49
16:30:55.763	23	9.92889	(1295, 226)	(130, 23)	49
16:30:55.793	22	9.93704	(1305, 226)	(131, 23)	49
16:30:55.820	22	10.0419	(1316, 228)	(132, 23)	49
16:30:55.848	22	10.0945	(1326, 228)	(133, 23)	49
16:30:55.876	22	9.87067	(1335, 228)	(134, 23)	49
16:30:55.904	22	10.0348	(1345, 229)	(135, 23)	49
16:30:55.932	21	9.84133	(1355, 230)	(136, 23)	49
16:30:55.959	23	9.71215	(1366, 230)	(137, 23)	49
16:30:55.987	22	9.75556	(1375, 230)	(138, 23)	49
16:30:56.016	21	9.73941	(1386, 231)	(139, 23)	49
16:30:56.042	23	10.0119	(1395, 231)	(140, 23)	49
16:30:56.071	22	9.736	(1405, 232)	(141, 23)	49
16:30:56.098	23	9.59496	(1415, 232)	(142, 23)	49
16:30:56.126	22	9.58741	(1425, 232)	(143, 23)	49
16:30:56.154	23	9.53408	(1435, 233)	(144, 23)	49
16:30:56.182	22	9.41585	(1445, 234)	(145, 23)	49
16:30:56.209	23	9.53733	(1455, 234)	(146, 23)	49
16:30:56.239	22	9.43215	(1465, 234)	(147, 23)	49
16:30:56.264	24	9.4	(1478, 234)	(148, 23)	49
16:30:56.293	22	9.29378	(1485, 234)	(149, 23)	49
16:30:56.321	21	9.35956	(1488, 235)	(149, 24)	49
16:30:56.348	22	9.212	(1495, 235)	(150, 24)	49
16:30:56.375	20	9.22504	(1506, 235)	(151, 24)	49
16:30:56.406	25	9.1157	(1516, 235)	(152, 24)	49
16:30:56.439	26	9.2483	(1526, 236)	(153, 24)	49
16:30:56.474	26	9.04859	(1535, 236)	(154, 24)	49
16:30:56.509	24	9.11067	(1546, 236)	(155, 24)	49
16:30:56.544	22	9.07245	(1556, 237)	(156, 24)	49
16:30:56.570	21	9.06993	(1565, 237)	(157, 24)	49
16:30:56.598	20	8.90163	(1575, 238)	(158, 24)	49
16:30:56.627	20	8.95659	(1585, 238)	(159, 24)	49
16:30:56.654	21	8.82726	(1595, 239)	(160, 24)	49
16:30:56.682	21	8.82859	(1605, 239)	(161, 24)	49
16:30:56.709	21	8.80682	(1615, 240)	(162, 24)	49
16:30:56.738	23	8.85615	(1625, 240)	(163, 24)	49
16:30:56.766	21	8.66207	(1636, 241)	(164, 24)	49
16:30:56.793	20	8.58356	(1645, 242)	(165, 24)	49
16:30:56.821	21	8.51067	(1655, 242)	(166, 24)	49
16:30:56.849	20	8.47333	(1666, 243)	(167, 24)	49
16:30:56.877	20	8.4203	(1676, 244)	(168, 24)	49
16:30:56.904	20	8.45733	(1677, 245)	(168, 25)	49
16:30:56.932	21	8.47052	(1686, 245)	(169, 25)	49
16:30:56.961	19	8.42637	(1696, 246)	(170, 25)	49
16:30:56.987	18	8.28533	(1705, 246)	(171, 25)	49
16:30:57.008	17	8.15111	(1715, 248)	(172, 25)	49
16:30:57.028	22	8.09911	(1726, 249)	(173, 25)	49
16:30:57.057	18	8.30282	(1735, 250)	(174, 25)	49
16:30:57.078	16	8.0683	(1745, 251)	(175, 25)	49
16:30:57.098	18	8.07733	(1755, 253)	(176, 25)	49
16:30:57.119	17	8.06237	(1765, 254)	(177, 25)	49
16:30:57.140	18	7.97763	(1768, 255)	(177, 26)	49
16:30:57.161	17	7.94133	(1775, 256)	(178, 26)	49
16:30:57.182	17	7.85215	(1785, 258)	(179, 26)	49
16:30:57.203	17	7.64533	(1795, 260)	(180, 26)	49
16:30:57.224	16	7.39867	(1805, 262)	(181, 26)	49
16:30:57.245	16	7.45482	(1815, 264)	(182, 26)	49
16:30:57.266	16	7.364	(1817, 265)	(182, 27)	49
16:30:57.286	17	7.27304	(1825, 267)	(183, 27)	49
16:30:57.307	17	7.23867	(1838, 271)	(184, 27)	49
16:30:57.328	20	7.324	(1845, 273)	(185, 27)	49
16:30:57.350	19	7.24563	(1849, 275)	(185, 28)	49
16:30:57.377	21	7.28682	(1858, 278)	(186, 28)	49
16:30:57.405	20	7.23274	(1865, 280)	(187, 28)	49
16:30:57.432	22	7.19467	(1874, 285)	(187, 29)	49
16:30:57.460	21	7.4157	(1875, 285)	(188, 29)	49
16:30:57.489	20	7.24889	(1885, 289)	(189, 29)	49
16:30:57.516	20	7.25733	(1895, 294)	(190, 29)	49
16:30:57.545	19	7.3037	(1895, 295)	(190, 30)	49
16:30:57.572	21	7.41437	(1905, 299)	(191, 30)	49
16:30:57.600	19	7.14904	(1912, 305)	(191, 31)	49
16:30:57.627	20	7.12593	(1915, 307)	(192, 31)	49
16:30:57.655	21	7.15941	(1925, 314)	(193, 31)	49
16:30:57.683	20	7.14637	(1926, 315)	(193, 32)	49
16:30:57.711	20	7.21348	(1935, 322)	(194, 32)	49
16:30:57.738	21	7.1917	(1937, 325)	(194, 33)	49
16:30:57.767	19	7.15941	(1945, 333)	(195, 33)	49
16:30:57.795	20	7.18845	(1947, 335)	(195, 34)	49
16:30:57.822	17	7.18622	(1955, 344)	(196, 34)	49
16:30:57.842	19	7.22015	(1955, 345)	(196, 35)	49
16:30:57.865	17	7.24711	(1963, 355)	(196, 36)	49
16:30:57.884	18	7.24311	(1965, 358)	(197, 36)	49
16:30:57.905	18	7.16993	(1968, 365)	(197, 37)	49
16:30:57.926	17	7.14385	(1973, 375)	(197, 38)	49
16:30:57.946	18	7.15674	(1975, 379)	(198, 38)	49
16:30:57.967	19	7.13245	(1976, 385)	(198, 39)	49
16:30:57.989	18	7.36845	(1980, 395)	(198, 40)	49
16:30:58.010	18	7.12578	(1982, 405)	(198, 41)	49
16:30:58.031	18	7.09511	(1984, 415)	(198, 42)	49
16:30:58.052	17	7.16519	(1985, 417)	(199, 42)	49
16:30:58.072	18	7.19985	(1985, 425)	(199, 43)	49
16:30:58.093	17	7.19126	(1987, 435)	(199, 44)	49
16:30:58.114	18	7.14963	(1988, 445)	(199, 45)	49
16:30:58.135	17	7.12682	(1989, 455)	(199, 46)	49
16:30:58.155	18	7.16578	(1989, 465)	(199, 47)	49
16:30:58.178	18	7.13748	(1989, 475)	(199, 48)	49
16:30:58.205	18	7.22904	(1988, 485)	(199, 49)	49
16:30:58.225	18	7.15052	(1985, 495)	(199, 50)	49
16:30:58.246	18	7.22815	(1984, 495)	(198, 50)	49
16:30:58.267	18	7.13274	(1980, 505)	(198, 51)	49
16:30:58.288	18	7.14371	(1972, 516)	(197, 52)	49
16:30:58.308	18	7.12874	(1965, 525)	(197, 53)	49
16:30:58.330	17	7.14637	(1964, 526)	(196, 53)	49
16:30:58.351	17	7.18904	(1954, 534)	(195, 53)	49
16:30:58.371	18	7.12563	(1953, 535)	(195, 54)	49
16:30:58.392	18	7.17585	(1944, 539)	(194, 54)	49
16:30:58.413	17	7.15881	(1937, 545)	(194, 55)	49
16:30:58.433	17	7.17585	(1934, 547)	(193, 55)	49
16:30:58.454	17	7.25511	(1924, 555)	(192, 56)	49
16:30:58.476	16	7.18622	(1914, 561)	(191, 56)	49
16:30:58.496	18	7.15689	(1907, 565)	(191, 57)	49
16:30:58.517	16	7.1523	(1904, 567)	(190, 57)	49
16:30:58.537	17	7.23659	(1894, 572)	(189, 57)	49
16:30:58.558	17	7.18504	(1890, 575)	(189, 58)	49
16:30:58.580	16	7.21008	(1884, 577)	(188, 58)	49
16:30:58.601	16	7.21763	(1874, 581)	(187, 58)	49
16:30:58.621	17	7.16815	(1866, 585)	(187, 59)	49
16:30:58.642	17	7.21185	(1864, 585)	(186, 59)	49
16:30:58.663	16	7.20281	(1854, 590)	(185, 59)	49
16:30:58.684	16	7.33378	(1844, 594)	(184, 59)	49
16:30:58.704	17	7.25556	(1843, 595)	(184, 60)	49
16:30:58.725	17	7.35733	(1834, 597)	(183, 60)	49
16:30:58.746	17	7.25467	(1823, 601)	(182, 60)	49
16:30:58.766	17	7.27852	(1810, 606)	(181, 61)	49
16:30:58.787	17	7.57348	(1804, 609)	(180, 61)	49
16:30:58.808	17	7.6963	(1794, 612)	(179, 61)	49
16:30:58.829	18	7.81748	(1787, 615)	(179, 62)	49
16:30:58.850	17	7.92682	(1784, 616)	(178, 62)	49
16:30:58.871	19	7.94978	(1774, 619)	(177, 62)	49
16:30:58.892	17	7.99052	(1764, 622)	(176, 62)	49
16:30:58.913	17	7.77245	(1758, 625)	(176, 63)	49
16:30:58.934	16	7.97407	(1754, 626)	(175, 63)	49
16:30:58.954	17	7.84281	(1744, 628)	(174, 63)	49
16:30:58.975	20	8.08622	(1734, 631)	(173, 63)	49
16:30:59.004	22	8.06341	(1724, 633)	(172, 63)	49
16:30:59.031	20	8.15407	(1715, 635)	(172, 64)	49
16:30:59.052	18	8.21452	(1714, 635)	(171, 64)	49
16:30:59.073	19	8.19704	(1704, 637)	(170, 64)	49
16:30:59.094	18	8.19556	(1694, 638)	(169, 64)	49
16:30:59.115	20	8.25733	(1684, 640)	(168, 64)	49
16:30:59.144	21	8.31408	(1674, 641)	(167, 64)	49
16:30:59.171	22	8.35778	(1664, 642)	(166, 64)	49
16:30:59.199	21	8.29778	(1654, 643)	(165, 64)	49
16:30:59.227	21	8.30667	(1644, 644)	(164, 64)	49
16:30:59.254	18	8.41393	(1633, 644)	(163, 64)	49
16:30:59.274	22	8.39585	(1624, 644)	(162, 64)	49
16:30:59.303	22	8.41615	(1614, 644)	(161, 64)	49
16:30:59.332	22	8.58889	(1604, 644)	(160, 64)	49
16:30:59.359	20	8.5197	(1594, 644)	(159, 64)	49
16:30:59.387	21	8.48341	(1584, 644)	(158, 64)	49
16:30:59.417	22	8.61541	(1574, 644)	(157, 64)	49
16:30:59.443	21	8.66667	(1564, 644)	(156, 64)	49
16:30:59.469	21	8.66237	(1554, 644)	(155, 64)	49
16:30:59.498	18	8.684	(1548, 645)	(155, 65)	49
16:30:59.519	18	8.58726	(1544, 645)	(154, 65)	49
16:30:59.539	20	8.65393	(1534, 645)	(153, 65)	49
16:30:59.566	20	8.70341	(1524, 646)	(152, 65)	49
16:30:59.594	21	8.86548	(1514, 647)	(151, 65)	49
16:30:59.627	23	8.67585	(1504, 648)	(150, 65)	49
16:30:59.657	21	8.73496	(1494, 649)	(149, 65)	49
16:30:59.685	20	8.83215	(1484, 651)	(148, 65)	49
16:30:59.713	20	8.76741	(1474, 652)	(147, 65)	49
16:30:59.741	20	8.87037	(1464, 652)	(146, 65)	49
16:30:59.769	20	8.86178	(1454, 653)	(145, 65)	49
16:30:59.796	20	8.94904	(1444, 654)	(144, 65)	49
16:30:59.824	20	8.93348	(1434, 654)	(143, 65)	49
16:30:59.852	17	8.87363	(1419, 654)	(142, 65)	49
16:30:59.872	19	8.95585	(1414, 654)	(141, 65)	49
16:30:59.894	17	8.88489	(1404, 654)	(140, 65)	49
16:30:59.914	18	8.96518	(1394, 654)	(139, 65)	49
16:30:59.935	17	8.84474	(1384, 654)	(138, 65)	49
16:30:59.955	19	8.86889	(1374, 654)	(137, 65)	49
16:30:59.977	17	8.91615	(1356, 653)	(136, 65)	49
16:30:59.997	18	8.83985	(1354, 653)	(135, 65)	49
16:31:00.018	18	8.83985	(1344, 652)	(134, 65)	49
16:31:00.039	18	8.75393	(1334, 651)	(133, 65)	49
16:31:00.060	18	8.58726	(1323, 651)	(132, 65)	49
16:31:00.081	18	8.50845	(1314, 650)	(131, 65)	49
16:31:00.101	18	8.57733	(1303, 649)	(130, 65)	49
16:31:00.122	19	8.57007	(1294, 648)	(129, 65)	49
16:31:00.144	20	8.56815	(1284, 647)	(128, 65)	49
16:31:00.172	22	8.62207	(1274, 647)	(127, 65)	49
16:31:00.200	22	8.53985	(1264, 646)	(126, 65)	49
16:31:00.227	33	8.564	(1256, 644)	(126, 64)	49
16:31:00.269	19	8.57215	(1254, 644)	(125, 64)	49
16:31:00.296	21	8.74963	(1244, 643)	(124, 64)	49
16:31:00.325	22	8.68459	(1234, 643)	(123, 64)	49
16:31:00.352	23	8.64296	(1224, 641)	(122, 64)	49
16:31:00.381	22	8.67378	(1214, 641)	(121, 64)	49
16:31:00.409	21	8.7363	(1204, 641)	(120, 64)	49
16:31:00.436	24	8.73585	(1194, 640)	(119, 64)	49
16:31:00.464	23	8.68281	(1184, 639)	(118, 64)	49
16:31:00.492	23	8.80548	(1174, 639)	(117, 64)	49
16:31:00.520	23	8.76	(1164, 637)	(116, 64)	49
16:31:00.547	25	8.82919	(1154, 637)	(115, 64)	49
16:31:00.575	23	8.73526	(1144, 636)	(114, 64)	49
16:31:00.603	23	8.70993	(1134, 636)	(113, 64)	49
16:31:00.631	24	8.79511	(1124, 635)	(112, 64)	49
16:31:00.659	23	8.78622	(1114, 635)	(111, 64)	49
16:31:00.687	21	8.8477	(1110, 634)	(111, 63)	49
16:31:00.714	20	8.82133	(1104, 634)	(110, 63)	49
16:31:00.742	23	8.90237	(1093, 633)	(109, 63)	49
16:31:00.770	23	8.85511	(1084, 632)	(108, 63)	49
16:31:00.798	24	8.8243	(1074, 632)	(107, 63)	49
16:31:00.826	24	8.79348	(1064, 631)	(106, 63)	49
16:31:00.853	24	8.83156	(1051, 631)	(105, 63)	49
16:31:00.881	24	8.828	(1032, 629)	(103, 63)	49
16:31:00.910	24	8.87289	(1024, 629)	(102, 63)	49
16:31:00.937	22	8.80518	(1014, 629)	(101, 63)	49
16:31:00.964	25	8.85645	(1004, 628)	(100, 63)	49
16:31:00.993	24	8.9723	(994, 627)	(99, 63)	49
16:31:01.021	24	8.85526	(984, 627)	(98, 63)	49
16:31:01.048	25	8.85259	(974, 627)	(97, 63)	49
16:31:01.084	24	8.86267	(964, 626)	(96, 63)	49
16:31:01.111	20	8.89985	(954, 626)	(95, 63)	49
16:31:01.138	20	8.88459	(944, 626)	(94, 63)	49
16:31:01.166	20	8.87882	(934, 625)	(93, 63)	49
16:31:01.194	19	8.87096	(927, 624)	(93, 62)	49
16:31:01.223	20	8.89229	(924, 624)	(92, 62)	49
16:31:01.249	20	8.88104	(914, 623)	(91, 62)	49
16:31:01.278	20	8.87852	(904, 622)	(90, 62)	49
16:31:01.305	19	8.90237	(894, 621)	(89, 62)	49
16:31:01.332	19	8.92504	(884, 620)	(88, 62)	49
16:31:01.353	19	8.996	(873, 619)	(87, 62)	49
16:31:01.374	17	8.95274	(864, 619)	(86, 62)	49
16:31:01.395	18	9.05037	(854, 619)	(85, 62)	49
16:31:01.416	18	8.96222	(843, 618)	(84, 62)	49
16:31:01.436	19	9.14445	(834, 618)	(83, 62)	49
16:31:01.457	19	9.12844	(823, 617)	(82, 62)	49
16:31:01.478	18	9.14296	(814, 617)	(81, 62)	49
16:31:01.499	18	9.18	(804, 617)	(80, 62)	49
16:31:01.520	19	9.3557	(794, 617)	(79, 62)	49
16:31:01.540	19	9.45274	(784, 616)	(78, 62)	49
16:31:01.561	19	9.52015	(772, 616)	(77, 62)	49
16:31:01.583	18	9.34341	(764, 615)	(76, 62)	49
16:31:01.603	19	9.28474	(754, 615)	(75, 62)	49
16:31:01.624	18	9.26548	(744, 615)	(74, 62)	49
16:31:01.645	20	9.26326	(734, 615)	(73, 62)	49
16:31:01.673	22	9.14815	(724, 615)	(72, 62)	49
16:31:01.701	20	9.33704	(714, 615)	(71, 62)	49
16:31:01.728	20	9.12667	(704, 615)	(70, 62)	49
16:31:01.750	18	9.11452	(694, 615)	(69, 62)	49
16:31:01.770	19	9.052	(684, 615)	(68, 62)	49
16:31:01.792	19	9.10548	(674, 615)	(67, 62)	49
16:31:01.819	19	8.9797	(664, 616)	(66, 62)	49
16:31:01.840	19	8.94859	(654, 617)	(65, 62)	49
16:31:01.861	18	8.99215	(644, 618)	(64, 62)	49
16:31:01.883	19	8.99393	(634, 618)	(63, 62)	49
16:31:01.909	20	9.02163	(624, 619)	(62, 62)	49
16:31:01.938	19	8.97185	(614, 619)	(61, 62)	49
16:31:01.958	19	8.88815	(604, 621)	(60, 62)	49
16:31:01.979	19	8.82533	(594, 621)	(59, 62)	49
16:31:02.000	19	8.83896	(584, 622)	(58, 62)	49
16:31:02.022	19	8.80578	(574, 624)	(57, 62)	49
16:31:02.048	18	8.69022	(566, 625)	(57, 63)	49
16:31:02.069	20	8.71244	(564, 625)	(56, 63)	49
16:31:02.090	19	8.67052	(554, 625)	(55, 63)	49
16:31:02.111	18	8.60178	(544, 626)	(54, 63)	49
16:31:02.133	18	8.71348	(534, 628)	(53, 63)	49
16:31:02.161	18	8.73393	(524, 629)	(52, 63)	49
16:31:02.188	18	8.8083	(514, 631)	(51, 63)	49
16:31:02.209	19	8.68104	(504, 633)	(50, 63)	49
16:31:02.237	19	8.63911	(494, 634)	(49, 63)	49
16:31:02.264	19	8.63733	(493, 635)	(49, 64)	49
16:31:02.293	23	8.59437	(484, 637)	(48, 64)	49
16:31:02.322	23	8.48756	(467, 641)	(47, 64)	49
16:31:02.348	20	8.57141	(464, 642)	(46, 64)	49
16:31:02.375	19	8.52252	(458, 645)	(46, 65)	49
16:31:02.397	19	8.50711	(454, 646)	(45, 65)	49
16:31:02.425	19	8.58163	(444, 650)	(44, 65)	49
16:31:02.452	19	8.48326	(434, 654)	(43, 65)	49
16:31:02.479	20	8.37911	(432, 655)	(43, 66)	49
16:31:02.508	19	8.2	(424, 658)	(42, 66)	49
16:31:02.535	19	7.86667	(414, 662)	(41, 66)	49
16:31:02.556	20	7.74504	(409, 665)	(41, 67)	49
16:31:02.584	19	7.75837	(404, 667)	(40, 67)	49
16:31:02.605	19	7.6443	(394, 671)	(39, 67)	49
16:31:02.626	19	7.73274	(387, 675)	(39, 68)	49
16:31:02.647	18	7.54044	(384, 676)	(38, 68)	49
16:31:02.668	18	7.52726	(374, 680)	(37, 68)	49
16:31:02.688	19	7.55274	(367, 685)	(37, 69)	49
16:31:02.709	19	7.53659	(364, 687)	(36, 69)	49
16:31:02.730	17	7.63022	(356, 695)	(36, 70)	49
16:31:02.750	17	7.57333	(354, 695)	(35, 70)	49
16:31:02.771	16	7.53615	(344, 704)	(34, 70)	49
16:31:02.792	16	7.54578	(344, 705)	(34, 71)	49
16:31:02.813	19	7.56963	(337, 715)	(34, 72)	49
16:31:02.834	20	7.54696	(335, 725)	(34, 73)	49
16:31:02.863	20	7.50104	(334, 727)	(33, 73)	49
16:31:02.890	20	7.58415	(331, 735)	(33, 74)	49
16:31:02.918	20	7.6043	(329, 746)	(33, 75)	49
16:31:02.945	18	7.51156	(329, 755)	(33, 76)	49
16:31:02.966	18	7.61082	(329, 765)	(33, 77)	49
16:31:02.988	17	7.51659	(329, 775)	(33, 78)	49
16:31:03.008	16	7.54815	(329, 785)	(33, 79)	49
16:31:03.028	17	7.56178	(329, 795)	(33, 80)	49
16:31:03.049	17	7.7043	(329, 805)	(33, 81)	49
16:31:03.070	17	7.56133	(329, 833)	(33, 83)	49
16:31:03.091	16	7.56874	(329, 836)	(33, 84)	49
16:31:03.112	18	7.56504	(329, 845)	(33, 85)	49
16:31:03.133	21	7.56519	(329, 855)	(33, 86)	49
16:31:03.161	20	7.54444	(330, 865)	(33, 87)	49
16:31:03.189	19	7.55556	(332, 875)	(33, 88)	49
16:31:03.217	19	7.58667	(335, 883)	(34, 88)	49
16:31:03.244	20	7.56919	(335, 885)	(34, 89)	49
16:31:03.272	25	7.55956	(338, 895)	(34, 90)	49
16:31:03.300	19	7.5917	(341, 905)	(34, 91)	49
16:31:03.321	20	7.77259	(345, 914)	(35, 91)	49
16:31:03.350	21	7.63007	(346, 915)	(35, 92)	49
16:31:03.376	21	7.59037	(350, 925)	(35, 93)	49
16:31:03.404	20	7.576	(355, 931)	(36, 93)	49
16:31:03.432	19	7.60607	(357, 935)	(36, 94)	49
16:31:03.459	21	7.64074	(364, 945)	(36, 95)	49
16:31:03.488	20	7.64933	(365, 945)	(37, 95)	49
16:31:03.516	20	7.65378	(373, 955)	(37, 96)	49
16:31:03.543	20	7.62756	(375, 956)	(38, 96)	49
16:31:03.571	21	7.80904	(384, 965)	(38, 97)	49
16:31:03.599	20	7.76919	(385, 966)	(39, 97)	49
16:31:03.627	20	7.66711	(395, 975)	(40, 98)	49
16:31:03.655	20	7.67082	(405, 982)	(41, 98)	49
16:31:03.683	20	7.74726	(411, 987)	(41, 99)	49
16:31:03.712	20	7.7037	(415, 989)	(42, 99)	49
16:31:03.738	20	7.86474	(423, 995)	(42, 100)	49
16:31:03.766	20	7.83037	(425, 996)	(43, 100)	49
16:31:03.794	20	8.08859	(435, 1001)	(44, 100)	49
16:31:03.822	20	8.21941	(441, 1005)	(44, 101)	49
16:31:03.850	20	8.17896	(446, 1007)	(45, 101)	49
16:31:03.878	20	8.17393	(455, 1012)	(46, 101)	49
16:31:03.905	20	8.16119	(461, 1015)	(46, 102)	49
16:31:03.932	20	8.32089	(465, 1017)	(47, 102)	49
16:31:03.960	20	8.32563	(475, 1022)	(48, 102)	49
16:31:03.989	22	8.55274	(481, 1025)	(48, 103)	49
16:31:04.016	22	8.71674	(485, 1026)	(49, 103)	49
16:31:04.044	21	8.78978	(495, 1030)	(50, 103)	49
16:31:04.071	21	8.7357	(505, 1034)	(51, 103)	49
16:31:04.100	20	8.76311	(506, 1035)	(51, 104)	49
16:31:04.127	20	8.73985	(515, 1037)	(52, 104)	49
16:31:04.155	22	9.01837	(525, 1040)	(53, 104)	49
16:31:04.183	21	9.16193	(540, 1043)	(54, 104)	49
16:31:04.211	21	8.99778	(545, 1044)	(55, 104)	49
16:31:04.239	18	8.96385	(549, 1045)	(55, 105)	49
16:31:04.259	18	8.94933	(555, 1046)	(56, 105)	49
16:31:04.280	18	9.08874	(577, 1050)	(58, 105)	49
16:31:04.301	22	9.06682	(585, 1052)	(59, 105)	49
16:31:04.329	25	9.03659	(595, 1053)	(60, 105)	49
16:31:04.357	21	8.97452	(605, 1054)	(61, 105)	49
16:31:04.385	22	9.0237	(608, 1055)	(61, 106)	49
16:31:04.413	20	9.03615	(615, 1056)	(62, 106)	49
16:31:04.441	21	9.05674	(625, 1057)	(63, 106)	49
16:31:04.468	21	8.96948	(635, 1058)	(64, 106)	49
16:31:04.495	20	8.98741	(645, 1059)	(65, 106)	49
16:31:04.516	20	8.99689	(655, 1060)	(66, 106)	49
16:31:04.544	22	9.07985	(665, 1061)	(67, 106)	49
16:31:04.572	21	9.03733	(675, 1061)	(68, 106)	49
16:31:04.600	21	9.05763	(685, 1063)	(69, 106)	49
16:31:04.628	21	9.0477	(695, 1063)	(70, 106)	49
16:31:04.656	21	9.19304	(705, 1064)	(71, 106)	49
16:31:04.684	21	9.09096	(715, 1064)	(72, 106)	49
16:31:04.712	21	9.16134	(719, 1065)	(72, 107)	49
16:31:04.739	21	9.13896	(725, 1065)	(73, 107)	49
16:31:04.767	22	9.04504	(735, 1066)	(74, 107)	49
16:31:04.795	22	9.18444	(745, 1066)	(75, 107)	49
16:31:04.823	21	9.05348	(755, 1066)	(76, 107)	49
16:31:04.850	21	9.18252	(765, 1066)	(77, 107)	49
16:31:04.877	19	9.12281	(775, 1067)	(78, 107)	49
16:31:04.898	19	9.07852	(785, 1067)	(79, 107)	49
16:31:04.919	19	9.27244	(795, 1068)	(80, 107)	49
16:31:04.940	18	9.16504	(805, 1069)	(81, 107)	49
16:31:04.961	19	9.05096	(815, 1070)	(82, 107)	49
16:31:04.982	19	9.18696	(825, 1071)	(83, 107)	49
16:31:05.003	19	9.212	(835, 1072)	(84, 107)	49
16:31:05.031	19	9.04355	(845, 1073)	(85, 107)	49
16:31:05.052	18	9.01482	(856, 1074)	(86, 107)	49
16:31:05.072	19	8.96059	(862, 1075)	(86, 108)	49
16:31:05.093	19	9.12652	(865, 1075)	(87, 108)	49
16:31:05.114	19	8.98504	(875, 1075)	(88, 108)	49
16:31:05.135	19	8.93096	(885, 1076)	(89, 108)	49
16:31:05.156	18	8.87422	(895, 1077)	(90, 108)	49
16:31:05.177	20	8.94415	(905, 1078)	(91, 108)	49
16:31:05.205	19	9.03348	(915, 1078)	(92, 108)	49
16:31:05.226	19	9.08356	(925, 1079)	(93, 108)	49
16:31:05.246	19	8.90904	(935, 1080)	(94, 108)	49
16:31:05.267	18	9.04741	(945, 1081)	(95, 108)	49
16:31:05.288	18	8.87082	(955, 1082)	(96, 108)	49
16:31:05.308	19	8.82548	(965, 1082)	(97, 108)	49
16:31:05.329	19	8.83793	(975, 1083)	(98, 108)	49
16:31:05.350	20	8.81926	(986, 1083)	(99, 108)	49
16:31:05.372	18	8.8763	(995, 1084)	(100, 108)	49
16:31:05.392	18	8.90252	(1005, 1084)	(101, 108)	49
16:31:05.413	18	8.8117	(1015, 1084)	(102, 108)	49
16:31:05.434	18	8.852	(1017, 1085)	(102, 109)	49
16:31:05.454	20	8.87274	(1025, 1085)	(103, 109)	49
16:31:05.476	18	8.88489	(1040, 1085)	(104, 109)	49
16:31:05.496	19	8.88489	(1048, 1085)	(105, 109)	49
16:31:05.517	19	9.02385	(1055, 1086)	(106, 109)	49
16:31:05.539	18	8.87645	(1065, 1086)	(107, 109)	49
16:31:05.560	18	8.99245	(1075, 1086)	(108, 109)	49
16:31:05.580	19	8.94163	(1085, 1086)	(109, 109)	49
16:31:05.600	19	8.89955	(1096, 1086)	(110, 109)	49
16:31:05.621	20	8.90637	(1105, 1086)	(111, 109)	49
16:31:05.643	24	8.86578	(1115, 1086)	(112, 109)	49
16:31:05.670	19	8.99748	(1126, 1086)	(113, 109)	49
16:31:05.691	19	8.93467	(1135, 1086)	(114, 109)	49
16:31:05.712	18	9.02548	(1146, 1086)	(115, 109)	49
16:31:05.733	18	9.01985	(1155, 1086)	(116, 109)	49
16:31:05.753	19	9.0283	(1166, 1086)	(117, 109)	49
16:31:05.774	20	9.09748	(1175, 1086)	(118, 109)	49
16:31:05.796	18	9.06578	(1185, 1085)	(119, 109)	49
16:31:05.817	19	9.09156	(1188, 1084)	(119, 108)	49
16:31:05.838	18	9.06726	(1195, 1084)	(120, 108)	49
16:31:05.858	19	9.11659	(1205, 1082)	(121, 108)	49
16:31:05.880	19	9.07511	(1215, 1081)	(122, 108)	49
16:31:05.907	19	9.12237	(1225, 1081)	(123, 108)	49
16:31:05.928	18	9.23156	(1235, 1081)	(124, 108)	49
16:31:05.949	19	9.16252	(1245, 1080)	(125, 108)	49
16:31:05.976	18	9.12874	(1255, 1080)	(126, 108)	49
16:31:05.997	19	9.21511	(1265, 1079)	(127, 108)	49
16:31:06.019	18	9.17407	(1275, 1078)	(128, 108)	49
16:31:06.039	19	9.17615	(1286, 1077)	(129, 108)	49
16:31:06.066	20	9.13985	(1295, 1077)	(130, 108)	49
16:31:06.094	20	9.14978	(1305, 1077)	(131, 108)	49
16:31:06.116	23	9.2203	(1315, 1077)	(132, 108)	49
16:31:06.144	18	9.29007	(1325, 1077)	(133, 108)	49
16:31:06.165	18	9.30563	(1335, 1077)	(134, 108)	49
16:31:06.185	18	9.17407	(1345, 1077)	(135, 108)	49
16:31:06.205	20	9.16592	(1355, 1077)	(136, 108)	49
16:31:06.227	18	9.14133	(1365, 1079)	(137, 108)	49
16:31:06.247	19	9.10356	(1375, 1080)	(138, 108)	49
16:31:06.268	19	9.11689	(1385, 1081)	(139, 108)	49
16:31:06.289	18	9.2037	(1395, 1081)	(140, 108)	49
16:31:06.309	20	9.04904	(1405, 1083)	(141, 108)	49
16:31:06.330	20	8.98963	(1416, 1084)	(142, 108)	49
16:31:06.352	20	8.96044	(1418, 1085)	(142, 109)	49
16:31:06.380	21	9.08859	(1425, 1085)	(143, 109)	49
16:31:06.408	22	8.97689	(1437, 1088)	(144, 109)	49
16:31:06.436	21	8.91052	(1445, 1088)	(145, 109)	49
16:31:06.463	23	8.83304	(1455, 1089)	(146, 109)	49
16:31:06.491	20	8.8283	(1465, 1090)	(147, 109)	49
16:31:06.518	20	8.71985	(1476, 1091)	(148, 109)	49
16:31:06.546	19	8.72148	(1485, 1092)	(149, 109)	49
16:31:06.567	19	8.59852	(1495, 1093)	(150, 109)	49
16:31:06.594	19	8.58563	(1505, 1093)	(151, 109)	49
16:31:06.615	19	8.48193	(1515, 1093)	(152, 109)	49
16:31:06.637	18	8.38533	(1525, 1093)	(153, 109)	49
16:31:06.657	19	8.33526	(1535, 1094)	(154, 109)	49
16:31:06.679	17	8.42519	(1545, 1094)	(155, 109)	49
16:31:06.699	19	8.42652	(1555, 1094)	(156, 109)	49
16:31:06.720	19	8.41852	(1565, 1094)	(157, 109)	49
16:31:06.741	19	8.32074	(1566, 1095)	(157, 110)	49
16:31:06.762	19	8.19748	(1575, 1095)	(158, 110)	49
16:31:06.789	19	8.11926	(1585, 1095)	(159, 110)	49
16:31:06.810	19	8.0403	(1596, 1096)	(160, 110)	49
16:31:06.831	19	8.24504	(1605, 1096)	(161, 110)	49
16:31:06.852	19	8.08711	(1615, 1096)	(162, 110)	49
16:31:06.880	19	8.06622	(1625, 1097)	(163, 110)	49
16:31:06.907	19	7.876	(1635, 1097)	(164, 110)	49
16:31:06.928	19	7.7283	(1645, 1097)	(165, 110)	49
16:31:06.949	19	7.83778	(1655, 1098)	(166, 110)	49
16:31:06.970	20	7.76459	(1665, 1098)	(167, 110)	49
16:31:06.991	19	7.67022	(1675, 1099)	(168, 110)	49
16:31:07.013	18	7.69244	(1685, 1099)	(169, 110)	49
16:31:07.040	18	7.68415	(1695, 1100)	(170, 110)	49
16:31:07.061	17	7.4357	(1705, 1100)	(171, 110)	49
16:31:07.083	17	7.46119	(1715, 1101)	(172, 110)	49
16:31:07.102	17	7.44118	(1725, 1101)	(173, 110)	49
16:31:07.124	16	7.36933	(1735, 1103)	(174, 110)	49
16:31:07.144	16	7.48578	(1748, 1104)	(175, 110)	49
16:31:07.164	17	7.37052	(1753, 1105)	(175, 111)	49
16:31:07.185	16	7.39481	(1755, 1105)	(176, 111)	49
16:31:07.206	17	7.41867	(1765, 1106)	(177, 111)	49
16:31:07.227	21	7.34326	(1775, 1107)	(178, 111)	49
16:31:07.256	22	7.44741	(1785, 1108)	(179, 111)	49
16:31:07.284	20	7.32444	(1798, 1109)	(180, 111)	49
16:31:07.311	17	7.3357	(1806, 1111)	(181, 111)	49
16:31:07.331	17	7.2837	(1815, 1112)	(182, 111)	49
16:31:07.352	17	7.28829	(1825, 1112)	(183, 111)	49
16:31:07.373	16	7.28844	(1835, 1113)	(184, 111)	49
16:31:07.394	17	7.33689	(1850, 1114)	(185, 111)	49
16:31:07.415	16	7.22652	(1855, 1114)	(186, 111)	49
16:31:07.435	18	7.24993	(1858, 1115)	(186, 112)	49
16:31:07.457	16	7.23185	(1865, 1116)	(187, 112)	49
16:31:07.478	16	7.42711	(1877, 1117)	(188, 112)	49
16:31:07.499	17	7.21526	(1885, 1118)	(189, 112)	49
16:31:07.519	17	7.21733	(1895, 1120)	(190, 112)	49
16:31:07.540	16	7.20489	(1905, 1121)	(191, 112)	49
16:31:07.560	18	7.34385	(0, 0)	(0, 0)	49
EOM

