BOM
Frame extends: 2263, 1306
_ms_area: 10
measurements taken: 585
current rendering method: 0
is mouse replay: 1
Camera settings: Roation Quaternion: ( -0.0917033, -0.688919, 0.716429, 0.0609024), Translationsvektor: ( 0.212108, -0.14242, 1.85).
System_Time	Elapsed_Time_PaintGL	Elapsed_Kernel_Time	Frame_Coordinates	Grid_Position	Manual_Measurement
16:30:05.819	29	20.2299	(-1, -1)	(-1, -1)	49
16:30:05.854	33	20.176	(-1, -1)	(-1, -1)	49
16:30:05.896	32	20.219	(-1, -1)	(-1, -1)	49
16:30:05.936	34	20.1702	(-1, -1)	(-1, -1)	49
16:30:05.976	29	20.1573	(-1, -1)	(-1, -1)	49
16:30:06.012	29	20.1597	(-1, -1)	(-1, -1)	49
16:30:06.047	29	20.1606	(-1, -1)	(-1, -1)	49
16:30:06.082	30	20.1741	(-1, -1)	(-1, -1)	49
16:30:06.124	29	20.1684	(-1, -1)	(-1, -1)	49
16:30:06.158	29	20.1508	(-1, -1)	(-1, -1)	49
16:30:06.193	28	20.1695	(-1, -1)	(-1, -1)	49
16:30:06.227	27	20.1748	(-1, -1)	(-1, -1)	49
16:30:06.261	28	20.2164	(-1, -1)	(-1, -1)	49
16:30:06.296	28	20.1693	(-1, -1)	(-1, -1)	49
16:30:06.336	27	20.216	(-1, -1)	(-1, -1)	49
16:30:06.366	27	20.1634	(-1, -1)	(-1, -1)	49
16:30:06.400	28	20.1665	(-1, -1)	(-1, -1)	49
16:30:06.434	27	20.2673	(-1, -1)	(-1, -1)	49
16:30:06.469	26	20.2339	(-1, -1)	(-1, -1)	49
16:30:06.507	29	20.1599	(-1, -1)	(-1, -1)	49
16:30:06.541	27	20.1708	(-1, -1)	(-1, -1)	49
16:30:06.574	28	20.1849	(-1, -1)	(-1, -1)	49
16:30:06.609	27	20.2081	(-1, -1)	(-1, -1)	49
16:30:06.643	28	20.291	(-1, -1)	(-1, -1)	49
16:30:06.681	29	20.1665	(-1, -1)	(-1, -1)	49
16:30:06.713	29	20.1477	(-1, -1)	(-1, -1)	49
16:30:06.747	29	20.2529	(-1, -1)	(-1, -1)	49
16:30:06.783	31	20.1618	(-1, -1)	(-1, -1)	49
16:30:06.818	28	20.1573	(-1, -1)	(-1, -1)	49
16:30:06.852	28	20.163	(-1, -1)	(-1, -1)	49
16:30:06.887	27	20.2019	(-1, -1)	(-1, -1)	49
16:30:06.921	29	20.2021	(-1, -1)	(-1, -1)	49
16:30:06.956	28	20.1601	(-1, -1)	(-1, -1)	49
16:30:06.991	29	20.1599	(-1, -1)	(-1, -1)	49
16:30:07.026	28	20.1661	(-1, -1)	(-1, -1)	49
16:30:07.060	29	20.1788	(-1, -1)	(-1, -1)	49
16:30:07.095	28	20.2665	(-1, -1)	(-1, -1)	49
16:30:07.130	28	20.1716	(-1, -1)	(-1, -1)	49
16:30:07.165	28	20.163	(-1, -1)	(-1, -1)	49
16:30:07.200	28	20.1668	(-1, -1)	(-1, -1)	49
16:30:07.233	28	20.2545	(-1, -1)	(-1, -1)	49
16:30:07.269	29	20.1498	(-1, -1)	(-1, -1)	49
16:30:07.304	28	20.1625	(-1, -1)	(-1, -1)	49
16:30:07.338	31	20.1588	(-1, -1)	(-1, -1)	49
16:30:07.375	32	20.1733	(-1, -1)	(-1, -1)	49
16:30:07.419	33	20.1616	(-1, -1)	(-1, -1)	49
16:30:07.457	28	20.1846	(-1, -1)	(-1, -1)	49
16:30:07.491	28	20.2745	(-1, -1)	(-1, -1)	49
16:30:07.528	32	20.168	(-1, -1)	(-1, -1)	49
16:30:07.567	29	20.2027	(-1, -1)	(-1, -1)	49
16:30:07.603	27	20.2419	(-1, -1)	(-1, -1)	49
16:30:07.638	27	20.1542	(-1, -1)	(-1, -1)	49
16:30:07.672	29	20.2444	(-1, -1)	(-1, -1)	49
16:30:07.708	30	20.1341	(-1, -1)	(-1, -1)	49
16:30:07.742	29	20.1581	(-1, -1)	(-1, -1)	49
16:30:07.777	30	20.1471	(-1, -1)	(-1, -1)	49
16:30:07.812	32	20.1676	(-1, -1)	(-1, -1)	49
16:30:07.853	29	20.2141	(-1, -1)	(-1, -1)	49
16:30:07.887	26	20.2157	(-1, -1)	(-1, -1)	49
16:30:07.914	29	20.2332	(-1, -1)	(-1, -1)	49
16:30:07.951	32	20.2236	(-1, -1)	(-1, -1)	49
16:30:07.993	34	20.1542	(-1, -1)	(-1, -1)	49
16:30:08.037	34	20.1873	(-1, -1)	(-1, -1)	49
16:30:08.076	28	20.185	(-1, -1)	(-1, -1)	49
16:30:08.110	26	20.2424	(-1, -1)	(-1, -1)	49
16:30:08.144	26	20.2222	(-1, -1)	(-1, -1)	49
16:30:08.181	31	20.1921	(-1, -1)	(-1, -1)	49
16:30:08.222	31	20.1597	(-1, -1)	(-1, -1)	49
16:30:08.257	31	20.1698	(-1, -1)	(-1, -1)	49
16:30:08.291	27	20.1471	(-1, -1)	(-1, -1)	49
16:30:08.325	29	20.2563	(-1, -1)	(-1, -1)	49
16:30:08.362	31	20.1538	(-1, -1)	(-1, -1)	49
16:30:08.403	33	20.1612	(-1, -1)	(-1, -1)	49
16:30:08.445	34	20.217	(-1, -1)	(-1, -1)	49
16:30:08.489	29	20.201	(-1, -1)	(-1, -1)	49
16:30:08.527	28	20.1606	(-1, -1)	(-1, -1)	49
16:30:08.562	29	20.1664	(-1, -1)	(-1, -1)	49
16:30:08.596	30	20.1679	(-1, -1)	(-1, -1)	49
16:30:08.632	30	20.1739	(-1, -1)	(-1, -1)	49
16:30:08.667	35	20.1616	(-1, -1)	(-1, -1)	49
16:30:08.709	29	20.1839	(-1, -1)	(-1, -1)	49
16:30:08.743	28	20.1739	(-1, -1)	(-1, -1)	49
16:30:08.778	29	20.1804	(-1, -1)	(-1, -1)	49
16:30:08.814	33	20.1579	(-1, -1)	(-1, -1)	49
16:30:08.855	31	20.181	(-1, -1)	(-1, -1)	49
16:30:08.898	33	20.1713	(-1, -1)	(-1, -1)	49
16:30:08.938	27	20.2461	(-1, -1)	(-1, -1)	49
16:30:08.973	34	20.1576	(-1, -1)	(-1, -1)	49
16:30:09.019	31	20.1625	(-1, -1)	(-1, -1)	49
16:30:09.057	33	20.1748	(-1, -1)	(-1, -1)	49
16:30:09.100	32	20.155	(-1, -1)	(-1, -1)	49
16:30:09.139	28	20.1559	(-1, -1)	(-1, -1)	49
16:30:09.174	28	20.1981	(-1, -1)	(-1, -1)	49
16:30:09.208	33	20.176	(-1, -1)	(-1, -1)	49
16:30:09.252	32	20.1695	(-1, -1)	(-1, -1)	49
16:30:09.293	34	20.1584	(-1, -1)	(-1, -1)	49
16:30:09.335	29	20.1601	(-1, -1)	(-1, -1)	49
16:30:09.368	30	20.1812	(-1, -1)	(-1, -1)	49
16:30:09.403	29	20.163	(-1, -1)	(-1, -1)	49
16:30:09.438	29	20.1604	(-1, -1)	(-1, -1)	49
16:30:09.473	30	20.1644	(-1, -1)	(-1, -1)	49
16:30:09.508	30	20.159	(-1, -1)	(-1, -1)	49
16:30:09.542	27	20.2621	(-1, -1)	(-1, -1)	49
16:30:09.576	27	20.2499	(-1, -1)	(-1, -1)	49
16:30:09.604	27	20.2824	(-1, -1)	(-1, -1)	49
16:30:09.640	32	20.1701	(-1, -1)	(-1, -1)	49
16:30:09.676	31	20.189	(-1, -1)	(-1, -1)	49
16:30:09.717	30	20.1692	(-1, -1)	(-1, -1)	49
16:30:09.750	28	20.2644	(-1, -1)	(-1, -1)	49
16:30:09.787	32	20.1693	(-1, -1)	(-1, -1)	49
16:30:09.828	33	20.1572	(-1, -1)	(-1, -1)	49
16:30:09.870	34	20.2153	(-1, -1)	(-1, -1)	49
16:30:09.912	32	20.1784	(-1, -1)	(-1, -1)	49
16:30:09.953	29	20.1573	(-1, -1)	(-1, -1)	49
16:30:09.987	27	20.2591	(-1, -1)	(-1, -1)	49
16:30:10.022	29	20.1618	(-1, -1)	(-1, -1)	49
16:30:10.057	29	20.2144	(-1, -1)	(-1, -1)	49
16:30:10.092	32	20.1797	(-1, -1)	(-1, -1)	49
16:30:10.133	32	20.1751	(-1, -1)	(-1, -1)	49
16:30:10.174	28	20.1643	(-1, -1)	(-1, -1)	49
16:30:10.209	27	20.2733	(-1, -1)	(-1, -1)	49
16:30:10.244	29	20.1606	(-1, -1)	(-1, -1)	49
16:30:10.279	28	20.157	(-1, -1)	(-1, -1)	49
16:30:10.314	28	20.2677	(-1, -1)	(-1, -1)	49
16:30:10.349	26	20.2444	(-1, -1)	(-1, -1)	49
16:30:10.383	26	20.2336	(-1, -1)	(-1, -1)	49
16:30:10.419	29	20.1483	(-1, -1)	(-1, -1)	49
16:30:10.454	31	20.1593	(-1, -1)	(-1, -1)	49
16:30:10.490	30	20.161	(-1, -1)	(-1, -1)	49
16:30:10.530	32	20.1664	(-1, -1)	(-1, -1)	49
16:30:10.571	29	20.1948	(-1, -1)	(-1, -1)	49
16:30:10.605	28	20.217	(-1, -1)	(-1, -1)	49
16:30:10.640	28	20.1615	(-1, -1)	(-1, -1)	49
16:30:10.678	31	20.1745	(-1, -1)	(-1, -1)	49
16:30:10.716	30	20.2455	(-1, -1)	(-1, -1)	49
16:30:10.755	33	20.1524	(-1, -1)	(-1, -1)	49
16:30:10.794	30	20.2021	(-1, -1)	(-1, -1)	49
16:30:10.829	28	20.157	(-1, -1)	(-1, -1)	49
16:30:10.864	32	20.151	(-1, -1)	(-1, -1)	49
16:30:10.906	33	20.1664	(-1, -1)	(-1, -1)	49
16:30:10.948	31	20.1591	(-1, -1)	(-1, -1)	49
16:30:10.991	33	20.1634	(-1, -1)	(-1, -1)	49
16:30:11.031	27	20.1556	(-1, -1)	(-1, -1)	49
16:30:11.064	26	20.2095	(-1, -1)	(-1, -1)	49
16:30:11.091	28	20.2113	(-1, -1)	(-1, -1)	49
16:30:11.130	34	20.1464	(-1, -1)	(-1, -1)	49
16:30:11.170	30	20.1604	(-1, -1)	(-1, -1)	49
16:30:11.205	33	20.1825	(-1, -1)	(-1, -1)	49
16:30:11.245	28	20.1687	(-1, -1)	(-1, -1)	49
16:30:11.280	26	20.2307	(-1, -1)	(-1, -1)	49
16:30:11.307	28	20.2219	(-1, -1)	(-1, -1)	49
16:30:11.344	30	20.156	(-1, -1)	(-1, -1)	49
16:30:11.381	29	20.1596	(-1, -1)	(-1, -1)	49
16:30:11.422	29	20.1822	(-1, -1)	(-1, -1)	49
16:30:11.454	28	20.1604	(-1, -1)	(-1, -1)	49
16:30:11.489	31	20.155	(-1, -1)	(-1, -1)	49
16:30:11.525	33	20.1553	(-1, -1)	(-1, -1)	49
16:30:11.568	33	20.1856	(-1, -1)	(-1, -1)	49
16:30:11.608	32	20.167	(-1, -1)	(-1, -1)	49
16:30:11.648	28	20.1601	(-1, -1)	(-1, -1)	49
16:30:11.683	28	20.1701	(-1, -1)	(-1, -1)	49
16:30:11.718	29	20.1599	(-1, -1)	(-1, -1)	49
16:30:11.755	27	20.2121	(-1, -1)	(-1, -1)	49
16:30:11.788	28	20.163	(-1, -1)	(-1, -1)	49
16:30:11.824	32	20.1444	(-1, -1)	(-1, -1)	49
16:30:11.864	39	20.1511	(-1, -1)	(-1, -1)	49
16:30:11.905	29	20.2255	(-1, -1)	(-1, -1)	49
16:30:11.943	33	20.1569	(-1, -1)	(-1, -1)	49
16:30:11.984	32	20.1664	(-1, -1)	(-1, -1)	49
16:30:12.026	34	20.159	(-1, -1)	(-1, -1)	49
16:30:12.068	29	20.1412	(-1, -1)	(-1, -1)	49
16:30:12.101	28	20.1476	(-1, -1)	(-1, -1)	49
16:30:12.135	29	20.2043	(-1, -1)	(-1, -1)	49
16:30:12.171	28	20.1563	(-1, -1)	(-1, -1)	49
16:30:12.205	29	20.2047	(-1, -1)	(-1, -1)	49
16:30:12.240	28	20.1658	(-1, -1)	(-1, -1)	49
16:30:12.274	27	20.2499	(-1, -1)	(-1, -1)	49
16:30:12.309	30	20.161	(-1, -1)	(-1, -1)	49
16:30:12.344	30	20.1764	(-1, -1)	(-1, -1)	49
16:30:12.382	28	20.1907	(-1, -1)	(-1, -1)	49
16:30:12.413	29	20.1673	(-1, -1)	(-1, -1)	49
16:30:12.449	30	20.1585	(-1, -1)	(-1, -1)	49
16:30:12.483	29	20.1511	(-1, -1)	(-1, -1)	49
16:30:12.518	29	20.1649	(-1, -1)	(-1, -1)	49
16:30:12.553	34	20.1615	(-1, -1)	(-1, -1)	49
16:30:12.595	34	20.1544	(-1, -1)	(-1, -1)	49
16:30:12.637	34	20.1523	(-1, -1)	(-1, -1)	49
16:30:12.681	32	20.1436	(-1, -1)	(-1, -1)	49
16:30:12.719	27	20.2713	(-1, -1)	(-1, -1)	49
16:30:12.753	27	20.2496	(-1, -1)	(-1, -1)	49
16:30:12.783	32	20.1684	(-1, -1)	(-1, -1)	49
16:30:12.824	34	20.1784	(-1, -1)	(-1, -1)	49
16:30:12.867	32	20.1781	(-1, -1)	(-1, -1)	49
16:30:12.907	27	20.2533	(-1, -1)	(-1, -1)	49
16:30:12.941	27	20.2284	(-1, -1)	(-1, -1)	49
16:30:12.969	28	20.2579	(-1, -1)	(-1, -1)	49
16:30:13.005	31	20.1713	(-1, -1)	(-1, -1)	49
16:30:13.039	32	20.1877	(-1, -1)	(-1, -1)	49
16:30:13.075	30	20.1726	(-1, -1)	(-1, -1)	49
16:30:13.110	39	20.1607	(-1, -1)	(-1, -1)	49
16:30:13.157	27	20.2548	(-1, -1)	(-1, -1)	49
16:30:13.192	29	20.161	(-1, -1)	(-1, -1)	49
16:30:13.227	31	20.1559	(-1, -1)	(-1, -1)	49
16:30:13.262	34	20.1944	(-1, -1)	(-1, -1)	49
16:30:13.307	31	20.164	(-1, -1)	(-1, -1)	49
16:30:13.346	28	20.1686	(-1, -1)	(-1, -1)	49
16:30:13.380	32	20.1564	(-1, -1)	(-1, -1)	49
16:30:13.422	34	20.1853	(-1, -1)	(-1, -1)	49
16:30:13.464	34	20.2191	(-1, -1)	(-1, -1)	49
16:30:13.509	33	20.165	(-1, -1)	(-1, -1)	49
16:30:13.547	28	20.2047	(-1, -1)	(-1, -1)	49
16:30:13.581	29	20.1505	(-1, -1)	(-1, -1)	49
16:30:13.616	29	20.1714	(-1, -1)	(-1, -1)	49
16:30:13.651	34	20.1876	(-1, -1)	(-1, -1)	49
16:30:13.694	32	20.1692	(-1, -1)	(-1, -1)	49
16:30:13.735	28	20.1704	(-1, -1)	(-1, -1)	49
16:30:13.768	27	20.2434	(-1, -1)	(-1, -1)	49
16:30:13.796	27	20.2616	(-1, -1)	(-1, -1)	49
16:30:13.832	33	20.1637	(-1, -1)	(-1, -1)	49
16:30:13.874	34	20.1914	(-1, -1)	(-1, -1)	49
16:30:13.916	35	20.1501	(-1, -1)	(-1, -1)	49
16:30:13.957	28	20.1677	(-1, -1)	(-1, -1)	49
16:30:13.991	27	20.2434	(-1, -1)	(-1, -1)	49
16:30:14.026	30	20.1564	(-1, -1)	(-1, -1)	49
16:30:14.063	33	20.1604	(-1, -1)	(-1, -1)	49
16:30:14.105	33	20.1547	(-1, -1)	(-1, -1)	49
16:30:14.147	30	20.1748	(-1, -1)	(-1, -1)	49
16:30:14.189	29	20.1569	(-1, -1)	(-1, -1)	49
16:30:14.225	27	20.1868	(-1, -1)	(-1, -1)	49
16:30:14.261	29	20.1717	(-1, -1)	(-1, -1)	49
16:30:14.303	29	20.1724	(-1, -1)	(-1, -1)	49
16:30:14.345	29	20.1544	(-1, -1)	(-1, -1)	49
16:30:14.381	26	20.2468	(-1, -1)	(-1, -1)	49
16:30:14.408	27	20.2267	(-1, -1)	(-1, -1)	49
16:30:14.436	27	20.2844	(-1, -1)	(-1, -1)	49
16:30:14.473	29	20.1997	(-1, -1)	(-1, -1)	49
16:30:14.506	30	20.1519	(-1, -1)	(-1, -1)	49
16:30:14.541	29	20.159	(-1, -1)	(-1, -1)	49
16:30:14.576	28	20.1575	(-1, -1)	(-1, -1)	49
16:30:14.609	27	20.2385	(-1, -1)	(-1, -1)	49
16:30:14.644	31	20.1769	(-1, -1)	(-1, -1)	49
16:30:14.680	31	20.1584	(-1, -1)	(-1, -1)	49
16:30:14.714	29	20.189	(-1, -1)	(-1, -1)	49
16:30:14.749	29	20.1556	(-1, -1)	(-1, -1)	49
16:30:14.784	27	20.267	(-1, -1)	(-1, -1)	49
16:30:14.818	28	20.2216	(-1, -1)	(-1, -1)	49
16:30:14.854	33	20.1607	(-1, -1)	(-1, -1)	49
16:30:14.896	34	20.164	(-1, -1)	(-1, -1)	49
16:30:14.938	33	20.1667	(-1, -1)	(-1, -1)	49
16:30:14.982	32	20.1618	(-1, -1)	(-1, -1)	49
16:30:15.020	27	20.2508	(-1, -1)	(-1, -1)	49
16:30:15.055	28	20.2656	(-1, -1)	(-1, -1)	49
16:30:15.091	32	20.1628	(-1, -1)	(-1, -1)	49
16:30:15.133	32	20.1619	(-1, -1)	(-1, -1)	49
16:30:15.175	34	20.2071	(-1, -1)	(-1, -1)	49
16:30:15.215	28	20.1695	(-1, -1)	(-1, -1)	49
16:30:15.250	29	20.1496	(-1, -1)	(-1, -1)	49
16:30:15.286	32	20.1951	(-1, -1)	(-1, -1)	49
16:30:15.327	34	20.1716	(-1, -1)	(-1, -1)	49
16:30:15.369	33	20.1742	(-1, -1)	(-1, -1)	49
16:30:15.414	33	20.1609	(-1, -1)	(-1, -1)	49
16:30:15.451	27	20.2674	(-1, -1)	(-1, -1)	49
16:30:15.487	30	20.156	(-1, -1)	(-1, -1)	49
16:30:15.521	32	20.1641	(-1, -1)	(-1, -1)	49
16:30:15.556	31	20.1504	(-1, -1)	(-1, -1)	49
16:30:15.591	31	20.1799	(-1, -1)	(-1, -1)	49
16:30:15.625	31	20.1544	(-1, -1)	(-1, -1)	49
16:30:15.660	28	20.1797	(-1, -1)	(-1, -1)	49
16:30:15.694	29	20.1735	(-1, -1)	(-1, -1)	49
16:30:15.729	29	20.1567	(-1, -1)	(-1, -1)	49
16:30:15.764	28	20.1561	(-1, -1)	(-1, -1)	49
16:30:15.799	28	20.2101	(-1, -1)	(-1, -1)	49
16:30:15.834	27	20.1604	(-1, -1)	(-1, -1)	49
16:30:15.868	28	20.1793	(-1, -1)	(-1, -1)	49
16:30:15.902	27	20.2422	(-1, -1)	(-1, -1)	49
16:30:15.930	28	20.2228	(-1, -1)	(-1, -1)	49
16:30:15.965	31	20.1787	(-1, -1)	(-1, -1)	49
16:30:16.002	34	20.1495	(-1, -1)	(-1, -1)	49
16:30:16.043	34	20.1689	(-1, -1)	(-1, -1)	49
16:30:16.084	28	20.1556	(-1, -1)	(-1, -1)	49
16:30:16.118	27	20.2554	(-1, -1)	(-1, -1)	49
16:30:16.153	26	20.2393	(-1, -1)	(-1, -1)	49
16:30:16.188	28	20.1724	(-1, -1)	(-1, -1)	49
16:30:16.222	30	20.1453	(-1, -1)	(-1, -1)	49
16:30:16.258	30	20.1636	(-1, -1)	(-1, -1)	49
16:30:16.292	29	20.183	(-1, -1)	(-1, -1)	49
16:30:16.327	30	20.1924	(-1, -1)	(-1, -1)	49
16:30:16.363	30	20.1563	(-1, -1)	(-1, -1)	49
16:30:16.405	32	20.139	(-1, -1)	(-1, -1)	49
16:30:16.447	33	20.1661	(-1, -1)	(-1, -1)	49
16:30:16.494	31	20.1639	(-1, -1)	(-1, -1)	49
16:30:16.528	28	20.2299	(-1, -1)	(-1, -1)	49
16:30:16.563	30	20.1604	(-1, -1)	(-1, -1)	49
16:30:16.600	34	20.1493	(-1, -1)	(-1, -1)	49
16:30:16.641	33	20.1487	(-1, -1)	(-1, -1)	49
16:30:16.683	35	20.1763	(-1, -1)	(-1, -1)	49
16:30:16.723	27	20.256	(-1, -1)	(-1, -1)	49
16:30:16.758	26	20.231	(-1, -1)	(-1, -1)	49
16:30:16.793	28	20.169	(-1, -1)	(-1, -1)	49
16:30:16.827	29	20.1464	(-1, -1)	(-1, -1)	49
16:30:16.866	33	20.1787	(-1, -1)	(-1, -1)	49
16:30:16.907	33	20.1649	(-1, -1)	(-1, -1)	49
16:30:16.946	28	20.1741	(-1, -1)	(-1, -1)	49
16:30:16.981	36	20.1711	(-1, -1)	(-1, -1)	49
16:30:17.024	30	20.1713	(-1, -1)	(-1, -1)	49
16:30:17.057	29	20.1698	(-1, -1)	(-1, -1)	49
16:30:17.091	29	20.1732	(-1, -1)	(-1, -1)	49
16:30:17.127	29	20.1892	(-1, -1)	(-1, -1)	49
16:30:17.161	28	20.1619	(-1, -1)	(-1, -1)	49
16:30:17.196	28	20.2101	(-1, -1)	(-1, -1)	49
16:30:17.230	27	20.2409	(-1, -1)	(-1, -1)	49
16:30:17.265	27	20.24	(-1, -1)	(-1, -1)	49
16:30:17.300	29	20.175	(-1, -1)	(-1, -1)	49
16:30:17.334	27	20.2366	(-1, -1)	(-1, -1)	49
16:30:17.369	26	20.24	(-1, -1)	(-1, -1)	49
16:30:17.396	29	20.2545	(-1, -1)	(-1, -1)	49
16:30:17.434	33	20.1622	(-1, -1)	(-1, -1)	49
16:30:17.475	34	20.1665	(-1, -1)	(-1, -1)	49
16:30:17.518	33	20.1625	(-1, -1)	(-1, -1)	49
16:30:17.558	28	20.1658	(-1, -1)	(-1, -1)	49
16:30:17.592	27	20.251	(-1, -1)	(-1, -1)	49
16:30:17.627	27	20.2302	(-1, -1)	(-1, -1)	49
16:30:17.663	33	20.163	(-1, -1)	(-1, -1)	49
16:30:17.705	33	20.1625	(-1, -1)	(-1, -1)	49
16:30:17.746	29	20.1733	(-1, -1)	(-1, -1)	49
16:30:17.780	29	20.1713	(-1, -1)	(-1, -1)	49
16:30:17.815	30	20.1756	(-1, -1)	(-1, -1)	49
16:30:17.849	30	20.1741	(-1, -1)	(-1, -1)	49
16:30:17.886	33	20.1557	(-1, -1)	(-1, -1)	49
16:30:17.927	35	20.1511	(-1, -1)	(-1, -1)	49
16:30:17.969	31	20.2021	(-1, -1)	(-1, -1)	49
16:30:18.003	28	20.179	(-1, -1)	(-1, -1)	49
16:30:18.039	28	20.195	(-1, -1)	(-1, -1)	49
16:30:18.072	30	20.1733	(-1, -1)	(-1, -1)	49
16:30:18.107	29	20.153	(-1, -1)	(-1, -1)	49
16:30:18.146	30	20.1741	(-1, -1)	(-1, -1)	49
16:30:18.185	29	20.1619	(-1, -1)	(-1, -1)	49
16:30:18.218	29	20.1704	(-1, -1)	(-1, -1)	49
16:30:18.256	29	20.1726	(-1, -1)	(-1, -1)	49
16:30:18.288	30	20.2013	(-1, -1)	(-1, -1)	49
16:30:18.324	32	20.1862	(-1, -1)	(-1, -1)	49
16:30:18.365	33	20.1676	(-1, -1)	(-1, -1)	49
16:30:18.406	27	20.2004	(-1, -1)	(-1, -1)	49
16:30:18.440	26	20.228	(-1, -1)	(-1, -1)	49
16:30:18.467	28	20.2406	(-1, -1)	(-1, -1)	49
16:30:18.504	32	20.1501	(-1, -1)	(-1, -1)	49
16:30:18.545	33	20.1641	(-1, -1)	(-1, -1)	49
16:30:18.588	33	20.188	(-1, -1)	(-1, -1)	49
16:30:18.628	28	20.1526	(-1, -1)	(-1, -1)	49
16:30:18.664	34	20.1487	(-1, -1)	(-1, -1)	49
16:30:18.706	31	20.1856	(-1, -1)	(-1, -1)	49
16:30:18.746	31	20.1873	(-1, -1)	(-1, -1)	49
16:30:18.787	31	20.1658	(-1, -1)	(-1, -1)	49
16:30:18.823	27	20.2994	(-1, -1)	(-1, -1)	49
16:30:18.857	27	20.2625	(-1, -1)	(-1, -1)	49
16:30:18.885	27	20.233	(-1, -1)	(-1, -1)	49
16:30:18.921	32	20.1662	(-1, -1)	(-1, -1)	49
16:30:18.963	33	20.1736	(-1, -1)	(-1, -1)	49
16:30:19.005	27	20.1865	(-1, -1)	(-1, -1)	49
16:30:19.038	28	20.192	(-1, -1)	(-1, -1)	49
16:30:19.072	27	20.2311	(-1, -1)	(-1, -1)	49
16:30:19.100	28	20.2401	(-1, -1)	(-1, -1)	49
16:30:19.137	32	20.1696	(-1, -1)	(-1, -1)	49
16:30:19.179	33	20.1976	(-1, -1)	(-1, -1)	49
16:30:19.219	29	20.167	(-1, -1)	(-1, -1)	49
16:30:19.254	29	20.1665	(-1, -1)	(-1, -1)	49
16:30:19.289	29	20.1807	(-1, -1)	(-1, -1)	49
16:30:19.325	34	20.1689	(-1, -1)	(-1, -1)	49
16:30:19.366	33	20.1717	(-1, -1)	(-1, -1)	49
16:30:19.407	29	20.1804	(-1, -1)	(-1, -1)	49
16:30:19.442	30	20.1539	(-1, -1)	(-1, -1)	49
16:30:19.477	33	20.1604	(-1, -1)	(-1, -1)	49
16:30:19.518	28	20.1876	(-1, -1)	(-1, -1)	49
16:30:19.553	29	20.2055	(-1, -1)	(-1, -1)	49
16:30:19.589	32	20.1698	(-1, -1)	(-1, -1)	49
16:30:19.631	29	20.1492	(-1, -1)	(-1, -1)	49
16:30:19.665	28	20.2173	(-1, -1)	(-1, -1)	49
16:30:19.699	30	20.1738	(-1, -1)	(-1, -1)	49
16:30:19.734	29	20.1489	(-1, -1)	(-1, -1)	49
16:30:19.769	31	20.1769	(-1, -1)	(-1, -1)	49
16:30:19.811	33	20.179	(-1, -1)	(-1, -1)	49
16:30:19.854	31	20.1782	(-1, -1)	(-1, -1)	49
16:30:19.892	27	20.217	(-1, -1)	(-1, -1)	49
16:30:19.921	44	20.2067	(-1, -1)	(-1, -1)	49
16:30:19.970	32	20.1744	(-1, -1)	(-1, -1)	49
16:30:20.006	32	20.1788	(-1, -1)	(-1, -1)	49
16:30:20.047	29	20.1581	(-1, -1)	(-1, -1)	49
16:30:20.081	29	20.1501	(-1, -1)	(-1, -1)	49
16:30:20.116	29	20.1573	(-1, -1)	(-1, -1)	49
16:30:20.151	28	20.1618	(-1, -1)	(-1, -1)	49
16:30:20.185	30	20.1775	(-1, -1)	(-1, -1)	49
16:30:20.221	34	20.1529	(-1, -1)	(-1, -1)	49
16:30:20.262	29	20.1538	(-1, -1)	(-1, -1)	49
16:30:20.296	27	20.2553	(-1, -1)	(-1, -1)	49
16:30:20.338	26	20.2858	(-1, -1)	(-1, -1)	49
16:30:20.366	27	20.2729	(-1, -1)	(-1, -1)	49
16:30:20.402	33	20.1495	(-1, -1)	(-1, -1)	49
16:30:20.444	33	20.1514	(-1, -1)	(-1, -1)	49
16:30:20.484	29	20.1465	(-1, -1)	(-1, -1)	49
16:30:20.519	27	20.2477	(-1, -1)	(-1, -1)	49
16:30:20.555	34	20.1573	(-1, -1)	(-1, -1)	49
16:30:20.597	33	20.1338	(-1, -1)	(-1, -1)	49
16:30:20.638	33	20.1627	(-1, -1)	(-1, -1)	49
16:30:20.679	30	20.159	(-1, -1)	(-1, -1)	49
16:30:20.714	28	20.1742	(-1, -1)	(-1, -1)	49
16:30:20.756	28	20.1674	(-1, -1)	(-1, -1)	49
16:30:20.790	33	20.164	(-1, -1)	(-1, -1)	49
16:30:20.833	34	20.1536	(-1, -1)	(-1, -1)	49
16:30:20.875	32	20.181	(-1, -1)	(-1, -1)	49
16:30:20.915	27	20.2701	(-1, -1)	(-1, -1)	49
16:30:20.950	29	20.1449	(-1, -1)	(-1, -1)	49
16:30:20.987	32	20.1619	(-1, -1)	(-1, -1)	49
16:30:21.029	31	20.1679	(-1, -1)	(-1, -1)	49
16:30:21.070	29	20.1738	(-1, -1)	(-1, -1)	49
16:30:21.103	28	20.1661	(-1, -1)	(-1, -1)	49
16:30:21.138	29	20.2262	(-1, -1)	(-1, -1)	49
16:30:21.174	31	20.1874	(-1, -1)	(-1, -1)	49
16:30:21.216	34	20.1782	(-1, -1)	(-1, -1)	49
16:30:21.257	33	20.1656	(-1, -1)	(-1, -1)	49
16:30:21.299	30	20.1489	(-1, -1)	(-1, -1)	49
16:30:21.333	29	20.2218	(-1, -1)	(-1, -1)	49
16:30:21.368	29	20.1729	(-1, -1)	(-1, -1)	49
16:30:21.402	30	20.1578	(-1, -1)	(-1, -1)	49
16:30:21.437	30	20.1683	(-1, -1)	(-1, -1)	49
16:30:21.472	29	20.179	(-1, -1)	(-1, -1)	49
16:30:21.507	29	20.1721	(-1, -1)	(-1, -1)	49
16:30:21.542	28	20.1496	(-1, -1)	(-1, -1)	49
16:30:21.576	30	20.167	(-1, -1)	(-1, -1)	49
16:30:21.614	30	20.1526	(-1, -1)	(-1, -1)	49
16:30:21.654	30	20.1594	(-1, -1)	(-1, -1)	49
16:30:21.687	31	20.1535	(-1, -1)	(-1, -1)	49
16:30:21.722	28	20.1576	(-1, -1)	(-1, -1)	49
16:30:21.756	29	20.265	(-1, -1)	(-1, -1)	49
16:30:21.794	32	20.152	(-1, -1)	(-1, -1)	49
16:30:21.836	32	20.167	(-1, -1)	(-1, -1)	49
16:30:21.881	34	20.1579	(-1, -1)	(-1, -1)	49
16:30:21.926	32	20.1662	(-1, -1)	(-1, -1)	49
16:30:21.965	26	20.2505	(-1, -1)	(-1, -1)	49
16:30:21.992	27	20.2216	(-1, -1)	(-1, -1)	49
16:30:22.020	28	20.2283	(-1, -1)	(-1, -1)	49
16:30:22.056	29	20.1647	(-1, -1)	(-1, -1)	49
16:30:22.091	28	20.168	(-1, -1)	(-1, -1)	49
16:30:22.125	30	20.1627	(-1, -1)	(-1, -1)	49
16:30:22.160	29	20.2049	(-1, -1)	(-1, -1)	49
16:30:22.194	26	20.2434	(-1, -1)	(-1, -1)	49
16:30:22.223	27	20.1584	(-1, -1)	(-1, -1)	49
16:30:22.257	27	20.2542	(-1, -1)	(-1, -1)	49
16:30:22.293	31	20.1615	(-1, -1)	(-1, -1)	49
16:30:22.335	31	20.1453	(-1, -1)	(-1, -1)	49
16:30:22.368	28	20.1479	(-1, -1)	(-1, -1)	49
16:30:22.402	27	20.2505	(-1, -1)	(-1, -1)	49
16:30:22.430	26	20.2279	(-1, -1)	(-1, -1)	49
16:30:22.468	30	20.1673	(-1, -1)	(-1, -1)	49
16:30:22.502	28	20.1659	(-1, -1)	(-1, -1)	49
16:30:22.537	29	20.1603	(-1, -1)	(-1, -1)	49
16:30:22.572	28	20.1732	(-1, -1)	(-1, -1)	49
16:30:22.605	27	20.169	(-1, -1)	(-1, -1)	49
16:30:22.640	27	20.2668	(-1, -1)	(-1, -1)	49
16:30:22.675	27	20.1661	(-1, -1)	(-1, -1)	49
16:30:22.710	27	20.1936	(-1, -1)	(-1, -1)	49
16:30:22.744	32	20.1698	(-1, -1)	(-1, -1)	49
16:30:22.778	28	20.1704	(-1, -1)	(-1, -1)	49
16:30:22.813	28	20.1849	(-1, -1)	(-1, -1)	49
16:30:22.848	28	20.1572	(-1, -1)	(-1, -1)	49
16:30:22.883	28	20.273	(-1, -1)	(-1, -1)	49
16:30:22.918	29	20.1807	(-1, -1)	(-1, -1)	49
16:30:22.953	33	20.187	(-1, -1)	(-1, -1)	49
16:30:22.994	28	20.2138	(-1, -1)	(-1, -1)	49
16:30:23.028	27	20.2539	(-1, -1)	(-1, -1)	49
16:30:23.066	29	20.1664	(-1, -1)	(-1, -1)	49
16:30:23.100	29	20.1544	(-1, -1)	(-1, -1)	49
16:30:23.159	28	20.1655	(-1, -1)	(-1, -1)	49
16:30:23.206	29	20.1619	(-1, -1)	(-1, -1)	49
16:30:23.244	28	20.1877	(-1, -1)	(-1, -1)	49
16:30:23.279	27	20.312	(-1, -1)	(-1, -1)	49
16:30:23.347	28	20.16	(-1, -1)	(-1, -1)	49
16:30:23.385	28	20.1677	(-1, -1)	(-1, -1)	49
16:30:23.419	27	20.1864	(-1, -1)	(-1, -1)	49
16:30:23.452	27	20.2341	(-1, -1)	(-1, -1)	49
16:30:23.488	27	20.1686	(-1, -1)	(-1, -1)	49
16:30:23.526	31	20.164	(-1, -1)	(-1, -1)	49
16:30:23.566	31	20.1622	(-1, -1)	(-1, -1)	49
16:30:23.614	29	20.1655	(-1, -1)	(-1, -1)	49
16:30:23.648	27	20.1844	(-1, -1)	(-1, -1)	49
16:30:23.683	27	20.1556	(-1, -1)	(-1, -1)	49
16:30:23.718	27	20.1631	(-1, -1)	(-1, -1)	49
16:30:23.762	28	20.1507	(-1, -1)	(-1, -1)	49
16:30:23.805	27	20.1929	(-1, -1)	(-1, -1)	49
16:30:23.846	28	20.1696	(-1, -1)	(-1, -1)	49
16:30:23.887	28	20.1664	(-1, -1)	(-1, -1)	49
16:30:23.928	27	20.1711	(-1, -1)	(-1, -1)	49
16:30:23.969	34	20.1596	(-1, -1)	(-1, -1)	49
16:30:24.023	30	20.1997	(-1, -1)	(-1, -1)	49
16:30:24.065	27	20.1591	(-1, -1)	(-1, -1)	49
16:30:24.106	38	20.2039	(-1, -1)	(-1, -1)	49
16:30:24.153	34	20.1747	(-1, -1)	(-1, -1)	49
16:30:24.198	33	20.1461	(-1, -1)	(-1, -1)	49
16:30:24.247	33	20.1828	(-1, -1)	(-1, -1)	49
16:30:24.287	28	20.1772	(-1, -1)	(-1, -1)	49
16:30:24.324	29	20.151	(-1, -1)	(-1, -1)	49
16:30:24.365	31	20.1908	(-1, -1)	(-1, -1)	49
16:30:24.406	34	20.1698	(-1, -1)	(-1, -1)	49
16:30:24.449	30	20.1708	(-1, -1)	(-1, -1)	49
16:30:24.482	29	20.1708	(-1, -1)	(-1, -1)	49
16:30:24.517	30	20.1822	(-1, -1)	(-1, -1)	49
16:30:24.555	33	20.1778	(-1, -1)	(-1, -1)	49
16:30:24.594	33	20.1593	(-1, -1)	(-1, -1)	49
16:30:24.636	33	20.1659	(-1, -1)	(-1, -1)	49
16:30:24.680	32	20.1588	(-1, -1)	(-1, -1)	49
16:30:24.718	29	20.2132	(-1, -1)	(-1, -1)	49
16:30:24.754	33	20.2187	(-1, -1)	(-1, -1)	49
16:30:24.796	33	20.1693	(-1, -1)	(-1, -1)	49
16:30:24.837	32	20.1911	(-1, -1)	(-1, -1)	49
16:30:24.882	34	20.1716	(-1, -1)	(-1, -1)	49
16:30:24.919	28	20.1676	(-1, -1)	(-1, -1)	49
16:30:24.954	27	20.272	(-1, -1)	(-1, -1)	49
16:30:24.988	30	20.2624	(-1, -1)	(-1, -1)	49
16:30:25.025	33	20.1579	(-1, -1)	(-1, -1)	49
16:30:25.067	28	20.1573	(-1, -1)	(-1, -1)	49
16:30:25.100	27	20.264	(-1, -1)	(-1, -1)	49
16:30:25.134	27	20.2425	(-1, -1)	(-1, -1)	49
16:30:25.169	33	20.1748	(-1, -1)	(-1, -1)	49
16:30:25.213	33	20.1742	(-1, -1)	(-1, -1)	49
16:30:25.254	34	20.2296	(-1, -1)	(-1, -1)	49
16:30:25.297	31	20.1507	(-1, -1)	(-1, -1)	49
16:30:25.330	28	20.1911	(-1, -1)	(-1, -1)	49
16:30:25.365	29	20.1569	(-1, -1)	(-1, -1)	49
16:30:25.399	30	20.159	(-1, -1)	(-1, -1)	49
16:30:25.435	33	20.1705	(-1, -1)	(-1, -1)	49
16:30:25.477	33	20.1597	(-1, -1)	(-1, -1)	49
16:30:25.517	29	20.1569	(-1, -1)	(-1, -1)	49
16:30:25.551	30	20.2225	(-1, -1)	(-1, -1)	49
16:30:25.588	32	20.1865	(-1, -1)	(-1, -1)	49
16:30:25.630	34	20.1736	(-1, -1)	(-1, -1)	49
16:30:25.671	34	20.1511	(-1, -1)	(-1, -1)	49
16:30:25.712	30	20.1681	(-1, -1)	(-1, -1)	49
16:30:25.747	30	20.1764	(-1, -1)	(-1, -1)	49
16:30:25.786	28	20.1493	(-1, -1)	(-1, -1)	49
16:30:25.826	29	20.1721	(-1, -1)	(-1, -1)	49
16:30:25.862	30	20.1662	(-1, -1)	(-1, -1)	49
16:30:25.901	28	20.1716	(-1, -1)	(-1, -1)	49
16:30:25.939	28	20.1615	(-1, -1)	(-1, -1)	49
16:30:25.978	27	20.1557	(-1, -1)	(-1, -1)	49
16:30:26.016	33	20.18	(-1, -1)	(-1, -1)	49
16:30:26.063	34	20.1735	(-1, -1)	(-1, -1)	49
16:30:26.102	30	20.1726	(-1, -1)	(-1, -1)	49
16:30:26.137	29	20.1935	(-1, -1)	(-1, -1)	49
16:30:26.171	30	20.1741	(-1, -1)	(-1, -1)	49
16:30:26.206	29	20.1763	(-1, -1)	(-1, -1)	49
16:30:26.240	30	20.1564	(-1, -1)	(-1, -1)	49
16:30:26.276	28	20.1582	(-1, -1)	(-1, -1)	49
16:30:26.313	33	20.1692	(-1, -1)	(-1, -1)	49
16:30:26.355	33	20.1667	(-1, -1)	(-1, -1)	49
16:30:26.394	28	20.1673	(-1, -1)	(-1, -1)	49
16:30:26.428	26	20.2603	(-1, -1)	(-1, -1)	49
16:30:26.456	26	20.2902	(-1, -1)	(-1, -1)	49
16:30:26.490	30	20.1548	(-1, -1)	(-1, -1)	49
16:30:26.527	34	20.1742	(-1, -1)	(-1, -1)	49
16:30:26.568	32	20.1591	(-1, -1)	(-1, -1)	49
16:30:26.609	28	20.175	(-1, -1)	(-1, -1)	49
16:30:26.643	27	20.2532	(-1, -1)	(-1, -1)	49
16:30:26.678	30	20.1604	(-1, -1)	(-1, -1)	49
16:30:26.713	29	20.1676	(-1, -1)	(-1, -1)	49
16:30:26.747	31	20.1542	(-1, -1)	(-1, -1)	49
16:30:26.783	31	20.1582	(-1, -1)	(-1, -1)	49
16:30:26.819	27	20.1717	(-1, -1)	(-1, -1)	49
16:30:26.854	31	20.197	(-1, -1)	(-1, -1)	49
16:30:26.897	33	20.1913	(-1, -1)	(-1, -1)	49
16:30:26.939	33	20.1596	(-1, -1)	(-1, -1)	49
16:30:27.005	29	20.1636	(-1, -1)	(-1, -1)	49
16:30:27.040	28	20.2468	(-1, -1)	(-1, -1)	49
16:30:27.076	33	20.1788	(-1, -1)	(-1, -1)	49
16:30:27.117	34	20.159	(-1, -1)	(-1, -1)	49
16:30:27.157	28	20.2496	(-1, -1)	(-1, -1)	49
16:30:27.192	28	20.1687	(-1, -1)	(-1, -1)	49
16:30:27.228	26	20.2773	(-1, -1)	(-1, -1)	49
16:30:27.262	29	20.2347	(-1, -1)	(-1, -1)	49
16:30:27.298	32	20.152	(-1, -1)	(-1, -1)	49
16:30:27.340	32	20.1628	(-1, -1)	(-1, -1)	49
16:30:27.382	32	20.1627	(-1, -1)	(-1, -1)	49
16:30:27.423	29	20.1615	(-1, -1)	(-1, -1)	49
16:30:27.457	28	20.1707	(-1, -1)	(-1, -1)	49
16:30:27.492	29	20.1641	(-1, -1)	(-1, -1)	49
16:30:27.527	29	20.1561	(-1, -1)	(-1, -1)	49
16:30:27.561	29	20.1535	(-1, -1)	(-1, -1)	49
EOM

