BOM
Frame extends: 2263, 1306
_ms_area: 10
measurements taken: 585
current rendering method: 1
is mouse replay: 1
Camera settings: Roation Quaternion: ( -0.0917033, -0.688919, 0.716429, 0.0609024), Translationsvektor: ( 0.212108, -0.14242, 1.85).
System_Time	Elapsed_Time_PaintGL	Elapsed_Kernel_Time	Frame_Coordinates	Grid_Position	Manual_Measurement
16:30:31.319	20	4.17082	(318, 226)	(32, 23)	49
16:30:31.342	19	4.19304	(325, 225)	(33, 23)	49
16:30:31.363	19	4.26667	(335, 225)	(34, 23)	49
16:30:31.384	19	4.33585	(345, 225)	(35, 23)	49
16:30:31.404	19	4.41882	(357, 225)	(36, 23)	49
16:30:31.425	21	4.48163	(372, 225)	(37, 23)	49
16:30:31.454	19	4.47674	(375, 225)	(38, 23)	49
16:30:31.475	19	4.54533	(385, 225)	(39, 23)	49
16:30:31.496	19	4.62282	(395, 225)	(40, 23)	49
16:30:31.523	20	4.70044	(405, 225)	(41, 23)	49
16:30:31.551	20	4.77615	(415, 225)	(42, 23)	49
16:30:31.579	19	4.81289	(425, 225)	(43, 23)	49
16:30:31.599	20	4.88193	(435, 226)	(44, 23)	49
16:30:31.621	18	4.93689	(445, 226)	(45, 23)	49
16:30:31.641	19	5.00133	(455, 226)	(46, 23)	49
16:30:31.662	19	5.11689	(465, 227)	(47, 23)	49
16:30:31.683	20	5.22193	(475, 227)	(48, 23)	49
16:30:31.711	20	5.37422	(485, 228)	(49, 23)	49
16:30:31.738	21	5.56474	(495, 228)	(50, 23)	49
16:30:31.766	20	5.76059	(505, 229)	(51, 23)	49
16:30:31.794	21	5.90874	(515, 229)	(52, 23)	49
16:30:31.822	21	6.16993	(525, 229)	(53, 23)	49
16:30:31.850	20	6.42726	(535, 229)	(54, 23)	49
16:30:31.877	22	6.58845	(545, 229)	(55, 23)	49
16:30:31.905	21	6.78919	(555, 229)	(56, 23)	49
16:30:31.934	21	7.02756	(565, 229)	(57, 23)	49
16:30:31.961	23	7.19289	(575, 229)	(58, 23)	49
16:30:31.989	23	7.36222	(585, 229)	(59, 23)	49
16:30:32.017	21	7.59526	(596, 229)	(60, 23)	49
16:30:32.044	21	7.86963	(605, 230)	(61, 23)	49
16:30:32.073	26	8.21274	(615, 230)	(62, 23)	49
16:30:32.107	29	8.08059	(626, 230)	(63, 23)	49
16:30:32.143	28	8.25289	(635, 230)	(64, 23)	49
16:30:32.178	24	8.38296	(645, 230)	(65, 23)	49
16:30:32.204	24	8.56578	(655, 230)	(66, 23)	49
16:30:32.232	22	8.75422	(665, 230)	(67, 23)	49
16:30:32.260	23	8.9283	(680, 230)	(68, 23)	49
16:30:32.287	24	9.00133	(685, 230)	(69, 23)	49
16:30:32.316	23	9.18385	(695, 230)	(70, 23)	49
16:30:32.344	23	9.45881	(705, 230)	(71, 23)	49
16:30:32.372	23	9.57096	(715, 230)	(72, 23)	49
16:30:32.399	23	9.7723	(725, 230)	(73, 23)	49
16:30:32.428	24	10.0436	(735, 230)	(74, 23)	49
16:30:32.454	26	10.2606	(749, 230)	(75, 23)	49
16:30:32.483	26	10.3256	(756, 230)	(76, 23)	49
16:30:32.518	25	10.6671	(766, 230)	(77, 23)	49
16:30:32.545	26	10.8252	(775, 230)	(78, 23)	49
16:30:32.573	28	11.104	(785, 230)	(79, 23)	49
16:30:32.609	27	11.3182	(796, 229)	(80, 23)	49
16:30:32.643	26	11.6412	(805, 229)	(81, 23)	49
16:30:32.677	28	11.892	(815, 229)	(82, 23)	49
16:30:32.712	32	12.2481	(825, 228)	(83, 23)	49
16:30:32.747	37	12.4037	(835, 228)	(84, 23)	49
16:30:32.790	35	12.7065	(845, 228)	(85, 23)	49
16:30:32.831	30	12.9896	(855, 228)	(86, 23)	49
16:30:32.865	31	13.1587	(865, 228)	(87, 23)	49
16:30:32.900	32	13.3627	(875, 228)	(88, 23)	49
16:30:32.935	38	13.6287	(885, 228)	(89, 23)	49
16:30:32.977	32	13.9585	(895, 228)	(90, 23)	49
16:30:33.011	31	14.0031	(905, 228)	(91, 23)	49
16:30:33.045	29	14.3204	(915, 228)	(92, 23)	49
16:30:33.081	32	14.4941	(925, 228)	(93, 23)	49
16:30:33.116	32	14.8541	(935, 228)	(94, 23)	49
16:30:33.150	33	14.8141	(945, 227)	(95, 23)	49
16:30:33.185	34	15.087	(957, 227)	(96, 23)	49
16:30:33.227	33	15.1879	(966, 227)	(97, 23)	49
16:30:33.269	33	15.4376	(975, 227)	(98, 23)	49
16:30:33.311	33	15.5376	(985, 227)	(99, 23)	49
16:30:33.352	33	15.6815	(995, 227)	(100, 23)	49
16:30:33.393	35	15.6948	(1005, 227)	(101, 23)	49
16:30:33.435	31	15.8484	(1015, 226)	(102, 23)	49
16:30:33.469	31	15.9345	(1025, 226)	(103, 23)	49
16:30:33.504	35	16.2116	(1035, 226)	(104, 23)	49
16:30:33.547	37	16.2622	(1045, 225)	(105, 23)	49
16:30:33.589	36	16.4089	(1055, 225)	(106, 23)	49
16:30:33.630	34	16.7564	(1065, 225)	(107, 23)	49
16:30:33.671	31	16.5588	(1071, 224)	(107, 22)	49
16:30:33.705	31	16.5593	(1075, 224)	(108, 22)	49
16:30:33.741	31	16.6907	(1085, 224)	(109, 22)	49
16:30:33.775	33	16.9141	(1095, 224)	(110, 22)	49
16:30:33.811	32	17.0585	(1105, 224)	(111, 22)	49
16:30:33.845	32	17.0012	(1115, 224)	(112, 22)	49
16:30:33.880	37	17.0356	(1125, 224)	(113, 22)	49
16:30:33.923	40	17.0613	(1135, 224)	(114, 22)	49
16:30:33.971	41	17.0707	(1146, 223)	(115, 22)	49
16:30:34.020	41	17.0068	(1155, 223)	(116, 22)	49
16:30:34.069	36	17.0945	(1165, 223)	(117, 22)	49
16:30:34.109	35	17.1129	(1175, 223)	(118, 22)	49
16:30:34.153	44	16.908	(1185, 223)	(119, 22)	49
16:30:34.202	43	16.7524	(1195, 223)	(120, 22)	49
16:30:34.250	37	16.8301	(1205, 223)	(121, 22)	49
16:30:34.290	34	16.5756	(1215, 223)	(122, 22)	49
16:30:34.332	35	16.5693	(1225, 223)	(123, 22)	49
16:30:34.374	35	16.3415	(1235, 223)	(124, 22)	49
16:30:34.416	37	16.3578	(1245, 223)	(125, 22)	49
16:30:34.461	38	15.9336	(1255, 223)	(126, 22)	49
16:30:34.506	30	15.9957	(1265, 224)	(127, 22)	49
16:30:34.541	30	15.7739	(1275, 224)	(128, 22)	49
16:30:34.575	33	15.428	(1282, 225)	(128, 23)	49
16:30:34.618	34	15.4513	(1285, 225)	(129, 23)	49
16:30:34.660	32	15.1827	(1295, 226)	(130, 23)	49
16:30:34.700	31	15.0867	(1305, 226)	(131, 23)	49
16:30:34.735	29	14.7357	(1316, 228)	(132, 23)	49
16:30:34.769	30	14.5935	(1326, 228)	(133, 23)	49
16:30:34.804	31	14.4591	(1335, 228)	(134, 23)	49
16:30:34.841	37	14.371	(1345, 229)	(135, 23)	49
16:30:34.882	35	14.0067	(1355, 230)	(136, 23)	49
16:30:34.922	28	13.9853	(1366, 230)	(137, 23)	49
16:30:34.957	29	13.8407	(1375, 230)	(138, 23)	49
16:30:34.993	37	13.4967	(1386, 231)	(139, 23)	49
16:30:35.037	36	13.3539	(1395, 231)	(140, 23)	49
16:30:35.076	34	13.1535	(1405, 232)	(141, 23)	49
16:30:35.117	28	12.6157	(1415, 232)	(142, 23)	49
16:30:35.152	26	12.3498	(1425, 232)	(143, 23)	49
16:30:35.179	29	12.2987	(1435, 233)	(144, 23)	49
16:30:35.215	31	12.0255	(1445, 234)	(145, 23)	49
16:30:35.250	32	11.8738	(1455, 234)	(146, 23)	49
16:30:35.285	31	11.872	(1465, 234)	(147, 23)	49
16:30:35.320	30	11.5853	(1478, 234)	(148, 23)	49
16:30:35.354	31	11.3324	(1485, 234)	(149, 23)	49
16:30:35.389	31	11.3279	(1488, 235)	(149, 24)	49
16:30:35.424	30	11.332	(1495, 235)	(150, 24)	49
16:30:35.458	31	10.9856	(1506, 235)	(151, 24)	49
16:30:35.494	29	10.793	(1516, 235)	(152, 24)	49
16:30:35.528	25	10.6481	(1526, 236)	(153, 24)	49
16:30:35.555	27	10.5059	(1535, 236)	(154, 24)	49
16:30:35.591	30	10.1932	(1546, 236)	(155, 24)	49
16:30:35.625	31	10.0656	(1556, 237)	(156, 24)	49
16:30:35.660	31	9.89867	(1565, 237)	(157, 24)	49
16:30:35.695	30	9.75748	(1575, 238)	(158, 24)	49
16:30:35.730	24	9.73511	(1585, 238)	(159, 24)	49
16:30:35.757	24	9.67141	(1595, 239)	(160, 24)	49
16:30:35.784	26	9.60341	(1605, 239)	(161, 24)	49
16:30:35.812	24	9.44785	(1615, 240)	(162, 24)	49
16:30:35.840	26	9.23037	(1625, 240)	(163, 24)	49
16:30:35.869	24	9.04548	(1636, 241)	(164, 24)	49
16:30:35.896	24	8.7723	(1645, 242)	(165, 24)	49
16:30:35.924	24	8.56163	(1655, 242)	(166, 24)	49
16:30:35.951	25	8.51526	(1666, 243)	(167, 24)	49
16:30:35.979	24	8.32148	(1676, 244)	(168, 24)	49
16:30:36.007	24	8.27807	(1677, 245)	(168, 25)	49
16:30:36.035	24	8.148	(1686, 245)	(169, 25)	49
16:30:36.063	23	7.90593	(1696, 246)	(170, 25)	49
16:30:36.091	23	7.66504	(1705, 246)	(171, 25)	49
16:30:36.119	23	7.42296	(1715, 248)	(172, 25)	49
16:30:36.146	23	7.23526	(1726, 249)	(173, 25)	49
16:30:36.174	21	6.97526	(1735, 250)	(174, 25)	49
16:30:36.201	23	6.74815	(1745, 251)	(175, 25)	49
16:30:36.230	21	6.54504	(1755, 253)	(176, 25)	49
16:30:36.257	22	6.38578	(1765, 254)	(177, 25)	49
16:30:36.285	22	6.32341	(1768, 255)	(177, 26)	49
16:30:36.313	22	6.26	(1775, 256)	(178, 26)	49
16:30:36.341	22	6.10237	(1785, 258)	(179, 26)	49
16:30:36.368	22	5.92607	(1795, 260)	(180, 26)	49
16:30:36.396	22	5.92074	(1805, 262)	(181, 26)	49
16:30:36.424	21	5.70519	(1815, 264)	(182, 26)	49
16:30:36.452	21	5.70296	(1817, 265)	(182, 27)	49
16:30:36.479	22	5.55289	(1825, 267)	(183, 27)	49
16:30:36.508	21	5.19082	(1838, 271)	(184, 27)	49
16:30:36.536	21	5.08785	(1845, 273)	(185, 27)	49
16:30:36.564	19	5.07007	(1849, 275)	(185, 28)	49
16:30:36.584	19	4.96341	(1858, 278)	(186, 28)	49
16:30:36.604	18	4.96089	(1865, 280)	(187, 28)	49
16:30:36.625	18	4.86815	(1874, 285)	(187, 29)	49
16:30:36.646	19	4.84844	(1875, 285)	(188, 29)	49
16:30:36.667	19	4.79793	(1885, 289)	(189, 29)	49
16:30:36.688	19	4.70444	(1895, 294)	(190, 29)	49
16:30:36.709	18	4.68519	(1895, 295)	(190, 30)	49
16:30:36.730	19	4.57585	(1905, 299)	(191, 30)	49
16:30:36.751	18	4.59333	(1912, 305)	(191, 31)	49
16:30:36.771	18	4.55215	(1915, 307)	(192, 31)	49
16:30:36.792	18	4.4563	(1925, 314)	(193, 31)	49
16:30:36.813	18	4.51808	(1926, 315)	(193, 32)	49
16:30:36.834	18	4.4237	(1935, 322)	(194, 32)	49
16:30:36.854	20	4.47393	(1937, 325)	(194, 33)	49
16:30:36.876	17	4.35274	(1945, 333)	(195, 33)	49
16:30:36.896	19	4.29082	(1947, 335)	(195, 34)	49
16:30:36.917	18	4.37585	(1955, 344)	(196, 34)	49
16:30:36.938	19	4.25867	(1955, 345)	(196, 35)	49
16:30:36.959	18	4.22755	(1963, 355)	(196, 36)	49
16:30:36.980	19	4.16874	(1965, 358)	(197, 36)	49
16:30:37.001	19	4.19733	(1968, 365)	(197, 37)	49
16:30:37.022	18	4.21748	(1973, 375)	(197, 38)	49
16:30:37.043	18	4.16193	(1975, 379)	(198, 38)	49
16:30:37.064	18	4.16311	(1976, 385)	(198, 39)	49
16:30:37.084	19	4.21007	(1980, 395)	(198, 40)	49
16:30:37.105	19	4.15659	(1982, 405)	(198, 41)	49
16:30:37.126	19	4.168	(1984, 415)	(198, 42)	49
16:30:37.147	18	4.14785	(1985, 417)	(199, 42)	49
16:30:37.168	18	4.16667	(1985, 425)	(199, 43)	49
16:30:37.188	18	4.17496	(1987, 435)	(199, 44)	49
16:30:37.209	18	4.09674	(1988, 445)	(199, 45)	49
16:30:37.230	19	4.03793	(1989, 455)	(199, 46)	49
16:30:37.251	18	3.97067	(1989, 465)	(199, 47)	49
16:30:37.272	17	3.98119	(1989, 475)	(199, 48)	49
16:30:37.293	18	3.95496	(1988, 485)	(199, 49)	49
16:30:37.313	20	3.88311	(1985, 495)	(199, 50)	49
16:30:37.335	18	3.91274	(1984, 495)	(198, 50)	49
16:30:37.356	18	3.99319	(1980, 505)	(198, 51)	49
16:30:37.376	18	4.14548	(1972, 516)	(197, 52)	49
16:30:37.397	18	4.16978	(1965, 525)	(197, 53)	49
16:30:37.418	18	4.1277	(1964, 526)	(196, 53)	49
16:30:37.439	18	4.21452	(1954, 534)	(195, 53)	49
16:30:37.460	18	4.19333	(1953, 535)	(195, 54)	49
16:30:37.480	19	4.2277	(1944, 539)	(194, 54)	49
16:30:37.502	18	4.27259	(1937, 545)	(194, 55)	49
16:30:37.522	18	4.29037	(1934, 547)	(193, 55)	49
16:30:37.543	19	4.33778	(1924, 555)	(192, 56)	49
16:30:37.564	18	4.39778	(1914, 561)	(191, 56)	49
16:30:37.585	18	4.44104	(1907, 565)	(191, 57)	49
16:30:37.605	20	4.43778	(1904, 567)	(190, 57)	49
16:30:37.627	18	4.49704	(1894, 572)	(189, 57)	49
16:30:37.648	18	4.52311	(1890, 575)	(189, 58)	49
16:30:37.668	18	4.66593	(1884, 577)	(188, 58)	49
16:30:37.689	18	4.6637	(1874, 581)	(187, 58)	49
16:30:37.711	18	4.76311	(1866, 585)	(187, 59)	49
16:30:37.731	18	4.73393	(1864, 585)	(186, 59)	49
16:30:37.753	19	4.84578	(1854, 590)	(185, 59)	49
16:30:37.780	19	4.94978	(1844, 594)	(184, 59)	49
16:30:37.801	18	4.9763	(1843, 595)	(184, 60)	49
16:30:37.821	20	5.1963	(1834, 597)	(183, 60)	49
16:30:37.842	20	5.55689	(1823, 601)	(182, 60)	49
16:30:37.863	19	5.6923	(1810, 606)	(181, 61)	49
16:30:37.884	19	5.73526	(1804, 609)	(180, 61)	49
16:30:37.905	19	5.79422	(1794, 612)	(179, 61)	49
16:30:37.926	20	5.888	(1787, 615)	(179, 62)	49
16:30:37.954	20	5.97689	(1784, 616)	(178, 62)	49
16:30:37.981	20	6.20474	(1774, 619)	(177, 62)	49
16:30:38.009	20	6.42015	(1764, 622)	(176, 62)	49
16:30:38.037	24	6.53126	(1758, 625)	(176, 63)	49
16:30:38.065	25	6.55452	(1754, 626)	(175, 63)	49
16:30:38.093	26	6.72178	(1744, 628)	(174, 63)	49
16:30:38.128	25	6.84385	(1734, 631)	(173, 63)	49
16:30:38.156	26	6.97185	(1724, 633)	(172, 63)	49
16:30:38.190	26	7.10622	(1715, 635)	(172, 64)	49
16:30:38.218	23	7.09259	(1714, 635)	(171, 64)	49
16:30:38.245	22	7.29778	(1704, 637)	(170, 64)	49
16:30:38.273	22	7.37719	(1694, 638)	(169, 64)	49
16:30:38.301	26	7.53215	(1684, 640)	(168, 64)	49
16:30:38.336	29	7.57763	(1674, 641)	(167, 64)	49
16:30:38.371	29	7.76889	(1664, 642)	(166, 64)	49
16:30:38.406	28	7.87245	(1654, 643)	(165, 64)	49
16:30:38.440	22	7.99482	(1644, 644)	(164, 64)	49
16:30:38.468	22	8.17467	(1633, 644)	(163, 64)	49
16:30:38.495	23	8.22222	(1624, 644)	(162, 64)	49
16:30:38.523	25	8.36104	(1614, 644)	(161, 64)	49
16:30:38.552	23	8.44918	(1604, 644)	(160, 64)	49
16:30:38.580	23	8.59215	(1594, 644)	(159, 64)	49
16:30:38.607	25	8.74637	(1584, 644)	(158, 64)	49
16:30:38.635	24	8.83111	(1574, 644)	(157, 64)	49
16:30:38.662	24	8.87185	(1564, 644)	(156, 64)	49
16:30:38.691	24	8.93526	(1554, 644)	(155, 64)	49
16:30:38.718	30	9.03526	(1548, 645)	(155, 65)	49
16:30:38.754	29	9.05422	(1544, 645)	(154, 65)	49
16:30:38.788	28	9.44326	(1534, 645)	(153, 65)	49
16:30:38.823	28	9.22444	(1524, 646)	(152, 65)	49
16:30:38.857	24	9.36519	(1514, 647)	(151, 65)	49
16:30:38.886	30	9.40963	(1504, 648)	(150, 65)	49
16:30:38.920	32	9.51763	(1494, 649)	(149, 65)	49
16:30:38.956	30	9.68459	(1484, 651)	(148, 65)	49
16:30:38.990	31	9.80874	(1474, 652)	(147, 65)	49
16:30:39.026	27	9.792	(1464, 652)	(146, 65)	49
16:30:39.059	27	9.91067	(1454, 653)	(145, 65)	49
16:30:39.094	27	10.0329	(1444, 654)	(144, 65)	49
16:30:39.129	25	10.0253	(1434, 654)	(143, 65)	49
16:30:39.163	26	10.1196	(1419, 654)	(142, 65)	49
16:30:39.199	26	10.1287	(1414, 654)	(141, 65)	49
16:30:39.233	26	10.0871	(1404, 654)	(140, 65)	49
16:30:39.267	27	10.2561	(1394, 654)	(139, 65)	49
16:30:39.303	27	10.4641	(1384, 654)	(138, 65)	49
16:30:39.337	26	10.2321	(1374, 654)	(137, 65)	49
16:30:39.372	26	10.2154	(1356, 653)	(136, 65)	49
16:30:39.406	27	10.2536	(1354, 653)	(135, 65)	49
16:30:39.443	27	10.2142	(1344, 652)	(134, 65)	49
16:30:39.477	25	10.2806	(1334, 651)	(133, 65)	49
16:30:39.504	24	10.2545	(1323, 651)	(132, 65)	49
16:30:39.531	27	10.235	(1314, 650)	(131, 65)	49
16:30:39.567	29	10.5699	(1303, 649)	(130, 65)	49
16:30:39.601	30	10.3951	(1294, 648)	(129, 65)	49
16:30:39.637	30	10.5231	(1284, 647)	(128, 65)	49
16:30:39.672	27	10.5364	(1274, 647)	(127, 65)	49
16:30:39.706	26	10.7354	(1264, 646)	(126, 65)	49
16:30:39.733	24	10.8121	(1256, 644)	(126, 64)	49
16:30:39.761	24	10.7781	(1254, 644)	(125, 64)	49
16:30:39.788	26	10.8902	(1244, 643)	(124, 64)	49
16:30:39.817	32	10.8969	(1234, 643)	(123, 64)	49
16:30:39.852	30	11.0656	(1224, 641)	(122, 64)	49
16:30:39.887	31	11.1004	(1214, 641)	(121, 64)	49
16:30:39.922	29	11.1739	(1204, 641)	(120, 64)	49
16:30:39.956	32	11.2505	(1194, 640)	(119, 64)	49
16:30:39.991	31	11.3036	(1184, 639)	(118, 64)	49
16:30:40.026	31	11.3618	(1174, 639)	(117, 64)	49
16:30:40.062	31	11.5391	(1164, 637)	(116, 64)	49
16:30:40.095	32	11.5767	(1154, 637)	(115, 64)	49
16:30:40.131	30	11.5621	(1144, 636)	(114, 64)	49
16:30:40.165	32	11.5761	(1134, 636)	(113, 64)	49
16:30:40.199	32	11.5784	(1124, 635)	(112, 64)	49
16:30:40.234	31	11.5615	(1114, 635)	(111, 64)	49
16:30:40.269	31	11.6641	(1110, 634)	(111, 63)	49
16:30:40.304	31	11.6767	(1104, 634)	(110, 63)	49
16:30:40.339	32	11.7458	(1093, 633)	(109, 63)	49
16:30:40.374	30	11.7296	(1084, 632)	(108, 63)	49
16:30:40.408	32	11.6664	(1074, 632)	(107, 63)	49
16:30:40.443	31	11.577	(1064, 631)	(106, 63)	49
16:30:40.479	29	11.5068	(1051, 631)	(105, 63)	49
16:30:40.512	26	11.4467	(1032, 629)	(103, 63)	49
16:30:40.540	26	11.4573	(1024, 629)	(102, 63)	49
16:30:40.574	33	11.3305	(1014, 629)	(101, 63)	49
16:30:40.611	41	11.3453	(1004, 628)	(100, 63)	49
16:30:40.658	36	11.2233	(994, 627)	(99, 63)	49
16:30:40.700	29	11.209	(984, 627)	(98, 63)	49
16:30:40.734	25	11.2776	(974, 627)	(97, 63)	49
16:30:40.762	28	11.2681	(964, 626)	(96, 63)	49
16:30:40.797	26	11.2003	(954, 626)	(95, 63)	49
16:30:40.825	29	11.2178	(944, 626)	(94, 63)	49
16:30:40.860	31	11.1807	(934, 625)	(93, 63)	49
16:30:40.895	31	11.2068	(927, 624)	(93, 62)	49
16:30:40.929	27	11.2569	(924, 624)	(92, 62)	49
16:30:40.963	26	11.2652	(914, 623)	(91, 62)	49
16:30:40.991	25	11.3154	(904, 622)	(90, 62)	49
16:30:41.019	29	11.4215	(894, 621)	(89, 62)	49
16:30:41.055	32	11.4692	(884, 620)	(88, 62)	49
16:30:41.090	45	11.4834	(873, 619)	(87, 62)	49
16:30:41.138	29	11.6004	(864, 619)	(86, 62)	49
16:30:41.173	26	11.7569	(854, 619)	(85, 62)	49
16:30:41.200	25	11.7781	(843, 618)	(84, 62)	49
16:30:41.228	26	11.6967	(834, 618)	(83, 62)	49
16:30:41.263	26	11.5876	(823, 617)	(82, 62)	49
16:30:41.298	30	11.5102	(814, 617)	(81, 62)	49
16:30:41.333	29	11.3741	(804, 617)	(80, 62)	49
16:30:41.367	28	11.3305	(794, 617)	(79, 62)	49
16:30:41.402	26	11.2708	(784, 616)	(78, 62)	49
16:30:41.436	28	11.3237	(772, 616)	(77, 62)	49
16:30:41.472	26	11.2415	(764, 615)	(76, 62)	49
16:30:41.506	27	11.1702	(754, 615)	(75, 62)	49
16:30:41.541	26	11.1013	(744, 615)	(74, 62)	49
16:30:41.575	27	10.9421	(734, 615)	(73, 62)	49
16:30:41.610	28	10.8476	(724, 615)	(72, 62)	49
16:30:41.645	29	10.7501	(714, 615)	(71, 62)	49
16:30:41.682	36	10.5049	(704, 615)	(70, 62)	49
16:30:41.723	33	10.4164	(694, 615)	(69, 62)	49
16:30:41.763	26	10.3124	(684, 615)	(68, 62)	49
16:30:41.798	27	10.1356	(674, 615)	(67, 62)	49
16:30:41.834	28	10.0326	(664, 616)	(66, 62)	49
16:30:41.868	30	9.90637	(654, 617)	(65, 62)	49
16:30:41.902	30	9.77719	(644, 618)	(64, 62)	49
16:30:41.937	31	9.70652	(634, 618)	(63, 62)	49
16:30:41.972	30	9.45852	(624, 619)	(62, 62)	49
16:30:42.007	29	9.29659	(614, 619)	(61, 62)	49
16:30:42.042	29	9.20785	(604, 621)	(60, 62)	49
16:30:42.077	28	9.06933	(594, 621)	(59, 62)	49
16:30:42.111	29	8.94163	(584, 622)	(58, 62)	49
16:30:42.148	29	8.75956	(574, 624)	(57, 62)	49
16:30:42.181	29	8.74119	(566, 625)	(57, 63)	49
16:30:42.216	29	8.68045	(564, 625)	(56, 63)	49
16:30:42.251	27	8.48089	(554, 625)	(55, 63)	49
16:30:42.285	28	8.29956	(544, 626)	(54, 63)	49
16:30:42.319	28	8.10533	(534, 628)	(53, 63)	49
16:30:42.355	27	7.92637	(524, 629)	(52, 63)	49
16:30:42.389	28	7.84948	(514, 631)	(51, 63)	49
16:30:42.423	23	7.75911	(504, 633)	(50, 63)	49
16:30:42.451	21	7.56178	(494, 634)	(49, 63)	49
16:30:42.478	23	7.54948	(493, 635)	(49, 64)	49
16:30:42.506	26	7.43511	(484, 637)	(48, 64)	49
16:30:42.535	27	7.16963	(467, 641)	(47, 64)	49
16:30:42.570	27	7.12356	(464, 642)	(46, 64)	49
16:30:42.604	23	7.07393	(458, 645)	(46, 65)	49
16:30:42.632	21	7.03822	(454, 646)	(45, 65)	49
16:30:42.659	22	6.89393	(444, 650)	(44, 65)	49
16:30:42.687	24	6.73556	(434, 654)	(43, 65)	49
16:30:42.716	27	6.69304	(432, 655)	(43, 66)	49
16:30:42.751	26	6.59052	(424, 658)	(42, 66)	49
16:30:42.786	26	6.41052	(414, 662)	(41, 66)	49
16:30:42.820	26	6.33659	(409, 665)	(41, 67)	49
16:30:42.856	25	6.21378	(404, 667)	(40, 67)	49
16:30:42.883	25	5.9517	(394, 671)	(39, 67)	49
16:30:42.911	25	6.03185	(387, 675)	(39, 68)	49
16:30:42.939	26	5.74785	(384, 676)	(38, 68)	49
16:30:42.974	24	5.47022	(374, 680)	(37, 68)	49
16:30:43.001	25	5.35956	(367, 685)	(37, 69)	49
16:30:43.029	25	5.29496	(364, 687)	(36, 69)	49
16:30:43.057	24	5.26563	(356, 695)	(36, 70)	49
16:30:43.084	25	5.24919	(354, 695)	(35, 70)	49
16:30:43.114	24	5.20533	(344, 704)	(34, 70)	49
16:30:43.147	25	5.20563	(344, 705)	(34, 71)	49
16:30:43.176	25	5.13941	(337, 715)	(34, 72)	49
16:30:43.203	25	5.16489	(335, 725)	(34, 73)	49
16:30:43.238	20	5.20578	(334, 727)	(33, 73)	49
16:30:43.264	22	5.19244	(331, 735)	(33, 74)	49
16:30:43.292	20	5.20222	(329, 746)	(33, 75)	49
16:30:43.320	20	5.21141	(329, 755)	(33, 76)	49
16:30:43.348	20	5.25807	(329, 765)	(33, 77)	49
16:30:43.376	20	5.28933	(329, 775)	(33, 78)	49
16:30:43.404	20	5.28504	(329, 785)	(33, 79)	49
16:30:43.432	28	5.23911	(329, 795)	(33, 80)	49
16:30:43.466	21	5.30844	(329, 805)	(33, 81)	49
16:30:43.494	21	5.39333	(329, 833)	(33, 83)	49
16:30:43.522	20	5.42415	(329, 836)	(33, 84)	49
16:30:43.549	21	5.392	(329, 845)	(33, 85)	49
16:30:43.578	19	5.40563	(329, 855)	(33, 86)	49
16:30:43.605	21	5.38904	(330, 865)	(33, 87)	49
16:30:43.633	21	5.38459	(332, 875)	(33, 88)	49
16:30:43.661	20	5.4157	(335, 883)	(34, 88)	49
16:30:43.688	21	5.41896	(335, 885)	(34, 89)	49
16:30:43.717	19	5.41407	(338, 895)	(34, 90)	49
16:30:43.745	27	5.392	(341, 905)	(34, 91)	49
16:30:43.780	27	5.4403	(345, 914)	(35, 91)	49
16:30:43.816	26	5.44474	(346, 915)	(35, 92)	49
16:30:43.853	22	5.47911	(350, 925)	(35, 93)	49
16:30:43.884	20	5.58296	(355, 931)	(36, 93)	49
16:30:43.911	19	5.60726	(357, 935)	(36, 94)	49
16:30:43.932	19	5.68815	(364, 945)	(36, 95)	49
16:30:43.953	19	5.66696	(365, 945)	(37, 95)	49
16:30:43.973	20	5.82963	(373, 955)	(37, 96)	49
16:30:43.994	20	5.82682	(375, 956)	(38, 96)	49
16:30:44.016	20	5.87111	(384, 965)	(38, 97)	49
16:30:44.043	19	5.87615	(385, 966)	(39, 97)	49
16:30:44.064	20	6.05111	(395, 975)	(40, 98)	49
16:30:44.092	20	6.14622	(405, 982)	(41, 98)	49
16:30:44.119	21	6.29126	(411, 987)	(41, 99)	49
16:30:44.148	22	6.39244	(415, 989)	(42, 99)	49
16:30:44.175	27	6.55807	(423, 995)	(42, 100)	49
16:30:44.203	26	6.61319	(425, 996)	(43, 100)	49
16:30:44.231	27	6.77585	(435, 1001)	(44, 100)	49
16:30:44.267	25	6.9877	(441, 1005)	(44, 101)	49
16:30:44.294	25	7.22119	(446, 1007)	(45, 101)	49
16:30:44.321	22	7.36519	(455, 1012)	(46, 101)	49
16:30:44.349	22	7.37126	(461, 1015)	(46, 102)	49
16:30:44.377	23	7.4237	(465, 1017)	(47, 102)	49
16:30:44.405	22	7.69363	(475, 1022)	(48, 102)	49
16:30:44.433	22	7.57956	(481, 1025)	(48, 103)	49
16:30:44.460	23	7.68267	(485, 1026)	(49, 103)	49
16:30:44.488	23	7.63363	(495, 1030)	(50, 103)	49
16:30:44.516	22	7.65467	(505, 1034)	(51, 103)	49
16:30:44.543	24	7.66193	(506, 1035)	(51, 104)	49
16:30:44.572	26	7.844	(515, 1037)	(52, 104)	49
16:30:44.607	28	7.95822	(525, 1040)	(53, 104)	49
16:30:44.642	28	8.06563	(540, 1043)	(54, 104)	49
16:30:44.676	29	8.16533	(545, 1044)	(55, 104)	49
16:30:44.711	25	8.31304	(549, 1045)	(55, 105)	49
16:30:44.745	25	8.16963	(555, 1046)	(56, 105)	49
16:30:44.774	26	8.39274	(577, 1050)	(58, 105)	49
16:30:44.808	25	8.43748	(585, 1052)	(59, 105)	49
16:30:44.836	25	8.57067	(595, 1053)	(60, 105)	49
16:30:44.870	26	8.65333	(605, 1054)	(61, 105)	49
16:30:44.899	25	8.65319	(608, 1055)	(61, 106)	49
16:30:44.927	25	8.71867	(615, 1056)	(62, 106)	49
16:30:44.954	25	8.83733	(625, 1057)	(63, 106)	49
16:30:44.982	26	8.95689	(635, 1058)	(64, 106)	49
16:30:45.010	25	9.05467	(645, 1059)	(65, 106)	49
16:30:45.038	25	9.09896	(655, 1060)	(66, 106)	49
16:30:45.067	26	9.1643	(665, 1061)	(67, 106)	49
16:30:45.100	27	9.29126	(675, 1061)	(68, 106)	49
16:30:45.135	27	9.49778	(685, 1063)	(69, 106)	49
16:30:45.170	26	9.3883	(695, 1063)	(70, 106)	49
16:30:45.205	30	9.43867	(705, 1064)	(71, 106)	49
16:30:45.240	33	9.53378	(715, 1064)	(72, 106)	49
16:30:45.282	33	9.52415	(719, 1065)	(72, 107)	49
16:30:45.325	29	9.58548	(725, 1065)	(73, 107)	49
16:30:45.358	24	9.64563	(735, 1066)	(74, 107)	49
16:30:45.385	23	9.7363	(745, 1066)	(75, 107)	49
16:30:45.413	23	9.81126	(755, 1066)	(76, 107)	49
16:30:45.440	25	9.90785	(765, 1066)	(77, 107)	49
16:30:45.468	27	9.99052	(775, 1067)	(78, 107)	49
16:30:45.504	30	9.95333	(785, 1067)	(79, 107)	49
16:30:45.538	30	10.0724	(795, 1068)	(80, 107)	49
16:30:45.573	25	10.1596	(805, 1069)	(81, 107)	49
16:30:45.600	25	10.167	(815, 1070)	(82, 107)	49
16:30:45.628	29	10.2007	(825, 1071)	(83, 107)	49
16:30:45.664	30	10.1641	(835, 1072)	(84, 107)	49
16:30:45.699	29	10.1384	(845, 1073)	(85, 107)	49
16:30:45.734	30	10.1804	(856, 1074)	(86, 107)	49
16:30:45.768	30	10.2164	(862, 1075)	(86, 108)	49
16:30:45.803	29	10.1166	(865, 1075)	(87, 108)	49
16:30:45.837	30	10.1956	(875, 1075)	(88, 108)	49
16:30:45.872	30	10.16	(885, 1076)	(89, 108)	49
16:30:45.906	30	10.064	(895, 1077)	(90, 108)	49
16:30:45.941	33	9.97378	(905, 1078)	(91, 108)	49
16:30:45.977	25	9.98711	(915, 1078)	(92, 108)	49
16:30:46.010	34	10.041	(925, 1079)	(93, 108)	49
16:30:46.053	28	9.83422	(935, 1080)	(94, 108)	49
16:30:46.088	29	9.79585	(945, 1081)	(95, 108)	49
16:30:46.122	30	9.7157	(955, 1082)	(96, 108)	49
16:30:46.157	27	9.78415	(965, 1082)	(97, 108)	49
16:30:46.192	23	9.85985	(975, 1083)	(98, 108)	49
16:30:46.219	28	9.81822	(986, 1083)	(99, 108)	49
16:30:46.256	29	9.74296	(995, 1084)	(100, 108)	49
16:30:46.290	28	9.62119	(1005, 1084)	(101, 108)	49
16:30:46.324	31	9.67289	(1015, 1084)	(102, 108)	49
16:30:46.359	30	9.59956	(1017, 1085)	(102, 109)	49
16:30:46.394	29	9.60044	(1025, 1085)	(103, 109)	49
16:30:46.429	29	9.64652	(1040, 1085)	(104, 109)	49
16:30:46.463	29	9.69793	(1048, 1085)	(105, 109)	49
16:30:46.498	29	9.70207	(1055, 1086)	(106, 109)	49
16:30:46.532	24	9.67896	(1065, 1086)	(107, 109)	49
16:30:46.560	24	9.70741	(1075, 1086)	(108, 109)	49
16:30:46.587	23	9.73363	(1085, 1086)	(109, 109)	49
16:30:46.615	23	9.71185	(1096, 1086)	(110, 109)	49
16:30:46.643	23	9.65615	(1105, 1086)	(111, 109)	49
16:30:46.671	24	9.66415	(1115, 1086)	(112, 109)	49
16:30:46.698	24	9.63022	(1126, 1086)	(113, 109)	49
16:30:46.726	23	9.63882	(1135, 1086)	(114, 109)	49
16:30:46.754	25	9.64281	(1146, 1086)	(115, 109)	49
16:30:46.782	23	9.73763	(1155, 1086)	(116, 109)	49
16:30:46.810	24	9.75896	(1166, 1086)	(117, 109)	49
16:30:46.838	23	9.8683	(1175, 1086)	(118, 109)	49
16:30:46.865	23	10.0533	(1185, 1085)	(119, 109)	49
16:30:46.893	24	10.0701	(1188, 1084)	(119, 108)	49
16:30:46.921	30	10.0542	(1195, 1084)	(120, 108)	49
16:30:46.957	29	10.0609	(1205, 1082)	(121, 108)	49
16:30:46.991	25	10.1723	(1215, 1081)	(122, 108)	49
16:30:47.019	24	10.22	(1225, 1081)	(123, 108)	49
16:30:47.046	24	10.2481	(1235, 1081)	(124, 108)	49
16:30:47.074	30	10.2159	(1245, 1080)	(125, 108)	49
16:30:47.110	30	10.191	(1255, 1080)	(126, 108)	49
16:30:47.144	30	10.1341	(1265, 1079)	(127, 108)	49
16:30:47.181	29	10.1893	(1275, 1078)	(128, 108)	49
16:30:47.214	25	10.1101	(1286, 1077)	(129, 108)	49
16:30:47.241	25	10.1006	(1295, 1077)	(130, 108)	49
16:30:47.269	27	10.0413	(1305, 1077)	(131, 108)	49
16:30:47.304	29	10.1572	(1315, 1077)	(132, 108)	49
16:30:47.339	28	9.89807	(1325, 1077)	(133, 108)	49
16:30:47.374	29	9.81822	(1335, 1077)	(134, 108)	49
16:30:47.409	28	9.68667	(1345, 1077)	(135, 108)	49
16:30:47.443	30	9.62385	(1355, 1077)	(136, 108)	49
16:30:47.478	29	9.5323	(1365, 1079)	(137, 108)	49
16:30:47.513	29	9.48207	(1375, 1080)	(138, 108)	49
16:30:47.547	29	9.36104	(1385, 1081)	(139, 108)	49
16:30:47.582	29	9.33363	(1395, 1081)	(140, 108)	49
16:30:47.616	25	9.27141	(1405, 1083)	(141, 108)	49
16:30:47.644	24	9.1963	(1416, 1084)	(142, 108)	49
16:30:47.672	25	9.11985	(1418, 1085)	(142, 109)	49
16:30:47.700	24	9.1563	(1425, 1085)	(143, 109)	49
16:30:47.727	26	9.01763	(1437, 1088)	(144, 109)	49
16:30:47.756	28	8.92341	(1445, 1088)	(145, 109)	49
16:30:47.791	28	8.77704	(1455, 1089)	(146, 109)	49
16:30:47.825	23	8.67985	(1465, 1090)	(147, 109)	49
16:30:47.852	25	8.51037	(1476, 1091)	(148, 109)	49
16:30:47.881	23	8.32696	(1485, 1092)	(149, 109)	49
16:30:47.908	24	8.19585	(1495, 1093)	(150, 109)	49
16:30:47.936	24	8.12044	(1505, 1093)	(151, 109)	49
16:30:47.964	24	7.96015	(1515, 1093)	(152, 109)	49
16:30:47.992	23	7.84904	(1525, 1093)	(153, 109)	49
16:30:48.020	23	7.64696	(1535, 1094)	(154, 109)	49
16:30:48.047	23	7.45407	(1545, 1094)	(155, 109)	49
16:30:48.075	26	7.32519	(1555, 1094)	(156, 109)	49
16:30:48.104	32	6.93156	(1565, 1094)	(157, 109)	49
16:30:48.139	31	6.89882	(1566, 1095)	(157, 110)	49
16:30:48.173	31	6.80918	(1575, 1095)	(158, 110)	49
16:30:48.209	23	6.69348	(1585, 1095)	(159, 110)	49
16:30:48.236	21	6.57941	(1596, 1096)	(160, 110)	49
16:30:48.263	20	6.46326	(1605, 1096)	(161, 110)	49
16:30:48.284	24	6.40074	(1615, 1096)	(162, 110)	49
16:30:48.311	21	6.28326	(1625, 1097)	(163, 110)	49
16:30:48.340	25	6.15882	(1635, 1097)	(164, 110)	49
16:30:48.368	25	5.97585	(1645, 1097)	(165, 110)	49
16:30:48.396	24	5.88548	(1655, 1098)	(166, 110)	49
16:30:48.423	25	5.82222	(1665, 1098)	(167, 110)	49
16:30:48.451	20	5.78059	(1675, 1099)	(168, 110)	49
16:30:48.478	20	5.712	(1685, 1099)	(169, 110)	49
16:30:48.499	19	5.62222	(1695, 1100)	(170, 110)	49
16:30:48.520	19	5.55141	(1705, 1100)	(171, 110)	49
16:30:48.541	19	5.37526	(1715, 1101)	(172, 110)	49
16:30:48.562	19	5.26074	(1725, 1101)	(173, 110)	49
16:30:48.583	19	5.11111	(1735, 1103)	(174, 110)	49
16:30:48.603	19	4.97467	(1748, 1104)	(175, 110)	49
16:30:48.624	20	4.88044	(1753, 1105)	(175, 111)	49
16:30:48.652	19	4.84533	(1755, 1105)	(176, 111)	49
16:30:48.673	18	4.704	(1765, 1106)	(177, 111)	49
16:30:48.694	18	4.62563	(1775, 1107)	(178, 111)	49
16:30:48.714	19	4.43956	(1785, 1108)	(179, 111)	49
16:30:48.735	18	4.3323	(1798, 1109)	(180, 111)	49
16:30:48.756	19	4.20785	(1806, 1111)	(181, 111)	49
16:30:48.777	18	4.12593	(1815, 1112)	(182, 111)	49
16:30:48.798	18	4.04133	(1825, 1112)	(183, 111)	49
16:30:48.819	17	3.92533	(1835, 1113)	(184, 111)	49
16:30:48.840	18	3.74859	(1850, 1114)	(185, 111)	49
16:30:48.860	18	3.74785	(1855, 1114)	(186, 111)	49
16:30:48.881	18	3.70741	(1858, 1115)	(186, 112)	49
16:30:48.903	16	3.62459	(1865, 1116)	(187, 112)	49
16:30:48.923	17	3.52785	(1877, 1117)	(188, 112)	49
16:30:48.944	18	3.48563	(1885, 1118)	(189, 112)	49
16:30:48.965	17	3.44444	(1895, 1120)	(190, 112)	49
16:30:48.986	17	3.37793	(1905, 1121)	(191, 112)	49
16:30:49.006	16	2.76237	(0, 0)	(0, 0)	49
EOM

