BOM
Frame extends: 2263, 1306
_ms_area: 10
measurements taken: 585
current rendering method: 0
is mouse replay: 1
Camera settings: Roation Quaternion: ( -0.30178, 0.111835, 0.849411, -0.418215), Translationsvektor: ( -0.140521, 0.0872895, 1.55).
System_Time	Elapsed_Time_PaintGL	Elapsed_Kernel_Time	Frame_Coordinates	Grid_Position	Manual_Measurement
17:55:53.791	119	110.955	(-1, -1)	(-1, -1)	49
17:55:53.917	122	110.854	(-1, -1)	(-1, -1)	49
17:55:54.047	120	110.907	(-1, -1)	(-1, -1)	49
17:55:54.173	124	110.948	(-1, -1)	(-1, -1)	49
17:55:54.304	118	110.952	(-1, -1)	(-1, -1)	49
17:55:54.430	119	110.836	(-1, -1)	(-1, -1)	49
17:55:54.555	120	110.875	(-1, -1)	(-1, -1)	49
17:55:54.681	124	110.921	(-1, -1)	(-1, -1)	49
17:55:54.814	123	110.869	(-1, -1)	(-1, -1)	49
17:55:54.945	123	110.916	(-1, -1)	(-1, -1)	49
17:55:55.077	122	110.935	(-1, -1)	(-1, -1)	49
17:55:55.210	123	110.909	(-1, -1)	(-1, -1)	49
17:55:55.341	124	110.916	(-1, -1)	(-1, -1)	49
17:55:55.475	125	110.89	(-1, -1)	(-1, -1)	49
17:55:55.606	123	110.894	(-1, -1)	(-1, -1)	49
17:55:55.736	120	111.269	(-1, -1)	(-1, -1)	49
17:55:55.864	124	110.879	(-1, -1)	(-1, -1)	49
17:55:55.995	121	110.918	(-1, -1)	(-1, -1)	49
17:55:56.125	120	110.915	(-1, -1)	(-1, -1)	49
17:55:56.254	121	110.803	(-1, -1)	(-1, -1)	49
17:55:56.383	120	110.915	(-1, -1)	(-1, -1)	49
17:55:56.511	122	110.835	(-1, -1)	(-1, -1)	49
17:55:56.640	122	110.822	(-1, -1)	(-1, -1)	49
17:55:56.768	123	110.882	(-1, -1)	(-1, -1)	49
17:55:56.949	119	110.903	(-1, -1)	(-1, -1)	49
17:55:57.079	121	110.855	(-1, -1)	(-1, -1)	49
17:55:57.204	120	110.837	(-1, -1)	(-1, -1)	49
17:55:57.339	120	110.827	(-1, -1)	(-1, -1)	49
17:55:57.461	116	110.92	(-1, -1)	(-1, -1)	49
17:55:57.586	117	110.938	(-1, -1)	(-1, -1)	49
17:55:57.710	117	110.912	(-1, -1)	(-1, -1)	49
17:55:57.828	118	110.969	(-1, -1)	(-1, -1)	49
17:55:57.955	126	110.914	(-1, -1)	(-1, -1)	49
17:55:58.100	123	111.156	(-1, -1)	(-1, -1)	49
17:55:58.235	123	111.141	(-1, -1)	(-1, -1)	49
17:55:58.406	119	110.827	(-1, -1)	(-1, -1)	49
17:55:58.532	122	110.86	(-1, -1)	(-1, -1)	49
17:55:58.656	116	110.912	(-1, -1)	(-1, -1)	49
17:55:58.782	116	110.922	(-1, -1)	(-1, -1)	49
17:55:58.906	130	110.897	(-1, -1)	(-1, -1)	49
17:55:59.046	118	110.831	(-1, -1)	(-1, -1)	49
17:55:59.171	116	110.976	(-1, -1)	(-1, -1)	49
17:55:59.295	118	110.854	(-1, -1)	(-1, -1)	49
17:55:59.422	123	110.895	(-1, -1)	(-1, -1)	49
17:55:59.554	122	110.859	(-1, -1)	(-1, -1)	49
17:55:59.685	118	110.954	(-1, -1)	(-1, -1)	49
17:55:59.813	123	110.911	(-1, -1)	(-1, -1)	49
17:55:59.944	122	110.861	(-1, -1)	(-1, -1)	49
17:56:00.073	118	110.98	(-1, -1)	(-1, -1)	49
17:56:00.199	117	111.093	(-1, -1)	(-1, -1)	49
17:56:00.317	118	110.952	(-1, -1)	(-1, -1)	49
17:56:00.443	124	110.853	(-1, -1)	(-1, -1)	49
17:56:00.574	117	110.877	(-1, -1)	(-1, -1)	49
17:56:00.699	120	111.007	(-1, -1)	(-1, -1)	49
17:56:00.827	121	110.846	(-1, -1)	(-1, -1)	49
17:56:00.957	120	111.071	(-1, -1)	(-1, -1)	49
17:56:01.084	124	110.886	(-1, -1)	(-1, -1)	49
17:56:01.216	122	110.878	(-1, -1)	(-1, -1)	49
17:56:01.348	121	110.916	(-1, -1)	(-1, -1)	49
17:56:01.480	124	110.909	(-1, -1)	(-1, -1)	49
17:56:01.611	121	110.866	(-1, -1)	(-1, -1)	49
17:56:01.738	121	110.818	(-1, -1)	(-1, -1)	49
17:56:01.869	122	110.927	(-1, -1)	(-1, -1)	49
17:56:02.000	120	110.877	(-1, -1)	(-1, -1)	49
17:56:02.126	121	110.885	(-1, -1)	(-1, -1)	49
17:56:02.250	117	110.963	(-1, -1)	(-1, -1)	49
17:56:02.376	121	110.852	(-1, -1)	(-1, -1)	49
17:56:02.502	123	110.857	(-1, -1)	(-1, -1)	49
17:56:02.633	121	110.919	(-1, -1)	(-1, -1)	49
17:56:02.759	122	110.88	(-1, -1)	(-1, -1)	49
17:56:02.891	125	110.841	(-1, -1)	(-1, -1)	49
17:56:03.025	121	110.88	(-1, -1)	(-1, -1)	49
17:56:03.156	121	110.887	(-1, -1)	(-1, -1)	49
17:56:03.286	120	111.02	(-1, -1)	(-1, -1)	49
17:56:03.414	126	110.901	(-1, -1)	(-1, -1)	49
17:56:03.544	123	110.852	(-1, -1)	(-1, -1)	49
17:56:03.675	120	110.842	(-1, -1)	(-1, -1)	49
17:56:03.802	121	110.916	(-1, -1)	(-1, -1)	49
17:56:03.924	120	110.902	(-1, -1)	(-1, -1)	49
17:56:04.053	125	110.918	(-1, -1)	(-1, -1)	49
17:56:04.184	122	110.896	(-1, -1)	(-1, -1)	49
17:56:04.314	121	111.005	(-1, -1)	(-1, -1)	49
17:56:04.442	123	110.879	(-1, -1)	(-1, -1)	49
17:56:04.573	121	110.879	(-1, -1)	(-1, -1)	49
17:56:04.696	120	110.867	(-1, -1)	(-1, -1)	49
17:56:04.824	122	110.861	(-1, -1)	(-1, -1)	49
17:56:04.956	122	110.923	(-1, -1)	(-1, -1)	49
17:56:05.088	123	110.797	(-1, -1)	(-1, -1)	49
17:56:05.220	122	110.936	(-1, -1)	(-1, -1)	49
17:56:05.350	118	110.865	(-1, -1)	(-1, -1)	49
17:56:05.477	123	110.881	(-1, -1)	(-1, -1)	49
17:56:05.608	121	110.908	(-1, -1)	(-1, -1)	49
17:56:05.734	120	110.871	(-1, -1)	(-1, -1)	49
17:56:05.866	119	110.806	(-1, -1)	(-1, -1)	49
17:56:05.991	119	110.896	(-1, -1)	(-1, -1)	49
17:56:06.116	125	110.892	(-1, -1)	(-1, -1)	49
17:56:06.249	123	110.929	(-1, -1)	(-1, -1)	49
17:56:06.380	120	110.897	(-1, -1)	(-1, -1)	49
17:56:06.506	123	110.88	(-1, -1)	(-1, -1)	49
17:56:06.636	117	110.907	(-1, -1)	(-1, -1)	49
17:56:06.762	122	110.948	(-1, -1)	(-1, -1)	49
17:56:06.888	125	110.884	(-1, -1)	(-1, -1)	49
17:56:07.020	123	110.935	(-1, -1)	(-1, -1)	49
17:56:07.153	123	110.833	(-1, -1)	(-1, -1)	49
17:56:07.286	122	110.933	(-1, -1)	(-1, -1)	49
17:56:07.416	118	111.031	(-1, -1)	(-1, -1)	49
17:56:07.541	124	110.877	(-1, -1)	(-1, -1)	49
17:56:07.674	124	110.841	(-1, -1)	(-1, -1)	49
17:56:07.805	127	110.899	(-1, -1)	(-1, -1)	49
17:56:07.937	124	110.868	(-1, -1)	(-1, -1)	49
17:56:08.068	120	110.972	(-1, -1)	(-1, -1)	49
17:56:08.195	124	110.871	(-1, -1)	(-1, -1)	49
17:56:08.328	124	110.919	(-1, -1)	(-1, -1)	49
17:56:08.459	120	110.908	(-1, -1)	(-1, -1)	49
17:56:08.584	124	110.86	(-1, -1)	(-1, -1)	49
17:56:08.716	124	110.853	(-1, -1)	(-1, -1)	49
17:56:08.849	121	110.784	(-1, -1)	(-1, -1)	49
17:56:08.981	123	110.873	(-1, -1)	(-1, -1)	49
17:56:09.114	124	110.809	(-1, -1)	(-1, -1)	49
17:56:09.248	123	110.887	(-1, -1)	(-1, -1)	49
17:56:09.378	121	110.814	(-1, -1)	(-1, -1)	49
17:56:09.508	118	110.919	(-1, -1)	(-1, -1)	49
17:56:09.634	122	110.859	(-1, -1)	(-1, -1)	49
17:56:09.764	119	110.923	(-1, -1)	(-1, -1)	49
17:56:09.892	123	110.918	(-1, -1)	(-1, -1)	49
17:56:10.024	122	110.885	(-1, -1)	(-1, -1)	49
17:56:10.154	120	110.839	(-1, -1)	(-1, -1)	49
17:56:10.280	124	110.85	(-1, -1)	(-1, -1)	49
17:56:10.412	124	110.795	(-1, -1)	(-1, -1)	49
17:56:10.545	124	110.878	(-1, -1)	(-1, -1)	49
17:56:10.677	122	110.901	(-1, -1)	(-1, -1)	49
17:56:10.809	123	110.919	(-1, -1)	(-1, -1)	49
17:56:10.942	123	110.9	(-1, -1)	(-1, -1)	49
17:56:11.073	122	110.893	(-1, -1)	(-1, -1)	49
17:56:11.197	118	110.918	(-1, -1)	(-1, -1)	49
17:56:11.324	121	110.842	(-1, -1)	(-1, -1)	49
17:56:11.447	118	110.951	(-1, -1)	(-1, -1)	49
17:56:11.574	123	110.947	(-1, -1)	(-1, -1)	49
17:56:11.704	122	110.904	(-1, -1)	(-1, -1)	49
17:56:11.838	123	110.889	(-1, -1)	(-1, -1)	49
17:56:11.970	122	110.858	(-1, -1)	(-1, -1)	49
17:56:12.102	126	110.888	(-1, -1)	(-1, -1)	49
17:56:12.234	124	110.876	(-1, -1)	(-1, -1)	49
17:56:12.367	121	110.919	(-1, -1)	(-1, -1)	49
17:56:12.497	120	110.882	(-1, -1)	(-1, -1)	49
17:56:12.623	122	110.914	(-1, -1)	(-1, -1)	49
17:56:12.754	118	110.939	(-1, -1)	(-1, -1)	49
17:56:12.880	120	110.845	(-1, -1)	(-1, -1)	49
17:56:13.006	121	110.84	(-1, -1)	(-1, -1)	49
17:56:13.129	120	110.966	(-1, -1)	(-1, -1)	49
17:56:13.256	124	110.9	(-1, -1)	(-1, -1)	49
17:56:13.388	126	110.955	(-1, -1)	(-1, -1)	49
17:56:13.522	123	110.855	(-1, -1)	(-1, -1)	49
17:56:13.653	122	110.784	(-1, -1)	(-1, -1)	49
17:56:13.783	120	110.911	(-1, -1)	(-1, -1)	49
17:56:13.914	122	110.919	(-1, -1)	(-1, -1)	49
17:56:14.041	123	110.83	(-1, -1)	(-1, -1)	49
17:56:14.173	118	110.988	(-1, -1)	(-1, -1)	49
17:56:14.299	122	110.82	(-1, -1)	(-1, -1)	49
17:56:14.430	120	110.874	(-1, -1)	(-1, -1)	49
17:56:14.557	127	110.842	(-1, -1)	(-1, -1)	49
17:56:14.695	122	110.883	(-1, -1)	(-1, -1)	49
17:56:14.825	121	110.959	(-1, -1)	(-1, -1)	49
17:56:14.952	129	110.911	(-1, -1)	(-1, -1)	49
17:56:15.091	122	110.859	(-1, -1)	(-1, -1)	49
17:56:15.222	118	110.833	(-1, -1)	(-1, -1)	49
17:56:15.348	124	110.896	(-1, -1)	(-1, -1)	49
17:56:15.480	121	110.894	(-1, -1)	(-1, -1)	49
17:56:15.606	123	110.863	(-1, -1)	(-1, -1)	49
17:56:15.738	123	110.909	(-1, -1)	(-1, -1)	49
17:56:15.868	119	110.928	(-1, -1)	(-1, -1)	49
17:56:15.994	123	110.894	(-1, -1)	(-1, -1)	49
17:56:16.119	117	110.925	(-1, -1)	(-1, -1)	49
17:56:16.244	120	110.987	(-1, -1)	(-1, -1)	49
17:56:16.370	123	110.827	(-1, -1)	(-1, -1)	49
17:56:16.501	121	110.906	(-1, -1)	(-1, -1)	49
17:56:16.630	123	110.924	(-1, -1)	(-1, -1)	49
17:56:16.759	123	110.953	(-1, -1)	(-1, -1)	49
17:56:16.891	121	110.935	(-1, -1)	(-1, -1)	49
17:56:17.017	123	110.917	(-1, -1)	(-1, -1)	49
17:56:17.149	124	110.796	(-1, -1)	(-1, -1)	49
17:56:17.280	121	110.929	(-1, -1)	(-1, -1)	49
17:56:17.406	122	110.835	(-1, -1)	(-1, -1)	49
17:56:17.537	120	110.907	(-1, -1)	(-1, -1)	49
17:56:17.663	123	110.861	(-1, -1)	(-1, -1)	49
17:56:17.794	121	110.896	(-1, -1)	(-1, -1)	49
17:56:17.921	124	110.97	(-1, -1)	(-1, -1)	49
17:56:18.053	122	110.928	(-1, -1)	(-1, -1)	49
17:56:18.183	120	110.86	(-1, -1)	(-1, -1)	49
17:56:18.310	124	110.84	(-1, -1)	(-1, -1)	49
17:56:18.442	124	110.912	(-1, -1)	(-1, -1)	49
17:56:18.574	120	110.918	(-1, -1)	(-1, -1)	49
17:56:18.699	121	110.976	(-1, -1)	(-1, -1)	49
17:56:18.823	118	111.042	(-1, -1)	(-1, -1)	49
17:56:18.948	119	110.905	(-1, -1)	(-1, -1)	49
17:56:19.077	122	110.881	(-1, -1)	(-1, -1)	49
17:56:19.207	119	110.934	(-1, -1)	(-1, -1)	49
17:56:19.335	119	110.936	(-1, -1)	(-1, -1)	49
17:56:19.465	120	110.937	(-1, -1)	(-1, -1)	49
17:56:19.594	120	110.822	(-1, -1)	(-1, -1)	49
17:56:19.746	119	110.883	(-1, -1)	(-1, -1)	49
17:56:19.875	123	110.883	(-1, -1)	(-1, -1)	49
17:56:20.009	124	110.868	(-1, -1)	(-1, -1)	49
17:56:20.138	123	110.919	(-1, -1)	(-1, -1)	49
17:56:20.270	119	110.881	(-1, -1)	(-1, -1)	49
17:56:20.397	120	111.031	(-1, -1)	(-1, -1)	49
17:56:20.555	117	111.032	(-1, -1)	(-1, -1)	49
17:56:20.681	117	110.85	(-1, -1)	(-1, -1)	49
17:56:20.847	120	110.843	(-1, -1)	(-1, -1)	49
17:56:20.973	122	110.924	(-1, -1)	(-1, -1)	49
17:56:21.104	119	110.829	(-1, -1)	(-1, -1)	49
17:56:21.229	125	110.881	(-1, -1)	(-1, -1)	49
17:56:21.363	122	110.866	(-1, -1)	(-1, -1)	49
17:56:21.493	119	110.874	(-1, -1)	(-1, -1)	49
17:56:21.619	123	110.843	(-1, -1)	(-1, -1)	49
17:56:21.750	123	110.849	(-1, -1)	(-1, -1)	49
17:56:21.883	123	110.812	(-1, -1)	(-1, -1)	49
17:56:22.015	124	110.872	(-1, -1)	(-1, -1)	49
17:56:22.146	117	110.924	(-1, -1)	(-1, -1)	49
17:56:22.273	121	110.867	(-1, -1)	(-1, -1)	49
17:56:22.403	117	110.977	(-1, -1)	(-1, -1)	49
17:56:22.529	120	110.88	(-1, -1)	(-1, -1)	49
17:56:22.655	123	110.841	(-1, -1)	(-1, -1)	49
17:56:22.786	119	110.874	(-1, -1)	(-1, -1)	49
17:56:22.913	123	110.885	(-1, -1)	(-1, -1)	49
17:56:23.044	123	110.86	(-1, -1)	(-1, -1)	49
17:56:23.175	120	110.853	(-1, -1)	(-1, -1)	49
17:56:23.302	121	110.89	(-1, -1)	(-1, -1)	49
17:56:23.426	119	110.866	(-1, -1)	(-1, -1)	49
17:56:23.550	124	110.886	(-1, -1)	(-1, -1)	49
17:56:23.684	123	110.923	(-1, -1)	(-1, -1)	49
17:56:23.816	119	110.875	(-1, -1)	(-1, -1)	49
17:56:23.939	120	110.829	(-1, -1)	(-1, -1)	49
17:56:24.065	119	110.918	(-1, -1)	(-1, -1)	49
17:56:24.191	125	110.898	(-1, -1)	(-1, -1)	49
17:56:24.324	122	110.841	(-1, -1)	(-1, -1)	49
17:56:24.454	120	110.881	(-1, -1)	(-1, -1)	49
17:56:24.579	118	110.932	(-1, -1)	(-1, -1)	49
17:56:24.704	120	110.841	(-1, -1)	(-1, -1)	49
17:56:24.831	122	110.928	(-1, -1)	(-1, -1)	49
17:56:24.962	123	110.927	(-1, -1)	(-1, -1)	49
17:56:25.094	119	110.888	(-1, -1)	(-1, -1)	49
17:56:25.220	122	110.839	(-1, -1)	(-1, -1)	49
17:56:25.350	118	110.904	(-1, -1)	(-1, -1)	49
17:56:25.479	123	110.914	(-1, -1)	(-1, -1)	49
17:56:25.608	120	110.855	(-1, -1)	(-1, -1)	49
17:56:25.733	120	110.848	(-1, -1)	(-1, -1)	49
17:56:25.860	122	110.902	(-1, -1)	(-1, -1)	49
17:56:25.991	125	110.913	(-1, -1)	(-1, -1)	49
17:56:26.124	122	110.861	(-1, -1)	(-1, -1)	49
17:56:26.255	123	110.924	(-1, -1)	(-1, -1)	49
17:56:26.387	121	110.848	(-1, -1)	(-1, -1)	49
17:56:26.514	122	110.914	(-1, -1)	(-1, -1)	49
17:56:26.644	118	110.893	(-1, -1)	(-1, -1)	49
17:56:26.769	122	110.845	(-1, -1)	(-1, -1)	49
17:56:26.899	122	110.94	(-1, -1)	(-1, -1)	49
17:56:27.026	120	110.85	(-1, -1)	(-1, -1)	49
17:56:27.152	125	110.87	(-1, -1)	(-1, -1)	49
17:56:27.285	122	110.814	(-1, -1)	(-1, -1)	49
17:56:27.415	120	110.872	(-1, -1)	(-1, -1)	49
17:56:27.542	123	110.859	(-1, -1)	(-1, -1)	49
17:56:27.673	120	110.895	(-1, -1)	(-1, -1)	49
17:56:27.799	123	110.887	(-1, -1)	(-1, -1)	49
17:56:27.931	122	110.938	(-1, -1)	(-1, -1)	49
17:56:28.062	120	110.883	(-1, -1)	(-1, -1)	49
17:56:28.188	123	110.87	(-1, -1)	(-1, -1)	49
17:56:28.312	118	110.9	(-1, -1)	(-1, -1)	49
17:56:28.439	123	110.876	(-1, -1)	(-1, -1)	49
17:56:28.571	122	110.931	(-1, -1)	(-1, -1)	49
17:56:28.702	118	110.874	(-1, -1)	(-1, -1)	49
17:56:28.828	122	110.866	(-1, -1)	(-1, -1)	49
17:56:28.960	123	110.843	(-1, -1)	(-1, -1)	49
17:56:29.092	123	110.951	(-1, -1)	(-1, -1)	49
17:56:29.224	123	110.87	(-1, -1)	(-1, -1)	49
17:56:29.355	121	110.849	(-1, -1)	(-1, -1)	49
17:56:29.481	124	110.929	(-1, -1)	(-1, -1)	49
17:56:29.613	122	110.843	(-1, -1)	(-1, -1)	49
17:56:29.744	119	110.9	(-1, -1)	(-1, -1)	49
17:56:29.870	122	110.823	(-1, -1)	(-1, -1)	49
17:56:30.001	119	110.995	(-1, -1)	(-1, -1)	49
17:56:30.131	123	110.88	(-1, -1)	(-1, -1)	49
17:56:30.260	124	110.955	(-1, -1)	(-1, -1)	49
17:56:30.392	118	110.791	(-1, -1)	(-1, -1)	49
17:56:30.517	122	110.847	(-1, -1)	(-1, -1)	49
17:56:30.648	120	110.893	(-1, -1)	(-1, -1)	49
17:56:30.774	123	110.921	(-1, -1)	(-1, -1)	49
17:56:30.907	122	110.871	(-1, -1)	(-1, -1)	49
17:56:31.038	124	110.853	(-1, -1)	(-1, -1)	49
17:56:31.171	122	110.849	(-1, -1)	(-1, -1)	49
17:56:31.301	118	110.892	(-1, -1)	(-1, -1)	49
17:56:31.429	124	110.812	(-1, -1)	(-1, -1)	49
17:56:31.561	122	110.917	(-1, -1)	(-1, -1)	49
17:56:31.691	120	110.875	(-1, -1)	(-1, -1)	49
17:56:31.820	123	110.837	(-1, -1)	(-1, -1)	49
17:56:31.950	122	110.872	(-1, -1)	(-1, -1)	49
17:56:32.081	122	110.874	(-1, -1)	(-1, -1)	49
17:56:32.213	122	110.79	(-1, -1)	(-1, -1)	49
17:56:32.345	120	110.868	(-1, -1)	(-1, -1)	49
17:56:32.472	124	110.866	(-1, -1)	(-1, -1)	49
17:56:32.603	121	110.904	(-1, -1)	(-1, -1)	49
17:56:32.726	120	110.938	(-1, -1)	(-1, -1)	49
17:56:32.851	118	110.929	(-1, -1)	(-1, -1)	49
17:56:32.978	124	110.896	(-1, -1)	(-1, -1)	49
17:56:33.118	121	110.843	(-1, -1)	(-1, -1)	49
17:56:33.249	122	110.823	(-1, -1)	(-1, -1)	49
17:56:33.380	118	110.942	(-1, -1)	(-1, -1)	49
17:56:33.507	123	110.82	(-1, -1)	(-1, -1)	49
17:56:33.639	122	110.876	(-1, -1)	(-1, -1)	49
17:56:33.770	120	110.853	(-1, -1)	(-1, -1)	49
17:56:33.895	121	110.813	(-1, -1)	(-1, -1)	49
17:56:34.020	120	110.92	(-1, -1)	(-1, -1)	49
17:56:34.147	123	110.914	(-1, -1)	(-1, -1)	49
17:56:34.278	123	110.952	(-1, -1)	(-1, -1)	49
17:56:34.409	120	110.879	(-1, -1)	(-1, -1)	49
17:56:34.537	123	110.872	(-1, -1)	(-1, -1)	49
17:56:34.667	124	110.889	(-1, -1)	(-1, -1)	49
17:56:34.800	120	110.918	(-1, -1)	(-1, -1)	49
17:56:34.931	124	110.833	(-1, -1)	(-1, -1)	49
17:56:35.063	120	110.842	(-1, -1)	(-1, -1)	49
17:56:35.188	125	110.95	(-1, -1)	(-1, -1)	49
17:56:35.321	122	110.887	(-1, -1)	(-1, -1)	49
17:56:35.451	120	110.831	(-1, -1)	(-1, -1)	49
17:56:35.578	123	110.886	(-1, -1)	(-1, -1)	49
17:56:35.709	117	110.912	(-1, -1)	(-1, -1)	49
17:56:35.835	124	110.897	(-1, -1)	(-1, -1)	49
17:56:35.966	118	110.893	(-1, -1)	(-1, -1)	49
17:56:36.091	121	110.887	(-1, -1)	(-1, -1)	49
17:56:36.218	123	110.829	(-1, -1)	(-1, -1)	49
17:56:36.349	125	110.83	(-1, -1)	(-1, -1)	49
17:56:36.481	121	110.917	(-1, -1)	(-1, -1)	49
17:56:36.607	122	110.906	(-1, -1)	(-1, -1)	49
17:56:36.738	122	110.901	(-1, -1)	(-1, -1)	49
17:56:36.871	122	110.889	(-1, -1)	(-1, -1)	49
17:56:36.995	118	110.982	(-1, -1)	(-1, -1)	49
17:56:37.122	123	110.939	(-1, -1)	(-1, -1)	49
17:56:37.253	123	110.884	(-1, -1)	(-1, -1)	49
17:56:37.384	118	110.928	(-1, -1)	(-1, -1)	49
17:56:37.511	123	110.945	(-1, -1)	(-1, -1)	49
17:56:37.643	124	110.929	(-1, -1)	(-1, -1)	49
17:56:37.774	121	110.853	(-1, -1)	(-1, -1)	49
17:56:37.900	122	110.81	(-1, -1)	(-1, -1)	49
17:56:38.024	119	111.006	(-1, -1)	(-1, -1)	49
17:56:38.150	123	110.876	(-1, -1)	(-1, -1)	49
17:56:38.282	123	110.878	(-1, -1)	(-1, -1)	49
17:56:38.414	124	110.864	(-1, -1)	(-1, -1)	49
17:56:38.547	122	110.838	(-1, -1)	(-1, -1)	49
17:56:38.679	123	110.886	(-1, -1)	(-1, -1)	49
17:56:38.812	122	110.898	(-1, -1)	(-1, -1)	49
17:56:38.941	119	110.841	(-1, -1)	(-1, -1)	49
17:56:39.066	121	110.877	(-1, -1)	(-1, -1)	49
17:56:39.200	124	110.854	(-1, -1)	(-1, -1)	49
17:56:39.332	124	110.914	(-1, -1)	(-1, -1)	49
17:56:39.465	122	110.907	(-1, -1)	(-1, -1)	49
17:56:39.596	123	110.907	(-1, -1)	(-1, -1)	49
17:56:39.729	122	110.919	(-1, -1)	(-1, -1)	49
17:56:39.859	122	110.836	(-1, -1)	(-1, -1)	49
17:56:39.986	123	110.912	(-1, -1)	(-1, -1)	49
17:56:40.117	119	110.86	(-1, -1)	(-1, -1)	49
17:56:40.242	123	110.905	(-1, -1)	(-1, -1)	49
17:56:40.373	121	110.919	(-1, -1)	(-1, -1)	49
17:56:40.500	119	110.918	(-1, -1)	(-1, -1)	49
17:56:40.625	122	110.861	(-1, -1)	(-1, -1)	49
17:56:40.756	121	110.851	(-1, -1)	(-1, -1)	49
17:56:40.882	125	110.898	(-1, -1)	(-1, -1)	49
17:56:41.014	122	110.878	(-1, -1)	(-1, -1)	49
17:56:41.145	130	110.905	(-1, -1)	(-1, -1)	49
17:56:41.287	123	110.84	(-1, -1)	(-1, -1)	49
17:56:41.417	124	110.963	(-1, -1)	(-1, -1)	49
17:56:41.549	121	110.9	(-1, -1)	(-1, -1)	49
17:56:41.675	123	110.937	(-1, -1)	(-1, -1)	49
17:56:41.805	126	110.846	(-1, -1)	(-1, -1)	49
17:56:41.939	122	110.891	(-1, -1)	(-1, -1)	49
17:56:42.069	117	110.968	(-1, -1)	(-1, -1)	49
17:56:42.195	119	110.887	(-1, -1)	(-1, -1)	49
17:56:42.321	124	110.873	(-1, -1)	(-1, -1)	49
17:56:42.454	124	110.912	(-1, -1)	(-1, -1)	49
17:56:42.586	124	110.864	(-1, -1)	(-1, -1)	49
17:56:42.717	124	110.945	(-1, -1)	(-1, -1)	49
17:56:42.848	120	110.927	(-1, -1)	(-1, -1)	49
17:56:42.975	124	110.915	(-1, -1)	(-1, -1)	49
17:56:43.107	125	110.912	(-1, -1)	(-1, -1)	49
17:56:43.238	118	110.997	(-1, -1)	(-1, -1)	49
17:56:43.364	122	110.887	(-1, -1)	(-1, -1)	49
17:56:43.487	119	110.989	(-1, -1)	(-1, -1)	49
17:56:43.615	122	110.911	(-1, -1)	(-1, -1)	49
17:56:43.746	122	110.833	(-1, -1)	(-1, -1)	49
17:56:43.877	122	110.894	(-1, -1)	(-1, -1)	49
17:56:44.004	122	110.819	(-1, -1)	(-1, -1)	49
17:56:44.136	122	110.853	(-1, -1)	(-1, -1)	49
17:56:44.267	119	110.834	(-1, -1)	(-1, -1)	49
17:56:44.393	124	110.943	(-1, -1)	(-1, -1)	49
17:56:44.524	119	111.056	(-1, -1)	(-1, -1)	49
17:56:44.650	123	110.883	(-1, -1)	(-1, -1)	49
17:56:44.782	122	110.828	(-1, -1)	(-1, -1)	49
17:56:44.906	121	110.909	(-1, -1)	(-1, -1)	49
17:56:45.032	123	110.967	(-1, -1)	(-1, -1)	49
17:56:45.162	119	110.934	(-1, -1)	(-1, -1)	49
17:56:45.290	123	110.92	(-1, -1)	(-1, -1)	49
17:56:45.422	121	110.904	(-1, -1)	(-1, -1)	49
17:56:45.546	119	110.878	(-1, -1)	(-1, -1)	49
17:56:45.672	122	110.905	(-1, -1)	(-1, -1)	49
17:56:45.802	125	110.921	(-1, -1)	(-1, -1)	49
17:56:45.937	122	110.926	(-1, -1)	(-1, -1)	49
17:56:46.068	122	110.862	(-1, -1)	(-1, -1)	49
17:56:46.206	119	110.882	(-1, -1)	(-1, -1)	49
17:56:46.333	122	110.849	(-1, -1)	(-1, -1)	49
17:56:46.464	124	110.857	(-1, -1)	(-1, -1)	49
17:56:46.596	119	110.865	(-1, -1)	(-1, -1)	49
17:56:46.722	122	110.849	(-1, -1)	(-1, -1)	49
17:56:46.852	118	110.962	(-1, -1)	(-1, -1)	49
17:56:46.979	124	110.843	(-1, -1)	(-1, -1)	49
17:56:47.111	122	110.92	(-1, -1)	(-1, -1)	49
17:56:47.242	119	110.895	(-1, -1)	(-1, -1)	49
17:56:47.368	123	110.865	(-1, -1)	(-1, -1)	49
17:56:47.499	123	110.896	(-1, -1)	(-1, -1)	49
17:56:47.632	122	110.951	(-1, -1)	(-1, -1)	49
17:56:47.764	123	110.922	(-1, -1)	(-1, -1)	49
17:56:47.895	121	110.905	(-1, -1)	(-1, -1)	49
17:56:48.022	123	110.868	(-1, -1)	(-1, -1)	49
17:56:48.154	124	110.87	(-1, -1)	(-1, -1)	49
17:56:48.286	121	110.939	(-1, -1)	(-1, -1)	49
17:56:48.418	119	110.887	(-1, -1)	(-1, -1)	49
17:56:48.541	119	110.973	(-1, -1)	(-1, -1)	49
17:56:48.668	123	110.863	(-1, -1)	(-1, -1)	49
17:56:48.800	123	110.867	(-1, -1)	(-1, -1)	49
17:56:48.931	119	110.875	(-1, -1)	(-1, -1)	49
17:56:49.058	122	110.923	(-1, -1)	(-1, -1)	49
17:56:49.190	122	110.886	(-1, -1)	(-1, -1)	49
17:56:49.322	124	110.847	(-1, -1)	(-1, -1)	49
17:56:49.454	122	110.889	(-1, -1)	(-1, -1)	49
17:56:49.584	118	110.924	(-1, -1)	(-1, -1)	49
17:56:49.711	123	110.868	(-1, -1)	(-1, -1)	49
17:56:49.842	120	110.914	(-1, -1)	(-1, -1)	49
17:56:49.967	120	110.937	(-1, -1)	(-1, -1)	49
17:56:50.094	122	110.886	(-1, -1)	(-1, -1)	49
17:56:50.225	124	110.866	(-1, -1)	(-1, -1)	49
17:56:50.357	125	110.932	(-1, -1)	(-1, -1)	49
17:56:50.489	124	110.878	(-1, -1)	(-1, -1)	49
17:56:50.620	120	110.907	(-1, -1)	(-1, -1)	49
17:56:50.746	125	110.87	(-1, -1)	(-1, -1)	49
17:56:50.879	123	110.881	(-1, -1)	(-1, -1)	49
17:56:51.011	123	110.858	(-1, -1)	(-1, -1)	49
17:56:51.143	123	110.889	(-1, -1)	(-1, -1)	49
17:56:51.275	124	110.909	(-1, -1)	(-1, -1)	49
17:56:51.407	123	110.882	(-1, -1)	(-1, -1)	49
17:56:51.539	120	110.827	(-1, -1)	(-1, -1)	49
17:56:51.662	118	110.957	(-1, -1)	(-1, -1)	49
17:56:51.790	123	110.896	(-1, -1)	(-1, -1)	49
17:56:51.922	124	110.943	(-1, -1)	(-1, -1)	49
17:56:52.053	120	110.803	(-1, -1)	(-1, -1)	49
17:56:52.179	122	110.933	(-1, -1)	(-1, -1)	49
17:56:52.310	121	110.878	(-1, -1)	(-1, -1)	49
17:56:52.439	122	110.904	(-1, -1)	(-1, -1)	49
17:56:52.569	122	110.904	(-1, -1)	(-1, -1)	49
17:56:52.698	120	111.074	(-1, -1)	(-1, -1)	49
17:56:52.825	121	110.916	(-1, -1)	(-1, -1)	49
17:56:52.958	124	110.939	(-1, -1)	(-1, -1)	49
17:56:53.090	123	110.928	(-1, -1)	(-1, -1)	49
17:56:53.222	121	110.932	(-1, -1)	(-1, -1)	49
17:56:53.345	119	110.964	(-1, -1)	(-1, -1)	49
17:56:53.472	123	110.871	(-1, -1)	(-1, -1)	49
17:56:53.603	120	110.937	(-1, -1)	(-1, -1)	49
17:56:53.729	120	110.851	(-1, -1)	(-1, -1)	49
17:56:53.852	120	110.911	(-1, -1)	(-1, -1)	49
17:56:53.979	121	110.84	(-1, -1)	(-1, -1)	49
17:56:54.105	122	110.894	(-1, -1)	(-1, -1)	49
17:56:54.236	123	110.879	(-1, -1)	(-1, -1)	49
17:56:54.370	124	110.853	(-1, -1)	(-1, -1)	49
17:56:54.501	122	110.929	(-1, -1)	(-1, -1)	49
17:56:54.632	117	110.959	(-1, -1)	(-1, -1)	49
17:56:54.757	124	110.963	(-1, -1)	(-1, -1)	49
17:56:54.889	123	110.903	(-1, -1)	(-1, -1)	49
17:56:55.022	120	110.905	(-1, -1)	(-1, -1)	49
17:56:55.147	123	110.823	(-1, -1)	(-1, -1)	49
17:56:55.279	124	110.937	(-1, -1)	(-1, -1)	49
17:56:55.411	125	110.873	(-1, -1)	(-1, -1)	49
17:56:55.544	125	110.873	(-1, -1)	(-1, -1)	49
17:56:55.676	123	110.868	(-1, -1)	(-1, -1)	49
17:56:55.808	123	110.914	(-1, -1)	(-1, -1)	49
17:56:55.939	125	110.874	(-1, -1)	(-1, -1)	49
17:56:56.071	123	110.892	(-1, -1)	(-1, -1)	49
17:56:56.204	122	110.876	(-1, -1)	(-1, -1)	49
17:56:56.334	120	110.831	(-1, -1)	(-1, -1)	49
17:56:56.461	121	110.86	(-1, -1)	(-1, -1)	49
17:56:56.586	123	110.919	(-1, -1)	(-1, -1)	49
17:56:56.716	118	110.872	(-1, -1)	(-1, -1)	49
17:56:56.845	122	110.844	(-1, -1)	(-1, -1)	49
17:56:56.975	124	110.789	(-1, -1)	(-1, -1)	49
17:56:57.106	121	110.907	(-1, -1)	(-1, -1)	49
17:56:57.233	122	110.911	(-1, -1)	(-1, -1)	49
17:56:57.364	124	110.919	(-1, -1)	(-1, -1)	49
17:56:57.499	122	110.909	(-1, -1)	(-1, -1)	49
17:56:57.629	123	110.958	(-1, -1)	(-1, -1)	49
17:56:57.760	120	110.932	(-1, -1)	(-1, -1)	49
17:56:57.886	123	110.866	(-1, -1)	(-1, -1)	49
17:56:58.017	118	110.886	(-1, -1)	(-1, -1)	49
17:56:58.142	120	110.862	(-1, -1)	(-1, -1)	49
17:56:58.269	134	110.851	(-1, -1)	(-1, -1)	49
17:56:58.407	121	110.967	(-1, -1)	(-1, -1)	49
17:56:58.533	123	110.911	(-1, -1)	(-1, -1)	49
17:56:58.665	122	110.946	(-1, -1)	(-1, -1)	49
17:56:58.796	120	110.941	(-1, -1)	(-1, -1)	49
17:56:58.922	122	110.931	(-1, -1)	(-1, -1)	49
17:56:59.052	119	110.922	(-1, -1)	(-1, -1)	49
17:56:59.181	124	110.838	(-1, -1)	(-1, -1)	49
17:56:59.311	123	110.875	(-1, -1)	(-1, -1)	49
17:56:59.442	121	110.849	(-1, -1)	(-1, -1)	49
17:56:59.569	122	110.946	(-1, -1)	(-1, -1)	49
17:56:59.699	119	110.905	(-1, -1)	(-1, -1)	49
17:56:59.825	119	110.901	(-1, -1)	(-1, -1)	49
17:56:59.951	122	110.883	(-1, -1)	(-1, -1)	49
17:57:00.081	118	110.928	(-1, -1)	(-1, -1)	49
17:57:00.211	123	110.866	(-1, -1)	(-1, -1)	49
17:57:00.340	124	110.936	(-1, -1)	(-1, -1)	49
17:57:00.472	124	110.915	(-1, -1)	(-1, -1)	49
17:57:00.605	123	110.853	(-1, -1)	(-1, -1)	49
17:57:00.736	119	110.93	(-1, -1)	(-1, -1)	49
17:57:00.860	119	111.065	(-1, -1)	(-1, -1)	49
17:57:00.987	123	110.906	(-1, -1)	(-1, -1)	49
17:57:01.117	120	110.881	(-1, -1)	(-1, -1)	49
17:57:01.245	121	110.851	(-1, -1)	(-1, -1)	49
17:57:01.374	118	110.945	(-1, -1)	(-1, -1)	49
17:57:01.501	122	110.835	(-1, -1)	(-1, -1)	49
17:57:01.636	124	110.903	(-1, -1)	(-1, -1)	49
17:57:01.764	121	110.931	(-1, -1)	(-1, -1)	49
17:57:01.891	119	110.893	(-1, -1)	(-1, -1)	49
17:57:02.016	123	110.866	(-1, -1)	(-1, -1)	49
17:57:02.148	124	110.883	(-1, -1)	(-1, -1)	49
17:57:02.280	123	110.854	(-1, -1)	(-1, -1)	49
17:57:02.410	122	110.874	(-1, -1)	(-1, -1)	49
17:57:02.537	124	110.842	(-1, -1)	(-1, -1)	49
17:57:02.669	123	110.86	(-1, -1)	(-1, -1)	49
17:57:02.801	120	110.849	(-1, -1)	(-1, -1)	49
17:57:02.927	122	110.927	(-1, -1)	(-1, -1)	49
17:57:03.056	118	110.905	(-1, -1)	(-1, -1)	49
17:57:03.183	125	110.904	(-1, -1)	(-1, -1)	49
17:57:03.315	124	110.843	(-1, -1)	(-1, -1)	49
17:57:03.448	121	110.967	(-1, -1)	(-1, -1)	49
17:57:03.579	124	110.845	(-1, -1)	(-1, -1)	49
17:57:03.712	122	110.829	(-1, -1)	(-1, -1)	49
17:57:03.842	120	110.941	(-1, -1)	(-1, -1)	49
17:57:03.968	120	110.804	(-1, -1)	(-1, -1)	49
17:57:04.093	121	110.831	(-1, -1)	(-1, -1)	49
17:57:04.219	122	110.94	(-1, -1)	(-1, -1)	49
17:57:04.349	119	110.946	(-1, -1)	(-1, -1)	49
17:57:04.476	125	110.864	(-1, -1)	(-1, -1)	49
17:57:04.609	123	110.935	(-1, -1)	(-1, -1)	49
17:57:04.740	121	110.847	(-1, -1)	(-1, -1)	49
17:57:04.873	123	110.862	(-1, -1)	(-1, -1)	49
17:57:05.005	121	110.901	(-1, -1)	(-1, -1)	49
17:57:05.135	121	110.851	(-1, -1)	(-1, -1)	49
17:57:05.263	122	110.924	(-1, -1)	(-1, -1)	49
17:57:05.394	121	110.85	(-1, -1)	(-1, -1)	49
17:57:05.519	123	110.889	(-1, -1)	(-1, -1)	49
17:57:05.650	121	110.882	(-1, -1)	(-1, -1)	49
17:57:05.778	122	110.924	(-1, -1)	(-1, -1)	49
17:57:05.906	121	110.971	(-1, -1)	(-1, -1)	49
17:57:06.033	121	110.842	(-1, -1)	(-1, -1)	49
17:57:06.160	123	110.975	(-1, -1)	(-1, -1)	49
17:57:06.291	122	110.907	(-1, -1)	(-1, -1)	49
17:57:06.423	124	110.909	(-1, -1)	(-1, -1)	49
17:57:06.554	123	110.923	(-1, -1)	(-1, -1)	49
17:57:06.694	123	110.854	(-1, -1)	(-1, -1)	49
17:57:06.826	125	110.908	(-1, -1)	(-1, -1)	49
17:57:06.959	122	110.872	(-1, -1)	(-1, -1)	49
17:57:07.089	119	111.023	(-1, -1)	(-1, -1)	49
17:57:07.215	124	110.859	(-1, -1)	(-1, -1)	49
17:57:07.346	120	110.974	(-1, -1)	(-1, -1)	49
17:57:07.472	120	110.888	(-1, -1)	(-1, -1)	49
17:57:07.597	123	110.873	(-1, -1)	(-1, -1)	49
17:57:07.729	120	110.833	(-1, -1)	(-1, -1)	49
17:57:07.855	121	110.885	(-1, -1)	(-1, -1)	49
17:57:07.988	123	110.891	(-1, -1)	(-1, -1)	49
17:57:08.117	121	110.959	(-1, -1)	(-1, -1)	49
17:57:08.244	123	110.888	(-1, -1)	(-1, -1)	49
17:57:08.376	124	110.872	(-1, -1)	(-1, -1)	49
17:57:08.510	124	110.952	(-1, -1)	(-1, -1)	49
17:57:08.641	122	110.919	(-1, -1)	(-1, -1)	49
17:57:08.771	122	110.85	(-1, -1)	(-1, -1)	49
17:57:08.898	122	110.838	(-1, -1)	(-1, -1)	49
17:57:09.028	118	110.884	(-1, -1)	(-1, -1)	49
17:57:09.154	119	110.84	(-1, -1)	(-1, -1)	49
17:57:09.280	122	110.837	(-1, -1)	(-1, -1)	49
17:57:09.410	121	110.903	(-1, -1)	(-1, -1)	49
17:57:09.538	124	110.889	(-1, -1)	(-1, -1)	49
EOM

