BOM
Frame extends: 2263, 1306
_ms_area: 10
measurements taken: 585
current rendering method: 1
is mouse replay: 1
Camera settings: Roation Quaternion: ( -0.30178, 0.111835, 0.849411, -0.418215), Translationsvektor: ( -0.140521, 0.0872895, 1.55).
System_Time	Elapsed_Time_PaintGL	Elapsed_Kernel_Time	Frame_Coordinates	Grid_Position	Manual_Measurement
17:58:30.983	27	9.88578	(318, 226)	(32, 23)	49
17:58:31.017	25	10.1079	(325, 225)	(33, 23)	49
17:58:31.045	25	10.3985	(335, 225)	(34, 23)	49
17:58:31.073	25	10.5633	(345, 225)	(35, 23)	49
17:58:31.100	30	10.8775	(357, 225)	(36, 23)	49
17:58:31.143	32	11.391	(372, 225)	(37, 23)	49
17:58:31.186	29	11.6102	(375, 225)	(38, 23)	49
17:58:31.219	26	11.98	(385, 225)	(39, 23)	49
17:58:31.253	26	12.3182	(395, 225)	(40, 23)	49
17:58:31.281	27	12.7255	(405, 225)	(41, 23)	49
17:58:31.315	29	13.2243	(415, 225)	(42, 23)	49
17:58:31.351	29	13.6742	(425, 225)	(43, 23)	49
17:58:31.385	30	14.2767	(435, 226)	(44, 23)	49
17:58:31.419	30	14.672	(445, 226)	(45, 23)	49
17:58:31.456	31	15.019	(455, 226)	(46, 23)	49
17:58:31.490	30	15.607	(465, 227)	(47, 23)	49
17:58:31.524	32	15.9456	(475, 227)	(48, 23)	49
17:58:31.559	33	16.4468	(485, 228)	(49, 23)	49
17:58:31.595	32	16.9496	(495, 228)	(50, 23)	49
17:58:31.636	40	17.3766	(505, 229)	(51, 23)	49
17:58:31.686	45	17.7446	(515, 229)	(52, 23)	49
17:58:31.742	43	18.0963	(525, 229)	(53, 23)	49
17:58:31.790	42	18.5499	(535, 229)	(54, 23)	49
17:58:31.839	37	18.9643	(545, 229)	(55, 23)	49
17:58:31.879	39	19.4548	(555, 229)	(56, 23)	49
17:58:31.922	47	19.7573	(565, 229)	(57, 23)	49
17:58:31.978	49	20.1641	(575, 229)	(58, 23)	49
17:58:32.036	40	20.5159	(585, 229)	(59, 23)	49
17:58:32.081	55	21.1833	(596, 229)	(60, 23)	49
17:58:32.143	42	21.496	(605, 230)	(61, 23)	49
17:58:32.192	42	21.7855	(615, 230)	(62, 23)	49
17:58:32.241	41	22.1261	(626, 230)	(63, 23)	49
17:58:32.290	46	22.4446	(635, 230)	(64, 23)	49
17:58:32.340	45	22.8683	(645, 230)	(65, 23)	49
17:58:32.395	44	23.1425	(655, 230)	(66, 23)	49
17:58:32.442	40	23.4677	(665, 230)	(67, 23)	49
17:58:32.484	42	23.8791	(680, 230)	(68, 23)	49
17:58:32.536	50	24.0037	(685, 230)	(69, 23)	49
17:58:32.597	52	24.3206	(695, 230)	(70, 23)	49
17:58:32.660	44	24.5231	(705, 230)	(71, 23)	49
17:58:32.706	38	24.8887	(715, 230)	(72, 23)	49
17:58:32.748	43	25.2188	(725, 230)	(73, 23)	49
17:58:32.797	46	25.317	(735, 230)	(74, 23)	49
17:58:32.846	41	25.6898	(749, 230)	(75, 23)	49
17:58:32.895	40	25.92	(756, 230)	(76, 23)	49
17:58:32.944	47	26.0093	(766, 230)	(77, 23)	49
17:58:32.999	52	26.236	(775, 230)	(78, 23)	49
17:58:33.062	47	26.6047	(785, 230)	(79, 23)	49
17:58:33.117	52	26.809	(796, 229)	(80, 23)	49
17:58:33.174	53	26.9847	(805, 229)	(81, 23)	49
17:58:33.236	55	27.2683	(815, 229)	(82, 23)	49
17:58:33.299	48	27.4714	(825, 228)	(83, 23)	49
17:58:33.354	49	27.6919	(835, 228)	(84, 23)	49
17:58:33.411	54	27.8732	(845, 228)	(85, 23)	49
17:58:33.475	47	28.2064	(855, 228)	(86, 23)	49
17:58:33.526	48	28.3804	(865, 228)	(87, 23)	49
17:58:33.584	56	28.6502	(875, 228)	(88, 23)	49
17:58:33.646	57	28.8807	(885, 228)	(89, 23)	49
17:58:33.712	49	29.1021	(895, 228)	(90, 23)	49
17:58:33.764	45	29.3766	(905, 228)	(91, 23)	49
17:58:33.813	50	29.6796	(915, 228)	(92, 23)	49
17:58:33.868	49	29.8761	(925, 228)	(93, 23)	49
17:58:33.923	53	30.0644	(935, 228)	(94, 23)	49
17:58:33.987	58	30.2759	(945, 227)	(95, 23)	49
17:58:34.050	58	30.3839	(957, 227)	(96, 23)	49
17:58:34.118	46	30.6708	(966, 227)	(97, 23)	49
17:58:34.166	53	30.8976	(975, 227)	(98, 23)	49
17:58:34.224	56	31.1043	(985, 227)	(99, 23)	49
17:58:34.286	53	31.2807	(995, 227)	(100, 23)	49
17:58:34.348	51	31.284	(1005, 227)	(101, 23)	49
17:58:34.403	58	31.6283	(1015, 226)	(102, 23)	49
17:58:34.467	58	31.9018	(1025, 226)	(103, 23)	49
17:58:34.530	48	31.9554	(1035, 226)	(104, 23)	49
17:58:34.584	55	32.1342	(1045, 225)	(105, 23)	49
17:58:34.648	59	32.3102	(1055, 225)	(106, 23)	49
17:58:34.717	60	32.4073	(1065, 225)	(107, 23)	49
17:58:34.785	50	32.4647	(1071, 224)	(107, 22)	49
17:58:34.840	55	32.5434	(1075, 224)	(108, 22)	49
17:58:34.905	62	32.6585	(1085, 224)	(109, 22)	49
17:58:34.974	52	32.643	(1095, 224)	(110, 22)	49
17:58:35.035	57	32.8424	(1105, 224)	(111, 22)	49
17:58:35.099	60	32.9324	(1115, 224)	(112, 22)	49
17:58:35.169	55	33.0665	(1125, 224)	(113, 22)	49
17:58:35.230	52	33.0876	(1135, 224)	(114, 22)	49
17:58:35.287	60	33.1114	(1146, 223)	(115, 22)	49
17:58:35.356	56	33.1588	(1155, 223)	(116, 22)	49
17:58:35.418	58	33.2099	(1165, 223)	(117, 22)	49
17:58:35.482	59	33.2942	(1175, 223)	(118, 22)	49
17:58:35.551	56	33.2366	(1185, 223)	(119, 22)	49
17:58:35.612	47	33.2843	(1195, 223)	(120, 22)	49
17:58:35.660	56	33.2117	(1205, 223)	(121, 22)	49
17:58:35.725	59	32.9956	(1215, 223)	(122, 22)	49
17:58:35.794	54	32.9695	(1225, 223)	(123, 22)	49
17:58:35.855	47	33.0855	(1235, 223)	(124, 22)	49
17:58:35.903	57	32.8846	(1245, 223)	(125, 22)	49
17:58:35.968	58	32.711	(1255, 223)	(126, 22)	49
17:58:36.032	48	32.5304	(1265, 224)	(127, 22)	49
17:58:36.085	53	32.4673	(1275, 224)	(128, 22)	49
17:58:36.149	59	32.2705	(1282, 225)	(128, 23)	49
17:58:36.218	54	32.1899	(1285, 225)	(129, 23)	49
17:58:36.280	51	32.1569	(1295, 226)	(130, 23)	49
17:58:36.336	55	31.8864	(1305, 226)	(131, 23)	49
17:58:36.399	54	31.6092	(1316, 228)	(132, 23)	49
17:58:36.460	53	31.3714	(1326, 228)	(133, 23)	49
17:58:36.518	59	31.2723	(1335, 228)	(134, 23)	49
17:58:36.587	52	31.1916	(1345, 229)	(135, 23)	49
17:58:36.641	46	30.9367	(1355, 230)	(136, 23)	49
17:58:36.690	54	30.7422	(1366, 230)	(137, 23)	49
17:58:36.754	57	30.7092	(1375, 230)	(138, 23)	49
17:58:36.819	51	30.5938	(1386, 231)	(139, 23)	49
17:58:36.877	50	30.4327	(1395, 231)	(140, 23)	49
17:58:36.933	55	30.2763	(1405, 232)	(141, 23)	49
17:58:36.997	59	30.1973	(1415, 232)	(142, 23)	49
17:58:37.067	52	30.1895	(1425, 232)	(143, 23)	49
17:58:37.121	48	30.1231	(1435, 233)	(144, 23)	49
17:58:37.178	56	30.1477	(1445, 234)	(145, 23)	49
17:58:37.241	52	30.1047	(1455, 234)	(146, 23)	49
17:58:37.294	45	30.0667	(1465, 234)	(147, 23)	49
17:58:37.343	48	30.1553	(1478, 234)	(148, 23)	49
17:58:37.399	54	30.1191	(1485, 234)	(149, 23)	49
17:58:37.463	49	30.0538	(1488, 235)	(149, 24)	49
17:58:37.516	46	30.1295	(1495, 235)	(150, 24)	49
17:58:37.565	50	30.1145	(1506, 235)	(151, 24)	49
17:58:37.623	53	30.116	(1516, 235)	(152, 24)	49
17:58:37.685	45	30.1646	(1526, 236)	(153, 24)	49
17:58:37.732	60	30.2579	(1535, 236)	(154, 24)	49
17:58:37.797	51	30.2348	(1546, 236)	(155, 24)	49
17:58:37.851	50	30.3366	(1556, 237)	(156, 24)	49
17:58:37.906	50	30.5068	(1565, 237)	(157, 24)	49
17:58:37.963	58	30.6234	(1575, 238)	(158, 24)	49
17:58:38.026	57	30.6961	(1585, 238)	(159, 24)	49
17:58:38.089	53	30.8369	(1595, 239)	(160, 24)	49
17:58:38.150	53	30.8433	(1605, 239)	(161, 24)	49
17:58:38.214	58	30.9307	(1615, 240)	(162, 24)	49
17:58:38.276	58	30.9443	(1625, 240)	(163, 24)	49
17:58:38.339	50	30.9468	(1636, 241)	(164, 24)	49
17:58:38.393	61	30.7947	(1645, 242)	(165, 24)	49
17:58:38.464	58	30.7164	(1655, 242)	(166, 24)	49
17:58:38.527	51	30.76	(1666, 243)	(167, 24)	49
17:58:38.580	53	30.6419	(1676, 244)	(168, 24)	49
17:58:38.645	52	30.5661	(1677, 245)	(168, 25)	49
17:58:38.700	51	30.517	(1686, 245)	(169, 25)	49
17:58:38.756	46	30.328	(1696, 246)	(170, 25)	49
17:58:38.803	44	30.2696	(1705, 246)	(171, 25)	49
17:58:38.853	50	30.0535	(1715, 248)	(172, 25)	49
17:58:38.914	53	29.8298	(1726, 249)	(173, 25)	49
17:58:38.970	45	29.6313	(1735, 250)	(174, 25)	49
17:58:39.018	44	29.4077	(1745, 251)	(175, 25)	49
17:58:39.067	52	29.1539	(1755, 253)	(176, 25)	49
17:58:39.123	51	28.9547	(1765, 254)	(177, 25)	49
17:58:39.180	51	28.9553	(1768, 255)	(177, 26)	49
17:58:39.235	53	28.6523	(1775, 256)	(178, 26)	49
17:58:39.298	56	28.4868	(1785, 258)	(179, 26)	49
17:58:39.363	45	28.2479	(1795, 260)	(180, 26)	49
17:58:39.415	49	28.1076	(1805, 262)	(181, 26)	49
17:58:39.472	54	27.7963	(1815, 264)	(182, 26)	49
17:58:39.535	60	27.7139	(1817, 265)	(182, 27)	49
17:58:39.603	52	27.559	(1825, 267)	(183, 27)	49
17:58:39.658	46	27.3513	(1838, 271)	(184, 27)	49
17:58:39.707	45	27.2215	(1845, 273)	(185, 27)	49
17:58:39.756	45	27.0767	(1849, 275)	(185, 28)	49
17:58:39.805	46	26.8487	(1858, 278)	(186, 28)	49
17:58:39.853	44	26.6444	(1865, 280)	(187, 28)	49
17:58:39.902	50	27.393	(1874, 285)	(187, 29)	49
17:58:39.958	48	26.4644	(1875, 285)	(188, 29)	49
17:58:40.014	47	26.3324	(1885, 289)	(189, 29)	49
17:58:40.069	52	26.1274	(1895, 294)	(190, 29)	49
17:58:40.126	51	26.0447	(1895, 295)	(190, 30)	49
17:58:40.189	49	25.913	(1905, 299)	(191, 30)	49
17:58:40.242	41	25.7978	(1912, 305)	(191, 31)	49
17:58:40.290	43	25.7871	(1915, 307)	(192, 31)	49
17:58:40.339	42	25.5013	(1925, 314)	(193, 31)	49
17:58:40.388	46	25.533	(1926, 315)	(193, 32)	49
17:58:40.438	43	25.2813	(1935, 322)	(194, 32)	49
17:58:40.485	42	25.3311	(1937, 325)	(194, 33)	49
17:58:40.534	43	25.1806	(1945, 333)	(195, 33)	49
17:58:40.583	42	25.129	(1947, 335)	(195, 34)	49
17:58:40.632	43	24.9867	(1955, 344)	(196, 34)	49
17:58:40.680	44	25.0757	(1955, 345)	(196, 35)	49
17:58:40.729	40	25.0175	(1963, 355)	(196, 36)	49
17:58:40.778	50	24.8559	(1965, 358)	(197, 36)	49
17:58:40.834	44	24.8538	(1968, 365)	(197, 37)	49
17:58:40.881	44	24.861	(1973, 375)	(197, 38)	49
17:58:40.931	51	24.804	(1975, 379)	(198, 38)	49
17:58:40.989	53	24.8924	(1976, 385)	(198, 39)	49
17:58:41.052	45	24.8281	(1980, 395)	(198, 40)	49
17:58:41.105	50	25.7841	(1982, 405)	(198, 41)	49
17:58:41.161	51	25.0016	(1984, 415)	(198, 42)	49
17:58:41.216	54	24.8996	(1985, 417)	(199, 42)	49
17:58:41.279	44	24.8628	(1985, 425)	(199, 43)	49
17:58:41.327	43	25.0253	(1987, 435)	(199, 44)	49
17:58:41.376	48	24.9465	(1988, 445)	(199, 45)	49
17:58:41.433	54	24.989	(1989, 455)	(199, 46)	49
17:58:41.494	40	25.0713	(1989, 465)	(199, 47)	49
17:58:41.541	42	25.1176	(1989, 475)	(199, 48)	49
17:58:41.591	46	25.2556	(1988, 485)	(199, 49)	49
17:58:41.641	51	25.4833	(1985, 495)	(199, 50)	49
17:58:41.702	41	25.5089	(1984, 495)	(198, 50)	49
17:58:41.750	39	25.8037	(1980, 505)	(198, 51)	49
17:58:41.793	50	26.0159	(1972, 516)	(197, 52)	49
17:58:41.849	51	26.2084	(1965, 525)	(197, 53)	49
17:58:41.905	45	26.2579	(1964, 526)	(196, 53)	49
17:58:41.952	41	26.6781	(1954, 534)	(195, 53)	49
17:58:42.001	50	26.6127	(1953, 535)	(195, 54)	49
17:58:42.058	54	26.9326	(1944, 539)	(194, 54)	49
17:58:42.120	43	27.1296	(1937, 545)	(194, 55)	49
17:58:42.167	41	27.2336	(1934, 547)	(193, 55)	49
17:58:42.216	50	27.5079	(1924, 555)	(192, 56)	49
17:58:42.274	54	27.7513	(1914, 561)	(191, 56)	49
17:58:42.335	46	28.8244	(1907, 565)	(191, 57)	49
17:58:42.390	46	27.9917	(1904, 567)	(190, 57)	49
17:58:42.438	46	28.347	(1894, 572)	(189, 57)	49
17:58:42.487	48	28.3203	(1890, 575)	(189, 58)	49
17:58:42.543	47	28.4856	(1884, 577)	(188, 58)	49
17:58:42.599	53	28.9018	(1874, 581)	(187, 58)	49
17:58:42.656	56	29.1741	(1866, 585)	(187, 59)	49
17:58:42.719	58	29.2059	(1864, 585)	(186, 59)	49
17:58:42.781	46	29.4053	(1854, 590)	(185, 59)	49
17:58:42.835	52	29.5809	(1844, 594)	(184, 59)	49
17:58:42.892	56	29.6185	(1843, 595)	(184, 60)	49
17:58:42.955	50	29.7582	(1834, 597)	(183, 60)	49
17:58:43.009	52	30.108	(1823, 601)	(182, 60)	49
17:58:43.067	59	30.4673	(1810, 606)	(181, 61)	49
17:58:43.136	53	30.643	(1804, 609)	(180, 61)	49
17:58:43.198	46	30.7028	(1794, 612)	(179, 61)	49
17:58:43.245	48	30.9273	(1787, 615)	(179, 62)	49
17:58:43.301	55	30.9261	(1784, 616)	(178, 62)	49
17:58:43.364	48	31.1326	(1774, 619)	(177, 62)	49
17:58:43.419	58	31.3942	(1764, 622)	(176, 62)	49
17:58:43.483	57	31.4637	(1758, 625)	(176, 63)	49
17:58:43.546	56	31.5342	(1754, 626)	(175, 63)	49
17:58:43.607	54	31.7307	(1744, 628)	(174, 63)	49
17:58:43.671	60	31.864	(1734, 631)	(173, 63)	49
17:58:43.740	58	32.0905	(1724, 633)	(172, 63)	49
17:58:43.802	49	32.1739	(1715, 635)	(172, 64)	49
17:58:43.856	55	32.2418	(1714, 635)	(171, 64)	49
17:58:43.921	60	32.343	(1704, 637)	(170, 64)	49
17:58:43.991	54	32.5071	(1694, 638)	(169, 64)	49
17:58:44.052	54	32.6621	(1684, 640)	(168, 64)	49
17:58:44.116	59	32.7044	(1674, 641)	(167, 64)	49
17:58:44.185	63	32.8713	(1664, 642)	(166, 64)	49
17:58:44.253	51	33.0249	(1654, 643)	(165, 64)	49
17:58:44.309	57	33.9761	(1644, 644)	(164, 64)	49
17:58:44.373	60	33.2516	(1633, 644)	(163, 64)	49
17:58:44.443	55	33.2819	(1624, 644)	(162, 64)	49
17:58:44.504	52	33.3716	(1614, 644)	(161, 64)	49
17:58:44.560	61	33.4803	(1604, 644)	(160, 64)	49
17:58:44.630	56	33.4479	(1594, 644)	(159, 64)	49
17:58:44.691	50	33.655	(1584, 644)	(158, 64)	49
17:58:44.746	53	33.7056	(1574, 644)	(157, 64)	49
17:58:44.804	57	33.7551	(1564, 644)	(156, 64)	49
17:58:44.865	50	33.7092	(1554, 644)	(155, 64)	49
17:58:44.920	48	33.7846	(1548, 645)	(155, 65)	49
17:58:44.978	57	33.689	(1544, 645)	(154, 65)	49
17:58:45.040	58	33.8884	(1534, 645)	(153, 65)	49
17:58:45.102	54	33.9022	(1524, 646)	(152, 65)	49
17:58:45.165	61	33.9803	(1514, 647)	(151, 65)	49
17:58:45.235	57	34.0819	(1504, 648)	(150, 65)	49
17:58:45.297	55	34.1641	(1494, 649)	(149, 65)	49
17:58:45.359	59	34.2164	(1484, 651)	(148, 65)	49
17:58:45.430	62	34.2987	(1474, 652)	(147, 65)	49
17:58:45.500	53	34.3603	(1464, 652)	(146, 65)	49
17:58:45.560	56	34.4247	(1454, 653)	(145, 65)	49
17:58:45.624	60	34.4667	(1444, 654)	(144, 65)	49
17:58:45.695	56	34.6535	(1434, 654)	(143, 65)	49
17:58:45.756	55	34.7572	(1419, 654)	(142, 65)	49
17:58:45.818	55	34.7868	(1414, 654)	(141, 65)	49
17:58:45.881	53	34.8753	(1404, 654)	(140, 65)	49
17:58:45.943	53	34.8867	(1394, 654)	(139, 65)	49
17:58:45.998	55	35.0016	(1384, 654)	(138, 65)	49
17:58:46.061	55	35.0486	(1374, 654)	(137, 65)	49
17:58:46.124	54	35.1037	(1356, 653)	(136, 65)	49
17:58:46.185	53	35.1741	(1354, 653)	(135, 65)	49
17:58:46.243	61	35.2151	(1344, 652)	(134, 65)	49
17:58:46.313	58	35.2963	(1334, 651)	(133, 65)	49
17:58:46.374	52	35.3804	(1323, 651)	(132, 65)	49
17:58:46.429	58	35.5886	(1314, 650)	(131, 65)	49
17:58:46.493	62	35.5388	(1303, 649)	(130, 65)	49
17:58:46.562	52	35.6344	(1294, 648)	(129, 65)	49
17:58:46.616	59	35.7676	(1284, 647)	(128, 65)	49
17:58:46.680	63	35.7674	(1274, 647)	(127, 65)	49
17:58:46.752	56	35.8661	(1264, 646)	(126, 65)	49
17:58:46.811	53	36.023	(1256, 644)	(126, 64)	49
17:58:46.867	53	36.0161	(1254, 644)	(125, 64)	49
17:58:46.923	53	36.0375	(1244, 643)	(124, 64)	49
17:58:46.986	55	36.2244	(1234, 643)	(123, 64)	49
17:58:47.049	63	36.2846	(1224, 641)	(122, 64)	49
17:58:47.119	62	36.3924	(1214, 641)	(121, 64)	49
17:58:47.189	55	36.4702	(1204, 641)	(120, 64)	49
17:58:47.250	61	36.5698	(1194, 640)	(119, 64)	49
17:58:47.320	66	36.6281	(1184, 639)	(118, 64)	49
17:58:47.397	55	36.6781	(1174, 639)	(117, 64)	49
17:58:47.459	55	36.7079	(1164, 637)	(116, 64)	49
17:58:47.521	61	37.5289	(1154, 637)	(115, 64)	49
17:58:47.591	57	36.7504	(1144, 636)	(114, 64)	49
17:58:47.652	58	36.9089	(1134, 636)	(113, 64)	49
17:58:47.717	63	36.9105	(1124, 635)	(112, 64)	49
17:58:47.788	58	36.7879	(1114, 635)	(111, 64)	49
17:58:47.853	50	36.8566	(1110, 634)	(111, 63)	49
17:58:47.909	52	36.8493	(1104, 634)	(110, 63)	49
17:58:47.965	55	36.9788	(1093, 633)	(109, 63)	49
17:58:48.028	52	37.036	(1084, 632)	(108, 63)	49
17:58:48.083	60	36.9913	(1074, 632)	(107, 63)	49
17:58:48.148	62	36.9785	(1064, 631)	(106, 63)	49
17:58:48.218	60	37.0467	(1051, 631)	(105, 63)	49
17:58:48.286	59	37.0076	(1032, 629)	(103, 63)	49
17:58:48.356	65	37.0059	(1024, 629)	(102, 63)	49
17:58:48.432	60	36.9243	(1014, 629)	(101, 63)	49
17:58:48.503	64	36.8916	(1004, 628)	(100, 63)	49
17:58:48.573	62	36.8474	(994, 627)	(99, 63)	49
17:58:48.641	57	36.8147	(984, 627)	(98, 63)	49
17:58:48.702	59	36.7799	(974, 627)	(97, 63)	49
17:58:48.766	65	36.7321	(964, 626)	(96, 63)	49
17:58:48.842	54	36.7542	(954, 626)	(95, 63)	49
17:58:48.904	60	36.7505	(944, 626)	(94, 63)	49
17:58:48.973	62	36.6501	(934, 625)	(93, 63)	49
17:58:49.045	59	36.6519	(927, 624)	(93, 62)	49
17:58:49.113	51	36.6907	(924, 624)	(92, 62)	49
17:58:49.168	59	36.5692	(914, 623)	(91, 62)	49
17:58:49.232	62	36.441	(904, 622)	(90, 62)	49
17:58:49.302	57	36.3679	(894, 621)	(89, 62)	49
17:58:49.362	60	36.3508	(884, 620)	(88, 62)	49
17:58:49.427	63	36.1839	(873, 619)	(87, 62)	49
17:58:49.497	54	36.1474	(864, 619)	(86, 62)	49
17:58:49.557	52	36.0157	(854, 619)	(85, 62)	49
17:58:49.614	59	35.8308	(843, 618)	(84, 62)	49
17:58:49.684	61	35.709	(834, 618)	(83, 62)	49
17:58:49.752	49	35.6441	(823, 617)	(82, 62)	49
17:58:49.807	50	35.6184	(814, 617)	(81, 62)	49
17:58:49.864	60	35.3464	(804, 617)	(80, 62)	49
17:58:49.934	56	35.1476	(794, 617)	(79, 62)	49
17:58:49.995	56	35.072	(784, 616)	(78, 62)	49
17:58:50.059	63	34.9102	(772, 616)	(77, 62)	49
17:58:50.129	56	34.7973	(764, 615)	(76, 62)	49
17:58:50.191	54	34.5674	(754, 615)	(75, 62)	49
17:58:50.253	55	34.2644	(744, 615)	(74, 62)	49
17:58:50.316	54	34.1319	(734, 615)	(73, 62)	49
17:58:50.378	54	33.7933	(724, 615)	(72, 62)	49
17:58:50.441	53	33.7803	(714, 615)	(71, 62)	49
17:58:50.497	57	33.4511	(704, 615)	(70, 62)	49
17:58:50.560	56	33.1767	(694, 615)	(69, 62)	49
17:58:50.622	54	32.9539	(684, 615)	(68, 62)	49
17:58:50.686	60	32.5993	(674, 615)	(67, 62)	49
17:58:50.755	60	32.4764	(664, 616)	(66, 62)	49
17:58:50.823	51	32.3564	(654, 617)	(65, 62)	49
17:58:50.878	55	32.0695	(644, 618)	(64, 62)	49
17:58:50.942	61	31.8899	(634, 618)	(63, 62)	49
17:58:51.012	50	31.5988	(624, 619)	(62, 62)	49
17:58:51.066	48	31.4606	(614, 619)	(61, 62)	49
17:58:51.121	54	31.2145	(604, 621)	(60, 62)	49
17:58:51.186	53	30.848	(594, 621)	(59, 62)	49
17:58:51.247	44	30.4216	(584, 622)	(58, 62)	49
17:58:51.295	51	30.1627	(574, 624)	(57, 62)	49
17:58:51.353	57	29.8104	(566, 625)	(57, 63)	49
17:58:51.414	48	29.8142	(564, 625)	(56, 63)	49
17:58:51.469	46	29.653	(554, 625)	(55, 63)	49
17:58:51.527	56	29.2139	(544, 626)	(54, 63)	49
17:58:51.590	51	28.7121	(534, 628)	(53, 63)	49
17:58:51.644	44	28.2124	(524, 629)	(52, 63)	49
17:58:51.692	51	27.868	(514, 631)	(51, 63)	49
17:58:51.748	56	27.4204	(504, 633)	(50, 63)	49
17:58:51.811	48	26.9913	(494, 634)	(49, 63)	49
17:58:51.865	46	26.824	(493, 635)	(49, 64)	49
17:58:51.914	45	26.5446	(484, 637)	(48, 64)	49
17:58:51.964	53	25.7843	(467, 641)	(47, 64)	49
17:58:52.027	47	25.6194	(464, 642)	(46, 64)	49
17:58:52.081	45	25.5585	(458, 645)	(46, 65)	49
17:58:52.131	48	25.221	(454, 646)	(45, 65)	49
17:58:52.187	47	24.6012	(444, 650)	(44, 65)	49
17:58:52.242	44	24.0852	(434, 654)	(43, 65)	49
17:58:52.290	39	23.9858	(432, 655)	(43, 66)	49
17:58:52.331	42	23.445	(424, 658)	(42, 66)	49
17:58:52.380	46	22.9504	(414, 662)	(41, 66)	49
17:58:52.429	47	22.6104	(409, 665)	(41, 67)	49
17:58:52.486	41	22.3708	(404, 667)	(40, 67)	49
17:58:52.533	46	21.6136	(394, 671)	(39, 67)	49
17:58:52.590	47	21.1901	(387, 675)	(39, 68)	49
17:58:52.645	44	21.0761	(384, 676)	(38, 68)	49
17:58:52.693	37	20.5087	(374, 680)	(37, 68)	49
17:58:52.734	34	20.1684	(367, 685)	(37, 69)	49
17:58:52.776	41	19.861	(364, 687)	(36, 69)	49
17:58:52.825	37	19.3576	(356, 695)	(36, 70)	49
17:58:52.868	40	19.1495	(354, 695)	(35, 70)	49
17:58:52.915	36	18.6077	(344, 704)	(34, 70)	49
17:58:52.957	32	18.5199	(344, 705)	(34, 71)	49
17:58:52.991	37	18.0061	(337, 715)	(34, 72)	49
17:58:53.034	40	17.8397	(335, 725)	(34, 73)	49
17:58:53.083	36	17.7157	(334, 727)	(33, 73)	49
17:58:53.124	32	17.4957	(331, 735)	(33, 74)	49
17:58:53.158	37	17.3028	(329, 746)	(33, 75)	49
17:58:53.200	39	17.1524	(329, 755)	(33, 76)	49
17:58:53.243	37	17.055	(329, 765)	(33, 77)	49
17:58:53.284	41	17.1	(329, 775)	(33, 78)	49
17:58:53.332	35	16.9879	(329, 785)	(33, 79)	49
17:58:53.374	39	16.9729	(329, 795)	(33, 80)	49
17:58:53.417	37	16.8619	(329, 805)	(33, 81)	49
17:58:53.460	38	16.5419	(329, 833)	(33, 83)	49
17:58:53.507	33	16.4431	(329, 836)	(33, 84)	49
17:58:53.548	31	16.4293	(329, 845)	(33, 85)	49
17:58:53.582	33	16.2415	(329, 855)	(33, 86)	49
17:58:53.618	38	16.1127	(330, 865)	(33, 87)	49
17:58:53.660	39	15.9713	(332, 875)	(33, 88)	49
17:58:53.708	37	16.0179	(335, 883)	(34, 88)	49
17:58:53.750	32	16.0159	(335, 885)	(34, 89)	49
17:58:53.784	31	16.065	(338, 895)	(34, 90)	49
17:58:53.818	31	15.9738	(341, 905)	(34, 91)	49
17:58:53.853	31	16.3443	(345, 914)	(35, 91)	49
17:58:53.887	32	16.428	(346, 915)	(35, 92)	49
17:58:53.923	30	16.2231	(350, 925)	(35, 93)	49
17:58:53.957	30	16.2916	(355, 931)	(36, 93)	49
17:58:53.992	31	16.2609	(357, 935)	(36, 94)	49
17:58:54.027	34	16.3815	(364, 945)	(36, 95)	49
17:58:54.069	38	16.3966	(365, 945)	(37, 95)	49
17:58:54.112	34	17.277	(373, 955)	(37, 96)	49
17:58:54.153	31	16.6781	(375, 956)	(38, 96)	49
17:58:54.188	35	16.7434	(384, 965)	(38, 97)	49
17:58:54.230	35	16.8339	(385, 966)	(39, 97)	49
17:58:54.271	37	17.1738	(395, 975)	(40, 98)	49
17:58:54.313	36	17.4969	(405, 982)	(41, 98)	49
17:58:54.355	33	17.5913	(411, 987)	(41, 99)	49
17:58:54.395	35	17.8016	(415, 989)	(42, 99)	49
17:58:54.438	39	17.9407	(423, 995)	(42, 100)	49
17:58:54.486	34	18.053	(425, 996)	(43, 100)	49
17:58:54.528	34	18.408	(435, 1001)	(44, 100)	49
17:58:54.569	37	18.6077	(441, 1005)	(44, 101)	49
17:58:54.613	54	18.6837	(446, 1007)	(45, 101)	49
17:58:54.674	42	19.0076	(455, 1012)	(46, 101)	49
17:58:54.724	40	19.1898	(461, 1015)	(46, 102)	49
17:58:54.772	37	19.3877	(465, 1017)	(47, 102)	49
17:58:54.814	43	19.627	(475, 1022)	(48, 102)	49
17:58:54.862	39	19.7779	(481, 1025)	(48, 103)	49
17:58:54.903	39	19.8393	(485, 1026)	(49, 103)	49
17:58:54.945	41	20.1135	(495, 1030)	(50, 103)	49
17:58:54.994	44	20.4267	(505, 1034)	(51, 103)	49
17:58:55.044	43	20.4185	(506, 1035)	(51, 104)	49
17:58:55.093	46	20.7201	(515, 1037)	(52, 104)	49
17:58:55.148	42	20.9557	(525, 1040)	(53, 104)	49
17:58:55.196	39	21.417	(540, 1043)	(54, 104)	49
17:58:55.237	45	21.4939	(545, 1044)	(55, 104)	49
17:58:55.294	44	21.5782	(549, 1045)	(55, 105)	49
17:58:55.342	42	21.7776	(555, 1046)	(56, 105)	49
17:58:55.390	39	22.5935	(577, 1050)	(58, 105)	49
17:58:55.431	43	22.7281	(585, 1052)	(59, 105)	49
17:58:55.481	48	22.9585	(595, 1053)	(60, 105)	49
17:58:55.537	48	23.1868	(605, 1054)	(61, 105)	49
17:58:55.592	44	23.2886	(608, 1055)	(61, 106)	49
17:58:55.640	41	23.6101	(615, 1056)	(62, 106)	49
17:58:55.691	50	23.8437	(625, 1057)	(63, 106)	49
17:58:55.746	52	24.0957	(635, 1058)	(64, 106)	49
17:58:55.808	40	24.2321	(645, 1059)	(65, 106)	49
17:58:55.855	40	24.5533	(655, 1060)	(66, 106)	49
17:58:55.898	55	24.743	(665, 1061)	(67, 106)	49
17:58:55.961	49	24.9441	(675, 1061)	(68, 106)	49
17:58:56.017	43	25.0523	(685, 1063)	(69, 106)	49
17:58:56.065	39	25.3375	(695, 1063)	(70, 106)	49
17:58:56.106	48	25.4716	(705, 1064)	(71, 106)	49
17:58:56.163	48	25.6197	(715, 1064)	(72, 106)	49
17:58:56.217	43	25.7382	(719, 1065)	(72, 107)	49
17:58:56.265	48	25.9059	(725, 1065)	(73, 107)	49
17:58:56.322	50	25.9858	(735, 1066)	(74, 107)	49
17:58:56.378	51	26.1726	(745, 1066)	(75, 107)	49
17:58:56.433	45	26.2317	(755, 1066)	(76, 107)	49
17:58:56.481	47	26.4083	(765, 1066)	(77, 107)	49
17:58:56.539	54	26.4526	(775, 1067)	(78, 107)	49
17:58:56.601	51	26.6556	(785, 1067)	(79, 107)	49
17:58:56.656	43	26.7159	(795, 1068)	(80, 107)	49
17:58:56.705	50	26.6821	(805, 1069)	(81, 107)	49
17:58:56.760	51	26.7996	(815, 1070)	(82, 107)	49
17:58:56.817	52	26.7979	(825, 1071)	(83, 107)	49
17:58:56.878	51	26.7956	(835, 1072)	(84, 107)	49
17:58:56.937	52	26.8003	(845, 1073)	(85, 107)	49
17:58:56.997	54	26.8886	(856, 1074)	(86, 107)	49
17:58:57.062	46	26.8049	(862, 1075)	(86, 108)	49
17:58:57.115	47	26.8384	(865, 1075)	(87, 108)	49
17:58:57.171	54	26.8481	(875, 1075)	(88, 108)	49
17:58:57.233	50	26.876	(885, 1076)	(89, 108)	49
17:58:57.289	46	26.8422	(895, 1077)	(90, 108)	49
17:58:57.344	58	26.832	(905, 1078)	(91, 108)	49
17:58:57.406	48	26.8859	(915, 1078)	(92, 108)	49
17:58:57.463	49	26.8175	(925, 1079)	(93, 108)	49
17:58:57.517	40	26.8154	(935, 1080)	(94, 108)	49
17:58:57.558	45	26.7938	(945, 1081)	(95, 108)	49
17:58:57.608	48	26.6881	(955, 1082)	(96, 108)	49
17:58:57.664	47	26.7304	(965, 1082)	(97, 108)	49
17:58:57.719	43	26.6887	(975, 1083)	(98, 108)	49
17:58:57.767	40	26.752	(986, 1083)	(99, 108)	49
17:58:57.808	43	26.6628	(995, 1084)	(100, 108)	49
17:58:57.857	45	26.667	(1005, 1084)	(101, 108)	49
17:58:57.909	48	26.643	(1015, 1084)	(102, 108)	49
17:58:57.963	46	26.5618	(1017, 1085)	(102, 109)	49
17:58:58.011	47	26.5274	(1025, 1085)	(103, 109)	49
17:58:58.067	47	26.4865	(1040, 1085)	(104, 109)	49
17:58:58.123	46	26.4766	(1048, 1085)	(105, 109)	49
17:58:58.178	51	26.4289	(1055, 1086)	(106, 109)	49
17:58:58.235	53	26.3656	(1065, 1086)	(107, 109)	49
17:58:58.296	46	26.4498	(1075, 1086)	(108, 109)	49
17:58:58.353	45	26.3767	(1085, 1086)	(109, 109)	49
17:58:58.400	44	26.4409	(1096, 1086)	(110, 109)	49
17:58:58.449	48	26.3818	(1105, 1086)	(111, 109)	49
17:58:58.505	50	26.3908	(1115, 1086)	(112, 109)	49
17:58:58.561	41	26.3601	(1126, 1086)	(113, 109)	49
17:58:58.608	44	26.3031	(1135, 1086)	(114, 109)	49
17:58:58.659	49	26.3059	(1146, 1086)	(115, 109)	49
17:58:58.714	51	26.2124	(1155, 1086)	(116, 109)	49
17:58:58.776	45	26.9747	(1166, 1086)	(117, 109)	49
17:58:58.824	48	26.2167	(1175, 1086)	(118, 109)	49
17:58:58.881	54	26.1424	(1185, 1085)	(119, 109)	49
17:58:58.944	57	26.1676	(1188, 1084)	(119, 108)	49
17:58:59.006	44	26.1447	(1195, 1084)	(120, 108)	49
17:58:59.054	41	26.1847	(1205, 1082)	(121, 108)	49
17:58:59.103	50	26.097	(1215, 1081)	(122, 108)	49
17:58:59.158	45	26.0449	(1225, 1081)	(123, 108)	49
17:58:59.206	43	26.0273	(1235, 1081)	(124, 108)	49
17:58:59.255	44	26.0447	(1245, 1080)	(125, 108)	49
17:58:59.304	45	25.971	(1255, 1080)	(126, 108)	49
17:58:59.352	47	25.9741	(1265, 1079)	(127, 108)	49
17:58:59.409	47	25.9479	(1275, 1078)	(128, 108)	49
17:58:59.464	47	25.8873	(1286, 1077)	(129, 108)	49
17:58:59.522	46	25.8033	(1295, 1077)	(130, 108)	49
17:58:59.576	44	25.6886	(1305, 1077)	(131, 108)	49
17:58:59.624	43	25.5858	(1315, 1077)	(132, 108)	49
17:58:59.672	49	25.4444	(1325, 1077)	(133, 108)	49
17:58:59.730	51	25.3044	(1335, 1077)	(134, 108)	49
17:58:59.792	46	25.1726	(1345, 1077)	(135, 108)	49
17:58:59.846	42	25.1476	(1355, 1077)	(136, 108)	49
17:58:59.896	44	24.9324	(1365, 1079)	(137, 108)	49
17:58:59.945	51	24.828	(1375, 1080)	(138, 108)	49
17:59:00.000	46	24.6837	(1385, 1081)	(139, 108)	49
17:59:00.054	41	24.6276	(1395, 1081)	(140, 108)	49
17:59:00.105	51	24.4665	(1405, 1083)	(141, 108)	49
17:59:00.161	51	24.3145	(1416, 1084)	(142, 108)	49
17:59:00.222	47	24.143	(1418, 1085)	(142, 109)	49
17:59:00.278	43	24.1233	(1425, 1085)	(143, 109)	49
17:59:00.326	41	23.881	(1437, 1088)	(144, 109)	49
17:59:00.374	45	23.7745	(1445, 1088)	(145, 109)	49
17:59:00.426	44	23.5695	(1455, 1089)	(146, 109)	49
17:59:00.473	38	23.4972	(1465, 1090)	(147, 109)	49
17:59:00.513	38	23.2401	(1476, 1091)	(148, 109)	49
17:59:00.555	40	23.1382	(1485, 1092)	(149, 109)	49
17:59:00.603	48	22.8637	(1495, 1093)	(150, 109)	49
17:59:00.662	40	22.7345	(1505, 1093)	(151, 109)	49
17:59:00.708	36	22.6127	(1515, 1093)	(152, 109)	49
17:59:00.749	37	22.4495	(1525, 1093)	(153, 109)	49
17:59:00.792	43	22.2056	(1535, 1094)	(154, 109)	49
17:59:00.841	44	22.0101	(1545, 1094)	(155, 109)	49
17:59:00.890	43	21.828	(1555, 1094)	(156, 109)	49
17:59:00.938	38	21.643	(1565, 1094)	(157, 109)	49
17:59:00.979	39	21.5492	(1566, 1095)	(157, 110)	49
17:59:01.022	49	21.2938	(1575, 1095)	(158, 110)	49
17:59:01.078	42	21.1259	(1585, 1095)	(159, 110)	49
17:59:01.126	39	20.8431	(1596, 1096)	(160, 110)	49
17:59:01.174	45	20.6545	(1605, 1096)	(161, 110)	49
17:59:01.224	48	20.436	(1615, 1096)	(162, 110)	49
17:59:01.280	45	20.1951	(1625, 1097)	(163, 110)	49
17:59:01.335	40	19.9419	(1635, 1097)	(164, 110)	49
17:59:01.382	39	19.7702	(1645, 1097)	(165, 110)	49
17:59:01.424	40	19.5021	(1655, 1098)	(166, 110)	49
17:59:01.473	41	19.3262	(1665, 1098)	(167, 110)	49
17:59:01.532	34	18.9705	(1675, 1099)	(168, 110)	49
17:59:01.571	33	18.7944	(1685, 1099)	(169, 110)	49
17:59:01.614	35	18.5176	(1695, 1100)	(170, 110)	49
17:59:01.655	34	18.3493	(1705, 1100)	(171, 110)	49
17:59:01.696	33	18.0976	(1715, 1101)	(172, 110)	49
17:59:01.738	34	17.7582	(1725, 1101)	(173, 110)	49
17:59:01.780	32	17.4114	(1735, 1103)	(174, 110)	49
17:59:01.821	34	17.0148	(1748, 1104)	(175, 110)	49
17:59:01.863	32	16.8068	(1753, 1105)	(175, 111)	49
17:59:01.909	33	16.755	(1755, 1105)	(176, 111)	49
17:59:01.955	33	16.4083	(1765, 1106)	(177, 111)	49
17:59:01.995	31	16.1236	(1775, 1107)	(178, 111)	49
17:59:02.031	32	15.8535	(1785, 1108)	(179, 111)	49
17:59:02.072	32	16.2634	(1798, 1109)	(180, 111)	49
17:59:02.116	31	15.2696	(1806, 1111)	(181, 111)	49
17:59:02.155	29	15.0787	(1815, 1112)	(182, 111)	49
17:59:02.190	36	14.8579	(1825, 1112)	(183, 111)	49
17:59:02.239	36	14.4804	(1835, 1113)	(184, 111)	49
17:59:02.281	33	14.0003	(1850, 1114)	(185, 111)	49
17:59:02.326	31	13.9064	(1855, 1114)	(186, 111)	49
17:59:02.365	28	13.7499	(1858, 1115)	(186, 112)	49
17:59:02.405	31	13.529	(1865, 1116)	(187, 112)	49
17:59:02.446	28	13.1982	(1877, 1117)	(188, 112)	49
17:59:02.482	35	12.9062	(1885, 1118)	(189, 112)	49
17:59:02.531	32	12.5649	(1895, 1120)	(190, 112)	49
17:59:02.574	29	12.2818	(1905, 1121)	(191, 112)	49
17:59:02.614	22	5.24652	(0, 0)	(0, 0)	49
EOM

