BOM
Frame extends: 2263, 1306
_ms_area: 10
measurements taken: 585
current rendering method: 2
is mouse replay: 1
Camera settings: Roation Quaternion: ( -0.30178, 0.111835, 0.849411, -0.418215), Translationsvektor: ( -0.140521, 0.0872895, 1.55).
System_Time	Elapsed_Time_PaintGL	Elapsed_Kernel_Time	Frame_Coordinates	Grid_Position	Manual_Measurement
17:59:04.648	46	34.4594	(318, 226)	(32, 23)	49
17:59:04.698	48	34.4929	(325, 225)	(33, 23)	49
17:59:04.755	50	34.5456	(335, 225)	(34, 23)	49
17:59:04.811	47	34.492	(345, 225)	(35, 23)	49
17:59:04.865	46	34.6861	(357, 225)	(36, 23)	49
17:59:04.913	51	34.8951	(372, 225)	(37, 23)	49
17:59:04.972	54	34.849	(375, 225)	(38, 23)	49
17:59:05.033	51	34.8633	(385, 225)	(39, 23)	49
17:59:05.088	46	34.9649	(395, 225)	(40, 23)	49
17:59:05.135	49	35.1056	(405, 225)	(41, 23)	49
17:59:05.193	52	35.2119	(415, 225)	(42, 23)	49
17:59:05.249	50	35.2747	(425, 225)	(43, 23)	49
17:59:05.305	46	35.3421	(435, 226)	(44, 23)	49
17:59:05.358	49	35.4012	(445, 226)	(45, 23)	49
17:59:05.415	58	35.5367	(455, 226)	(46, 23)	49
17:59:05.479	50	35.6333	(465, 227)	(47, 23)	49
17:59:05.532	48	35.7601	(475, 227)	(48, 23)	49
17:59:05.588	53	36.0323	(485, 228)	(49, 23)	49
17:59:05.652	56	36.0136	(495, 228)	(50, 23)	49
17:59:05.716	51	36.2335	(505, 229)	(51, 23)	49
17:59:05.776	51	36.3276	(515, 229)	(52, 23)	49
17:59:05.833	50	36.517	(525, 229)	(53, 23)	49
17:59:05.889	52	36.7735	(535, 229)	(54, 23)	49
17:59:05.950	50	36.936	(545, 229)	(55, 23)	49
17:59:06.006	50	37.0219	(555, 229)	(56, 23)	49
17:59:06.062	56	37.4172	(565, 229)	(57, 23)	49
17:59:06.125	53	37.4997	(575, 229)	(58, 23)	49
17:59:06.186	57	37.8536	(585, 229)	(59, 23)	49
17:59:06.250	57	37.7427	(596, 229)	(60, 23)	49
17:59:06.313	55	38.0279	(605, 230)	(61, 23)	49
17:59:06.374	52	38.1865	(615, 230)	(62, 23)	49
17:59:06.431	58	38.4819	(626, 230)	(63, 23)	49
17:59:06.493	54	38.5464	(635, 230)	(64, 23)	49
17:59:06.554	48	38.7596	(645, 230)	(65, 23)	49
17:59:06.610	52	38.9956	(655, 230)	(66, 23)	49
17:59:06.667	55	39.2295	(665, 230)	(67, 23)	49
17:59:06.729	53	39.3273	(680, 230)	(68, 23)	49
17:59:06.791	49	39.6129	(685, 230)	(69, 23)	49
17:59:06.846	52	39.7677	(695, 230)	(70, 23)	49
17:59:06.904	59	39.9791	(705, 230)	(71, 23)	49
17:59:06.973	56	40.1529	(715, 230)	(72, 23)	49
17:59:07.035	59	40.607	(725, 230)	(73, 23)	49
17:59:07.105	59	40.7677	(735, 230)	(74, 23)	49
17:59:07.168	56	41.1351	(749, 230)	(75, 23)	49
17:59:07.229	58	41.2855	(756, 230)	(76, 23)	49
17:59:07.293	60	41.2618	(766, 230)	(77, 23)	49
17:59:07.363	59	41.5492	(775, 230)	(78, 23)	49
17:59:07.431	57	41.784	(785, 230)	(79, 23)	49
17:59:07.495	60	41.8354	(796, 229)	(80, 23)	49
17:59:07.562	57	42.1166	(805, 229)	(81, 23)	49
17:59:07.625	54	42.2159	(815, 229)	(82, 23)	49
17:59:07.687	59	42.491	(825, 228)	(83, 23)	49
17:59:07.752	61	42.6523	(835, 228)	(84, 23)	49
17:59:07.821	58	42.6433	(845, 228)	(85, 23)	49
17:59:07.882	61	42.7991	(855, 228)	(86, 23)	49
17:59:07.953	63	42.9911	(865, 228)	(87, 23)	49
17:59:08.023	59	42.9901	(875, 228)	(88, 23)	49
17:59:08.091	60	43.285	(885, 228)	(89, 23)	49
17:59:08.155	63	43.2387	(895, 228)	(90, 23)	49
17:59:08.225	57	43.5074	(905, 228)	(91, 23)	49
17:59:08.285	53	43.5899	(915, 228)	(92, 23)	49
17:59:08.342	64	43.615	(925, 228)	(93, 23)	49
17:59:08.412	59	43.5037	(935, 228)	(94, 23)	49
17:59:08.474	54	43.8736	(945, 227)	(95, 23)	49
17:59:08.535	61	43.8914	(957, 227)	(96, 23)	49
17:59:08.606	62	43.7923	(966, 227)	(97, 23)	49
17:59:08.675	55	43.8062	(975, 227)	(98, 23)	49
17:59:08.738	64	43.8775	(985, 227)	(99, 23)	49
17:59:08.808	64	43.9456	(995, 227)	(100, 23)	49
17:59:08.878	59	44.0099	(1005, 227)	(101, 23)	49
17:59:08.947	57	43.9289	(1015, 226)	(102, 23)	49
17:59:09.010	63	44.0114	(1025, 226)	(103, 23)	49
17:59:09.081	61	44.0123	(1035, 226)	(104, 23)	49
17:59:09.148	61	44.0564	(1045, 225)	(105, 23)	49
17:59:09.218	64	43.8913	(1055, 225)	(106, 23)	49
17:59:09.288	60	44.087	(1065, 225)	(107, 23)	49
17:59:09.356	60	43.8508	(1071, 224)	(107, 22)	49
17:59:09.427	63	44.0507	(1075, 224)	(108, 22)	49
17:59:09.496	59	43.9796	(1085, 224)	(109, 22)	49
17:59:09.558	59	43.9061	(1095, 224)	(110, 22)	49
17:59:09.621	59	44.2967	(1105, 224)	(111, 22)	49
17:59:09.683	57	44.0218	(1115, 224)	(112, 22)	49
17:59:09.746	55	44.0873	(1125, 224)	(113, 22)	49
17:59:09.807	55	43.8579	(1135, 224)	(114, 22)	49
17:59:09.870	64	43.9324	(1146, 223)	(115, 22)	49
17:59:09.942	58	43.8	(1155, 223)	(116, 22)	49
17:59:10.002	54	43.8	(1165, 223)	(117, 22)	49
17:59:10.067	63	43.5582	(1175, 223)	(118, 22)	49
17:59:10.138	58	43.6627	(1185, 223)	(119, 22)	49
17:59:10.204	58	43.7327	(1195, 223)	(120, 22)	49
17:59:10.267	58	43.7013	(1205, 223)	(121, 22)	49
17:59:10.331	59	43.4504	(1215, 223)	(122, 22)	49
17:59:10.399	61	43.7307	(1225, 223)	(123, 22)	49
17:59:10.470	64	43.5554	(1235, 223)	(124, 22)	49
17:59:10.539	60	43.6259	(1245, 223)	(125, 22)	49
17:59:10.607	57	43.2923	(1255, 223)	(126, 22)	49
17:59:10.672	58	43.3449	(1265, 224)	(127, 22)	49
17:59:10.733	56	43.3319	(1275, 224)	(128, 22)	49
17:59:10.795	56	43.4121	(1282, 225)	(128, 23)	49
17:59:10.858	60	43.4907	(1285, 225)	(129, 23)	49
17:59:10.928	61	43.1447	(1295, 226)	(130, 23)	49
17:59:10.997	59	43.2796	(1305, 226)	(131, 23)	49
17:59:11.060	64	43.2803	(1316, 228)	(132, 23)	49
17:59:11.130	62	43.1039	(1326, 228)	(133, 23)	49
17:59:11.200	57	42.9585	(1335, 228)	(134, 23)	49
17:59:11.261	62	43.0276	(1345, 229)	(135, 23)	49
17:59:11.332	64	42.8039	(1355, 230)	(136, 23)	49
17:59:11.401	58	42.609	(1366, 230)	(137, 23)	49
17:59:11.461	53	42.6941	(1375, 230)	(138, 23)	49
17:59:11.518	57	42.8584	(1386, 231)	(139, 23)	49
17:59:11.583	57	42.7659	(1395, 231)	(140, 23)	49
17:59:11.642	56	42.7969	(1405, 232)	(141, 23)	49
17:59:11.706	53	42.5911	(1415, 232)	(142, 23)	49
17:59:11.764	59	42.6889	(1425, 232)	(143, 23)	49
17:59:11.833	54	42.7307	(1435, 233)	(144, 23)	49
17:59:11.893	54	42.7157	(1445, 234)	(145, 23)	49
17:59:11.962	62	42.4274	(1455, 234)	(146, 23)	49
17:59:12.037	58	42.5256	(1465, 234)	(147, 23)	49
17:59:12.101	61	42.4421	(1478, 234)	(148, 23)	49
17:59:12.166	63	42.6293	(1485, 234)	(149, 23)	49
17:59:12.236	57	42.5359	(1488, 235)	(149, 24)	49
17:59:12.297	59	42.4917	(1495, 235)	(150, 24)	49
17:59:12.361	61	42.6111	(1506, 235)	(151, 24)	49
17:59:12.430	61	42.6576	(1516, 235)	(152, 24)	49
17:59:12.499	55	42.5394	(1526, 236)	(153, 24)	49
17:59:12.563	62	42.4924	(1535, 236)	(154, 24)	49
17:59:12.632	61	42.6695	(1546, 236)	(155, 24)	49
17:59:12.700	56	42.6661	(1556, 237)	(156, 24)	49
17:59:12.762	56	42.6747	(1565, 237)	(157, 24)	49
17:59:12.825	56	42.5041	(1575, 238)	(158, 24)	49
17:59:12.888	53	42.4773	(1585, 238)	(159, 24)	49
17:59:12.942	54	42.5921	(1595, 239)	(160, 24)	49
17:59:13.001	61	42.4273	(1605, 239)	(161, 24)	49
17:59:13.070	57	42.5704	(1615, 240)	(162, 24)	49
17:59:13.131	52	42.6225	(1625, 240)	(163, 24)	49
17:59:13.186	56	42.6061	(1636, 241)	(164, 24)	49
17:59:13.249	58	42.6545	(1645, 242)	(165, 24)	49
17:59:13.312	57	42.529	(1655, 242)	(166, 24)	49
17:59:13.374	70	42.5779	(1666, 243)	(167, 24)	49
17:59:13.451	58	42.6924	(1676, 244)	(168, 24)	49
17:59:13.514	55	42.679	(1677, 245)	(168, 25)	49
17:59:13.576	59	42.4444	(1686, 245)	(169, 25)	49
17:59:13.640	61	42.3264	(1696, 246)	(170, 25)	49
17:59:13.710	55	42.3033	(1705, 246)	(171, 25)	49
17:59:13.771	57	42.3627	(1715, 248)	(172, 25)	49
17:59:13.833	57	42.2679	(1726, 249)	(173, 25)	49
17:59:13.897	61	42.1693	(1735, 250)	(174, 25)	49
17:59:13.965	57	42.2461	(1745, 251)	(175, 25)	49
17:59:14.029	60	42.1902	(1755, 253)	(176, 25)	49
17:59:14.098	61	42.0627	(1765, 254)	(177, 25)	49
17:59:14.168	58	41.7881	(1768, 255)	(177, 26)	49
17:59:14.229	57	41.8364	(1775, 256)	(178, 26)	49
17:59:14.294	60	41.7966	(1785, 258)	(179, 26)	49
17:59:14.364	55	41.7016	(1795, 260)	(180, 26)	49
17:59:14.424	56	41.524	(1805, 262)	(181, 26)	49
17:59:14.489	54	41.3231	(1815, 264)	(182, 26)	49
17:59:14.549	52	41.2624	(1817, 265)	(182, 27)	49
17:59:14.604	59	41.3619	(1825, 267)	(183, 27)	49
17:59:14.669	60	41.1647	(1838, 271)	(184, 27)	49
17:59:14.740	59	41.1064	(1845, 273)	(185, 27)	49
17:59:14.806	51	40.937	(1849, 275)	(185, 28)	49
17:59:14.861	57	40.8773	(1858, 278)	(186, 28)	49
17:59:14.926	57	40.5108	(1865, 280)	(187, 28)	49
17:59:14.989	55	40.4723	(1874, 285)	(187, 29)	49
17:59:15.049	58	40.6056	(1875, 285)	(188, 29)	49
17:59:15.114	60	40.3465	(1885, 289)	(189, 29)	49
17:59:15.183	55	39.9159	(1895, 294)	(190, 29)	49
17:59:15.244	54	39.9816	(1895, 295)	(190, 30)	49
17:59:15.308	58	39.927	(1905, 299)	(191, 30)	49
17:59:15.371	62	39.8815	(1912, 305)	(191, 31)	49
17:59:15.439	53	39.9803	(1915, 307)	(192, 31)	49
17:59:15.503	58	39.7086	(1925, 314)	(193, 31)	49
17:59:15.572	60	39.6736	(1926, 315)	(193, 32)	49
17:59:15.641	54	39.4327	(1935, 322)	(194, 32)	49
17:59:15.703	55	39.572	(1937, 325)	(194, 33)	49
17:59:15.767	58	39.5465	(1945, 333)	(195, 33)	49
17:59:15.837	51	39.395	(1947, 335)	(195, 34)	49
17:59:15.890	50	39.3081	(1955, 344)	(196, 34)	49
17:59:15.947	57	39.2716	(1955, 345)	(196, 35)	49
17:59:16.010	53	39.1673	(1963, 355)	(196, 36)	49
17:59:16.071	50	39.2933	(1965, 358)	(197, 36)	49
17:59:16.126	52	39.1276	(1968, 365)	(197, 37)	49
17:59:16.183	56	39.075	(1973, 375)	(197, 38)	49
17:59:16.247	54	38.8656	(1975, 379)	(198, 38)	49
17:59:16.308	52	39.2628	(1976, 385)	(198, 39)	49
17:59:16.363	57	39.359	(1980, 395)	(198, 40)	49
17:59:16.427	60	39.2191	(1982, 405)	(198, 41)	49
17:59:16.497	53	39.168	(1984, 415)	(198, 42)	49
17:59:16.558	57	39.1695	(1985, 417)	(199, 42)	49
17:59:16.623	58	39.1215	(1985, 425)	(199, 43)	49
17:59:16.692	55	38.9833	(1987, 435)	(199, 44)	49
17:59:16.753	52	39.0964	(1988, 445)	(199, 45)	49
17:59:16.811	53	38.9999	(1989, 455)	(199, 46)	49
17:59:16.870	54	39.0609	(1989, 465)	(199, 47)	49
17:59:16.927	51	39.1465	(1989, 475)	(199, 48)	49
17:59:16.982	54	39.0674	(1988, 485)	(199, 49)	49
17:59:17.047	57	39.0187	(1985, 495)	(199, 50)	49
17:59:17.108	50	39.0606	(1984, 495)	(198, 50)	49
17:59:17.162	56	39.2936	(1980, 505)	(198, 51)	49
17:59:17.227	58	39.3696	(1972, 516)	(197, 52)	49
17:59:17.296	55	39.7643	(1965, 525)	(197, 53)	49
17:59:17.357	50	39.6957	(1964, 526)	(196, 53)	49
17:59:17.412	55	40.0847	(1954, 534)	(195, 53)	49
17:59:17.477	54	40.1021	(1953, 535)	(195, 54)	49
17:59:17.538	51	40.4516	(1944, 539)	(194, 54)	49
17:59:17.593	55	40.5985	(1937, 545)	(194, 55)	49
17:59:17.657	56	40.6535	(1934, 547)	(193, 55)	49
17:59:17.721	54	41.1993	(1924, 555)	(192, 56)	49
17:59:17.782	52	41.0077	(1914, 561)	(191, 56)	49
17:59:17.837	55	41.1646	(1907, 565)	(191, 57)	49
17:59:17.901	57	41.2116	(1904, 567)	(190, 57)	49
17:59:17.963	56	41.4404	(1894, 572)	(189, 57)	49
17:59:18.026	61	41.4966	(1890, 575)	(189, 58)	49
17:59:18.095	61	41.8159	(1884, 577)	(188, 58)	49
17:59:18.166	59	41.8009	(1874, 581)	(187, 58)	49
17:59:18.235	61	42.1201	(1866, 585)	(187, 59)	49
17:59:18.305	61	42.0409	(1864, 585)	(186, 59)	49
17:59:18.374	59	42.2719	(1854, 590)	(185, 59)	49
17:59:18.436	63	42.7409	(1844, 594)	(184, 59)	49
17:59:18.506	62	42.7077	(1843, 595)	(184, 60)	49
17:59:18.576	57	42.8006	(1834, 597)	(183, 60)	49
17:59:18.637	60	43.2304	(1823, 601)	(182, 60)	49
17:59:18.710	62	43.4847	(1810, 606)	(181, 61)	49
17:59:18.780	55	43.571	(1804, 609)	(180, 61)	49
17:59:18.838	61	43.7853	(1794, 612)	(179, 61)	49
17:59:18.911	62	43.8576	(1787, 615)	(179, 62)	49
17:59:18.978	57	43.7719	(1784, 616)	(178, 62)	49
17:59:19.040	54	44.0041	(1774, 619)	(177, 62)	49
17:59:19.103	61	44.0939	(1764, 622)	(176, 62)	49
17:59:19.173	62	44.205	(1758, 625)	(176, 63)	49
17:59:19.242	57	44.3087	(1754, 626)	(175, 63)	49
17:59:19.305	64	44.1163	(1744, 628)	(174, 63)	49
17:59:19.375	64	44.3801	(1734, 631)	(173, 63)	49
17:59:19.444	59	44.7098	(1724, 633)	(172, 63)	49
17:59:19.514	65	44.7916	(1715, 635)	(172, 64)	49
17:59:19.584	60	44.7591	(1714, 635)	(171, 64)	49
17:59:19.652	61	44.8636	(1704, 637)	(170, 64)	49
17:59:19.723	64	44.9154	(1694, 638)	(169, 64)	49
17:59:19.792	61	45.2311	(1684, 640)	(168, 64)	49
17:59:19.861	60	45.3593	(1674, 641)	(167, 64)	49
17:59:19.931	64	45.2422	(1664, 642)	(166, 64)	49
17:59:19.999	59	45.5387	(1654, 643)	(165, 64)	49
17:59:20.062	63	45.407	(1644, 644)	(164, 64)	49
17:59:20.132	58	45.5175	(1633, 644)	(163, 64)	49
17:59:20.194	58	45.3901	(1624, 644)	(162, 64)	49
17:59:20.257	56	45.4839	(1614, 644)	(161, 64)	49
17:59:20.318	56	45.6523	(1604, 644)	(160, 64)	49
17:59:20.383	65	45.5376	(1594, 644)	(159, 64)	49
17:59:20.453	61	45.3619	(1584, 644)	(158, 64)	49
17:59:20.521	54	45.42	(1574, 644)	(157, 64)	49
17:59:20.584	64	45.6579	(1564, 644)	(156, 64)	49
17:59:20.654	60	45.5542	(1554, 644)	(155, 64)	49
17:59:20.722	63	45.6391	(1548, 645)	(155, 65)	49
17:59:20.793	64	45.3895	(1544, 645)	(154, 65)	49
17:59:20.862	59	45.5747	(1534, 645)	(153, 65)	49
17:59:20.924	60	45.9311	(1524, 646)	(152, 65)	49
17:59:20.987	58	45.9108	(1514, 647)	(151, 65)	49
17:59:21.048	62	45.7197	(1504, 648)	(150, 65)	49
17:59:21.120	59	45.84	(1494, 649)	(149, 65)	49
17:59:21.188	61	46.0424	(1484, 651)	(148, 65)	49
17:59:21.259	67	45.8553	(1474, 652)	(147, 65)	49
17:59:21.336	61	45.7588	(1464, 652)	(146, 65)	49
17:59:21.404	63	45.7996	(1454, 653)	(145, 65)	49
17:59:21.474	66	46.0241	(1444, 654)	(144, 65)	49
17:59:21.544	58	46.0047	(1434, 654)	(143, 65)	49
17:59:21.606	63	46.2003	(1419, 654)	(142, 65)	49
17:59:21.675	63	45.9138	(1414, 654)	(141, 65)	49
17:59:21.745	59	46.1957	(1404, 654)	(140, 65)	49
17:59:21.807	57	46.2353	(1394, 654)	(139, 65)	49
17:59:21.869	63	46.1019	(1384, 654)	(138, 65)	49
17:59:21.941	61	46.1187	(1374, 654)	(137, 65)	49
17:59:22.007	57	46.3176	(1356, 653)	(136, 65)	49
17:59:22.070	65	46.3227	(1354, 653)	(135, 65)	49
17:59:22.142	60	46.1419	(1344, 652)	(134, 65)	49
17:59:22.210	56	46.3683	(1334, 651)	(133, 65)	49
17:59:22.274	65	46.5921	(1323, 651)	(132, 65)	49
17:59:22.344	67	46.5724	(1314, 650)	(131, 65)	49
17:59:22.419	58	46.3493	(1303, 649)	(130, 65)	49
17:59:22.482	65	46.3281	(1294, 648)	(129, 65)	49
17:59:22.551	63	46.551	(1284, 647)	(128, 65)	49
17:59:22.621	62	46.5274	(1274, 647)	(127, 65)	49
17:59:22.698	65	46.2839	(1264, 646)	(126, 65)	49
17:59:22.774	65	46.1382	(1256, 644)	(126, 64)	49
17:59:22.842	60	46.2634	(1254, 644)	(125, 64)	49
17:59:22.906	67	46.5853	(1244, 643)	(124, 64)	49
17:59:22.982	63	46.5716	(1234, 643)	(123, 64)	49
17:59:23.051	60	46.4299	(1224, 641)	(122, 64)	49
17:59:23.122	66	46.4477	(1214, 641)	(121, 64)	49
17:59:23.199	62	46.7015	(1204, 641)	(120, 64)	49
17:59:23.266	63	46.7597	(1194, 640)	(119, 64)	49
17:59:23.337	66	46.5603	(1184, 639)	(118, 64)	49
17:59:23.406	63	46.5788	(1174, 639)	(117, 64)	49
17:59:23.475	60	46.8209	(1164, 637)	(116, 64)	49
17:59:23.546	66	46.793	(1154, 637)	(115, 64)	49
17:59:23.623	61	46.5733	(1144, 636)	(114, 64)	49
17:59:23.690	59	46.6683	(1134, 636)	(113, 64)	49
17:59:23.755	66	46.9653	(1124, 635)	(112, 64)	49
17:59:23.831	62	46.8517	(1114, 635)	(111, 64)	49
17:59:23.898	57	46.8036	(1110, 634)	(111, 63)	49
17:59:23.961	56	46.7244	(1104, 634)	(110, 63)	49
17:59:24.024	65	46.9052	(1093, 633)	(109, 63)	49
17:59:24.094	59	47.0723	(1084, 632)	(108, 63)	49
17:59:24.158	65	46.8609	(1074, 632)	(107, 63)	49
17:59:24.228	66	46.8379	(1064, 631)	(106, 63)	49
17:59:24.302	59	47.0779	(1051, 631)	(105, 63)	49
17:59:24.366	66	46.7056	(1032, 629)	(103, 63)	49
17:59:24.442	66	46.7979	(1024, 629)	(102, 63)	49
17:59:24.512	59	46.9212	(1014, 629)	(101, 63)	49
17:59:24.581	62	47.057	(1004, 628)	(100, 63)	49
17:59:24.652	68	47.3367	(994, 627)	(99, 63)	49
17:59:24.726	63	47.0579	(984, 627)	(98, 63)	49
17:59:24.798	62	47.128	(974, 627)	(97, 63)	49
17:59:24.866	64	47.1157	(964, 626)	(96, 63)	49
17:59:24.935	59	47.1569	(954, 626)	(95, 63)	49
17:59:24.999	66	46.877	(944, 626)	(94, 63)	49
17:59:25.075	62	46.8499	(934, 625)	(93, 63)	49
17:59:25.143	56	46.9073	(927, 624)	(93, 62)	49
17:59:25.211	66	47.0077	(924, 624)	(92, 62)	49
17:59:25.284	71	46.9584	(914, 623)	(91, 62)	49
17:59:25.360	57	46.7079	(904, 622)	(90, 62)	49
17:59:25.421	56	46.7092	(894, 621)	(89, 62)	49
17:59:25.484	57	46.812	(884, 620)	(88, 62)	49
17:59:25.547	56	46.9616	(873, 619)	(87, 62)	49
17:59:25.609	57	46.7111	(864, 619)	(86, 62)	49
17:59:25.672	55	46.6775	(854, 619)	(85, 62)	49
17:59:25.734	56	46.6628	(843, 618)	(84, 62)	49
17:59:25.797	55	46.7127	(834, 618)	(83, 62)	49
17:59:25.859	64	46.3521	(823, 617)	(82, 62)	49
17:59:25.931	60	46.564	(814, 617)	(81, 62)	49
17:59:25.999	59	46.516	(804, 617)	(80, 62)	49
17:59:26.061	63	46.3612	(794, 617)	(79, 62)	49
17:59:26.132	61	46.0853	(784, 616)	(78, 62)	49
17:59:26.200	55	46.1295	(772, 616)	(77, 62)	49
17:59:26.262	56	46.0527	(764, 615)	(76, 62)	49
17:59:26.325	55	45.8444	(754, 615)	(75, 62)	49
17:59:26.387	55	45.7193	(744, 615)	(74, 62)	49
17:59:26.450	54	45.669	(734, 615)	(73, 62)	49
17:59:26.513	54	45.4056	(724, 615)	(72, 62)	49
17:59:26.575	54	45.1481	(714, 615)	(71, 62)	49
17:59:26.630	54	44.8695	(704, 615)	(70, 62)	49
17:59:26.686	54	44.5637	(694, 615)	(69, 62)	49
17:59:26.742	56	44.4498	(684, 615)	(68, 62)	49
17:59:26.804	54	44.257	(674, 615)	(67, 62)	49
17:59:26.860	57	43.8273	(664, 616)	(66, 62)	49
17:59:26.924	57	43.7116	(654, 617)	(65, 62)	49
17:59:26.986	55	43.3846	(644, 618)	(64, 62)	49
17:59:27.048	55	43.0385	(634, 618)	(63, 62)	49
17:59:27.113	62	42.624	(624, 619)	(62, 62)	49
17:59:27.182	57	42.3116	(614, 619)	(61, 62)	49
17:59:27.243	59	42.0578	(604, 621)	(60, 62)	49
17:59:27.307	60	41.719	(594, 621)	(59, 62)	49
17:59:27.376	58	41.1524	(584, 622)	(58, 62)	49
17:59:27.437	57	41.0156	(574, 624)	(57, 62)	49
17:59:27.502	59	40.8219	(566, 625)	(57, 63)	49
17:59:27.571	60	40.8006	(564, 625)	(56, 63)	49
17:59:27.641	55	40.365	(554, 625)	(55, 63)	49
17:59:27.702	57	40.0944	(544, 626)	(54, 63)	49
17:59:27.765	60	39.7446	(534, 628)	(53, 63)	49
17:59:27.836	53	39.5209	(524, 629)	(52, 63)	49
17:59:27.896	57	39.4108	(514, 631)	(51, 63)	49
17:59:27.960	59	38.9967	(504, 633)	(50, 63)	49
17:59:28.030	57	38.8007	(494, 634)	(49, 63)	49
17:59:28.091	53	38.8283	(493, 635)	(49, 64)	49
17:59:28.147	53	38.7695	(484, 637)	(48, 64)	49
17:59:28.209	53	38.1953	(467, 641)	(47, 64)	49
17:59:28.264	49	38.1194	(464, 642)	(46, 64)	49
17:59:28.320	53	37.9796	(458, 645)	(46, 65)	49
17:59:28.377	57	37.7924	(454, 646)	(45, 65)	49
17:59:28.441	52	37.6243	(444, 650)	(44, 65)	49
17:59:28.501	48	37.5265	(434, 654)	(43, 65)	49
17:59:28.557	52	37.3095	(432, 655)	(43, 66)	49
17:59:28.615	57	37.2473	(424, 658)	(42, 66)	49
17:59:28.677	51	36.9976	(414, 662)	(41, 66)	49
17:59:28.738	54	37.1637	(409, 665)	(41, 67)	49
17:59:28.802	52	36.7345	(404, 667)	(40, 67)	49
17:59:28.863	48	36.6105	(394, 671)	(39, 67)	49
17:59:28.919	53	36.5264	(387, 675)	(39, 68)	49
17:59:28.983	55	36.3241	(384, 676)	(38, 68)	49
17:59:29.045	55	36.1782	(374, 680)	(37, 68)	49
17:59:29.108	51	36.0376	(367, 685)	(37, 69)	49
17:59:29.162	54	35.991	(364, 687)	(36, 69)	49
17:59:29.225	56	35.7785	(356, 695)	(36, 70)	49
17:59:29.288	48	35.7973	(354, 695)	(35, 70)	49
17:59:29.343	50	35.557	(344, 704)	(34, 70)	49
17:59:29.400	53	35.8676	(344, 705)	(34, 71)	49
17:59:29.462	54	35.56	(337, 715)	(34, 72)	49
17:59:29.524	50	35.4111	(335, 725)	(34, 73)	49
17:59:29.578	53	35.4753	(334, 727)	(33, 73)	49
17:59:29.638	51	35.3634	(331, 735)	(33, 74)	49
17:59:29.697	49	35.4187	(329, 746)	(33, 75)	49
17:59:29.752	46	35.4224	(329, 755)	(33, 76)	49
17:59:29.800	45	35.3247	(329, 765)	(33, 77)	49
17:59:29.849	53	35.4071	(329, 775)	(33, 78)	49
17:59:29.907	51	35.2474	(329, 785)	(33, 79)	49
17:59:29.961	46	35.3132	(329, 795)	(33, 80)	49
17:59:30.009	46	35.2474	(329, 805)	(33, 81)	49
17:59:30.058	51	35.2757	(329, 833)	(33, 83)	49
17:59:30.115	51	35.2381	(329, 836)	(33, 84)	49
17:59:30.170	47	35.1887	(329, 845)	(33, 85)	49
17:59:30.225	52	35.1975	(329, 855)	(33, 86)	49
17:59:30.282	53	35.0834	(330, 865)	(33, 87)	49
17:59:30.344	46	35.1819	(332, 875)	(33, 88)	49
17:59:30.394	54	35.2025	(335, 883)	(34, 88)	49
17:59:30.456	63	35.0782	(335, 885)	(34, 89)	49
17:59:30.526	52	35.1127	(338, 895)	(34, 90)	49
17:59:30.587	51	35.2219	(341, 905)	(34, 91)	49
17:59:30.644	56	35.1659	(345, 914)	(35, 91)	49
17:59:30.706	56	35.1622	(346, 915)	(35, 92)	49
17:59:30.769	53	35.2187	(350, 925)	(35, 93)	49
17:59:30.830	49	35.312	(355, 931)	(36, 93)	49
17:59:30.888	53	35.3052	(357, 935)	(36, 94)	49
17:59:30.949	51	35.4606	(364, 945)	(36, 95)	49
17:59:31.005	50	35.5535	(365, 945)	(37, 95)	49
17:59:31.061	56	35.5616	(373, 955)	(37, 96)	49
17:59:31.123	55	35.453	(375, 956)	(38, 96)	49
17:59:31.187	49	35.4942	(384, 965)	(38, 97)	49
17:59:31.239	45	35.6447	(385, 966)	(39, 97)	49
17:59:31.288	53	35.601	(395, 975)	(40, 98)	49
17:59:31.346	50	35.5945	(405, 982)	(41, 98)	49
17:59:31.400	49	35.7181	(411, 987)	(41, 99)	49
17:59:31.458	46	35.8681	(415, 989)	(42, 99)	49
17:59:31.511	50	35.8476	(423, 995)	(42, 100)	49
17:59:31.567	52	36.0313	(425, 996)	(43, 100)	49
17:59:31.624	49	35.9896	(435, 1001)	(44, 100)	49
17:59:31.678	53	36.0581	(441, 1005)	(44, 101)	49
17:59:31.735	54	35.941	(446, 1007)	(45, 101)	49
17:59:31.798	57	36.2646	(455, 1012)	(46, 101)	49
17:59:31.860	49	36.3541	(461, 1015)	(46, 102)	49
17:59:31.915	54	36.3717	(465, 1017)	(47, 102)	49
17:59:31.978	56	36.5945	(475, 1022)	(48, 102)	49
17:59:32.047	49	36.7123	(481, 1025)	(48, 103)	49
17:59:32.102	52	36.6649	(485, 1026)	(49, 103)	49
17:59:32.160	55	36.5739	(495, 1030)	(50, 103)	49
17:59:32.222	52	36.8052	(505, 1034)	(51, 103)	49
17:59:32.283	54	36.7744	(506, 1035)	(51, 104)	49
17:59:32.347	56	36.9148	(515, 1037)	(52, 104)	49
17:59:32.408	55	36.9951	(525, 1040)	(53, 104)	49
17:59:32.472	53	37.2662	(540, 1043)	(54, 104)	49
17:59:32.533	55	37.5019	(545, 1044)	(55, 104)	49
17:59:32.597	56	37.5033	(549, 1045)	(55, 105)	49
17:59:32.661	53	37.5656	(555, 1046)	(56, 105)	49
17:59:32.721	50	37.9535	(577, 1050)	(58, 105)	49
17:59:32.776	52	37.913	(585, 1052)	(59, 105)	49
17:59:32.834	57	38.1849	(595, 1053)	(60, 105)	49
17:59:32.895	50	38.287	(605, 1054)	(61, 105)	49
17:59:32.950	50	38.276	(608, 1055)	(61, 106)	49
17:59:33.007	57	38.3117	(615, 1056)	(62, 106)	49
17:59:33.070	54	38.6043	(625, 1057)	(63, 106)	49
17:59:33.131	53	38.7354	(635, 1058)	(64, 106)	49
17:59:33.188	58	38.8216	(645, 1059)	(65, 106)	49
17:59:33.250	60	38.9401	(655, 1060)	(66, 106)	49
17:59:33.321	54	39.1879	(665, 1061)	(67, 106)	49
17:59:33.381	53	39.4763	(675, 1061)	(68, 106)	49
17:59:33.437	55	39.5596	(685, 1063)	(69, 106)	49
17:59:33.501	52	39.6713	(695, 1063)	(70, 106)	49
17:59:33.561	57	39.9782	(705, 1064)	(71, 106)	49
17:59:33.626	59	40.1892	(715, 1064)	(72, 106)	49
17:59:33.689	57	40.2114	(719, 1065)	(72, 107)	49
17:59:33.750	57	40.515	(725, 1065)	(73, 107)	49
17:59:33.814	56	40.2604	(735, 1066)	(74, 107)	49
17:59:33.876	61	40.6681	(745, 1066)	(75, 107)	49
17:59:33.946	55	40.7776	(755, 1066)	(76, 107)	49
17:59:34.006	57	40.9148	(765, 1066)	(77, 107)	49
17:59:34.071	61	40.9618	(775, 1067)	(78, 107)	49
17:59:34.141	55	41.2231	(785, 1067)	(79, 107)	49
17:59:34.202	51	41.4759	(795, 1068)	(80, 107)	49
17:59:34.256	59	41.4978	(805, 1069)	(81, 107)	49
17:59:34.321	61	41.4436	(815, 1070)	(82, 107)	49
17:59:34.390	52	41.8087	(825, 1071)	(83, 107)	49
17:59:34.444	56	41.9886	(835, 1072)	(84, 107)	49
17:59:34.509	64	41.9686	(845, 1073)	(85, 107)	49
17:59:34.579	56	41.9825	(856, 1074)	(86, 107)	49
17:59:34.640	58	42.019	(862, 1075)	(86, 108)	49
17:59:34.704	61	42.1831	(865, 1075)	(87, 108)	49
17:59:34.776	56	42.2929	(875, 1075)	(88, 108)	49
17:59:34.834	60	42.4547	(885, 1076)	(89, 108)	49
17:59:34.905	61	42.4361	(895, 1077)	(90, 108)	49
17:59:34.975	59	42.6689	(905, 1078)	(91, 108)	49
17:59:35.036	60	42.7093	(915, 1078)	(92, 108)	49
17:59:35.106	55	42.8467	(925, 1079)	(93, 108)	49
17:59:35.168	55	42.8621	(935, 1080)	(94, 108)	49
17:59:35.231	57	43.1681	(945, 1081)	(95, 108)	49
17:59:35.294	61	42.9015	(955, 1082)	(96, 108)	49
17:59:35.364	63	43.019	(965, 1082)	(97, 108)	49
17:59:35.433	54	43.0881	(975, 1083)	(98, 108)	49
17:59:35.494	60	43.3305	(986, 1083)	(99, 108)	49
17:59:35.559	61	43.3646	(995, 1084)	(100, 108)	49
17:59:35.630	57	43.4196	(1005, 1084)	(101, 108)	49
17:59:35.689	56	43.4453	(1015, 1084)	(102, 108)	49
17:59:35.754	62	43.509	(1017, 1085)	(102, 109)	49
17:59:35.823	58	43.609	(1025, 1085)	(103, 109)	49
17:59:35.884	53	43.4624	(1040, 1085)	(104, 109)	49
17:59:35.939	59	43.567	(1048, 1085)	(105, 109)	49
17:59:36.003	60	43.5473	(1055, 1086)	(106, 109)	49
17:59:36.072	56	43.756	(1065, 1086)	(107, 109)	49
17:59:36.137	59	43.7601	(1075, 1086)	(108, 109)	49
17:59:36.204	62	43.851	(1085, 1086)	(109, 109)	49
17:59:36.273	56	43.6864	(1096, 1086)	(110, 109)	49
17:59:36.336	57	43.8689	(1105, 1086)	(111, 109)	49
17:59:36.399	58	43.9314	(1115, 1086)	(112, 109)	49
17:59:36.463	57	43.6935	(1126, 1086)	(113, 109)	49
17:59:36.524	58	43.773	(1135, 1086)	(114, 109)	49
17:59:36.588	62	43.8493	(1146, 1086)	(115, 109)	49
17:59:36.657	59	43.8961	(1155, 1086)	(116, 109)	49
17:59:36.725	63	43.6913	(1166, 1086)	(117, 109)	49
17:59:36.796	61	43.7301	(1175, 1086)	(118, 109)	49
17:59:36.864	57	43.8853	(1185, 1085)	(119, 109)	49
17:59:36.927	60	43.8424	(1188, 1084)	(119, 108)	49
17:59:36.998	63	43.8585	(1195, 1084)	(120, 108)	49
17:59:37.069	69	43.8093	(1205, 1082)	(121, 108)	49
17:59:37.142	54	43.8816	(1215, 1081)	(122, 108)	49
17:59:37.197	53	44.0521	(1225, 1081)	(123, 108)	49
17:59:37.253	53	43.9247	(1235, 1081)	(124, 108)	49
17:59:37.309	52	44.0536	(1245, 1080)	(125, 108)	49
17:59:37.364	52	43.8144	(1255, 1080)	(126, 108)	49
17:59:37.420	53	43.8393	(1265, 1079)	(127, 108)	49
17:59:37.475	54	43.819	(1275, 1078)	(128, 108)	49
17:59:37.531	59	43.6399	(1286, 1077)	(129, 108)	49
17:59:37.595	63	43.5135	(1295, 1077)	(130, 108)	49
17:59:37.664	55	43.7292	(1305, 1077)	(131, 108)	49
17:59:37.726	54	43.6246	(1315, 1077)	(132, 108)	49
17:59:37.790	64	43.4415	(1325, 1077)	(133, 108)	49
17:59:37.860	63	43.352	(1335, 1077)	(134, 108)	49
17:59:37.929	61	43.3622	(1345, 1077)	(135, 108)	49
17:59:37.997	57	43.2107	(1355, 1077)	(136, 108)	49
17:59:38.061	59	43.1191	(1365, 1079)	(137, 108)	49
17:59:38.124	58	42.7733	(1375, 1080)	(138, 108)	49
17:59:38.185	52	42.8929	(1385, 1081)	(139, 108)	49
17:59:38.240	54	42.7376	(1395, 1081)	(140, 108)	49
17:59:38.304	62	42.3999	(1405, 1083)	(141, 108)	49
17:59:38.373	56	42.1594	(1416, 1084)	(142, 108)	49
17:59:38.435	57	42.2554	(1418, 1085)	(142, 109)	49
17:59:38.499	55	42.1862	(1425, 1085)	(143, 109)	49
17:59:38.560	52	42.128	(1437, 1088)	(144, 109)	49
17:59:38.616	50	42.0224	(1445, 1088)	(145, 109)	49
17:59:38.671	59	41.7689	(1455, 1089)	(146, 109)	49
17:59:38.736	58	41.5578	(1465, 1090)	(147, 109)	49
17:59:38.797	55	41.4342	(1476, 1091)	(148, 109)	49
17:59:38.860	57	41.3889	(1485, 1092)	(149, 109)	49
17:59:38.923	61	41.0613	(1495, 1093)	(150, 109)	49
17:59:38.993	55	41.0921	(1505, 1093)	(151, 109)	49
17:59:39.053	59	40.9413	(1515, 1093)	(152, 109)	49
17:59:39.117	61	40.7175	(1525, 1093)	(153, 109)	49
17:59:39.188	55	40.4612	(1535, 1094)	(154, 109)	49
17:59:39.248	57	40.3933	(1545, 1094)	(155, 109)	49
17:59:39.313	59	40.1973	(1555, 1094)	(156, 109)	49
17:59:39.382	54	40.0247	(1565, 1094)	(157, 109)	49
17:59:39.443	58	39.9153	(1566, 1095)	(157, 110)	49
17:59:39.507	60	39.7406	(1575, 1095)	(158, 110)	49
17:59:39.576	53	39.6455	(1585, 1095)	(159, 110)	49
17:59:39.638	55	39.5658	(1596, 1096)	(160, 110)	49
17:59:39.702	59	39.4093	(1605, 1096)	(161, 110)	49
17:59:39.772	58	39.2344	(1615, 1096)	(162, 110)	49
17:59:39.835	53	38.9144	(1625, 1097)	(163, 110)	49
17:59:39.895	56	38.8865	(1635, 1097)	(164, 110)	49
17:59:39.961	59	38.6566	(1645, 1097)	(165, 110)	49
17:59:40.029	53	38.3105	(1655, 1098)	(166, 110)	49
17:59:40.090	47	38.219	(1665, 1098)	(167, 110)	49
17:59:40.138	54	38.0514	(1675, 1099)	(168, 110)	49
17:59:40.203	56	37.8739	(1685, 1099)	(169, 110)	49
17:59:40.264	49	37.6822	(1695, 1100)	(170, 110)	49
17:59:40.318	56	37.5252	(1705, 1100)	(171, 110)	49
17:59:40.383	56	37.4415	(1715, 1101)	(172, 110)	49
17:59:40.446	53	37.329	(1725, 1101)	(173, 110)	49
17:59:40.507	55	37.1286	(1735, 1103)	(174, 110)	49
17:59:40.571	54	36.984	(1748, 1104)	(175, 110)	49
17:59:40.632	51	36.9486	(1753, 1105)	(175, 111)	49
17:59:40.689	50	36.9729	(1755, 1105)	(176, 111)	49
17:59:40.745	55	36.6908	(1765, 1106)	(177, 111)	49
17:59:40.807	52	36.5951	(1775, 1107)	(178, 111)	49
17:59:40.862	49	36.4504	(1785, 1108)	(179, 111)	49
17:59:40.917	52	36.2907	(1798, 1109)	(180, 111)	49
17:59:40.974	56	36.2473	(1806, 1111)	(181, 111)	49
17:59:41.037	55	36.073	(1815, 1112)	(182, 111)	49
17:59:41.100	49	36.0207	(1825, 1112)	(183, 111)	49
17:59:41.154	51	35.88	(1835, 1113)	(184, 111)	49
17:59:41.213	54	35.6874	(1850, 1114)	(185, 111)	49
17:59:41.273	53	35.6908	(1855, 1114)	(186, 111)	49
17:59:41.335	53	35.6397	(1858, 1115)	(186, 112)	49
17:59:41.398	56	35.5861	(1865, 1116)	(187, 112)	49
17:59:41.461	53	35.5499	(1877, 1117)	(188, 112)	49
17:59:41.522	45	35.4964	(1885, 1118)	(189, 112)	49
17:59:41.570	46	35.3209	(1895, 1120)	(190, 112)	49
17:59:41.621	49	35.2372	(1905, 1121)	(191, 112)	49
17:59:41.674	52	34.2102	(0, 0)	(0, 0)	49
EOM

