BOM
Frame extends: 2263, 1306
_ms_area: 10
measurements taken: 585
current rendering method: 1
is mouse replay: 1
Camera settings: Roation Quaternion: ( -0.00927681, 0.775348, -0.00906515, -0.631399), Translationsvektor: ( 0.326116, -0.188361, 1.775).
System_Time	Elapsed_Time_PaintGL	Elapsed_Kernel_Time	Frame_Coordinates	Grid_Position	Manual_Measurement
15:56:38.031	30	13.7738	(318, 226)	(32, 23)	62
15:56:38.064	28	13.9021	(325, 225)	(33, 23)	62
15:56:38.098	29	14.0341	(335, 225)	(34, 23)	62
15:56:38.134	35	14.1185	(345, 225)	(35, 23)	62
15:56:38.179	35	14.3313	(357, 225)	(36, 23)	62
15:56:38.217	36	14.5406	(372, 225)	(37, 23)	62
15:56:38.259	30	14.6747	(375, 225)	(38, 23)	62
15:56:38.293	36	14.8126	(385, 225)	(39, 23)	62
15:56:38.336	39	14.8833	(395, 225)	(40, 23)	62
15:56:38.384	35	15.0736	(405, 225)	(41, 23)	62
15:56:38.425	34	15.2516	(415, 225)	(42, 23)	62
15:56:38.467	35	15.7015	(425, 225)	(43, 23)	62
15:56:38.509	33	15.4698	(435, 226)	(44, 23)	62
15:56:38.550	35	15.5713	(445, 226)	(45, 23)	62
15:56:38.592	35	15.6879	(455, 226)	(46, 23)	62
15:56:38.634	34	15.7249	(465, 227)	(47, 23)	62
15:56:38.676	30	15.9576	(475, 227)	(48, 23)	62
15:56:38.710	36	15.9514	(485, 228)	(49, 23)	62
15:56:38.753	36	15.952	(495, 228)	(50, 23)	62
15:56:38.794	36	16.04	(505, 229)	(51, 23)	62
15:56:38.836	38	16.1693	(515, 229)	(52, 23)	62
15:56:38.879	33	16.2081	(525, 229)	(53, 23)	62
15:56:38.919	40	16.3036	(535, 229)	(54, 23)	62
15:56:38.969	43	16.3465	(545, 229)	(55, 23)	62
15:56:39.017	43	16.4363	(555, 229)	(56, 23)	62
15:56:39.066	34	16.5083	(565, 229)	(57, 23)	62
15:56:39.106	32	16.6618	(575, 229)	(58, 23)	62
15:56:39.141	31	16.6852	(585, 229)	(59, 23)	62
15:56:39.176	35	16.7452	(596, 229)	(60, 23)	62
15:56:39.218	39	16.744	(605, 230)	(61, 23)	62
15:56:39.267	37	16.8159	(615, 230)	(62, 23)	62
15:56:39.308	32	16.9867	(626, 230)	(63, 23)	62
15:56:39.342	31	17.081	(635, 230)	(64, 23)	62
15:56:39.377	34	17.0597	(645, 230)	(65, 23)	62
15:56:39.419	36	17.0687	(655, 230)	(66, 23)	62
15:56:39.461	42	17.2129	(665, 230)	(67, 23)	62
15:56:39.511	36	17.3099	(680, 230)	(68, 23)	62
15:56:39.552	36	17.6037	(685, 230)	(69, 23)	62
15:56:39.593	37	17.3679	(695, 230)	(70, 23)	62
15:56:39.636	45	17.3859	(705, 230)	(71, 23)	62
15:56:39.692	39	17.444	(715, 230)	(72, 23)	62
15:56:39.739	34	17.5354	(725, 230)	(73, 23)	62
15:56:39.781	38	17.4347	(735, 230)	(74, 23)	62
15:56:39.823	39	17.5056	(749, 230)	(75, 23)	62
15:56:39.872	41	17.535	(756, 230)	(76, 23)	62
15:56:39.922	39	17.5359	(766, 230)	(77, 23)	62
15:56:39.968	41	17.5883	(775, 230)	(78, 23)	62
15:56:40.018	45	17.4822	(785, 230)	(79, 23)	62
15:56:40.074	44	17.4323	(796, 229)	(80, 23)	62
15:56:40.130	39	17.4287	(805, 229)	(81, 23)	62
15:56:40.177	35	17.4704	(815, 229)	(82, 23)	62
15:56:40.218	37	17.4163	(825, 228)	(83, 23)	62
15:56:40.261	36	17.7476	(835, 228)	(84, 23)	62
15:56:40.303	35	17.3575	(845, 228)	(85, 23)	62
15:56:40.344	35	17.3748	(855, 228)	(86, 23)	62
15:56:40.386	47	17.5391	(865, 228)	(87, 23)	62
15:56:40.442	37	17.2369	(875, 228)	(88, 23)	62
15:56:40.483	37	17.2132	(885, 228)	(89, 23)	62
15:56:40.525	38	17.216	(895, 228)	(90, 23)	62
15:56:40.567	34	17.2379	(905, 228)	(91, 23)	62
15:56:40.608	31	17.2379	(915, 228)	(92, 23)	62
15:56:40.642	35	17.2127	(925, 228)	(93, 23)	62
15:56:40.685	38	17.1538	(935, 228)	(94, 23)	62
15:56:40.727	37	17.1336	(945, 227)	(95, 23)	62
15:56:40.769	34	17.2019	(957, 227)	(96, 23)	62
15:56:40.809	32	17.2492	(966, 227)	(97, 23)	62
15:56:40.844	32	17.1132	(975, 227)	(98, 23)	62
15:56:40.879	33	17.1089	(985, 227)	(99, 23)	62
15:56:40.921	34	17.1591	(995, 227)	(100, 23)	62
15:56:40.966	36	17.0544	(1005, 227)	(101, 23)	62
15:56:41.011	34	17.096	(1015, 226)	(102, 23)	62
15:56:41.053	34	17.0569	(1025, 226)	(103, 23)	62
15:56:41.095	33	17.0378	(1035, 226)	(104, 23)	62
15:56:41.137	42	16.9618	(1045, 225)	(105, 23)	62
15:56:41.187	36	16.9659	(1055, 225)	(106, 23)	62
15:56:41.227	32	16.9895	(1065, 225)	(107, 23)	62
15:56:41.261	32	16.9444	(1071, 224)	(107, 22)	62
15:56:41.296	34	16.9375	(1075, 224)	(108, 22)	62
15:56:41.339	35	16.8409	(1085, 224)	(109, 22)	62
15:56:41.380	45	16.821	(1095, 224)	(110, 22)	62
15:56:41.428	32	16.8793	(1105, 224)	(111, 22)	62
15:56:41.463	32	16.8221	(1115, 224)	(112, 22)	62
15:56:41.497	32	16.767	(1125, 224)	(113, 22)	62
15:56:41.532	32	16.6881	(1135, 224)	(114, 22)	62
15:56:41.567	31	16.5545	(1146, 223)	(115, 22)	62
15:56:41.602	32	16.5665	(1155, 223)	(116, 22)	62
15:56:41.637	39	16.5359	(1165, 223)	(117, 22)	62
15:56:41.686	40	16.3996	(1175, 223)	(118, 22)	62
15:56:41.735	47	16.3735	(1185, 223)	(119, 22)	62
15:56:41.791	34	16.2871	(1195, 223)	(120, 22)	62
15:56:41.833	33	16.1714	(1205, 223)	(121, 22)	62
15:56:41.874	32	16.4788	(1215, 223)	(122, 22)	62
15:56:41.914	34	15.8979	(1225, 223)	(123, 22)	62
15:56:41.957	34	16.168	(1235, 223)	(124, 22)	62
15:56:41.999	34	15.5953	(1245, 223)	(125, 22)	62
15:56:42.040	29	15.5249	(1255, 223)	(126, 22)	62
15:56:42.075	33	15.5012	(1265, 224)	(127, 22)	62
15:56:42.117	35	15.7286	(1275, 224)	(128, 22)	62
15:56:42.159	38	15.239	(1282, 225)	(128, 23)	62
15:56:42.208	35	15.2412	(1285, 225)	(129, 23)	62
15:56:42.248	29	15.2092	(1295, 226)	(130, 23)	62
15:56:42.283	29	15.1825	(1305, 226)	(131, 23)	62
15:56:42.317	33	15.0837	(1316, 228)	(132, 23)	62
15:56:42.353	36	14.8353	(1326, 228)	(133, 23)	62
15:56:42.395	36	14.7588	(1335, 228)	(134, 23)	62
15:56:42.437	31	15.1326	(1345, 229)	(135, 23)	62
15:56:42.471	31	14.6711	(1355, 230)	(136, 23)	62
15:56:42.505	32	14.5305	(1366, 230)	(137, 23)	62
15:56:42.541	35	14.3541	(1375, 230)	(138, 23)	62
15:56:42.583	37	14.251	(1386, 231)	(139, 23)	62
15:56:42.625	31	14.1021	(1395, 231)	(140, 23)	62
15:56:42.659	29	13.9773	(1405, 232)	(141, 23)	62
15:56:42.693	30	13.8036	(1415, 232)	(142, 23)	62
15:56:42.728	29	13.6307	(1425, 232)	(143, 23)	62
15:56:42.763	37	13.4738	(1435, 233)	(144, 23)	62
15:56:42.806	40	13.1373	(1445, 234)	(145, 23)	62
15:56:42.856	34	13.0305	(1455, 234)	(146, 23)	62
15:56:42.895	30	12.8019	(1465, 234)	(147, 23)	62
15:56:42.930	32	12.5461	(1478, 234)	(148, 23)	62
15:56:42.965	31	12.3579	(1485, 234)	(149, 23)	62
15:56:42.999	33	12.3643	(1488, 235)	(149, 24)	62
15:56:43.042	31	12.1621	(1495, 235)	(150, 24)	62
15:56:43.076	32	11.9036	(1506, 235)	(151, 24)	62
15:56:43.111	31	11.7356	(1516, 235)	(152, 24)	62
15:56:43.146	31	11.4812	(1526, 236)	(153, 24)	62
15:56:43.181	30	11.2553	(1535, 236)	(154, 24)	62
15:56:43.215	30	11.0289	(1546, 236)	(155, 24)	62
15:56:43.251	29	10.8847	(1556, 237)	(156, 24)	62
15:56:43.285	30	10.6975	(1565, 237)	(157, 24)	62
15:56:43.320	29	10.4314	(1575, 238)	(158, 24)	62
15:56:43.354	30	10.2594	(1585, 238)	(159, 24)	62
15:56:43.389	29	10.4896	(1595, 239)	(160, 24)	62
15:56:43.423	30	9.908	(1605, 239)	(161, 24)	62
15:56:43.459	29	9.76415	(1615, 240)	(162, 24)	62
15:56:43.493	25	9.52044	(1625, 240)	(163, 24)	62
15:56:43.520	23	9.30074	(1636, 241)	(164, 24)	62
15:56:43.548	23	9.19096	(1645, 242)	(165, 24)	62
15:56:43.575	27	9.01111	(1655, 242)	(166, 24)	62
15:56:43.604	28	8.74592	(1666, 243)	(167, 24)	62
15:56:43.639	28	8.56089	(1676, 244)	(168, 24)	62
15:56:43.674	25	8.53689	(1677, 245)	(168, 25)	62
15:56:43.701	24	8.42044	(1686, 245)	(169, 25)	62
15:56:43.729	23	8.27304	(1696, 246)	(170, 25)	62
15:56:43.757	24	8.15141	(1705, 246)	(171, 25)	62
15:56:43.786	26	7.952	(1715, 248)	(172, 25)	62
15:56:43.820	27	7.75556	(1726, 249)	(173, 25)	62
15:56:43.855	26	7.61333	(1735, 250)	(174, 25)	62
15:56:43.890	27	7.45081	(1745, 251)	(175, 25)	62
15:56:43.924	27	7.71541	(1755, 253)	(176, 25)	62
15:56:43.959	27	7.09778	(1765, 254)	(177, 25)	62
15:56:43.994	27	7.08104	(1768, 255)	(177, 26)	62
15:56:44.029	26	7.03526	(1775, 256)	(178, 26)	62
15:56:44.063	27	6.89689	(1785, 258)	(179, 26)	62
15:56:44.098	23	6.69748	(1795, 260)	(180, 26)	62
15:56:44.125	22	6.64341	(1805, 262)	(181, 26)	62
15:56:44.153	20	6.51941	(1815, 264)	(182, 26)	62
15:56:44.181	21	6.49852	(1817, 265)	(182, 27)	62
15:56:44.208	21	6.40711	(1825, 267)	(183, 27)	62
15:56:44.236	21	6.23822	(1838, 271)	(184, 27)	62
15:56:44.265	20	6.20044	(1845, 273)	(185, 27)	62
15:56:44.293	20	6.17882	(1849, 275)	(185, 28)	62
15:56:44.320	20	6.06667	(1858, 278)	(186, 28)	62
15:56:44.348	20	5.92444	(1865, 280)	(187, 28)	62
15:56:44.376	20	5.87141	(1874, 285)	(187, 29)	62
15:56:44.403	21	5.84459	(1875, 285)	(188, 29)	62
15:56:44.432	26	5.73081	(1885, 289)	(189, 29)	62
15:56:44.467	24	5.61348	(1895, 294)	(190, 29)	62
15:56:44.495	26	5.62785	(1895, 295)	(190, 30)	62
15:56:44.529	20	5.56948	(1905, 299)	(191, 30)	62
15:56:44.556	21	5.55985	(1912, 305)	(191, 31)	62
15:56:44.584	21	5.55778	(1915, 307)	(192, 31)	62
15:56:44.612	21	5.45096	(1925, 314)	(193, 31)	62
15:56:44.640	20	5.4757	(1926, 315)	(193, 32)	62
15:56:44.667	21	5.39882	(1935, 322)	(194, 32)	62
15:56:44.695	22	5.37333	(1937, 325)	(194, 33)	62
15:56:44.724	20	5.36578	(1945, 333)	(195, 33)	62
15:56:44.751	20	5.31689	(1947, 335)	(195, 34)	62
15:56:44.779	20	5.30874	(1955, 344)	(196, 34)	62
15:56:44.806	22	5.29511	(1955, 345)	(196, 35)	62
15:56:44.834	21	5.24904	(1963, 355)	(196, 36)	62
15:56:44.863	21	5.21807	(1965, 358)	(197, 36)	62
15:56:44.890	21	5.2483	(1968, 365)	(197, 37)	62
15:56:44.919	20	5.24978	(1973, 375)	(197, 38)	62
15:56:44.946	19	5.26726	(1975, 379)	(198, 38)	62
15:56:44.966	20	5.27956	(1976, 385)	(198, 39)	62
15:56:44.987	19	5.28044	(1980, 395)	(198, 40)	62
15:56:45.008	21	5.34548	(1982, 405)	(198, 41)	62
15:56:45.036	21	5.37659	(1984, 415)	(198, 42)	62
15:56:45.064	21	5.38815	(1985, 417)	(199, 42)	62
15:56:45.091	22	5.45378	(1985, 425)	(199, 43)	62
15:56:45.120	22	5.476	(1987, 435)	(199, 44)	62
15:56:45.148	19	5.52696	(1988, 445)	(199, 45)	62
15:56:45.168	19	5.56341	(1989, 455)	(199, 46)	62
15:56:45.189	19	5.62059	(1989, 465)	(199, 47)	62
15:56:45.210	19	5.62978	(1989, 475)	(199, 48)	62
15:56:45.231	19	5.66904	(1988, 485)	(199, 49)	62
15:56:45.258	21	5.732	(1985, 495)	(199, 50)	62
15:56:45.286	20	5.764	(1984, 495)	(198, 50)	62
15:56:45.314	20	5.88193	(1980, 505)	(198, 51)	62
15:56:45.341	21	6.13852	(1972, 516)	(197, 52)	62
15:56:45.369	21	6.26726	(1965, 525)	(197, 53)	62
15:56:45.398	20	6.29378	(1964, 526)	(196, 53)	62
15:56:45.426	26	6.46563	(1954, 534)	(195, 53)	62
15:56:45.461	25	6.50237	(1953, 535)	(195, 54)	62
15:56:45.496	26	6.64504	(1944, 539)	(194, 54)	62
15:56:45.530	27	6.80548	(1937, 545)	(194, 55)	62
15:56:45.565	22	6.84089	(1934, 547)	(193, 55)	62
15:56:45.592	22	7.21822	(1924, 555)	(192, 56)	62
15:56:45.620	23	7.40785	(1914, 561)	(191, 56)	62
15:56:45.648	23	7.56119	(1907, 565)	(191, 57)	62
15:56:45.676	22	7.63111	(1904, 567)	(190, 57)	62
15:56:45.703	23	7.93615	(1894, 572)	(189, 57)	62
15:56:45.732	23	8.064	(1890, 575)	(189, 58)	62
15:56:45.760	23	8.20548	(1884, 577)	(188, 58)	62
15:56:45.787	24	8.37926	(1874, 581)	(187, 58)	62
15:56:45.816	23	8.58548	(1866, 585)	(187, 59)	62
15:56:45.843	23	8.67096	(1864, 585)	(186, 59)	62
15:56:45.870	24	9.02711	(1854, 590)	(185, 59)	62
15:56:45.898	24	9.32059	(1844, 594)	(184, 59)	62
15:56:45.926	24	9.33111	(1843, 595)	(184, 60)	62
15:56:45.954	25	9.61822	(1834, 597)	(183, 60)	62
15:56:45.982	24	10.0121	(1823, 601)	(182, 60)	62
15:56:46.009	26	10.3763	(1810, 606)	(181, 61)	62
15:56:46.037	26	10.5659	(1804, 609)	(180, 61)	62
15:56:46.065	26	10.9024	(1794, 612)	(179, 61)	62
15:56:46.093	26	11.1767	(1787, 615)	(179, 62)	62
15:56:46.128	27	11.2711	(1784, 616)	(178, 62)	62
15:56:46.162	28	11.5441	(1774, 619)	(177, 62)	62
15:56:46.197	27	11.8261	(1764, 622)	(176, 62)	62
15:56:46.232	35	11.9711	(1758, 625)	(176, 63)	62
15:56:46.275	35	12.084	(1754, 626)	(175, 63)	62
15:56:46.317	37	12.4622	(1744, 628)	(174, 63)	62
15:56:46.357	31	12.7822	(1734, 631)	(173, 63)	62
15:56:46.391	27	13.1804	(1724, 633)	(172, 63)	62
15:56:46.419	27	13.3785	(1715, 635)	(172, 64)	62
15:56:46.454	32	13.3462	(1714, 635)	(171, 64)	62
15:56:46.496	36	13.7163	(1704, 637)	(170, 64)	62
15:56:46.539	31	13.9649	(1694, 638)	(169, 64)	62
15:56:46.573	28	14.3237	(1684, 640)	(168, 64)	62
15:56:46.607	28	14.5603	(1674, 641)	(167, 64)	62
15:56:46.642	29	14.8222	(1664, 642)	(166, 64)	62
15:56:46.677	34	15.0437	(1654, 643)	(165, 64)	62
15:56:46.719	36	15.2277	(1644, 644)	(164, 64)	62
15:56:46.761	34	15.5622	(1633, 644)	(163, 64)	62
15:56:46.802	33	15.8046	(1624, 644)	(162, 64)	62
15:56:46.836	34	16.0207	(1614, 644)	(161, 64)	62
15:56:46.879	40	16.2665	(1604, 644)	(160, 64)	62
15:56:46.929	44	16.5059	(1594, 644)	(159, 64)	62
15:56:46.978	37	16.6862	(1584, 644)	(158, 64)	62
15:56:47.019	35	16.8627	(1574, 644)	(157, 64)	62
15:56:47.060	35	17.0759	(1564, 644)	(156, 64)	62
15:56:47.101	37	17.305	(1554, 644)	(155, 64)	62
15:56:47.143	36	17.3969	(1548, 645)	(155, 65)	62
15:56:47.185	34	17.4219	(1544, 645)	(154, 65)	62
15:56:47.227	33	18.0997	(1534, 645)	(153, 65)	62
15:56:47.268	32	17.8467	(1524, 646)	(152, 65)	62
15:56:47.302	34	17.9464	(1514, 647)	(151, 65)	62
15:56:47.346	40	18.032	(1504, 648)	(150, 65)	62
15:56:47.396	36	18.2258	(1494, 649)	(149, 65)	62
15:56:47.435	34	18.4187	(1484, 651)	(148, 65)	62
15:56:47.476	35	18.4846	(1474, 652)	(147, 65)	62
15:56:47.518	34	18.5418	(1464, 652)	(146, 65)	62
15:56:47.560	40	18.5167	(1454, 653)	(145, 65)	62
15:56:47.609	35	18.6102	(1444, 654)	(144, 65)	62
15:56:47.651	41	18.7413	(1434, 654)	(143, 65)	62
15:56:47.700	46	18.8255	(1419, 654)	(142, 65)	62
15:56:47.756	54	18.8745	(1414, 654)	(141, 65)	62
15:56:47.819	37	18.9172	(1404, 654)	(140, 65)	62
15:56:47.858	33	19.0255	(1394, 654)	(139, 65)	62
15:56:47.893	37	19.0234	(1384, 654)	(138, 65)	62
15:56:47.935	41	18.996	(1374, 654)	(137, 65)	62
15:56:47.985	40	19.0073	(1356, 653)	(136, 65)	62
15:56:48.033	33	19.0636	(1354, 653)	(135, 65)	62
15:56:48.074	32	19.0034	(1344, 652)	(134, 65)	62
15:56:48.109	36	18.9796	(1334, 651)	(133, 65)	62
15:56:48.151	37	18.8868	(1323, 651)	(132, 65)	62
15:56:48.192	39	18.9846	(1314, 650)	(131, 65)	62
15:56:48.235	38	19.045	(1303, 649)	(130, 65)	62
15:56:48.276	39	19.0834	(1294, 648)	(129, 65)	62
15:56:48.318	38	19.1141	(1284, 647)	(128, 65)	62
15:56:48.359	39	19.1381	(1274, 647)	(127, 65)	62
15:56:48.401	39	19.2087	(1264, 646)	(126, 65)	62
15:56:48.444	38	19.2668	(1256, 644)	(126, 64)	62
15:56:48.485	40	19.2973	(1254, 644)	(125, 64)	62
15:56:48.534	39	19.3299	(1244, 643)	(124, 64)	62
15:56:48.575	43	19.3812	(1234, 643)	(123, 64)	62
15:56:48.625	42	19.3809	(1224, 641)	(122, 64)	62
15:56:48.672	36	19.4818	(1214, 641)	(121, 64)	62
15:56:48.714	36	19.5231	(1204, 641)	(120, 64)	62
15:56:48.756	40	19.4905	(1194, 640)	(119, 64)	62
15:56:48.804	40	19.4287	(1184, 639)	(118, 64)	62
15:56:48.854	43	19.4539	(1174, 639)	(117, 64)	62
15:56:48.902	35	19.5393	(1164, 637)	(116, 64)	62
15:56:48.943	40	19.3204	(1154, 637)	(115, 64)	62
15:56:48.986	41	19.2633	(1144, 636)	(114, 64)	62
15:56:49.034	39	19.1351	(1134, 636)	(113, 64)	62
15:56:49.076	36	19.2058	(1124, 635)	(112, 64)	62
15:56:49.117	42	19.1316	(1114, 635)	(111, 64)	62
15:56:49.167	47	19.1159	(1110, 634)	(111, 63)	62
15:56:49.224	45	19.1043	(1104, 634)	(110, 63)	62
15:56:49.280	39	19.08	(1093, 633)	(109, 63)	62
15:56:49.325	33	19.0753	(1084, 632)	(108, 63)	62
15:56:49.359	33	19.0259	(1074, 632)	(107, 63)	62
15:56:49.394	33	18.9778	(1064, 631)	(106, 63)	62
15:56:49.429	37	18.9532	(1051, 631)	(105, 63)	62
15:56:49.472	37	18.8387	(1032, 629)	(103, 63)	62
15:56:49.513	34	18.8261	(1024, 629)	(102, 63)	62
15:56:49.555	39	19.3367	(1014, 629)	(101, 63)	62
15:56:49.597	38	18.7561	(1004, 628)	(100, 63)	62
15:56:49.639	37	18.7492	(994, 627)	(99, 63)	62
15:56:49.680	37	18.7144	(984, 627)	(98, 63)	62
15:56:49.721	33	18.7236	(974, 627)	(97, 63)	62
15:56:49.756	34	18.6803	(964, 626)	(96, 63)	62
15:56:49.798	39	18.608	(954, 626)	(95, 63)	62
15:56:49.840	40	18.4807	(944, 626)	(94, 63)	62
15:56:49.889	38	18.4348	(934, 625)	(93, 63)	62
15:56:49.930	34	18.4825	(927, 624)	(93, 62)	62
15:56:49.972	39	18.484	(924, 624)	(92, 62)	62
15:56:50.015	39	18.359	(914, 623)	(91, 62)	62
15:56:50.063	40	18.287	(904, 622)	(90, 62)	62
15:56:50.113	40	18.2201	(894, 621)	(89, 62)	62
15:56:50.162	35	18.1037	(884, 620)	(88, 62)	62
15:56:50.203	40	18.0824	(873, 619)	(87, 62)	62
15:56:50.251	44	18.0218	(864, 619)	(86, 62)	62
15:56:50.301	40	17.8953	(854, 619)	(85, 62)	62
15:56:50.348	33	17.8818	(843, 618)	(84, 62)	62
15:56:50.389	37	17.7601	(834, 618)	(83, 62)	62
15:56:50.431	37	17.667	(823, 617)	(82, 62)	62
15:56:50.473	38	17.597	(814, 617)	(81, 62)	62
15:56:50.515	38	17.4431	(804, 617)	(80, 62)	62
15:56:50.556	37	17.4776	(794, 617)	(79, 62)	62
15:56:50.598	38	17.287	(784, 616)	(78, 62)	62
15:56:50.640	36	17.1606	(772, 616)	(77, 62)	62
15:56:50.681	37	17.1345	(764, 615)	(76, 62)	62
15:56:50.723	34	16.9896	(754, 615)	(75, 62)	62
15:56:50.764	30	16.9618	(744, 615)	(74, 62)	62
15:56:50.798	36	16.8723	(734, 615)	(73, 62)	62
15:56:50.842	40	16.7655	(724, 615)	(72, 62)	62
15:56:50.890	40	16.6062	(714, 615)	(71, 62)	62
15:56:50.939	34	16.4018	(704, 615)	(70, 62)	62
15:56:50.979	30	16.3487	(694, 615)	(69, 62)	62
15:56:51.014	33	16.2181	(684, 615)	(68, 62)	62
15:56:51.049	36	15.9643	(674, 615)	(67, 62)	62
15:56:51.092	34	16.2481	(664, 616)	(66, 62)	62
15:56:51.133	35	15.5307	(654, 617)	(65, 62)	62
15:56:51.175	31	15.2167	(644, 618)	(64, 62)	62
15:56:51.210	28	15.0806	(634, 618)	(63, 62)	62
15:56:51.244	37	14.7861	(624, 619)	(62, 62)	62
15:56:51.287	35	14.435	(614, 619)	(61, 62)	62
15:56:51.328	36	14.1902	(604, 621)	(60, 62)	62
15:56:51.371	31	13.9279	(594, 621)	(59, 62)	62
15:56:51.404	29	13.62	(584, 622)	(58, 62)	62
15:56:51.438	31	13.3467	(574, 624)	(57, 62)	62
15:56:51.474	29	12.9892	(566, 625)	(57, 63)	62
15:56:51.509	29	12.895	(564, 625)	(56, 63)	62
15:56:51.543	29	12.6265	(554, 625)	(55, 63)	62
15:56:51.578	28	12.324	(544, 626)	(54, 63)	62
15:56:51.614	28	11.8671	(534, 628)	(53, 63)	62
15:56:51.647	30	11.5692	(524, 629)	(52, 63)	62
15:56:51.682	29	11.2902	(514, 631)	(51, 63)	62
15:56:51.717	28	11.4341	(504, 633)	(50, 63)	62
15:56:51.751	28	10.7656	(494, 634)	(49, 63)	62
15:56:51.787	28	11.1745	(493, 635)	(49, 64)	62
15:56:51.822	27	10.5019	(484, 637)	(48, 64)	62
15:56:51.863	26	10.0308	(467, 641)	(47, 64)	62
15:56:51.898	27	10.343	(464, 642)	(46, 64)	62
15:56:51.932	26	9.81911	(458, 645)	(46, 65)	62
15:56:51.969	38	9.66667	(454, 646)	(45, 65)	62
15:56:52.018	28	9.44578	(444, 650)	(44, 65)	62
15:56:52.051	25	9.23452	(434, 654)	(43, 65)	62
15:56:52.079	27	9.16311	(432, 655)	(43, 66)	62
15:56:52.114	27	9.39881	(424, 658)	(42, 66)	62
15:56:52.148	28	8.64207	(414, 662)	(41, 66)	62
15:56:52.183	27	8.54489	(409, 665)	(41, 67)	62
15:56:52.218	24	8.46044	(404, 667)	(40, 67)	62
15:56:52.245	22	8.28207	(394, 671)	(39, 67)	62
15:56:52.273	22	8.13467	(387, 675)	(39, 68)	62
15:56:52.301	22	8.08074	(384, 676)	(38, 68)	62
15:56:52.328	22	7.92281	(374, 680)	(37, 68)	62
15:56:52.356	29	7.74059	(367, 685)	(37, 69)	62
15:56:52.392	26	7.6717	(364, 687)	(36, 69)	62
15:56:52.426	23	7.52978	(356, 695)	(36, 70)	62
15:56:52.454	23	7.48667	(354, 695)	(35, 70)	62
15:56:52.482	21	7.35837	(344, 704)	(34, 70)	62
15:56:52.509	22	7.3357	(344, 705)	(34, 71)	62
15:56:52.537	21	7.23096	(337, 715)	(34, 72)	62
15:56:52.565	21	7.23585	(335, 725)	(34, 73)	62
15:56:52.593	21	7.22741	(334, 727)	(33, 73)	62
15:56:52.621	22	7.21437	(331, 735)	(33, 74)	62
15:56:52.648	22	7.23096	(329, 746)	(33, 75)	62
15:56:52.676	22	7.26933	(329, 755)	(33, 76)	62
15:56:52.704	21	7.33482	(329, 765)	(33, 77)	62
15:56:52.731	22	7.37244	(329, 775)	(33, 78)	62
15:56:52.759	22	7.40815	(329, 785)	(33, 79)	62
15:56:52.787	22	7.46696	(329, 795)	(33, 80)	62
15:56:52.815	23	7.52015	(329, 805)	(33, 81)	62
15:56:52.843	22	7.70933	(329, 833)	(33, 83)	62
15:56:52.870	23	7.73304	(329, 836)	(33, 84)	62
15:56:52.898	24	7.77422	(329, 845)	(33, 85)	62
15:56:52.927	29	7.81096	(329, 855)	(33, 86)	62
15:56:52.962	29	7.91807	(330, 865)	(33, 87)	62
15:56:52.997	30	8.03393	(332, 875)	(33, 88)	62
15:56:53.031	26	8.18296	(335, 883)	(34, 88)	62
15:56:53.066	23	8.25748	(335, 885)	(34, 89)	62
15:56:53.093	24	8.37719	(338, 895)	(34, 90)	62
15:56:53.121	24	8.53748	(341, 905)	(34, 91)	62
15:56:53.148	25	8.68844	(345, 914)	(35, 91)	62
15:56:53.177	24	8.708	(346, 915)	(35, 92)	62
15:56:53.205	24	8.8243	(350, 925)	(35, 93)	62
15:56:53.233	24	8.92311	(355, 931)	(36, 93)	62
15:56:53.260	24	9.00474	(357, 935)	(36, 94)	62
15:56:53.288	23	9.27585	(364, 945)	(36, 95)	62
15:56:53.315	24	9.2757	(365, 945)	(37, 95)	62
15:56:53.343	23	9.47185	(373, 955)	(37, 96)	62
15:56:53.371	29	9.52489	(375, 956)	(38, 96)	62
15:56:53.406	28	9.66222	(384, 965)	(38, 97)	62
15:56:53.441	26	9.692	(385, 966)	(39, 97)	62
15:56:53.469	26	9.97733	(395, 975)	(40, 98)	62
15:56:53.504	29	10.2139	(405, 982)	(41, 98)	62
15:56:53.539	34	10.3249	(411, 987)	(41, 99)	62
15:56:53.583	42	10.4521	(415, 989)	(42, 99)	62
15:56:53.629	27	10.7593	(423, 995)	(42, 100)	62
15:56:53.663	25	10.8561	(425, 996)	(43, 100)	62
15:56:53.691	25	11.1723	(435, 1001)	(44, 100)	62
15:56:53.719	29	11.3413	(441, 1005)	(44, 101)	62
15:56:53.754	32	11.3948	(446, 1007)	(45, 101)	62
15:56:53.789	32	11.6908	(455, 1012)	(46, 101)	62
15:56:53.824	31	11.8711	(461, 1015)	(46, 102)	62
15:56:53.859	32	12.008	(465, 1017)	(47, 102)	62
15:56:53.893	29	12.2766	(475, 1022)	(48, 102)	62
15:56:53.927	28	12.4357	(481, 1025)	(48, 103)	62
15:56:53.962	30	12.5401	(485, 1026)	(49, 103)	62
15:56:53.997	33	12.7468	(495, 1030)	(50, 103)	62
15:56:54.039	33	12.9744	(505, 1034)	(51, 103)	62
15:56:54.083	30	12.9289	(506, 1035)	(51, 104)	62
15:56:54.115	29	13.264	(515, 1037)	(52, 104)	62
15:56:54.149	38	13.4481	(525, 1040)	(53, 104)	62
15:56:54.194	38	13.8247	(540, 1043)	(54, 104)	62
15:56:54.241	39	13.9579	(545, 1044)	(55, 104)	62
15:56:54.283	36	14.1187	(549, 1045)	(55, 105)	62
15:56:54.324	30	14.2773	(555, 1046)	(56, 105)	62
15:56:54.358	34	14.9871	(577, 1050)	(58, 105)	62
15:56:54.400	37	15.1182	(585, 1052)	(59, 105)	62
15:56:54.442	36	15.273	(595, 1053)	(60, 105)	62
15:56:54.484	37	15.5083	(605, 1054)	(61, 105)	62
15:56:54.526	34	15.5541	(608, 1055)	(61, 106)	62
15:56:54.567	32	15.6513	(615, 1056)	(62, 106)	62
15:56:54.602	32	15.8865	(625, 1057)	(63, 106)	62
15:56:54.637	36	16.033	(635, 1058)	(64, 106)	62
15:56:54.680	43	16.1944	(645, 1059)	(65, 106)	62
15:56:54.727	33	16.3456	(655, 1060)	(66, 106)	62
15:56:54.762	33	16.4067	(665, 1061)	(67, 106)	62
15:56:54.804	33	16.5387	(675, 1061)	(68, 106)	62
15:56:54.845	33	16.6277	(685, 1063)	(69, 106)	62
15:56:54.887	33	16.6739	(695, 1063)	(70, 106)	62
15:56:54.929	33	16.7772	(705, 1064)	(71, 106)	62
15:56:54.971	33	16.7434	(715, 1064)	(72, 106)	62
15:56:55.012	34	16.7538	(719, 1065)	(72, 107)	62
15:56:55.054	33	16.8105	(725, 1065)	(73, 107)	62
15:56:55.095	33	16.8803	(735, 1066)	(74, 107)	62
15:56:55.138	31	16.9624	(745, 1066)	(75, 107)	62
15:56:55.171	32	16.9481	(755, 1066)	(76, 107)	62
15:56:55.206	33	16.9698	(765, 1066)	(77, 107)	62
15:56:55.249	37	16.895	(775, 1067)	(78, 107)	62
15:56:55.290	39	16.9056	(785, 1067)	(79, 107)	62
15:56:55.333	34	16.9096	(795, 1068)	(80, 107)	62
15:56:55.374	31	16.9489	(805, 1069)	(81, 107)	62
15:56:55.408	31	16.9933	(815, 1070)	(82, 107)	62
15:56:55.444	37	16.8644	(825, 1071)	(83, 107)	62
15:56:55.485	38	16.8538	(835, 1072)	(84, 107)	62
15:56:55.527	39	16.8234	(845, 1073)	(85, 107)	62
15:56:55.569	34	17.203	(856, 1074)	(86, 107)	62
15:56:55.610	34	16.7813	(862, 1075)	(86, 108)	62
15:56:55.652	38	16.7338	(865, 1075)	(87, 108)	62
15:56:55.701	34	16.6821	(875, 1075)	(88, 108)	62
15:56:55.742	32	16.7256	(885, 1076)	(89, 108)	62
15:56:55.776	33	16.6876	(895, 1077)	(90, 108)	62
15:56:55.811	31	16.6356	(905, 1078)	(91, 108)	62
15:56:55.846	32	16.5924	(915, 1078)	(92, 108)	62
15:56:55.880	32	16.551	(925, 1079)	(93, 108)	62
15:56:55.915	33	16.491	(935, 1080)	(94, 108)	62
15:56:55.958	32	16.432	(945, 1081)	(95, 108)	62
15:56:55.992	38	16.4166	(955, 1082)	(96, 108)	62
15:56:56.036	35	16.3721	(965, 1082)	(97, 108)	62
15:56:56.075	35	16.2864	(975, 1083)	(98, 108)	62
15:56:56.117	36	16.2776	(986, 1083)	(99, 108)	62
15:56:56.161	34	16.285	(995, 1084)	(100, 108)	62
15:56:56.202	35	16.257	(1005, 1084)	(101, 108)	62
15:56:56.243	35	16.3136	(1015, 1084)	(102, 108)	62
15:56:56.285	34	16.6175	(1017, 1085)	(102, 109)	62
15:56:56.326	35	16.219	(1025, 1085)	(103, 109)	62
15:56:56.368	35	16.2176	(1040, 1085)	(104, 109)	62
15:56:56.410	34	16.2639	(1048, 1085)	(105, 109)	62
15:56:56.451	34	16.2693	(1055, 1086)	(106, 109)	62
15:56:56.493	34	16.6176	(1065, 1086)	(107, 109)	62
15:56:56.534	36	16.2241	(1075, 1086)	(108, 109)	62
15:56:56.576	35	16.275	(1085, 1086)	(109, 109)	62
15:56:56.618	31	16.2693	(1096, 1086)	(110, 109)	62
15:56:56.652	30	16.2382	(1105, 1086)	(111, 109)	62
15:56:56.687	31	16.2519	(1115, 1086)	(112, 109)	62
15:56:56.722	34	16.24	(1126, 1086)	(113, 109)	62
15:56:56.765	34	16.1975	(1135, 1086)	(114, 109)	62
15:56:56.805	31	16.2659	(1146, 1086)	(115, 109)	62
15:56:56.840	30	16.3419	(1155, 1086)	(116, 109)	62
15:56:56.874	34	16.3348	(1166, 1086)	(117, 109)	62
15:56:56.917	42	16.2785	(1175, 1086)	(118, 109)	62
15:56:56.967	41	16.3015	(1185, 1085)	(119, 109)	62
15:56:57.015	32	16.7295	(1188, 1084)	(119, 108)	62
15:56:57.049	35	16.3966	(1195, 1084)	(120, 108)	62
15:56:57.091	36	16.4409	(1205, 1082)	(121, 108)	62
15:56:57.132	37	16.456	(1215, 1081)	(122, 108)	62
15:56:57.174	37	16.4276	(1225, 1081)	(123, 108)	62
15:56:57.216	31	16.4652	(1235, 1081)	(124, 108)	62
15:56:57.250	36	16.4582	(1245, 1080)	(125, 108)	62
15:56:57.293	36	16.4141	(1255, 1080)	(126, 108)	62
15:56:57.336	43	16.3938	(1265, 1079)	(127, 108)	62
15:56:57.384	38	16.3987	(1275, 1078)	(128, 108)	62
15:56:57.424	37	16.4283	(1286, 1077)	(129, 108)	62
15:56:57.466	36	16.383	(1295, 1077)	(130, 108)	62
15:56:57.509	35	16.4062	(1305, 1077)	(131, 108)	62
15:56:57.550	35	16.3477	(1315, 1077)	(132, 108)	62
15:56:57.592	36	16.316	(1325, 1077)	(133, 108)	62
15:56:57.634	33	16.2535	(1335, 1077)	(134, 108)	62
15:56:57.675	32	16.2787	(1345, 1077)	(135, 108)	62
15:56:57.709	32	16.2523	(1355, 1077)	(136, 108)	62
15:56:57.744	30	16.14	(1365, 1079)	(137, 108)	62
15:56:57.778	37	16.0907	(1375, 1080)	(138, 108)	62
15:56:57.823	34	15.9904	(1385, 1081)	(139, 108)	62
15:56:57.862	32	16.0077	(1395, 1081)	(140, 108)	62
15:56:57.897	30	15.8441	(1405, 1083)	(141, 108)	62
15:56:57.931	32	15.7517	(1416, 1084)	(142, 108)	62
15:56:57.967	30	15.7231	(1418, 1085)	(142, 109)	62
15:56:58.001	39	15.689	(1425, 1085)	(143, 109)	62
15:56:58.051	32	15.4593	(1437, 1088)	(144, 109)	62
15:56:58.091	29	15.4644	(1445, 1088)	(145, 109)	62
15:56:58.126	34	15.3643	(1455, 1089)	(146, 109)	62
15:56:58.169	39	15.237	(1465, 1090)	(147, 109)	62
15:56:58.211	39	15.0964	(1476, 1091)	(148, 109)	62
15:56:58.259	31	14.9776	(1485, 1092)	(149, 109)	62
15:56:58.293	29	14.9095	(1495, 1093)	(150, 109)	62
15:56:58.327	30	14.7993	(1505, 1093)	(151, 109)	62
15:56:58.363	31	14.6853	(1515, 1093)	(152, 109)	62
15:56:58.398	34	14.5221	(1525, 1093)	(153, 109)	62
15:56:58.439	34	14.3729	(1535, 1094)	(154, 109)	62
15:56:58.481	32	14.2524	(1545, 1094)	(155, 109)	62
15:56:58.516	30	14.1653	(1555, 1094)	(156, 109)	62
15:56:58.550	30	14.048	(1565, 1094)	(157, 109)	62
15:56:58.585	29	13.996	(1566, 1095)	(157, 110)	62
15:56:58.620	30	13.8856	(1575, 1095)	(158, 110)	62
15:56:58.655	29	13.7077	(1585, 1095)	(159, 110)	62
15:56:58.689	29	13.5468	(1596, 1096)	(160, 110)	62
15:56:58.724	37	13.3984	(1605, 1096)	(161, 110)	62
15:56:58.767	40	13.1859	(1615, 1096)	(162, 110)	62
15:56:58.816	40	13.0009	(1625, 1097)	(163, 110)	62
15:56:58.865	34	12.8233	(1635, 1097)	(164, 110)	62
15:56:58.905	28	12.6963	(1645, 1097)	(165, 110)	62
15:56:58.939	29	12.4833	(1655, 1098)	(166, 110)	62
15:56:58.974	30	12.277	(1665, 1098)	(167, 110)	62
15:56:59.010	29	12.4101	(1675, 1099)	(168, 110)	62
15:56:59.044	28	11.8889	(1685, 1099)	(169, 110)	62
15:56:59.079	29	11.5732	(1695, 1100)	(170, 110)	62
15:56:59.113	29	11.3773	(1705, 1100)	(171, 110)	62
15:56:59.148	28	11.1252	(1715, 1101)	(172, 110)	62
15:56:59.183	27	10.8621	(1725, 1101)	(173, 110)	62
15:56:59.217	28	10.9013	(1735, 1103)	(174, 110)	62
15:56:59.252	27	10.2687	(1748, 1104)	(175, 110)	62
15:56:59.287	27	10.1561	(1753, 1105)	(175, 111)	62
15:56:59.323	26	10.0759	(1755, 1105)	(176, 111)	62
15:56:59.356	26	9.87659	(1765, 1106)	(177, 111)	62
15:56:59.384	26	9.53156	(1775, 1107)	(178, 111)	62
15:56:59.420	26	9.6477	(1785, 1108)	(179, 111)	62
15:56:59.454	26	9.00993	(1798, 1109)	(180, 111)	62
15:56:59.481	26	8.75822	(1806, 1111)	(181, 111)	62
15:56:59.510	25	8.51674	(1815, 1112)	(182, 111)	62
15:56:59.538	25	8.29585	(1825, 1112)	(183, 111)	62
15:56:59.567	24	7.92548	(1835, 1113)	(184, 111)	62
15:56:59.593	24	7.54918	(1850, 1114)	(185, 111)	62
15:56:59.621	21	7.49141	(1855, 1114)	(186, 111)	62
15:56:59.648	22	7.39852	(1858, 1115)	(186, 112)	62
15:56:59.676	21	7.16044	(1865, 1116)	(187, 112)	62
15:56:59.704	21	6.84445	(1877, 1117)	(188, 112)	62
15:56:59.732	21	6.70074	(1885, 1118)	(189, 112)	62
15:56:59.760	20	6.51348	(1895, 1120)	(190, 112)	62
15:56:59.787	22	6.24919	(1905, 1121)	(191, 112)	62
15:56:59.815	20	4.77304	(0, 0)	(0, 0)	62
EOM

