BOM
Frame extends: 2263, 1306
_ms_area: 10
measurements taken: 585
current rendering method: 2
is mouse replay: 1
Camera settings: Roation Quaternion: ( -0.00927681, 0.775348, -0.00906515, -0.631399), Translationsvektor: ( 0.326116, -0.188361, 1.775).
System_Time	Elapsed_Time_PaintGL	Elapsed_Kernel_Time	Frame_Coordinates	Grid_Position	Manual_Measurement
15:57:17.665	31	18.6548	(318, 226)	(32, 23)	62
15:57:17.702	30	18.713	(325, 225)	(33, 23)	62
15:57:17.738	30	18.8536	(335, 225)	(34, 23)	62
15:57:17.772	28	19.0856	(345, 225)	(35, 23)	62
15:57:17.806	29	19.1585	(357, 225)	(36, 23)	62
15:57:17.841	33	19.2596	(372, 225)	(37, 23)	62
15:57:17.877	35	19.2639	(375, 225)	(38, 23)	62
15:57:17.918	33	19.3071	(385, 225)	(39, 23)	62
15:57:17.960	33	19.3911	(395, 225)	(40, 23)	62
15:57:17.995	29	19.4637	(405, 225)	(41, 23)	62
15:57:18.030	29	19.4821	(415, 225)	(42, 23)	62
15:57:18.064	34	19.6231	(425, 225)	(43, 23)	62
15:57:18.107	34	19.7073	(435, 226)	(44, 23)	62
15:57:18.148	33	19.6972	(445, 226)	(45, 23)	62
15:57:18.189	32	19.7436	(455, 226)	(46, 23)	62
15:57:18.224	31	19.8766	(465, 227)	(47, 23)	62
15:57:18.259	32	19.9206	(475, 227)	(48, 23)	62
15:57:18.293	31	19.9176	(485, 228)	(49, 23)	62
15:57:18.328	33	20.1009	(495, 228)	(50, 23)	62
15:57:18.371	30	20.1567	(505, 229)	(51, 23)	62
15:57:18.404	35	20.2276	(515, 229)	(52, 23)	62
15:57:18.447	35	20.2201	(525, 229)	(53, 23)	62
15:57:18.490	38	20.2473	(535, 229)	(54, 23)	62
15:57:18.538	36	20.3184	(545, 229)	(55, 23)	62
15:57:18.580	33	20.3988	(555, 229)	(56, 23)	62
15:57:18.620	32	20.4468	(565, 229)	(57, 23)	62
15:57:18.654	34	20.4458	(575, 229)	(58, 23)	62
15:57:18.690	32	20.4619	(585, 229)	(59, 23)	62
15:57:18.725	33	20.5206	(596, 229)	(60, 23)	62
15:57:18.767	33	20.4784	(605, 230)	(61, 23)	62
15:57:18.808	35	20.4732	(615, 230)	(62, 23)	62
15:57:18.851	40	20.4596	(626, 230)	(63, 23)	62
15:57:18.900	41	20.5065	(635, 230)	(64, 23)	62
15:57:18.949	40	20.6373	(645, 230)	(65, 23)	62
15:57:18.997	36	20.5874	(655, 230)	(66, 23)	62
15:57:19.037	32	20.7956	(665, 230)	(67, 23)	62
15:57:19.071	31	20.5338	(680, 230)	(68, 23)	62
15:57:19.106	32	20.7077	(685, 230)	(69, 23)	62
15:57:19.141	36	20.5477	(695, 230)	(70, 23)	62
15:57:19.184	33	20.6938	(705, 230)	(71, 23)	62
15:57:19.225	35	20.6564	(715, 230)	(72, 23)	62
15:57:19.266	31	20.6156	(725, 230)	(73, 23)	62
15:57:19.301	35	20.5852	(735, 230)	(74, 23)	62
15:57:19.344	35	20.605	(749, 230)	(75, 23)	62
15:57:19.385	36	20.5953	(756, 230)	(76, 23)	62
15:57:19.426	32	20.612	(766, 230)	(77, 23)	62
15:57:19.461	32	20.5474	(775, 230)	(78, 23)	62
15:57:19.496	30	20.6787	(785, 230)	(79, 23)	62
15:57:19.530	33	20.7764	(796, 229)	(80, 23)	62
15:57:19.565	32	20.6172	(805, 229)	(81, 23)	62
15:57:19.600	33	20.6981	(815, 229)	(82, 23)	62
15:57:19.635	31	20.6944	(825, 228)	(83, 23)	62
15:57:19.670	34	20.7779	(835, 228)	(84, 23)	62
15:57:19.711	32	20.6841	(845, 228)	(85, 23)	62
15:57:19.746	31	20.6719	(855, 228)	(86, 23)	62
15:57:19.781	36	20.6911	(865, 228)	(87, 23)	62
15:57:19.824	42	20.7535	(875, 228)	(88, 23)	62
15:57:19.872	32	20.7219	(885, 228)	(89, 23)	62
15:57:19.906	34	20.6116	(895, 228)	(90, 23)	62
15:57:19.948	34	20.7677	(905, 228)	(91, 23)	62
15:57:19.991	34	20.7403	(915, 228)	(92, 23)	62
15:57:20.032	33	20.716	(925, 228)	(93, 23)	62
15:57:20.074	34	20.6099	(935, 228)	(94, 23)	62
15:57:20.115	34	20.757	(945, 227)	(95, 23)	62
15:57:20.156	36	20.7658	(957, 227)	(96, 23)	62
15:57:20.199	41	20.6418	(966, 227)	(97, 23)	62
15:57:20.249	39	20.5796	(975, 227)	(98, 23)	62
15:57:20.295	33	20.7041	(985, 227)	(99, 23)	62
15:57:20.330	33	20.7326	(995, 227)	(100, 23)	62
15:57:20.372	35	20.7427	(1005, 227)	(101, 23)	62
15:57:20.415	34	20.6453	(1015, 226)	(102, 23)	62
15:57:20.457	34	20.7504	(1025, 226)	(103, 23)	62
15:57:20.497	30	20.688	(1035, 226)	(104, 23)	62
15:57:20.531	36	20.6699	(1045, 225)	(105, 23)	62
15:57:20.575	42	20.5311	(1055, 225)	(106, 23)	62
15:57:20.624	39	20.5759	(1065, 225)	(107, 23)	62
15:57:20.672	39	20.4748	(1071, 224)	(107, 22)	62
15:57:20.719	32	20.5677	(1075, 224)	(108, 22)	62
15:57:20.754	31	20.5293	(1085, 224)	(109, 22)	62
15:57:20.788	36	20.5114	(1095, 224)	(110, 22)	62
15:57:20.832	38	20.5256	(1105, 224)	(111, 22)	62
15:57:20.881	37	20.5874	(1115, 224)	(112, 22)	62
15:57:20.921	33	20.5347	(1125, 224)	(113, 22)	62
15:57:20.956	36	20.4218	(1135, 224)	(114, 22)	62
15:57:20.999	40	20.2763	(1146, 223)	(115, 22)	62
15:57:21.046	32	20.3031	(1155, 223)	(116, 22)	62
15:57:21.081	32	20.1966	(1165, 223)	(117, 22)	62
15:57:21.116	28	20.1099	(1175, 223)	(118, 22)	62
15:57:21.150	37	20.0015	(1185, 223)	(119, 22)	62
15:57:21.193	36	19.9099	(1195, 223)	(120, 22)	62
15:57:21.235	39	19.8129	(1205, 223)	(121, 22)	62
15:57:21.283	37	19.6548	(1215, 223)	(122, 22)	62
15:57:21.325	34	19.7677	(1225, 223)	(123, 22)	62
15:57:21.366	32	19.6487	(1235, 223)	(124, 22)	62
15:57:21.401	38	19.6277	(1245, 223)	(125, 22)	62
15:57:21.444	36	19.5219	(1255, 223)	(126, 22)	62
15:57:21.484	31	19.488	(1265, 224)	(127, 22)	62
15:57:21.520	30	19.4071	(1275, 224)	(128, 22)	62
15:57:21.554	32	19.3674	(1282, 225)	(128, 23)	62
15:57:21.596	33	19.4243	(1285, 225)	(129, 23)	62
15:57:21.637	39	19.252	(1295, 226)	(130, 23)	62
15:57:21.681	38	19.1476	(1305, 226)	(131, 23)	62
15:57:21.728	31	19.1456	(1316, 228)	(132, 23)	62
15:57:21.762	28	18.9884	(1326, 228)	(133, 23)	62
15:57:21.796	33	18.9437	(1335, 228)	(134, 23)	62
15:57:21.832	34	18.9253	(1345, 229)	(135, 23)	62
15:57:21.874	35	18.9228	(1355, 230)	(136, 23)	62
15:57:21.916	34	18.7031	(1366, 230)	(137, 23)	62
15:57:21.958	32	18.6284	(1375, 230)	(138, 23)	62
15:57:21.998	28	18.5905	(1386, 231)	(139, 23)	62
15:57:22.033	33	18.5465	(1395, 231)	(140, 23)	62
15:57:22.068	34	18.4887	(1405, 232)	(141, 23)	62
15:57:22.110	35	18.3166	(1415, 232)	(142, 23)	62
15:57:22.152	31	18.2825	(1425, 232)	(143, 23)	62
15:57:22.186	28	18.1733	(1435, 233)	(144, 23)	62
15:57:22.221	29	18.1339	(1445, 234)	(145, 23)	62
15:57:22.256	30	18.0382	(1455, 234)	(146, 23)	62
15:57:22.291	33	17.9929	(1465, 234)	(147, 23)	62
15:57:22.333	34	17.7606	(1478, 234)	(148, 23)	62
15:57:22.375	30	17.8153	(1485, 234)	(149, 23)	62
15:57:22.409	33	17.7677	(1488, 235)	(149, 24)	62
15:57:22.451	33	17.6468	(1495, 235)	(150, 24)	62
15:57:22.493	30	17.5323	(1506, 235)	(151, 24)	62
15:57:22.527	29	17.4967	(1516, 235)	(152, 24)	62
15:57:22.562	29	17.3997	(1526, 236)	(153, 24)	62
15:57:22.597	29	17.3344	(1535, 236)	(154, 24)	62
15:57:22.632	33	17.2839	(1546, 236)	(155, 24)	62
15:57:22.674	31	17.1193	(1556, 237)	(156, 24)	62
15:57:22.708	30	17.113	(1565, 237)	(157, 24)	62
15:57:22.742	28	16.9919	(1575, 238)	(158, 24)	62
15:57:22.777	29	17.0159	(1585, 238)	(159, 24)	62
15:57:22.812	28	17.0076	(1595, 239)	(160, 24)	62
15:57:22.847	32	16.9674	(1605, 239)	(161, 24)	62
15:57:22.882	33	16.8999	(1615, 240)	(162, 24)	62
15:57:22.925	34	16.9065	(1625, 240)	(163, 24)	62
15:57:22.966	30	16.6948	(1636, 241)	(164, 24)	62
15:57:23.000	29	16.7431	(1645, 242)	(165, 24)	62
15:57:23.035	28	16.7053	(1655, 242)	(166, 24)	62
15:57:23.070	35	16.6302	(1666, 243)	(167, 24)	62
15:57:23.115	35	16.5819	(1676, 244)	(168, 24)	62
15:57:23.154	42	16.5877	(1677, 245)	(168, 25)	62
15:57:23.204	32	16.5273	(1686, 245)	(169, 25)	62
15:57:23.243	30	16.6255	(1696, 246)	(170, 25)	62
15:57:23.278	28	16.5135	(1705, 246)	(171, 25)	62
15:57:23.313	30	16.3984	(1715, 248)	(172, 25)	62
15:57:23.349	36	16.3262	(1726, 249)	(173, 25)	62
15:57:23.391	33	16.3114	(1735, 250)	(174, 25)	62
15:57:23.431	26	16.3687	(1745, 251)	(175, 25)	62
15:57:23.458	27	16.2991	(1755, 253)	(176, 25)	62
15:57:23.486	28	16.2671	(1765, 254)	(177, 25)	62
15:57:23.521	31	16.3179	(1768, 255)	(177, 26)	62
15:57:23.556	29	16.264	(1775, 256)	(178, 26)	62
15:57:23.591	27	16.2342	(1785, 258)	(179, 26)	62
15:57:23.625	26	16.2347	(1795, 260)	(180, 26)	62
15:57:23.653	25	16.2375	(1805, 262)	(181, 26)	62
15:57:23.680	26	16.1415	(1815, 264)	(182, 26)	62
15:57:23.708	27	16.1375	(1817, 265)	(182, 27)	62
15:57:23.737	25	16.129	(1825, 267)	(183, 27)	62
15:57:23.764	26	16.133	(1838, 271)	(184, 27)	62
15:57:23.792	26	16.1081	(1845, 273)	(185, 27)	62
15:57:23.821	26	16.1476	(1849, 275)	(185, 28)	62
15:57:23.854	26	16.0847	(1858, 278)	(186, 28)	62
15:57:23.882	26	16.1304	(1865, 280)	(187, 28)	62
15:57:23.918	30	16.1596	(1874, 285)	(187, 29)	62
15:57:23.953	30	16.1397	(1875, 285)	(188, 29)	62
15:57:23.987	30	16.0413	(1885, 289)	(189, 29)	62
15:57:24.023	28	16.0806	(1895, 294)	(190, 29)	62
15:57:24.056	26	16.0044	(1895, 295)	(190, 30)	62
15:57:24.084	26	16.033	(1905, 299)	(191, 30)	62
15:57:24.112	26	15.9975	(1912, 305)	(191, 31)	62
15:57:24.146	32	16.0153	(1915, 307)	(192, 31)	62
15:57:24.182	31	15.9907	(1925, 314)	(193, 31)	62
15:57:24.217	31	15.9893	(1926, 315)	(193, 32)	62
15:57:24.251	28	15.9987	(1935, 322)	(194, 32)	62
15:57:24.286	27	15.9699	(1937, 325)	(194, 33)	62
15:57:24.320	33	15.9627	(1945, 333)	(195, 33)	62
15:57:24.366	36	15.9024	(1947, 335)	(195, 34)	62
15:57:24.412	34	15.9105	(1955, 344)	(196, 34)	62
15:57:24.454	33	15.9224	(1955, 345)	(196, 35)	62
15:57:24.494	27	15.9673	(1963, 355)	(196, 36)	62
15:57:24.529	28	15.9464	(1965, 358)	(197, 36)	62
15:57:24.564	28	15.9596	(1968, 365)	(197, 37)	62
15:57:24.599	30	15.9324	(1973, 375)	(197, 38)	62
15:57:24.633	30	15.8985	(1975, 379)	(198, 38)	62
15:57:24.669	30	15.9258	(1976, 385)	(198, 39)	62
15:57:24.703	26	15.929	(1980, 395)	(198, 40)	62
15:57:24.731	30	15.9778	(1982, 405)	(198, 41)	62
15:57:24.766	33	15.9825	(1984, 415)	(198, 42)	62
15:57:24.808	33	15.948	(1985, 417)	(199, 42)	62
15:57:24.850	30	15.9243	(1985, 425)	(199, 43)	62
15:57:24.884	26	15.9428	(1987, 435)	(199, 44)	62
15:57:24.918	25	15.9496	(1988, 445)	(199, 45)	62
15:57:24.945	30	15.995	(1989, 455)	(199, 46)	62
15:57:24.981	31	15.9843	(1989, 465)	(199, 47)	62
15:57:25.016	31	16.0553	(1989, 475)	(199, 48)	62
15:57:25.051	30	16.037	(1988, 485)	(199, 49)	62
15:57:25.085	28	16.0302	(1985, 495)	(199, 50)	62
15:57:25.120	27	16.0178	(1984, 495)	(198, 50)	62
15:57:25.154	30	16.0379	(1980, 505)	(198, 51)	62
15:57:25.190	29	16.0615	(1972, 516)	(197, 52)	62
15:57:25.224	31	16.0434	(1965, 525)	(197, 53)	62
15:57:25.259	30	16.083	(1964, 526)	(196, 53)	62
15:57:25.294	29	16.0997	(1954, 534)	(195, 53)	62
15:57:25.328	27	16.061	(1953, 535)	(195, 54)	62
15:57:25.365	32	16.029	(1944, 539)	(194, 54)	62
15:57:25.406	30	16.0953	(1937, 545)	(194, 55)	62
15:57:25.441	31	16.0674	(1934, 547)	(193, 55)	62
15:57:25.475	30	16.1879	(1924, 555)	(192, 56)	62
15:57:25.510	31	16.2049	(1914, 561)	(191, 56)	62
15:57:25.544	29	16.2004	(1907, 565)	(191, 57)	62
15:57:25.578	28	16.2142	(1904, 567)	(190, 57)	62
15:57:25.613	28	16.2636	(1894, 572)	(189, 57)	62
15:57:25.648	32	16.2289	(1890, 575)	(189, 58)	62
15:57:25.684	31	16.2796	(1884, 577)	(188, 58)	62
15:57:25.718	28	16.3107	(1874, 581)	(187, 58)	62
15:57:25.753	28	16.3188	(1866, 585)	(187, 59)	62
15:57:25.787	28	16.3	(1864, 585)	(186, 59)	62
15:57:25.822	27	16.347	(1854, 590)	(185, 59)	62
15:57:25.857	33	16.5359	(1844, 594)	(184, 59)	62
15:57:25.899	31	16.6179	(1843, 595)	(184, 60)	62
15:57:25.934	30	16.6333	(1834, 597)	(183, 60)	62
15:57:25.969	28	16.637	(1823, 601)	(182, 60)	62
15:57:26.003	30	16.7724	(1810, 606)	(181, 61)	62
15:57:26.038	30	16.7441	(1804, 609)	(180, 61)	62
15:57:26.074	38	16.7437	(1794, 612)	(179, 61)	62
15:57:26.124	31	16.779	(1787, 615)	(179, 62)	62
15:57:26.163	29	16.8513	(1784, 616)	(178, 62)	62
15:57:26.198	31	17.0163	(1774, 619)	(177, 62)	62
15:57:26.233	31	17.0938	(1764, 622)	(176, 62)	62
15:57:26.267	31	17.1061	(1758, 625)	(176, 63)	62
15:57:26.302	31	17.1367	(1754, 626)	(175, 63)	62
15:57:26.338	30	17.1677	(1744, 628)	(174, 63)	62
15:57:26.371	28	17.2896	(1734, 631)	(173, 63)	62
15:57:26.406	26	17.3667	(1724, 633)	(172, 63)	62
15:57:26.441	30	17.5194	(1715, 635)	(172, 64)	62
15:57:26.476	35	17.5557	(1714, 635)	(171, 64)	62
15:57:26.518	35	17.6079	(1704, 637)	(170, 64)	62
15:57:26.561	30	17.6513	(1694, 638)	(169, 64)	62
15:57:26.593	28	17.8862	(1684, 640)	(168, 64)	62
15:57:26.628	27	17.9181	(1674, 641)	(167, 64)	62
15:57:26.663	33	18.0856	(1664, 642)	(166, 64)	62
15:57:26.699	32	18.2696	(1654, 643)	(165, 64)	62
15:57:26.740	31	18.3221	(1644, 644)	(164, 64)	62
15:57:26.774	30	18.5043	(1633, 644)	(163, 64)	62
15:57:26.809	31	18.6339	(1624, 644)	(162, 64)	62
15:57:26.844	35	18.6797	(1614, 644)	(161, 64)	62
15:57:26.887	39	19.029	(1604, 644)	(160, 64)	62
15:57:26.936	39	19.011	(1594, 644)	(159, 64)	62
15:57:26.984	33	19.1535	(1584, 644)	(158, 64)	62
15:57:27.025	33	19.2871	(1574, 644)	(157, 64)	62
15:57:27.067	33	19.5956	(1564, 644)	(156, 64)	62
15:57:27.108	38	19.6647	(1554, 644)	(155, 64)	62
15:57:27.151	39	19.7662	(1548, 645)	(155, 65)	62
15:57:27.194	33	19.8348	(1544, 645)	(154, 65)	62
15:57:27.234	34	20.0281	(1534, 645)	(153, 65)	62
15:57:27.276	33	20.2622	(1524, 646)	(152, 65)	62
15:57:27.317	35	20.3702	(1514, 647)	(151, 65)	62
15:57:27.359	34	20.4587	(1504, 648)	(150, 65)	62
15:57:27.401	32	20.5861	(1494, 649)	(149, 65)	62
15:57:27.441	32	20.8199	(1484, 651)	(148, 65)	62
15:57:27.476	38	20.9215	(1474, 652)	(147, 65)	62
15:57:27.520	36	20.971	(1464, 652)	(146, 65)	62
15:57:27.561	39	20.9914	(1454, 653)	(145, 65)	62
15:57:27.610	34	21.2068	(1444, 654)	(144, 65)	62
15:57:27.650	32	21.3881	(1434, 654)	(143, 65)	62
15:57:27.685	32	21.5305	(1419, 654)	(142, 65)	62
15:57:27.720	33	21.5843	(1414, 654)	(141, 65)	62
15:57:27.762	36	21.672	(1404, 654)	(140, 65)	62
15:57:27.804	38	21.8319	(1394, 654)	(139, 65)	62
15:57:27.845	33	21.8119	(1384, 654)	(138, 65)	62
15:57:27.880	38	21.847	(1374, 654)	(137, 65)	62
15:57:27.923	42	21.9913	(1356, 653)	(136, 65)	62
15:57:27.972	42	22.0446	(1354, 653)	(135, 65)	62
15:57:28.024	38	21.9773	(1344, 652)	(134, 65)	62
15:57:28.067	32	22.0904	(1334, 651)	(133, 65)	62
15:57:28.101	33	22.2178	(1323, 651)	(132, 65)	62
15:57:28.137	37	22.227	(1314, 650)	(131, 65)	62
15:57:28.180	38	22.3492	(1303, 649)	(130, 65)	62
15:57:28.221	41	22.4536	(1294, 648)	(129, 65)	62
15:57:28.270	33	22.3424	(1284, 647)	(128, 65)	62
15:57:28.311	32	22.4327	(1274, 647)	(127, 65)	62
15:57:28.346	36	22.26	(1264, 646)	(126, 65)	62
15:57:28.389	39	22.2953	(1256, 644)	(126, 64)	62
15:57:28.437	38	22.3778	(1254, 644)	(125, 64)	62
15:57:28.478	34	22.4753	(1244, 643)	(124, 64)	62
15:57:28.520	34	22.4554	(1234, 643)	(123, 64)	62
15:57:28.563	45	22.3271	(1224, 641)	(122, 64)	62
15:57:28.618	43	22.3074	(1214, 641)	(121, 64)	62
15:57:28.667	39	22.3981	(1204, 641)	(120, 64)	62
15:57:28.714	32	22.4353	(1194, 640)	(119, 64)	62
15:57:28.749	38	22.2459	(1184, 639)	(118, 64)	62
15:57:28.791	42	22.2344	(1174, 639)	(117, 64)	62
15:57:28.841	43	22.3388	(1164, 637)	(116, 64)	62
15:57:28.890	35	22.2413	(1154, 637)	(115, 64)	62
15:57:28.930	38	22.1123	(1144, 636)	(114, 64)	62
15:57:28.973	41	22.0631	(1134, 636)	(113, 64)	62
15:57:29.022	43	22.1775	(1124, 635)	(112, 64)	62
15:57:29.069	42	22.168	(1114, 635)	(111, 64)	62
15:57:29.118	35	22.1369	(1110, 634)	(111, 63)	62
15:57:29.159	36	22.0662	(1104, 634)	(110, 63)	62
15:57:29.201	41	22.1305	(1093, 633)	(109, 63)	62
15:57:29.250	42	22.1016	(1084, 632)	(108, 63)	62
15:57:29.301	40	22.0622	(1074, 632)	(107, 63)	62
15:57:29.347	37	21.9987	(1064, 631)	(106, 63)	62
15:57:29.389	37	22.0553	(1051, 631)	(105, 63)	62
15:57:29.430	37	21.8812	(1032, 629)	(103, 63)	62
15:57:29.473	40	21.8794	(1024, 629)	(102, 63)	62
15:57:29.522	39	21.8766	(1014, 629)	(101, 63)	62
15:57:29.569	32	21.9184	(1004, 628)	(100, 63)	62
15:57:29.603	35	22.1136	(994, 627)	(99, 63)	62
15:57:29.647	38	21.9867	(984, 627)	(98, 63)	62
15:57:29.688	34	21.9341	(974, 627)	(97, 63)	62
15:57:29.729	34	21.909	(964, 626)	(96, 63)	62
15:57:29.770	32	21.9641	(954, 626)	(95, 63)	62
15:57:29.805	32	21.7793	(944, 626)	(94, 63)	62
15:57:29.840	35	21.723	(934, 625)	(93, 63)	62
15:57:29.882	37	21.7117	(927, 624)	(93, 62)	62
15:57:29.924	37	21.7813	(924, 624)	(92, 62)	62
15:57:29.966	33	21.7865	(914, 623)	(91, 62)	62
15:57:30.007	32	21.4108	(904, 622)	(90, 62)	62
15:57:30.042	32	21.4007	(894, 621)	(89, 62)	62
15:57:30.076	33	21.3295	(884, 620)	(88, 62)	62
15:57:30.111	34	21.3462	(873, 619)	(87, 62)	62
15:57:30.154	33	21.233	(864, 619)	(86, 62)	62
15:57:30.195	40	20.968	(854, 619)	(85, 62)	62
15:57:30.244	33	20.9418	(843, 618)	(84, 62)	62
15:57:30.286	39	20.8563	(834, 618)	(83, 62)	62
15:57:30.334	38	20.671	(823, 617)	(82, 62)	62
15:57:30.376	33	20.6452	(814, 617)	(81, 62)	62
15:57:30.411	33	20.5046	(804, 617)	(80, 62)	62
15:57:30.453	43	20.4279	(794, 617)	(79, 62)	62
15:57:30.502	40	20.1945	(784, 616)	(78, 62)	62
15:57:30.552	35	20.1526	(772, 616)	(77, 62)	62
15:57:30.591	32	20.0702	(764, 615)	(76, 62)	62
15:57:30.626	33	20.0212	(754, 615)	(75, 62)	62
15:57:30.667	32	19.8136	(744, 615)	(74, 62)	62
15:57:30.703	33	19.7184	(734, 615)	(73, 62)	62
15:57:30.744	32	19.6956	(724, 615)	(72, 62)	62
15:57:30.779	33	19.6018	(714, 615)	(71, 62)	62
15:57:30.820	36	19.3567	(704, 615)	(70, 62)	62
15:57:30.866	34	19.2508	(694, 615)	(69, 62)	62
15:57:30.904	33	19.1052	(684, 615)	(68, 62)	62
15:57:30.946	35	19.0764	(674, 615)	(67, 62)	62
15:57:30.990	29	18.8071	(664, 616)	(66, 62)	62
15:57:31.022	28	18.7305	(654, 617)	(65, 62)	62
15:57:31.057	32	18.7089	(644, 618)	(64, 62)	62
15:57:31.092	34	18.643	(634, 618)	(63, 62)	62
15:57:31.134	33	18.4159	(624, 619)	(62, 62)	62
15:57:31.175	33	18.3744	(614, 619)	(61, 62)	62
15:57:31.216	28	18.221	(604, 621)	(60, 62)	62
15:57:31.251	27	18.0267	(594, 621)	(59, 62)	62
15:57:31.285	31	17.879	(584, 622)	(58, 62)	62
15:57:31.321	36	17.7921	(574, 624)	(57, 62)	62
15:57:31.365	33	17.5366	(566, 625)	(57, 63)	62
15:57:31.405	31	17.5867	(564, 625)	(56, 63)	62
15:57:31.440	31	17.4439	(554, 625)	(55, 63)	62
15:57:31.475	38	17.2791	(544, 626)	(54, 63)	62
15:57:31.517	35	17.1944	(534, 628)	(53, 63)	62
15:57:31.559	39	17.2486	(524, 629)	(52, 63)	62
15:57:31.609	32	17.1433	(514, 631)	(51, 63)	62
15:57:31.648	30	17.1975	(504, 633)	(50, 63)	62
15:57:31.683	29	17.0988	(494, 634)	(49, 63)	62
15:57:31.718	30	17.1018	(493, 635)	(49, 64)	62
15:57:31.752	29	16.92	(484, 637)	(48, 64)	62
15:57:31.787	31	16.7926	(467, 641)	(47, 64)	62
15:57:31.822	28	16.809	(464, 642)	(46, 64)	62
15:57:31.856	30	16.7179	(458, 645)	(46, 65)	62
15:57:31.892	28	16.6714	(454, 646)	(45, 65)	62
15:57:31.926	29	16.6993	(444, 650)	(44, 65)	62
15:57:31.961	28	16.5766	(434, 654)	(43, 65)	62
15:57:31.997	29	16.5273	(432, 655)	(43, 66)	62
15:57:32.030	27	16.5256	(424, 658)	(42, 66)	62
15:57:32.064	33	16.5274	(414, 662)	(41, 66)	62
15:57:32.107	34	16.712	(409, 665)	(41, 67)	62
15:57:32.149	34	16.5302	(404, 667)	(40, 67)	62
15:57:32.191	33	16.5407	(394, 671)	(39, 67)	62
15:57:32.232	28	16.5135	(387, 675)	(39, 68)	62
15:57:32.266	28	16.4356	(384, 676)	(38, 68)	62
15:57:32.301	28	16.417	(374, 680)	(37, 68)	62
15:57:32.335	29	16.4321	(367, 685)	(37, 69)	62
15:57:32.371	29	16.421	(364, 687)	(36, 69)	62
15:57:32.406	29	16.4024	(356, 695)	(36, 70)	62
15:57:32.441	28	16.4519	(354, 695)	(35, 70)	62
15:57:32.475	29	16.3896	(344, 704)	(34, 70)	62
15:57:32.510	28	16.4204	(344, 705)	(34, 71)	62
15:57:32.544	28	16.3973	(337, 715)	(34, 72)	62
15:57:32.579	30	16.3959	(335, 725)	(34, 73)	62
15:57:32.615	27	16.3948	(334, 727)	(33, 73)	62
15:57:32.648	26	16.4164	(331, 735)	(33, 74)	62
15:57:32.676	25	16.4041	(329, 746)	(33, 75)	62
15:57:32.703	28	16.4776	(329, 755)	(33, 76)	62
15:57:32.740	32	16.5258	(329, 765)	(33, 77)	62
15:57:32.775	28	16.4911	(329, 775)	(33, 78)	62
15:57:32.809	27	16.5147	(329, 785)	(33, 79)	62
15:57:32.844	26	16.6359	(329, 795)	(33, 80)	62
15:57:32.871	29	16.6809	(329, 805)	(33, 81)	62
15:57:32.906	34	16.7378	(329, 833)	(33, 83)	62
15:57:32.949	33	16.6852	(329, 836)	(33, 84)	62
15:57:32.991	33	16.7459	(329, 845)	(33, 85)	62
15:57:33.032	32	16.7662	(329, 855)	(33, 86)	62
15:57:33.073	28	16.7508	(330, 865)	(33, 87)	62
15:57:33.107	29	16.7396	(332, 875)	(33, 88)	62
15:57:33.143	29	16.7649	(335, 883)	(34, 88)	62
15:57:33.177	28	16.7262	(335, 885)	(34, 89)	62
15:57:33.212	30	16.7399	(338, 895)	(34, 90)	62
15:57:33.247	28	16.7283	(341, 905)	(34, 91)	62
15:57:33.281	32	16.8001	(345, 914)	(35, 91)	62
15:57:33.317	34	16.7382	(346, 915)	(35, 92)	62
15:57:33.359	34	16.7876	(350, 925)	(35, 93)	62
15:57:33.400	34	16.8579	(355, 931)	(36, 93)	62
15:57:33.443	43	16.824	(357, 935)	(36, 94)	62
15:57:33.490	26	16.8756	(364, 945)	(36, 95)	62
15:57:33.517	28	16.8582	(365, 945)	(37, 95)	62
15:57:33.552	32	16.8705	(373, 955)	(37, 96)	62
15:57:33.588	30	16.9193	(375, 956)	(38, 96)	62
15:57:33.622	31	16.9732	(384, 965)	(38, 97)	62
15:57:33.664	30	17.017	(385, 966)	(39, 97)	62
15:57:33.698	28	17.0243	(395, 975)	(40, 98)	62
15:57:33.733	35	17.0492	(405, 982)	(41, 98)	62
15:57:33.777	33	17.0071	(411, 987)	(41, 99)	62
15:57:33.817	33	17.061	(415, 989)	(42, 99)	62
15:57:33.860	29	16.9775	(423, 995)	(42, 100)	62
15:57:33.893	29	17.1114	(425, 996)	(43, 100)	62
15:57:33.928	29	17.1563	(435, 1001)	(44, 100)	62
15:57:33.962	30	17.1843	(441, 1005)	(44, 101)	62
15:57:33.998	37	17.1547	(446, 1007)	(45, 101)	62
15:57:34.040	34	17.225	(455, 1012)	(46, 101)	62
15:57:34.082	28	17.4043	(461, 1015)	(46, 102)	62
15:57:34.115	39	17.392	(465, 1017)	(47, 102)	62
15:57:34.156	29	17.5092	(475, 1022)	(48, 102)	62
15:57:34.193	31	17.5644	(481, 1025)	(48, 103)	62
15:57:34.227	31	17.5938	(485, 1026)	(49, 103)	62
15:57:34.262	32	17.6539	(495, 1030)	(50, 103)	62
15:57:34.296	28	17.7665	(505, 1034)	(51, 103)	62
15:57:34.331	30	17.7816	(506, 1035)	(51, 104)	62
15:57:34.366	32	17.8492	(515, 1037)	(52, 104)	62
15:57:34.401	31	17.8999	(525, 1040)	(53, 104)	62
15:57:34.436	30	18.2196	(540, 1043)	(54, 104)	62
15:57:34.470	33	18.2354	(545, 1044)	(55, 104)	62
15:57:34.512	32	18.2167	(549, 1045)	(55, 105)	62
15:57:34.547	32	18.3301	(555, 1046)	(56, 105)	62
15:57:34.582	30	18.42	(577, 1050)	(58, 105)	62
15:57:34.616	33	18.4237	(585, 1052)	(59, 105)	62
15:57:34.659	36	18.4407	(595, 1053)	(60, 105)	62
15:57:34.700	31	18.5606	(605, 1054)	(61, 105)	62
15:57:34.734	30	18.5985	(608, 1055)	(61, 106)	62
15:57:34.769	30	18.7259	(615, 1056)	(62, 106)	62
15:57:34.803	30	18.793	(625, 1057)	(63, 106)	62
15:57:34.838	32	18.8846	(635, 1058)	(64, 106)	62
15:57:34.873	30	18.947	(645, 1059)	(65, 106)	62
15:57:34.908	31	18.9877	(655, 1060)	(66, 106)	62
15:57:34.942	31	19.0997	(665, 1061)	(67, 106)	62
15:57:34.978	31	19.1957	(675, 1061)	(68, 106)	62
15:57:35.012	31	19.2316	(685, 1063)	(69, 106)	62
15:57:35.047	31	19.3264	(695, 1063)	(70, 106)	62
15:57:35.082	31	19.3994	(705, 1064)	(71, 106)	62
15:57:35.116	41	19.4396	(715, 1064)	(72, 106)	62
15:57:35.158	32	19.484	(719, 1065)	(72, 107)	62
15:57:35.201	40	19.5468	(725, 1065)	(73, 107)	62
15:57:35.250	39	19.4809	(735, 1066)	(74, 107)	62
15:57:35.301	40	19.6153	(745, 1066)	(75, 107)	62
15:57:35.347	31	19.7855	(755, 1066)	(76, 107)	62
15:57:35.381	37	19.7901	(765, 1066)	(77, 107)	62
15:57:35.424	36	19.8215	(775, 1067)	(78, 107)	62
15:57:35.465	33	20.0265	(785, 1067)	(79, 107)	62
15:57:35.506	34	20.0788	(795, 1068)	(80, 107)	62
15:57:35.548	30	20.1123	(805, 1069)	(81, 107)	62
15:57:35.583	33	20.0839	(815, 1070)	(82, 107)	62
15:57:35.625	34	20.2507	(825, 1071)	(83, 107)	62
15:57:35.667	33	20.2314	(835, 1072)	(84, 107)	62
15:57:35.708	34	20.2763	(845, 1073)	(85, 107)	62
15:57:35.749	30	20.1865	(856, 1074)	(86, 107)	62
15:57:35.784	29	20.2127	(862, 1075)	(86, 108)	62
15:57:35.818	33	20.2327	(865, 1075)	(87, 108)	62
15:57:35.861	36	20.3058	(875, 1075)	(88, 108)	62
15:57:35.902	35	20.3209	(885, 1076)	(89, 108)	62
15:57:35.945	32	20.2849	(895, 1077)	(90, 108)	62
15:57:35.985	30	20.3662	(905, 1078)	(91, 108)	62
15:57:36.020	33	20.383	(915, 1078)	(92, 108)	62
15:57:36.062	34	20.4711	(925, 1079)	(93, 108)	62
15:57:36.104	34	20.3796	(935, 1080)	(94, 108)	62
15:57:36.147	31	20.5249	(945, 1081)	(95, 108)	62
15:57:36.180	31	20.4588	(955, 1082)	(96, 108)	62
15:57:36.215	30	20.5013	(965, 1082)	(97, 108)	62
15:57:36.249	37	20.4593	(975, 1083)	(98, 108)	62
15:57:36.293	39	20.4754	(986, 1083)	(99, 108)	62
15:57:36.342	37	20.5154	(995, 1084)	(100, 108)	62
15:57:36.382	32	20.627	(1005, 1084)	(101, 108)	62
15:57:36.416	36	20.5662	(1015, 1084)	(102, 108)	62
15:57:36.460	39	20.5736	(1017, 1085)	(102, 109)	62
15:57:36.508	43	20.6119	(1025, 1085)	(103, 109)	62
15:57:36.558	36	20.5256	(1040, 1085)	(104, 109)	62
15:57:36.598	34	20.6616	(1048, 1085)	(105, 109)	62
15:57:36.639	32	20.672	(1055, 1086)	(106, 109)	62
15:57:36.675	32	20.7519	(1065, 1086)	(107, 109)	62
15:57:36.715	33	20.7785	(1075, 1086)	(108, 109)	62
15:57:36.752	34	20.8267	(1085, 1086)	(109, 109)	62
15:57:36.792	32	20.72	(1096, 1086)	(110, 109)	62
15:57:36.827	33	20.7825	(1105, 1086)	(111, 109)	62
15:57:36.868	33	20.8603	(1115, 1086)	(112, 109)	62
15:57:36.904	33	20.7541	(1126, 1086)	(113, 109)	62
15:57:36.945	32	20.8033	(1135, 1086)	(114, 109)	62
15:57:36.980	33	20.8099	(1146, 1086)	(115, 109)	62
15:57:37.022	32	20.8277	(1155, 1086)	(116, 109)	62
15:57:37.063	40	20.8065	(1166, 1086)	(117, 109)	62
15:57:37.114	38	20.7716	(1175, 1086)	(118, 109)	62
15:57:37.161	36	20.8796	(1185, 1085)	(119, 109)	62
15:57:37.202	32	20.901	(1188, 1084)	(119, 108)	62
15:57:37.236	31	20.8898	(1195, 1084)	(120, 108)	62
15:57:37.271	31	20.9501	(1205, 1082)	(121, 108)	62
15:57:37.306	36	20.9273	(1215, 1081)	(122, 108)	62
15:57:37.348	35	21.0181	(1225, 1081)	(123, 108)	62
15:57:37.390	36	21.0336	(1235, 1081)	(124, 108)	62
15:57:37.432	33	21.083	(1245, 1080)	(125, 108)	62
15:57:37.473	32	21.0327	(1255, 1080)	(126, 108)	62
15:57:37.509	36	21.1031	(1265, 1079)	(127, 108)	62
15:57:37.550	39	21.0653	(1275, 1078)	(128, 108)	62
15:57:37.594	37	20.9627	(1286, 1077)	(129, 108)	62
15:57:37.640	33	20.9566	(1295, 1077)	(130, 108)	62
15:57:37.682	33	20.984	(1305, 1077)	(131, 108)	62
15:57:37.724	39	21.0612	(1315, 1077)	(132, 108)	62
15:57:37.774	40	20.9286	(1325, 1077)	(133, 108)	62
15:57:37.824	35	20.8267	(1335, 1077)	(134, 108)	62
15:57:37.863	33	20.9233	(1345, 1077)	(135, 108)	62
15:57:37.904	40	20.9092	(1355, 1077)	(136, 108)	62
15:57:37.954	40	20.7668	(1365, 1079)	(137, 108)	62
15:57:38.003	42	20.5954	(1375, 1080)	(138, 108)	62
15:57:38.052	33	20.6652	(1385, 1081)	(139, 108)	62
15:57:38.092	34	20.6256	(1395, 1081)	(140, 108)	62
15:57:38.134	34	20.5058	(1405, 1083)	(141, 108)	62
15:57:38.176	33	20.3289	(1416, 1084)	(142, 108)	62
15:57:38.217	34	20.3286	(1418, 1085)	(142, 109)	62
15:57:38.259	34	20.2778	(1425, 1085)	(143, 109)	62
15:57:38.303	33	20.1907	(1437, 1088)	(144, 109)	62
15:57:38.343	42	20.0687	(1445, 1088)	(145, 109)	62
15:57:38.392	40	19.9356	(1455, 1089)	(146, 109)	62
15:57:38.442	40	19.8194	(1465, 1090)	(147, 109)	62
15:57:38.492	32	19.689	(1476, 1091)	(148, 109)	62
15:57:38.531	33	19.6846	(1485, 1092)	(149, 109)	62
15:57:38.572	32	19.5065	(1495, 1093)	(150, 109)	62
15:57:38.613	35	19.4578	(1505, 1093)	(151, 109)	62
15:57:38.656	32	19.4246	(1515, 1093)	(152, 109)	62
15:57:38.690	29	19.3052	(1525, 1093)	(153, 109)	62
15:57:38.724	29	19.1065	(1535, 1094)	(154, 109)	62
15:57:38.759	32	19.0818	(1545, 1094)	(155, 109)	62
15:57:38.794	34	18.9193	(1555, 1094)	(156, 109)	62
15:57:38.836	34	18.817	(1565, 1094)	(157, 109)	62
15:57:38.878	30	18.723	(1566, 1095)	(157, 110)	62
15:57:38.912	29	18.676	(1575, 1095)	(158, 110)	62
15:57:38.947	27	18.5831	(1585, 1095)	(159, 110)	62
15:57:38.982	36	18.483	(1596, 1096)	(160, 110)	62
15:57:39.025	35	18.3499	(1605, 1096)	(161, 110)	62
15:57:39.069	33	18.1449	(1615, 1096)	(162, 110)	62
15:57:39.107	28	18.0892	(1625, 1097)	(163, 110)	62
15:57:39.142	32	18.0622	(1635, 1097)	(164, 110)	62
15:57:39.177	33	17.9446	(1645, 1097)	(165, 110)	62
15:57:39.219	33	17.7944	(1655, 1098)	(166, 110)	62
15:57:39.260	32	17.6921	(1665, 1098)	(167, 110)	62
15:57:39.295	31	17.5935	(1675, 1099)	(168, 110)	62
15:57:39.330	29	17.5228	(1685, 1099)	(169, 110)	62
15:57:39.366	37	17.3889	(1695, 1100)	(170, 110)	62
15:57:39.407	36	17.2982	(1705, 1100)	(171, 110)	62
15:57:39.449	38	17.2241	(1715, 1101)	(172, 110)	62
15:57:39.500	34	17.1825	(1725, 1101)	(173, 110)	62
15:57:39.538	29	17.0804	(1735, 1103)	(174, 110)	62
15:57:39.573	31	17.0489	(1748, 1104)	(175, 110)	62
15:57:39.607	33	16.9881	(1753, 1105)	(175, 111)	62
15:57:39.643	30	16.9942	(1755, 1105)	(176, 111)	62
15:57:39.677	32	16.8753	(1765, 1106)	(177, 111)	62
15:57:39.712	28	16.816	(1775, 1107)	(178, 111)	62
15:57:39.746	27	16.7604	(1785, 1108)	(179, 111)	62
15:57:39.781	31	16.5939	(1798, 1109)	(180, 111)	62
15:57:39.816	33	16.6239	(1806, 1111)	(181, 111)	62
15:57:39.859	30	16.5784	(1815, 1112)	(182, 111)	62
15:57:39.893	33	16.4791	(1825, 1112)	(183, 111)	62
15:57:39.934	28	16.3775	(1835, 1113)	(184, 111)	62
15:57:39.968	29	16.3167	(1850, 1114)	(185, 111)	62
15:57:40.005	28	16.2933	(1855, 1114)	(186, 111)	62
15:57:40.039	28	16.2431	(1858, 1115)	(186, 112)	62
15:57:40.073	33	16.2424	(1865, 1116)	(187, 112)	62
15:57:40.118	31	16.1465	(1877, 1117)	(188, 112)	62
15:57:40.157	26	16.1898	(1885, 1118)	(189, 112)	62
15:57:40.184	26	16.1274	(1895, 1120)	(190, 112)	62
15:57:40.212	28	16.1406	(1905, 1121)	(191, 112)	62
15:57:40.247	29	15.9898	(0, 0)	(0, 0)	62
EOM

