BOM
Frame extends: 2263, 1306
_ms_area: 10
measurements taken: 585
current rendering method: 0
is mouse replay: 1
Camera settings: Roation Quaternion: ( -0.00927681, 0.775348, -0.00906515, -0.631399), Translationsvektor: ( 0.326116, -0.188361, 1.775).
System_Time	Elapsed_Time_PaintGL	Elapsed_Kernel_Time	Frame_Coordinates	Grid_Position	Manual_Measurement
15:55:41.760	55	49.7887	(-1, -1)	(-1, -1)	62
15:55:41.817	59	49.855	(-1, -1)	(-1, -1)	62
15:55:41.881	61	49.7844	(-1, -1)	(-1, -1)	62
15:55:41.952	61	49.7559	(-1, -1)	(-1, -1)	62
15:55:42.019	58	49.7444	(-1, -1)	(-1, -1)	62
15:55:42.085	62	49.7822	(-1, -1)	(-1, -1)	62
15:55:42.157	60	49.7493	(-1, -1)	(-1, -1)	62
15:55:42.221	58	49.74	(-1, -1)	(-1, -1)	62
15:55:42.295	64	49.7324	(-1, -1)	(-1, -1)	62
15:55:42.395	57	49.7594	(-1, -1)	(-1, -1)	62
15:55:42.460	57	49.7536	(-1, -1)	(-1, -1)	62
15:55:42.533	58	49.7516	(-1, -1)	(-1, -1)	62
15:55:42.597	57	49.7876	(-1, -1)	(-1, -1)	62
15:55:42.660	57	49.7916	(-1, -1)	(-1, -1)	62
15:55:42.723	56	49.9413	(-1, -1)	(-1, -1)	62
15:55:42.787	62	49.8461	(-1, -1)	(-1, -1)	62
15:55:42.867	56	49.8046	(-1, -1)	(-1, -1)	62
15:55:42.929	56	49.9067	(-1, -1)	(-1, -1)	62
15:55:42.992	56	49.8721	(-1, -1)	(-1, -1)	62
15:55:43.055	55	49.9717	(-1, -1)	(-1, -1)	62
15:55:43.118	56	49.8984	(-1, -1)	(-1, -1)	62
15:55:43.180	57	50.0397	(-1, -1)	(-1, -1)	62
15:55:43.242	55	49.9711	(-1, -1)	(-1, -1)	62
15:55:43.304	57	50.016	(-1, -1)	(-1, -1)	62
15:55:43.368	56	49.9963	(-1, -1)	(-1, -1)	62
15:55:43.430	56	49.9689	(-1, -1)	(-1, -1)	62
15:55:43.492	57	50.1273	(-1, -1)	(-1, -1)	62
15:55:43.555	57	49.8173	(-1, -1)	(-1, -1)	62
15:55:43.620	61	49.7972	(-1, -1)	(-1, -1)	62
15:55:43.687	58	49.7861	(-1, -1)	(-1, -1)	62
15:55:43.751	58	49.7772	(-1, -1)	(-1, -1)	62
15:55:43.814	61	49.751	(-1, -1)	(-1, -1)	62
15:55:43.882	57	49.8966	(-1, -1)	(-1, -1)	62
15:55:43.944	57	49.8671	(-1, -1)	(-1, -1)	62
15:55:44.009	62	49.7561	(-1, -1)	(-1, -1)	62
15:55:44.078	58	49.7787	(-1, -1)	(-1, -1)	62
15:55:44.143	61	49.7716	(-1, -1)	(-1, -1)	62
15:55:44.218	59	49.7707	(-1, -1)	(-1, -1)	62
15:55:44.285	57	49.8693	(-1, -1)	(-1, -1)	62
15:55:44.356	60	49.7776	(-1, -1)	(-1, -1)	62
15:55:44.426	56	49.7384	(-1, -1)	(-1, -1)	62
15:55:44.486	57	49.8588	(-1, -1)	(-1, -1)	62
15:55:44.552	62	49.7819	(-1, -1)	(-1, -1)	62
15:55:44.628	61	49.7502	(-1, -1)	(-1, -1)	62
15:55:44.697	59	49.8021	(-1, -1)	(-1, -1)	62
15:55:44.765	59	49.7434	(-1, -1)	(-1, -1)	62
15:55:44.829	61	49.7796	(-1, -1)	(-1, -1)	62
15:55:44.901	61	49.7689	(-1, -1)	(-1, -1)	62
15:55:44.966	60	49.7833	(-1, -1)	(-1, -1)	62
15:55:45.030	64	49.7876	(-1, -1)	(-1, -1)	62
15:55:45.102	61	49.7704	(-1, -1)	(-1, -1)	62
15:55:45.168	59	49.7683	(-1, -1)	(-1, -1)	62
15:55:45.232	63	49.792	(-1, -1)	(-1, -1)	62
15:55:45.304	65	49.7653	(-1, -1)	(-1, -1)	62
15:55:45.376	58	50.0086	(-1, -1)	(-1, -1)	62
15:55:45.441	62	49.7489	(-1, -1)	(-1, -1)	62
15:55:45.511	61	49.793	(-1, -1)	(-1, -1)	62
15:55:45.578	59	49.8268	(-1, -1)	(-1, -1)	62
15:55:45.642	63	49.7361	(-1, -1)	(-1, -1)	62
15:55:45.712	61	49.7576	(-1, -1)	(-1, -1)	62
15:55:45.780	56	49.8181	(-1, -1)	(-1, -1)	62
15:55:45.844	62	49.7582	(-1, -1)	(-1, -1)	62
15:55:45.914	62	49.7776	(-1, -1)	(-1, -1)	62
15:55:45.986	58	49.7907	(-1, -1)	(-1, -1)	62
15:55:46.051	56	49.8461	(-1, -1)	(-1, -1)	62
15:55:46.115	60	49.7799	(-1, -1)	(-1, -1)	62
15:55:46.184	60	49.779	(-1, -1)	(-1, -1)	62
15:55:46.255	60	49.7913	(-1, -1)	(-1, -1)	62
15:55:46.323	61	49.8016	(-1, -1)	(-1, -1)	62
15:55:46.392	59	49.8148	(-1, -1)	(-1, -1)	62
15:55:46.454	58	49.7597	(-1, -1)	(-1, -1)	62
15:55:46.518	62	49.7901	(-1, -1)	(-1, -1)	62
15:55:46.590	60	49.7693	(-1, -1)	(-1, -1)	62
15:55:46.656	58	49.7433	(-1, -1)	(-1, -1)	62
15:55:46.718	60	49.7776	(-1, -1)	(-1, -1)	62
15:55:46.785	61	49.8098	(-1, -1)	(-1, -1)	62
15:55:46.851	57	49.8196	(-1, -1)	(-1, -1)	62
15:55:46.914	61	49.7959	(-1, -1)	(-1, -1)	62
15:55:46.985	62	49.7733	(-1, -1)	(-1, -1)	62
15:55:47.052	57	49.8796	(-1, -1)	(-1, -1)	62
15:55:47.116	61	49.7581	(-1, -1)	(-1, -1)	62
15:55:47.186	63	49.8239	(-1, -1)	(-1, -1)	62
15:55:47.253	56	49.8453	(-1, -1)	(-1, -1)	62
15:55:47.318	72	49.753	(-1, -1)	(-1, -1)	62
15:55:47.401	60	49.7594	(-1, -1)	(-1, -1)	62
15:55:47.468	58	49.8179	(-1, -1)	(-1, -1)	62
15:55:47.532	63	49.7622	(-1, -1)	(-1, -1)	62
15:55:47.603	61	49.7813	(-1, -1)	(-1, -1)	62
15:55:47.670	57	49.8613	(-1, -1)	(-1, -1)	62
15:55:47.734	61	49.7702	(-1, -1)	(-1, -1)	62
15:55:47.806	62	49.781	(-1, -1)	(-1, -1)	62
15:55:47.874	60	49.8222	(-1, -1)	(-1, -1)	62
15:55:47.944	61	49.7514	(-1, -1)	(-1, -1)	62
15:55:48.026	61	49.7547	(-1, -1)	(-1, -1)	62
15:55:48.095	59	49.735	(-1, -1)	(-1, -1)	62
15:55:48.159	61	49.7695	(-1, -1)	(-1, -1)	62
15:55:48.228	62	49.7773	(-1, -1)	(-1, -1)	62
15:55:48.298	59	49.7874	(-1, -1)	(-1, -1)	62
15:55:48.359	60	49.756	(-1, -1)	(-1, -1)	62
15:55:48.430	60	49.7376	(-1, -1)	(-1, -1)	62
15:55:48.498	60	49.7818	(-1, -1)	(-1, -1)	62
15:55:48.562	62	49.7576	(-1, -1)	(-1, -1)	62
15:55:48.632	61	49.7319	(-1, -1)	(-1, -1)	62
15:55:48.701	58	49.797	(-1, -1)	(-1, -1)	62
15:55:48.762	56	49.8557	(-1, -1)	(-1, -1)	62
15:55:48.826	61	49.771	(-1, -1)	(-1, -1)	62
15:55:48.896	61	49.776	(-1, -1)	(-1, -1)	62
15:55:48.964	55	49.8351	(-1, -1)	(-1, -1)	62
15:55:49.028	62	49.7342	(-1, -1)	(-1, -1)	62
15:55:49.099	60	49.8	(-1, -1)	(-1, -1)	62
15:55:49.165	57	49.8476	(-1, -1)	(-1, -1)	62
15:55:49.229	61	49.7487	(-1, -1)	(-1, -1)	62
15:55:49.299	63	49.8153	(-1, -1)	(-1, -1)	62
15:55:49.367	57	49.823	(-1, -1)	(-1, -1)	62
15:55:49.431	61	49.7578	(-1, -1)	(-1, -1)	62
15:55:49.500	62	49.7609	(-1, -1)	(-1, -1)	62
15:55:49.569	59	49.7781	(-1, -1)	(-1, -1)	62
15:55:49.636	61	49.7348	(-1, -1)	(-1, -1)	62
15:55:49.702	60	49.7902	(-1, -1)	(-1, -1)	62
15:55:49.770	57	49.8833	(-1, -1)	(-1, -1)	62
15:55:49.836	61	49.7483	(-1, -1)	(-1, -1)	62
15:55:49.903	63	49.7704	(-1, -1)	(-1, -1)	62
15:55:49.973	61	49.7895	(-1, -1)	(-1, -1)	62
15:55:50.041	63	49.7679	(-1, -1)	(-1, -1)	62
15:55:50.113	61	49.821	(-1, -1)	(-1, -1)	62
15:55:50.183	60	49.7813	(-1, -1)	(-1, -1)	62
15:55:50.250	62	49.7441	(-1, -1)	(-1, -1)	62
15:55:50.321	62	49.752	(-1, -1)	(-1, -1)	62
15:55:50.391	61	49.7794	(-1, -1)	(-1, -1)	62
15:55:50.458	56	49.8676	(-1, -1)	(-1, -1)	62
15:55:50.522	61	49.8046	(-1, -1)	(-1, -1)	62
15:55:50.591	57	49.8399	(-1, -1)	(-1, -1)	62
15:55:50.652	58	49.8695	(-1, -1)	(-1, -1)	62
15:55:50.717	60	49.769	(-1, -1)	(-1, -1)	62
15:55:50.785	56	49.8627	(-1, -1)	(-1, -1)	62
15:55:50.848	60	49.751	(-1, -1)	(-1, -1)	62
15:55:50.919	61	49.7967	(-1, -1)	(-1, -1)	62
15:55:50.990	62	49.8123	(-1, -1)	(-1, -1)	62
15:55:51.055	59	49.8258	(-1, -1)	(-1, -1)	62
15:55:51.120	62	49.7612	(-1, -1)	(-1, -1)	62
15:55:51.191	61	49.7873	(-1, -1)	(-1, -1)	62
15:55:51.259	60	49.7721	(-1, -1)	(-1, -1)	62
15:55:51.329	62	49.7479	(-1, -1)	(-1, -1)	62
15:55:51.398	62	49.8102	(-1, -1)	(-1, -1)	62
15:55:51.467	57	49.7945	(-1, -1)	(-1, -1)	62
15:55:51.530	63	49.7559	(-1, -1)	(-1, -1)	62
15:55:51.600	62	49.7647	(-1, -1)	(-1, -1)	62
15:55:51.668	57	49.8265	(-1, -1)	(-1, -1)	62
15:55:51.731	62	49.7628	(-1, -1)	(-1, -1)	62
15:55:51.800	58	49.7767	(-1, -1)	(-1, -1)	62
15:55:51.863	58	49.7799	(-1, -1)	(-1, -1)	62
15:55:51.924	59	49.8093	(-1, -1)	(-1, -1)	62
15:55:51.992	61	49.7559	(-1, -1)	(-1, -1)	62
15:55:52.058	57	49.8479	(-1, -1)	(-1, -1)	62
15:55:52.119	57	49.7978	(-1, -1)	(-1, -1)	62
15:55:52.184	61	49.7753	(-1, -1)	(-1, -1)	62
15:55:52.253	61	49.8031	(-1, -1)	(-1, -1)	62
15:55:52.321	56	49.8247	(-1, -1)	(-1, -1)	62
15:55:52.385	62	49.7724	(-1, -1)	(-1, -1)	62
15:55:52.455	62	49.8335	(-1, -1)	(-1, -1)	62
15:55:52.523	58	49.7831	(-1, -1)	(-1, -1)	62
15:55:52.585	60	49.7886	(-1, -1)	(-1, -1)	62
15:55:52.657	60	49.7815	(-1, -1)	(-1, -1)	62
15:55:52.723	58	49.8287	(-1, -1)	(-1, -1)	62
15:55:52.788	61	49.7616	(-1, -1)	(-1, -1)	62
15:55:52.857	57	49.8841	(-1, -1)	(-1, -1)	62
15:55:52.919	58	49.781	(-1, -1)	(-1, -1)	62
15:55:52.983	61	49.7719	(-1, -1)	(-1, -1)	62
15:55:53.052	63	49.7594	(-1, -1)	(-1, -1)	62
15:55:53.123	61	49.788	(-1, -1)	(-1, -1)	62
15:55:53.192	62	49.7564	(-1, -1)	(-1, -1)	62
15:55:53.261	60	49.82	(-1, -1)	(-1, -1)	62
15:55:53.330	58	49.805	(-1, -1)	(-1, -1)	62
15:55:53.391	58	49.7839	(-1, -1)	(-1, -1)	62
15:55:53.456	61	49.7899	(-1, -1)	(-1, -1)	62
15:55:53.524	59	49.7975	(-1, -1)	(-1, -1)	62
15:55:53.586	57	49.8243	(-1, -1)	(-1, -1)	62
15:55:53.651	62	49.7719	(-1, -1)	(-1, -1)	62
15:55:53.722	60	49.7738	(-1, -1)	(-1, -1)	62
15:55:53.788	60	49.7763	(-1, -1)	(-1, -1)	62
15:55:53.859	60	49.7593	(-1, -1)	(-1, -1)	62
15:55:53.927	59	49.7679	(-1, -1)	(-1, -1)	62
15:55:53.998	61	49.7754	(-1, -1)	(-1, -1)	62
15:55:54.067	62	49.7483	(-1, -1)	(-1, -1)	62
15:55:54.137	60	49.7776	(-1, -1)	(-1, -1)	62
15:55:54.208	62	49.7644	(-1, -1)	(-1, -1)	62
15:55:54.276	61	49.7644	(-1, -1)	(-1, -1)	62
15:55:54.344	59	49.7892	(-1, -1)	(-1, -1)	62
15:55:54.409	61	49.7901	(-1, -1)	(-1, -1)	62
15:55:54.478	62	49.7473	(-1, -1)	(-1, -1)	62
15:55:54.547	58	49.8024	(-1, -1)	(-1, -1)	62
15:55:54.609	58	49.7544	(-1, -1)	(-1, -1)	62
15:55:54.672	62	49.7499	(-1, -1)	(-1, -1)	62
15:55:54.742	62	49.82	(-1, -1)	(-1, -1)	62
15:55:54.810	59	49.7861	(-1, -1)	(-1, -1)	62
15:55:54.874	61	49.7628	(-1, -1)	(-1, -1)	62
15:55:54.942	58	49.7557	(-1, -1)	(-1, -1)	62
15:55:55.004	58	49.8486	(-1, -1)	(-1, -1)	62
15:55:55.068	63	49.7628	(-1, -1)	(-1, -1)	62
15:55:55.138	61	49.7479	(-1, -1)	(-1, -1)	62
15:55:55.207	56	49.932	(-1, -1)	(-1, -1)	62
15:55:55.268	57	49.8153	(-1, -1)	(-1, -1)	62
15:55:55.334	62	49.7612	(-1, -1)	(-1, -1)	62
15:55:55.403	60	49.7714	(-1, -1)	(-1, -1)	62
15:55:55.471	61	49.7538	(-1, -1)	(-1, -1)	62
15:55:55.540	58	49.7529	(-1, -1)	(-1, -1)	62
15:55:55.603	59	49.7871	(-1, -1)	(-1, -1)	62
15:55:55.667	61	49.7779	(-1, -1)	(-1, -1)	62
15:55:55.735	60	49.7467	(-1, -1)	(-1, -1)	62
15:55:55.801	58	49.7966	(-1, -1)	(-1, -1)	62
15:55:55.868	62	49.7686	(-1, -1)	(-1, -1)	62
15:55:55.938	60	49.7658	(-1, -1)	(-1, -1)	62
15:55:56.009	63	49.7711	(-1, -1)	(-1, -1)	62
15:55:56.076	58	49.7794	(-1, -1)	(-1, -1)	62
15:55:56.139	63	49.7785	(-1, -1)	(-1, -1)	62
15:55:56.212	61	49.7953	(-1, -1)	(-1, -1)	62
15:55:56.276	58	49.8222	(-1, -1)	(-1, -1)	62
15:55:56.341	64	49.7683	(-1, -1)	(-1, -1)	62
15:55:56.412	63	49.7825	(-1, -1)	(-1, -1)	62
15:55:56.478	60	49.7443	(-1, -1)	(-1, -1)	62
15:55:56.543	62	49.7618	(-1, -1)	(-1, -1)	62
15:55:56.613	61	49.7492	(-1, -1)	(-1, -1)	62
15:55:56.679	59	49.8409	(-1, -1)	(-1, -1)	62
15:55:56.745	61	49.7606	(-1, -1)	(-1, -1)	62
15:55:56.813	58	49.751	(-1, -1)	(-1, -1)	62
15:55:56.875	56	49.8517	(-1, -1)	(-1, -1)	62
15:55:56.937	58	49.8277	(-1, -1)	(-1, -1)	62
15:55:57.001	61	49.7905	(-1, -1)	(-1, -1)	62
15:55:57.070	58	49.7796	(-1, -1)	(-1, -1)	62
15:55:57.134	61	49.7736	(-1, -1)	(-1, -1)	62
15:55:57.203	61	49.7643	(-1, -1)	(-1, -1)	62
15:55:57.272	58	49.7843	(-1, -1)	(-1, -1)	62
15:55:57.341	63	49.7676	(-1, -1)	(-1, -1)	62
15:55:57.412	61	49.7889	(-1, -1)	(-1, -1)	62
15:55:57.481	59	49.7898	(-1, -1)	(-1, -1)	62
15:55:57.542	58	49.7701	(-1, -1)	(-1, -1)	62
15:55:57.605	61	49.7954	(-1, -1)	(-1, -1)	62
15:55:57.677	61	49.7868	(-1, -1)	(-1, -1)	62
15:55:57.743	58	49.828	(-1, -1)	(-1, -1)	62
15:55:57.808	61	49.7815	(-1, -1)	(-1, -1)	62
15:55:57.877	62	49.7516	(-1, -1)	(-1, -1)	62
15:55:57.945	58	49.8357	(-1, -1)	(-1, -1)	62
15:55:58.016	61	49.7828	(-1, -1)	(-1, -1)	62
15:55:58.086	60	49.752	(-1, -1)	(-1, -1)	62
15:55:58.154	57	49.8567	(-1, -1)	(-1, -1)	62
15:55:58.218	61	49.7893	(-1, -1)	(-1, -1)	62
15:55:58.286	58	49.8022	(-1, -1)	(-1, -1)	62
15:55:58.349	56	49.8581	(-1, -1)	(-1, -1)	62
15:55:58.411	56	49.8695	(-1, -1)	(-1, -1)	62
15:55:58.475	62	49.7559	(-1, -1)	(-1, -1)	62
15:55:58.544	59	49.8037	(-1, -1)	(-1, -1)	62
15:55:58.606	59	49.8196	(-1, -1)	(-1, -1)	62
15:55:58.669	63	49.7668	(-1, -1)	(-1, -1)	62
15:55:58.740	56	49.7973	(-1, -1)	(-1, -1)	62
15:55:58.800	60	49.784	(-1, -1)	(-1, -1)	62
15:55:58.871	63	49.7889	(-1, -1)	(-1, -1)	62
15:55:58.942	61	49.8021	(-1, -1)	(-1, -1)	62
15:55:59.009	58	49.8344	(-1, -1)	(-1, -1)	62
15:55:59.073	61	49.7403	(-1, -1)	(-1, -1)	62
15:55:59.151	61	49.7944	(-1, -1)	(-1, -1)	62
15:55:59.217	60	49.776	(-1, -1)	(-1, -1)	62
15:55:59.282	61	49.7484	(-1, -1)	(-1, -1)	62
15:55:59.352	60	49.7831	(-1, -1)	(-1, -1)	62
15:55:59.419	63	49.787	(-1, -1)	(-1, -1)	62
15:55:59.490	61	49.799	(-1, -1)	(-1, -1)	62
15:55:59.560	60	49.7883	(-1, -1)	(-1, -1)	62
15:55:59.627	57	49.8043	(-1, -1)	(-1, -1)	62
15:55:59.694	61	49.7473	(-1, -1)	(-1, -1)	62
15:55:59.760	58	49.7847	(-1, -1)	(-1, -1)	62
15:55:59.821	58	49.9021	(-1, -1)	(-1, -1)	62
15:55:59.887	61	49.7951	(-1, -1)	(-1, -1)	62
15:55:59.956	61	49.8028	(-1, -1)	(-1, -1)	62
15:56:00.024	57	49.828	(-1, -1)	(-1, -1)	62
15:56:00.087	58	49.8107	(-1, -1)	(-1, -1)	62
15:56:00.151	56	49.7597	(-1, -1)	(-1, -1)	62
15:56:00.211	57	49.8087	(-1, -1)	(-1, -1)	62
15:56:00.276	61	49.7359	(-1, -1)	(-1, -1)	62
15:56:00.345	61	49.7581	(-1, -1)	(-1, -1)	62
15:56:00.414	60	49.811	(-1, -1)	(-1, -1)	62
15:56:00.485	62	49.7844	(-1, -1)	(-1, -1)	62
15:56:00.554	61	49.7286	(-1, -1)	(-1, -1)	62
15:56:00.623	61	49.773	(-1, -1)	(-1, -1)	62
15:56:00.693	62	49.7698	(-1, -1)	(-1, -1)	62
15:56:00.762	61	49.7676	(-1, -1)	(-1, -1)	62
15:56:00.832	61	49.777	(-1, -1)	(-1, -1)	62
15:56:00.900	63	49.7969	(-1, -1)	(-1, -1)	62
15:56:00.972	62	49.789	(-1, -1)	(-1, -1)	62
15:56:01.041	61	49.7887	(-1, -1)	(-1, -1)	62
15:56:01.108	57	49.8308	(-1, -1)	(-1, -1)	62
15:56:01.172	61	49.7821	(-1, -1)	(-1, -1)	62
15:56:01.240	58	49.777	(-1, -1)	(-1, -1)	62
15:56:01.302	57	49.8264	(-1, -1)	(-1, -1)	62
15:56:01.367	62	49.7754	(-1, -1)	(-1, -1)	62
15:56:01.437	59	49.7919	(-1, -1)	(-1, -1)	62
15:56:01.506	62	49.7524	(-1, -1)	(-1, -1)	62
15:56:01.576	62	49.8003	(-1, -1)	(-1, -1)	62
15:56:01.646	59	49.7736	(-1, -1)	(-1, -1)	62
15:56:01.712	58	49.7979	(-1, -1)	(-1, -1)	62
15:56:01.777	61	49.7679	(-1, -1)	(-1, -1)	62
15:56:01.849	60	49.7799	(-1, -1)	(-1, -1)	62
15:56:01.915	58	49.7843	(-1, -1)	(-1, -1)	62
15:56:01.979	62	49.7855	(-1, -1)	(-1, -1)	62
15:56:02.049	62	49.7416	(-1, -1)	(-1, -1)	62
15:56:02.117	57	49.7984	(-1, -1)	(-1, -1)	62
15:56:02.180	61	49.7736	(-1, -1)	(-1, -1)	62
15:56:02.248	58	49.8298	(-1, -1)	(-1, -1)	62
15:56:02.311	59	49.787	(-1, -1)	(-1, -1)	62
15:56:02.375	61	49.763	(-1, -1)	(-1, -1)	62
15:56:02.444	62	49.7659	(-1, -1)	(-1, -1)	62
15:56:02.514	59	49.7803	(-1, -1)	(-1, -1)	62
15:56:02.582	57	49.8679	(-1, -1)	(-1, -1)	62
15:56:02.646	62	49.7684	(-1, -1)	(-1, -1)	62
15:56:02.720	59	49.744	(-1, -1)	(-1, -1)	62
15:56:02.784	56	49.8218	(-1, -1)	(-1, -1)	62
15:56:02.848	61	49.7679	(-1, -1)	(-1, -1)	62
15:56:02.917	62	49.7616	(-1, -1)	(-1, -1)	62
15:56:02.985	59	49.7561	(-1, -1)	(-1, -1)	62
15:56:03.052	62	49.7828	(-1, -1)	(-1, -1)	62
15:56:03.126	63	49.803	(-1, -1)	(-1, -1)	62
15:56:03.194	60	49.7874	(-1, -1)	(-1, -1)	62
15:56:03.258	62	49.7516	(-1, -1)	(-1, -1)	62
15:56:03.328	61	49.783	(-1, -1)	(-1, -1)	62
15:56:03.395	59	49.8117	(-1, -1)	(-1, -1)	62
15:56:03.460	62	49.7733	(-1, -1)	(-1, -1)	62
15:56:03.529	62	49.7796	(-1, -1)	(-1, -1)	62
15:56:03.598	58	49.7876	(-1, -1)	(-1, -1)	62
15:56:03.662	61	49.7588	(-1, -1)	(-1, -1)	62
15:56:03.729	58	49.9261	(-1, -1)	(-1, -1)	62
15:56:03.792	58	49.855	(-1, -1)	(-1, -1)	62
15:56:03.856	61	49.7781	(-1, -1)	(-1, -1)	62
15:56:03.926	62	49.7458	(-1, -1)	(-1, -1)	62
15:56:03.994	59	49.7581	(-1, -1)	(-1, -1)	62
15:56:04.064	62	49.7754	(-1, -1)	(-1, -1)	62
15:56:04.134	61	49.7564	(-1, -1)	(-1, -1)	62
15:56:04.201	56	49.8681	(-1, -1)	(-1, -1)	62
15:56:04.265	61	49.7757	(-1, -1)	(-1, -1)	62
15:56:04.333	57	49.869	(-1, -1)	(-1, -1)	62
15:56:04.396	57	49.8496	(-1, -1)	(-1, -1)	62
15:56:04.462	61	49.7676	(-1, -1)	(-1, -1)	62
15:56:04.530	61	49.7646	(-1, -1)	(-1, -1)	62
15:56:04.598	57	49.8919	(-1, -1)	(-1, -1)	62
15:56:04.661	57	49.7793	(-1, -1)	(-1, -1)	62
15:56:04.724	57	49.9154	(-1, -1)	(-1, -1)	62
15:56:04.789	63	49.831	(-1, -1)	(-1, -1)	62
15:56:04.855	58	49.8267	(-1, -1)	(-1, -1)	62
15:56:04.918	59	49.8181	(-1, -1)	(-1, -1)	62
15:56:04.982	64	49.8024	(-1, -1)	(-1, -1)	62
15:56:05.050	58	49.755	(-1, -1)	(-1, -1)	62
15:56:05.116	62	49.7916	(-1, -1)	(-1, -1)	62
15:56:05.184	62	49.7753	(-1, -1)	(-1, -1)	62
15:56:05.253	59	49.7607	(-1, -1)	(-1, -1)	62
15:56:05.322	62	49.7484	(-1, -1)	(-1, -1)	62
15:56:05.391	58	49.7999	(-1, -1)	(-1, -1)	62
15:56:05.454	58	49.7668	(-1, -1)	(-1, -1)	62
15:56:05.517	61	49.773	(-1, -1)	(-1, -1)	62
15:56:05.586	60	49.7757	(-1, -1)	(-1, -1)	62
15:56:05.655	56	49.7594	(-1, -1)	(-1, -1)	62
15:56:05.716	58	49.8053	(-1, -1)	(-1, -1)	62
15:56:05.781	61	49.7532	(-1, -1)	(-1, -1)	62
15:56:05.851	57	49.7966	(-1, -1)	(-1, -1)	62
15:56:05.911	57	49.8523	(-1, -1)	(-1, -1)	62
15:56:05.976	61	49.747	(-1, -1)	(-1, -1)	62
15:56:06.046	62	49.8107	(-1, -1)	(-1, -1)	62
15:56:06.113	60	49.7498	(-1, -1)	(-1, -1)	62
15:56:06.177	64	49.8009	(-1, -1)	(-1, -1)	62
15:56:06.247	61	49.783	(-1, -1)	(-1, -1)	62
15:56:06.316	59	49.7879	(-1, -1)	(-1, -1)	62
15:56:06.378	58	49.7628	(-1, -1)	(-1, -1)	62
15:56:06.442	63	49.7708	(-1, -1)	(-1, -1)	62
15:56:06.511	58	49.7643	(-1, -1)	(-1, -1)	62
15:56:06.574	61	49.7671	(-1, -1)	(-1, -1)	62
15:56:06.644	61	49.7956	(-1, -1)	(-1, -1)	62
15:56:06.714	59	49.7904	(-1, -1)	(-1, -1)	62
15:56:06.781	63	49.7627	(-1, -1)	(-1, -1)	62
15:56:06.852	61	49.7356	(-1, -1)	(-1, -1)	62
15:56:06.921	61	49.7772	(-1, -1)	(-1, -1)	62
15:56:06.991	63	49.7481	(-1, -1)	(-1, -1)	62
15:56:07.061	59	49.7775	(-1, -1)	(-1, -1)	62
15:56:07.129	60	49.7787	(-1, -1)	(-1, -1)	62
15:56:07.193	62	49.7868	(-1, -1)	(-1, -1)	62
15:56:07.262	61	49.7499	(-1, -1)	(-1, -1)	62
15:56:07.331	58	49.7704	(-1, -1)	(-1, -1)	62
15:56:07.392	57	49.7936	(-1, -1)	(-1, -1)	62
15:56:07.460	61	49.7644	(-1, -1)	(-1, -1)	62
15:56:07.526	63	49.7784	(-1, -1)	(-1, -1)	62
15:56:07.595	55	49.837	(-1, -1)	(-1, -1)	62
15:56:07.658	61	49.7542	(-1, -1)	(-1, -1)	62
15:56:07.726	59	49.796	(-1, -1)	(-1, -1)	62
15:56:07.789	59	49.7584	(-1, -1)	(-1, -1)	62
15:56:07.853	61	49.7941	(-1, -1)	(-1, -1)	62
15:56:07.922	62	49.773	(-1, -1)	(-1, -1)	62
15:56:07.991	58	49.7727	(-1, -1)	(-1, -1)	62
15:56:08.054	62	49.7859	(-1, -1)	(-1, -1)	62
15:56:08.124	63	49.7764	(-1, -1)	(-1, -1)	62
15:56:08.193	57	49.7843	(-1, -1)	(-1, -1)	62
15:56:08.256	62	49.7379	(-1, -1)	(-1, -1)	62
15:56:08.326	62	49.7276	(-1, -1)	(-1, -1)	62
15:56:08.395	60	49.7816	(-1, -1)	(-1, -1)	62
15:56:08.464	62	49.7659	(-1, -1)	(-1, -1)	62
15:56:08.535	61	49.7461	(-1, -1)	(-1, -1)	62
15:56:08.605	60	49.763	(-1, -1)	(-1, -1)	62
15:56:08.673	63	49.7641	(-1, -1)	(-1, -1)	62
15:56:08.743	62	49.7681	(-1, -1)	(-1, -1)	62
15:56:08.812	58	49.7841	(-1, -1)	(-1, -1)	62
15:56:08.874	63	49.7871	(-1, -1)	(-1, -1)	62
15:56:08.945	62	49.7942	(-1, -1)	(-1, -1)	62
15:56:09.013	58	49.7662	(-1, -1)	(-1, -1)	62
15:56:09.075	56	49.7988	(-1, -1)	(-1, -1)	62
15:56:09.139	62	49.7507	(-1, -1)	(-1, -1)	62
15:56:09.210	60	49.7862	(-1, -1)	(-1, -1)	62
15:56:09.277	56	49.8407	(-1, -1)	(-1, -1)	62
15:56:09.341	61	49.7625	(-1, -1)	(-1, -1)	62
15:56:09.412	61	49.8065	(-1, -1)	(-1, -1)	62
15:56:09.478	58	49.8692	(-1, -1)	(-1, -1)	62
15:56:09.542	62	49.7551	(-1, -1)	(-1, -1)	62
15:56:09.616	59	49.7647	(-1, -1)	(-1, -1)	62
15:56:09.680	58	49.7756	(-1, -1)	(-1, -1)	62
15:56:09.743	59	49.7619	(-1, -1)	(-1, -1)	62
15:56:09.807	61	49.7942	(-1, -1)	(-1, -1)	62
15:56:09.875	58	50.016	(-1, -1)	(-1, -1)	62
15:56:09.938	62	49.7548	(-1, -1)	(-1, -1)	62
15:56:10.008	62	49.7796	(-1, -1)	(-1, -1)	62
15:56:10.078	60	49.7941	(-1, -1)	(-1, -1)	62
15:56:10.149	61	49.7853	(-1, -1)	(-1, -1)	62
15:56:10.217	62	49.7613	(-1, -1)	(-1, -1)	62
15:56:10.287	59	49.7944	(-1, -1)	(-1, -1)	62
15:56:10.355	62	49.7662	(-1, -1)	(-1, -1)	62
15:56:10.426	61	49.7527	(-1, -1)	(-1, -1)	62
15:56:10.494	57	49.7535	(-1, -1)	(-1, -1)	62
15:56:10.555	59	49.8172	(-1, -1)	(-1, -1)	62
15:56:10.620	61	49.757	(-1, -1)	(-1, -1)	62
15:56:10.688	58	49.8237	(-1, -1)	(-1, -1)	62
15:56:10.750	56	49.8699	(-1, -1)	(-1, -1)	62
15:56:10.814	60	49.7896	(-1, -1)	(-1, -1)	62
15:56:10.884	58	49.8144	(-1, -1)	(-1, -1)	62
15:56:10.945	58	49.9988	(-1, -1)	(-1, -1)	62
15:56:11.009	61	49.7621	(-1, -1)	(-1, -1)	62
15:56:11.078	62	49.7702	(-1, -1)	(-1, -1)	62
15:56:11.147	57	49.8018	(-1, -1)	(-1, -1)	62
15:56:11.210	63	49.7976	(-1, -1)	(-1, -1)	62
15:56:11.280	62	49.8044	(-1, -1)	(-1, -1)	62
15:56:11.349	59	49.7572	(-1, -1)	(-1, -1)	62
15:56:11.412	62	49.788	(-1, -1)	(-1, -1)	62
15:56:11.482	60	49.7569	(-1, -1)	(-1, -1)	62
15:56:11.550	58	49.7899	(-1, -1)	(-1, -1)	62
15:56:11.615	62	49.7819	(-1, -1)	(-1, -1)	62
15:56:11.683	61	49.7867	(-1, -1)	(-1, -1)	62
15:56:11.752	58	49.799	(-1, -1)	(-1, -1)	62
15:56:11.814	59	49.7533	(-1, -1)	(-1, -1)	62
15:56:11.878	62	49.7573	(-1, -1)	(-1, -1)	62
15:56:11.948	59	49.7604	(-1, -1)	(-1, -1)	62
15:56:12.008	57	49.8336	(-1, -1)	(-1, -1)	62
15:56:12.073	62	49.737	(-1, -1)	(-1, -1)	62
15:56:12.142	63	49.7822	(-1, -1)	(-1, -1)	62
15:56:12.211	55	49.8496	(-1, -1)	(-1, -1)	62
15:56:12.276	61	49.7662	(-1, -1)	(-1, -1)	62
15:56:12.344	62	49.7892	(-1, -1)	(-1, -1)	62
15:56:12.412	59	49.7683	(-1, -1)	(-1, -1)	62
15:56:12.476	62	49.787	(-1, -1)	(-1, -1)	62
15:56:12.546	60	49.7698	(-1, -1)	(-1, -1)	62
15:56:12.613	58	49.7919	(-1, -1)	(-1, -1)	62
15:56:12.677	62	49.7508	(-1, -1)	(-1, -1)	62
15:56:12.747	63	49.7695	(-1, -1)	(-1, -1)	62
15:56:12.816	58	49.7904	(-1, -1)	(-1, -1)	62
15:56:12.878	63	49.78	(-1, -1)	(-1, -1)	62
15:56:12.949	61	49.7827	(-1, -1)	(-1, -1)	62
15:56:13.020	59	49.7904	(-1, -1)	(-1, -1)	62
15:56:13.088	62	49.7772	(-1, -1)	(-1, -1)	62
15:56:13.157	62	49.7616	(-1, -1)	(-1, -1)	62
15:56:13.227	58	49.8019	(-1, -1)	(-1, -1)	62
15:56:13.287	59	49.8244	(-1, -1)	(-1, -1)	62
15:56:13.352	61	49.7804	(-1, -1)	(-1, -1)	62
15:56:13.422	60	49.768	(-1, -1)	(-1, -1)	62
15:56:13.490	57	49.8898	(-1, -1)	(-1, -1)	62
15:56:13.553	61	49.7511	(-1, -1)	(-1, -1)	62
15:56:13.621	57	49.7474	(-1, -1)	(-1, -1)	62
15:56:13.683	57	49.8132	(-1, -1)	(-1, -1)	62
15:56:13.748	62	49.7576	(-1, -1)	(-1, -1)	62
15:56:13.817	61	49.7742	(-1, -1)	(-1, -1)	62
15:56:13.885	57	49.8701	(-1, -1)	(-1, -1)	62
15:56:13.948	58	49.8588	(-1, -1)	(-1, -1)	62
15:56:14.014	62	49.7773	(-1, -1)	(-1, -1)	62
15:56:14.081	59	49.7567	(-1, -1)	(-1, -1)	62
15:56:14.144	62	49.7465	(-1, -1)	(-1, -1)	62
15:56:14.214	62	49.7797	(-1, -1)	(-1, -1)	62
15:56:14.284	61	49.7927	(-1, -1)	(-1, -1)	62
15:56:14.351	58	49.8172	(-1, -1)	(-1, -1)	62
15:56:14.415	62	49.7573	(-1, -1)	(-1, -1)	62
15:56:14.486	60	49.785	(-1, -1)	(-1, -1)	62
15:56:14.555	62	49.7639	(-1, -1)	(-1, -1)	62
15:56:14.624	62	49.8024	(-1, -1)	(-1, -1)	62
15:56:14.692	57	49.8514	(-1, -1)	(-1, -1)	62
15:56:14.756	61	49.7893	(-1, -1)	(-1, -1)	62
15:56:14.825	62	49.7604	(-1, -1)	(-1, -1)	62
15:56:14.896	62	49.7799	(-1, -1)	(-1, -1)	62
15:56:14.963	59	49.784	(-1, -1)	(-1, -1)	62
15:56:15.029	61	49.7873	(-1, -1)	(-1, -1)	62
15:56:15.098	62	49.7926	(-1, -1)	(-1, -1)	62
15:56:15.165	59	49.7864	(-1, -1)	(-1, -1)	62
15:56:15.229	61	49.7607	(-1, -1)	(-1, -1)	62
15:56:15.298	61	49.7714	(-1, -1)	(-1, -1)	62
15:56:15.366	57	49.8461	(-1, -1)	(-1, -1)	62
15:56:15.430	62	49.7905	(-1, -1)	(-1, -1)	62
15:56:15.500	61	49.7825	(-1, -1)	(-1, -1)	62
15:56:15.568	56	49.8108	(-1, -1)	(-1, -1)	62
15:56:15.630	60	49.7745	(-1, -1)	(-1, -1)	62
15:56:15.693	57	49.8213	(-1, -1)	(-1, -1)	62
15:56:15.755	58	49.8175	(-1, -1)	(-1, -1)	62
15:56:15.819	62	49.7573	(-1, -1)	(-1, -1)	62
15:56:15.889	61	49.7763	(-1, -1)	(-1, -1)	62
15:56:15.960	58	49.7991	(-1, -1)	(-1, -1)	62
15:56:16.027	62	49.7347	(-1, -1)	(-1, -1)	62
15:56:16.098	61	49.7778	(-1, -1)	(-1, -1)	62
15:56:16.169	58	49.7873	(-1, -1)	(-1, -1)	62
15:56:16.237	62	49.7591	(-1, -1)	(-1, -1)	62
15:56:16.306	62	49.7687	(-1, -1)	(-1, -1)	62
15:56:16.376	60	49.7695	(-1, -1)	(-1, -1)	62
15:56:16.445	63	49.744	(-1, -1)	(-1, -1)	62
15:56:16.515	61	49.7945	(-1, -1)	(-1, -1)	62
15:56:16.586	60	49.792	(-1, -1)	(-1, -1)	62
15:56:16.654	62	49.7935	(-1, -1)	(-1, -1)	62
15:56:16.723	61	49.8058	(-1, -1)	(-1, -1)	62
15:56:16.792	57	49.8384	(-1, -1)	(-1, -1)	62
15:56:16.853	57	49.871	(-1, -1)	(-1, -1)	62
15:56:16.918	62	49.7674	(-1, -1)	(-1, -1)	62
15:56:16.987	58	49.8116	(-1, -1)	(-1, -1)	62
15:56:17.048	58	49.8578	(-1, -1)	(-1, -1)	62
15:56:17.114	62	49.8007	(-1, -1)	(-1, -1)	62
15:56:17.185	63	49.8404	(-1, -1)	(-1, -1)	62
15:56:17.250	57	49.8379	(-1, -1)	(-1, -1)	62
15:56:17.314	62	49.7844	(-1, -1)	(-1, -1)	62
15:56:17.384	62	49.7933	(-1, -1)	(-1, -1)	62
15:56:17.452	59	49.9889	(-1, -1)	(-1, -1)	62
15:56:17.516	61	49.7501	(-1, -1)	(-1, -1)	62
15:56:17.586	60	49.7542	(-1, -1)	(-1, -1)	62
15:56:17.653	59	49.797	(-1, -1)	(-1, -1)	62
15:56:17.717	57	49.7616	(-1, -1)	(-1, -1)	62
15:56:17.778	57	49.821	(-1, -1)	(-1, -1)	62
15:56:17.840	59	49.8807	(-1, -1)	(-1, -1)	62
15:56:17.905	61	49.7742	(-1, -1)	(-1, -1)	62
15:56:17.974	62	49.7684	(-1, -1)	(-1, -1)	62
15:56:18.045	60	49.7778	(-1, -1)	(-1, -1)	62
15:56:18.112	56	49.8028	(-1, -1)	(-1, -1)	62
15:56:18.176	63	49.7513	(-1, -1)	(-1, -1)	62
15:56:18.246	59	49.7286	(-1, -1)	(-1, -1)	62
15:56:18.307	57	49.8462	(-1, -1)	(-1, -1)	62
15:56:18.371	62	49.7813	(-1, -1)	(-1, -1)	62
15:56:18.443	61	49.7656	(-1, -1)	(-1, -1)	62
15:56:18.508	60	49.8873	(-1, -1)	(-1, -1)	62
15:56:18.573	61	49.7738	(-1, -1)	(-1, -1)	62
15:56:18.642	61	49.8095	(-1, -1)	(-1, -1)	62
15:56:18.711	59	49.7941	(-1, -1)	(-1, -1)	62
15:56:18.781	63	49.7884	(-1, -1)	(-1, -1)	62
15:56:18.851	62	49.7794	(-1, -1)	(-1, -1)	62
15:56:18.920	60	49.7573	(-1, -1)	(-1, -1)	62
15:56:18.989	60	49.7519	(-1, -1)	(-1, -1)	62
15:56:19.059	62	49.7381	(-1, -1)	(-1, -1)	62
15:56:19.127	58	49.8335	(-1, -1)	(-1, -1)	62
15:56:19.192	62	49.7674	(-1, -1)	(-1, -1)	62
15:56:19.261	62	49.7686	(-1, -1)	(-1, -1)	62
15:56:19.332	63	49.7886	(-1, -1)	(-1, -1)	62
15:56:19.399	58	49.8492	(-1, -1)	(-1, -1)	62
15:56:19.462	62	49.7625	(-1, -1)	(-1, -1)	62
15:56:19.532	58	49.749	(-1, -1)	(-1, -1)	62
15:56:19.593	56	49.8618	(-1, -1)	(-1, -1)	62
15:56:19.657	60	49.7324	(-1, -1)	(-1, -1)	62
15:56:19.725	58	49.7947	(-1, -1)	(-1, -1)	62
15:56:19.787	57	49.8604	(-1, -1)	(-1, -1)	62
15:56:19.851	62	49.7701	(-1, -1)	(-1, -1)	62
15:56:19.922	61	49.8231	(-1, -1)	(-1, -1)	62
15:56:19.989	59	49.767	(-1, -1)	(-1, -1)	62
15:56:20.053	61	49.7665	(-1, -1)	(-1, -1)	62
15:56:20.122	62	49.7556	(-1, -1)	(-1, -1)	62
15:56:20.191	59	49.7686	(-1, -1)	(-1, -1)	62
15:56:20.255	61	49.7594	(-1, -1)	(-1, -1)	62
15:56:20.324	61	49.7812	(-1, -1)	(-1, -1)	62
15:56:20.392	59	49.7969	(-1, -1)	(-1, -1)	62
15:56:20.455	58	49.8172	(-1, -1)	(-1, -1)	62
15:56:20.519	62	49.7216	(-1, -1)	(-1, -1)	62
15:56:20.589	59	49.7513	(-1, -1)	(-1, -1)	62
15:56:20.665	63	49.7513	(-1, -1)	(-1, -1)	62
15:56:20.733	57	49.8924	(-1, -1)	(-1, -1)	62
15:56:20.796	56	49.9419	(-1, -1)	(-1, -1)	62
15:56:20.858	56	49.9818	(-1, -1)	(-1, -1)	62
15:56:20.920	56	49.9944	(-1, -1)	(-1, -1)	62
EOM

