BOM
Frame extends: 2263, 1306
_ms_area: 10
measurements taken: 585
current rendering method: 2
is mouse replay: 1
Camera settings: Roation Quaternion: ( -0.798357, 0.246892, -0.527757, 0.15212), Translationsvektor: ( 0.0318162, 0.0367534, 1.85).
System_Time	Elapsed_Time_PaintGL	Elapsed_Kernel_Time	Frame_Coordinates	Grid_Position	Manual_Measurement
16:37:29.226	22	11.2366	(318, 226)	(32, 23)	49
16:37:29.255	22	11.1116	(325, 225)	(33, 23)	49
16:37:29.281	22	11.2227	(335, 225)	(34, 23)	49
16:37:29.309	21	11.2025	(345, 225)	(35, 23)	49
16:37:29.337	29	11.1948	(357, 225)	(36, 23)	49
16:37:29.371	22	11.1904	(372, 225)	(37, 23)	49
16:37:29.399	22	11.1073	(375, 225)	(38, 23)	49
16:37:29.427	22	11.2871	(385, 225)	(39, 23)	49
16:37:29.455	22	11.1833	(395, 225)	(40, 23)	49
16:37:29.483	21	11.2636	(405, 225)	(41, 23)	49
16:37:29.510	21	11.3871	(415, 225)	(42, 23)	49
16:37:29.538	21	11.2794	(425, 225)	(43, 23)	49
16:37:29.566	20	11.24	(435, 226)	(44, 23)	49
16:37:29.593	22	11.3058	(445, 226)	(45, 23)	49
16:37:29.621	22	11.6059	(455, 226)	(46, 23)	49
16:37:29.651	26	11.9071	(465, 227)	(47, 23)	49
16:37:29.686	23	12.0433	(475, 227)	(48, 23)	49
16:37:29.712	22	12.2258	(485, 228)	(49, 23)	49
16:37:29.740	23	12.1745	(495, 228)	(50, 23)	49
16:37:29.769	26	12.2034	(505, 229)	(51, 23)	49
16:37:29.803	27	12.1942	(515, 229)	(52, 23)	49
16:37:29.838	27	12.2646	(525, 229)	(53, 23)	49
16:37:29.873	26	12.361	(535, 229)	(54, 23)	49
16:37:29.907	27	12.2613	(545, 229)	(55, 23)	49
16:37:29.942	23	12.2668	(555, 229)	(56, 23)	49
16:37:29.969	24	12.3126	(565, 229)	(57, 23)	49
16:37:29.998	22	12.4013	(575, 229)	(58, 23)	49
16:37:30.025	24	12.408	(585, 229)	(59, 23)	49
16:37:30.053	24	12.4576	(596, 229)	(60, 23)	49
16:37:30.082	24	12.5618	(605, 230)	(61, 23)	49
16:37:30.108	24	12.5449	(615, 230)	(62, 23)	49
16:37:30.136	24	12.844	(626, 230)	(63, 23)	49
16:37:30.164	24	12.6196	(635, 230)	(64, 23)	49
16:37:30.192	23	12.8376	(645, 230)	(65, 23)	49
16:37:30.219	24	12.9176	(655, 230)	(66, 23)	49
16:37:30.247	25	12.741	(665, 230)	(67, 23)	49
16:37:30.276	23	12.9369	(680, 230)	(68, 23)	49
16:37:30.304	23	12.9923	(685, 230)	(69, 23)	49
16:37:30.331	24	13.0279	(695, 230)	(70, 23)	49
16:37:30.359	22	13.0243	(705, 230)	(71, 23)	49
16:37:30.386	25	13.0507	(715, 230)	(72, 23)	49
16:37:30.415	22	13.2234	(725, 230)	(73, 23)	49
16:37:30.442	24	13.1126	(735, 230)	(74, 23)	49
16:37:30.469	24	13.3046	(749, 230)	(75, 23)	49
16:37:30.498	24	13.3548	(756, 230)	(76, 23)	49
16:37:30.526	23	13.3923	(766, 230)	(77, 23)	49
16:37:30.553	24	13.5121	(775, 230)	(78, 23)	49
16:37:30.581	25	13.6397	(785, 230)	(79, 23)	49
16:37:30.609	25	13.4871	(796, 229)	(80, 23)	49
16:37:30.637	25	13.5279	(805, 229)	(81, 23)	49
16:37:30.665	24	13.6159	(815, 229)	(82, 23)	49
16:37:30.693	24	13.6289	(825, 228)	(83, 23)	49
16:37:30.720	26	13.5948	(835, 228)	(84, 23)	49
16:37:30.748	25	13.7344	(845, 228)	(85, 23)	49
16:37:30.776	25	13.6736	(855, 228)	(86, 23)	49
16:37:30.804	24	13.5662	(865, 228)	(87, 23)	49
16:37:30.831	24	13.5526	(875, 228)	(88, 23)	49
16:37:30.859	24	13.4092	(885, 228)	(89, 23)	49
16:37:30.887	25	13.3828	(895, 228)	(90, 23)	49
16:37:30.914	24	13.503	(905, 228)	(91, 23)	49
16:37:30.942	23	13.5961	(915, 228)	(92, 23)	49
16:37:30.971	23	13.7736	(925, 228)	(93, 23)	49
16:37:30.998	27	13.6486	(935, 228)	(94, 23)	49
16:37:31.035	26	13.7142	(945, 227)	(95, 23)	49
16:37:31.068	27	13.6899	(957, 227)	(96, 23)	49
16:37:31.103	26	13.8831	(966, 227)	(97, 23)	49
16:37:31.137	27	13.7708	(975, 227)	(98, 23)	49
16:37:31.172	26	13.747	(985, 227)	(99, 23)	49
16:37:31.206	23	13.7292	(995, 227)	(100, 23)	49
16:37:31.234	23	13.763	(1005, 227)	(101, 23)	49
16:37:31.263	29	13.7521	(1015, 226)	(102, 23)	49
16:37:31.298	28	13.7387	(1025, 226)	(103, 23)	49
16:37:31.333	29	13.7163	(1035, 226)	(104, 23)	49
16:37:31.368	26	13.7156	(1045, 225)	(105, 23)	49
16:37:31.403	25	13.6114	(1055, 225)	(106, 23)	49
16:37:31.430	25	13.691	(1065, 225)	(107, 23)	49
16:37:31.459	27	13.4921	(1071, 224)	(107, 22)	49
16:37:31.492	27	13.6529	(1075, 224)	(108, 22)	49
16:37:31.527	28	13.715	(1085, 224)	(109, 22)	49
16:37:31.562	28	13.7908	(1095, 224)	(110, 22)	49
16:37:31.596	25	13.7252	(1105, 224)	(111, 22)	49
16:37:31.624	25	13.68	(1115, 224)	(112, 22)	49
16:37:31.652	25	13.611	(1125, 224)	(113, 22)	49
16:37:31.679	25	13.5113	(1135, 224)	(114, 22)	49
16:37:31.707	24	13.3984	(1146, 223)	(115, 22)	49
16:37:31.735	24	13.5673	(1155, 223)	(116, 22)	49
16:37:31.762	25	13.5225	(1165, 223)	(117, 22)	49
16:37:31.791	24	13.597	(1175, 223)	(118, 22)	49
16:37:31.818	25	13.168	(1185, 223)	(119, 22)	49
16:37:31.847	23	13.1041	(1195, 223)	(120, 22)	49
16:37:31.874	24	13.2207	(1205, 223)	(121, 22)	49
16:37:31.902	24	12.9844	(1215, 223)	(122, 22)	49
16:37:31.930	24	12.9089	(1225, 223)	(123, 22)	49
16:37:31.958	23	12.8726	(1235, 223)	(124, 22)	49
16:37:31.986	24	12.8504	(1245, 223)	(125, 22)	49
16:37:32.013	24	12.7234	(1255, 223)	(126, 22)	49
16:37:32.041	22	12.7519	(1265, 224)	(127, 22)	49
16:37:32.068	25	12.683	(1275, 224)	(128, 22)	49
16:37:32.097	23	12.6508	(1282, 225)	(128, 23)	49
16:37:32.124	25	12.6244	(1285, 225)	(129, 23)	49
16:37:32.153	23	12.444	(1295, 226)	(130, 23)	49
16:37:32.180	22	12.4111	(1305, 226)	(131, 23)	49
16:37:32.209	24	12.5176	(1316, 228)	(132, 23)	49
16:37:32.235	23	12.3476	(1326, 228)	(133, 23)	49
16:37:32.263	24	12.2044	(1335, 228)	(134, 23)	49
16:37:32.292	22	12.2471	(1345, 229)	(135, 23)	49
16:37:32.319	22	12.1981	(1355, 230)	(136, 23)	49
16:37:32.346	24	12.0661	(1366, 230)	(137, 23)	49
16:37:32.376	31	12.1059	(1375, 230)	(138, 23)	49
16:37:32.411	28	12.0581	(1386, 231)	(139, 23)	49
16:37:32.445	24	12.1422	(1395, 231)	(140, 23)	49
16:37:32.472	23	12.2742	(1405, 232)	(141, 23)	49
16:37:32.500	24	12.0476	(1415, 232)	(142, 23)	49
16:37:32.528	26	11.9619	(1425, 232)	(143, 23)	49
16:37:32.556	24	12.0785	(1435, 233)	(144, 23)	49
16:37:32.583	26	12.0246	(1445, 234)	(145, 23)	49
16:37:32.612	26	12.1056	(1455, 234)	(146, 23)	49
16:37:32.647	25	11.9502	(1465, 234)	(147, 23)	49
16:37:32.674	21	12.0086	(1478, 234)	(148, 23)	49
16:37:32.702	21	12.043	(1485, 234)	(149, 23)	49
16:37:32.729	25	12.0858	(1488, 235)	(149, 24)	49
16:37:32.758	24	11.8951	(1495, 235)	(150, 24)	49
16:37:32.786	24	11.8911	(1506, 235)	(151, 24)	49
16:37:32.813	25	11.8313	(1516, 235)	(152, 24)	49
16:37:32.841	25	11.9428	(1526, 236)	(153, 24)	49
16:37:32.868	24	11.8984	(1535, 236)	(154, 24)	49
16:37:32.896	20	11.8298	(1546, 236)	(155, 24)	49
16:37:32.923	22	11.6904	(1556, 237)	(156, 24)	49
16:37:32.953	24	11.8117	(1565, 237)	(157, 24)	49
16:37:32.980	24	11.9824	(1575, 238)	(158, 24)	49
16:37:33.008	24	11.6283	(1585, 238)	(159, 24)	49
16:37:33.043	25	11.6059	(1595, 239)	(160, 24)	49
16:37:33.070	26	11.7456	(1605, 239)	(161, 24)	49
16:37:33.098	22	11.7474	(1615, 240)	(162, 24)	49
16:37:33.126	24	11.569	(1625, 240)	(163, 24)	49
16:37:33.154	23	11.469	(1636, 241)	(164, 24)	49
16:37:33.181	26	11.364	(1645, 242)	(165, 24)	49
16:37:33.211	25	11.4671	(1655, 242)	(166, 24)	49
16:37:33.244	26	11.513	(1666, 243)	(167, 24)	49
16:37:33.279	25	11.328	(1676, 244)	(168, 24)	49
16:37:33.306	21	11.4653	(1677, 245)	(168, 25)	49
16:37:33.334	26	11.3724	(1686, 245)	(169, 25)	49
16:37:33.362	26	11.4641	(1696, 246)	(170, 25)	49
16:37:33.398	25	11.395	(1705, 246)	(171, 25)	49
16:37:33.431	26	11.4119	(1715, 248)	(172, 25)	49
16:37:33.460	24	11.3557	(1726, 249)	(173, 25)	49
16:37:33.488	23	11.317	(1735, 250)	(174, 25)	49
16:37:33.514	21	11.1341	(1745, 251)	(175, 25)	49
16:37:33.542	22	11.2628	(1755, 253)	(176, 25)	49
16:37:33.570	25	11.245	(1765, 254)	(177, 25)	49
16:37:33.599	24	11.3022	(1768, 255)	(177, 26)	49
16:37:33.627	25	11.2215	(1775, 256)	(178, 26)	49
16:37:33.655	25	11.2347	(1785, 258)	(179, 26)	49
16:37:33.690	22	11.2495	(1795, 260)	(180, 26)	49
16:37:33.717	21	11.3197	(1805, 262)	(181, 26)	49
16:37:33.744	27	11.2071	(1815, 264)	(182, 26)	49
16:37:33.780	27	11.3361	(1817, 265)	(182, 27)	49
16:37:33.815	27	11.3387	(1825, 267)	(183, 27)	49
16:37:33.850	27	11.1991	(1838, 271)	(184, 27)	49
16:37:33.885	24	11.2951	(1845, 273)	(185, 27)	49
16:37:33.911	23	11.1748	(1849, 275)	(185, 28)	49
16:37:33.939	23	11.1628	(1858, 278)	(186, 28)	49
16:37:33.973	23	11.2607	(1865, 280)	(187, 28)	49
16:37:34.002	22	11.0964	(1874, 285)	(187, 29)	49
16:37:34.029	22	11.0887	(1875, 285)	(188, 29)	49
16:37:34.057	22	11.0535	(1885, 289)	(189, 29)	49
16:37:34.085	23	11.1108	(1895, 294)	(190, 29)	49
16:37:34.113	22	11.028	(1895, 295)	(190, 30)	49
16:37:34.140	23	11.2006	(1905, 299)	(191, 30)	49
16:37:34.169	22	11.1643	(1912, 305)	(191, 31)	49
16:37:34.196	22	11.0901	(1915, 307)	(192, 31)	49
16:37:34.224	22	11.0314	(1925, 314)	(193, 31)	49
16:37:34.252	23	11.0599	(1926, 315)	(193, 32)	49
16:37:34.280	24	11.3007	(1935, 322)	(194, 32)	49
16:37:34.308	21	11.159	(1937, 325)	(194, 33)	49
16:37:34.335	21	11.105	(1945, 333)	(195, 33)	49
16:37:34.363	22	11.2841	(1947, 335)	(195, 34)	49
16:37:34.392	24	11.1108	(1955, 344)	(196, 34)	49
16:37:34.419	26	11.1828	(1955, 345)	(196, 35)	49
16:37:34.454	26	11.0471	(1963, 355)	(196, 36)	49
16:37:34.489	27	10.9898	(1965, 358)	(197, 36)	49
16:37:34.523	23	11.1456	(1968, 365)	(197, 37)	49
16:37:34.551	21	11.0849	(1973, 375)	(197, 38)	49
16:37:34.578	21	11.0935	(1975, 379)	(198, 38)	49
16:37:34.606	24	11.1071	(1976, 385)	(198, 39)	49
16:37:34.635	25	11.0893	(1980, 395)	(198, 40)	49
16:37:34.669	26	11.1895	(1982, 405)	(198, 41)	49
16:37:34.704	24	11.1093	(1984, 415)	(198, 42)	49
16:37:34.732	21	11.1581	(1985, 417)	(199, 42)	49
16:37:34.759	21	11.1067	(1985, 425)	(199, 43)	49
16:37:34.787	25	11.2194	(1987, 435)	(199, 44)	49
16:37:34.817	26	11.1573	(1988, 445)	(199, 45)	49
16:37:34.851	25	11.0956	(1989, 455)	(199, 46)	49
16:37:34.885	25	11.3135	(1989, 465)	(199, 47)	49
16:37:34.920	27	11.0932	(1989, 475)	(199, 48)	49
16:37:34.954	23	11.316	(1988, 485)	(199, 49)	49
16:37:34.981	22	11.1812	(1985, 495)	(199, 50)	49
16:37:35.010	24	11.2031	(1984, 495)	(198, 50)	49
16:37:35.037	26	11.2427	(1980, 505)	(198, 51)	49
16:37:35.067	26	11.2049	(1972, 516)	(197, 52)	49
16:37:35.101	26	11.1699	(1965, 525)	(197, 53)	49
16:37:35.136	25	11.2769	(1964, 526)	(196, 53)	49
16:37:35.163	21	11.199	(1954, 534)	(195, 53)	49
16:37:35.191	21	11.3348	(1953, 535)	(195, 54)	49
16:37:35.217	22	11.2323	(1944, 539)	(194, 54)	49
16:37:35.246	22	11.5258	(1937, 545)	(194, 55)	49
16:37:35.274	21	11.3121	(1934, 547)	(193, 55)	49
16:37:35.301	23	11.2341	(1924, 555)	(192, 56)	49
16:37:35.330	22	11.2479	(1914, 561)	(191, 56)	49
16:37:35.357	22	11.2619	(1907, 565)	(191, 57)	49
16:37:35.385	22	11.2556	(1904, 567)	(190, 57)	49
16:37:35.413	22	11.341	(1894, 572)	(189, 57)	49
16:37:35.440	22	11.2547	(1890, 575)	(189, 58)	49
16:37:35.468	23	11.3006	(1884, 577)	(188, 58)	49
16:37:35.496	22	11.476	(1874, 581)	(187, 58)	49
16:37:35.524	23	11.5437	(1866, 585)	(187, 59)	49
16:37:35.551	21	11.664	(1864, 585)	(186, 59)	49
16:37:35.579	22	11.844	(1854, 590)	(185, 59)	49
16:37:35.608	21	12.0468	(1844, 594)	(184, 59)	49
16:37:35.635	26	11.9418	(1843, 595)	(184, 60)	49
16:37:35.671	28	12.225	(1834, 597)	(183, 60)	49
16:37:35.706	30	12.2637	(1823, 601)	(182, 60)	49
16:37:35.741	27	12.6004	(1810, 606)	(181, 61)	49
16:37:35.775	24	12.4218	(1804, 609)	(180, 61)	49
16:37:35.802	23	12.4233	(1794, 612)	(179, 61)	49
16:37:35.830	21	12.6637	(1787, 615)	(179, 62)	49
16:37:35.858	21	12.5587	(1784, 616)	(178, 62)	49
16:37:35.886	26	12.5723	(1774, 619)	(177, 62)	49
16:37:35.921	26	12.7191	(1764, 622)	(176, 62)	49
16:37:35.955	24	12.7959	(1758, 625)	(176, 63)	49
16:37:35.983	23	12.7479	(1754, 626)	(175, 63)	49
16:37:36.010	25	12.9136	(1744, 628)	(174, 63)	49
16:37:36.039	27	12.9292	(1734, 631)	(173, 63)	49
16:37:36.074	27	13.068	(1724, 633)	(172, 63)	49
16:37:36.109	27	13.2532	(1715, 635)	(172, 64)	49
16:37:36.144	26	13.3803	(1714, 635)	(171, 64)	49
16:37:36.178	28	13.3698	(1704, 637)	(170, 64)	49
16:37:36.212	28	13.3554	(1694, 638)	(169, 64)	49
16:37:36.247	28	13.4455	(1684, 640)	(168, 64)	49
16:37:36.282	28	13.5668	(1674, 641)	(167, 64)	49
16:37:36.317	28	13.8058	(1664, 642)	(166, 64)	49
16:37:36.351	29	14.0265	(1654, 643)	(165, 64)	49
16:37:36.386	29	13.7976	(1644, 644)	(164, 64)	49
16:37:36.420	27	14.0326	(1633, 644)	(163, 64)	49
16:37:36.449	26	13.9481	(1624, 644)	(162, 64)	49
16:37:36.476	25	14.308	(1614, 644)	(161, 64)	49
16:37:36.504	25	14.176	(1604, 644)	(160, 64)	49
16:37:36.532	24	14.2849	(1594, 644)	(159, 64)	49
16:37:36.559	30	14.4193	(1584, 644)	(158, 64)	49
16:37:36.596	34	14.7184	(1574, 644)	(157, 64)	49
16:37:36.637	28	14.8397	(1564, 644)	(156, 64)	49
16:37:36.671	29	15.0748	(1554, 644)	(155, 64)	49
16:37:36.706	28	15.0196	(1548, 645)	(155, 65)	49
16:37:36.741	28	15.1664	(1544, 645)	(154, 65)	49
16:37:36.775	28	15.105	(1534, 645)	(153, 65)	49
16:37:36.811	28	15.2224	(1524, 646)	(152, 65)	49
16:37:36.844	26	15.2979	(1514, 647)	(151, 65)	49
16:37:36.873	28	15.3554	(1504, 648)	(150, 65)	49
16:37:36.908	27	15.347	(1494, 649)	(149, 65)	49
16:37:36.942	29	15.4018	(1484, 651)	(148, 65)	49
16:37:36.977	29	15.4025	(1474, 652)	(147, 65)	49
16:37:37.012	29	15.2061	(1464, 652)	(146, 65)	49
16:37:37.047	28	15.3559	(1454, 653)	(145, 65)	49
16:37:37.081	29	15.4027	(1444, 654)	(144, 65)	49
16:37:37.116	29	15.2876	(1434, 654)	(143, 65)	49
16:37:37.151	28	15.2544	(1419, 654)	(142, 65)	49
16:37:37.186	31	15.1138	(1414, 654)	(141, 65)	49
16:37:37.222	30	15.0941	(1404, 654)	(140, 65)	49
16:37:37.256	25	15.1819	(1394, 654)	(139, 65)	49
16:37:37.289	25	15.1244	(1384, 654)	(138, 65)	49
16:37:37.317	28	15.1092	(1374, 654)	(137, 65)	49
16:37:37.353	30	15.1784	(1356, 653)	(136, 65)	49
16:37:37.388	28	15.133	(1354, 653)	(135, 65)	49
16:37:37.423	29	15.0763	(1344, 652)	(134, 65)	49
16:37:37.458	27	15.0607	(1334, 651)	(133, 65)	49
16:37:37.491	25	15.2176	(1323, 651)	(132, 65)	49
16:37:37.519	24	15.1988	(1314, 650)	(131, 65)	49
16:37:37.546	29	15.2841	(1303, 649)	(130, 65)	49
16:37:37.583	29	15.0241	(1294, 648)	(129, 65)	49
16:37:37.617	30	15.105	(1284, 647)	(128, 65)	49
16:37:37.652	30	14.9981	(1274, 647)	(127, 65)	49
16:37:37.686	25	15.0169	(1264, 646)	(126, 65)	49
16:37:37.713	26	14.9877	(1256, 644)	(126, 64)	49
16:37:37.741	26	15.0296	(1254, 644)	(125, 64)	49
16:37:37.769	28	15.0101	(1244, 643)	(124, 64)	49
16:37:37.804	30	14.9175	(1234, 643)	(123, 64)	49
16:37:37.840	30	14.9865	(1224, 641)	(122, 64)	49
16:37:37.874	27	14.9846	(1214, 641)	(121, 64)	49
16:37:37.908	25	15.0499	(1204, 641)	(120, 64)	49
16:37:37.936	28	15.0218	(1194, 640)	(119, 64)	49
16:37:37.971	29	14.6073	(1184, 639)	(118, 64)	49
16:37:38.007	27	14.5841	(1174, 639)	(117, 64)	49
16:37:38.041	30	14.6289	(1164, 637)	(116, 64)	49
16:37:38.076	31	14.5039	(1154, 637)	(115, 64)	49
16:37:38.110	28	14.5422	(1144, 636)	(114, 64)	49
16:37:38.146	30	14.6759	(1134, 636)	(113, 64)	49
16:37:38.180	31	14.8859	(1124, 635)	(112, 64)	49
16:37:38.216	30	14.8769	(1114, 635)	(111, 64)	49
16:37:38.251	32	14.7258	(1110, 634)	(111, 63)	49
16:37:38.292	29	14.6865	(1104, 634)	(110, 63)	49
16:37:38.326	25	14.6924	(1093, 633)	(109, 63)	49
16:37:38.353	25	14.6996	(1084, 632)	(108, 63)	49
16:37:38.381	27	14.7083	(1074, 632)	(107, 63)	49
16:37:38.416	26	14.6921	(1064, 631)	(106, 63)	49
16:37:38.450	28	14.7096	(1051, 631)	(105, 63)	49
16:37:38.486	27	14.4887	(1032, 629)	(103, 63)	49
16:37:38.520	26	14.3766	(1024, 629)	(102, 63)	49
16:37:38.548	36	14.3359	(1014, 629)	(101, 63)	49
16:37:38.590	26	14.4037	(1004, 628)	(100, 63)	49
16:37:38.624	27	14.3633	(994, 627)	(99, 63)	49
16:37:38.660	26	14.4001	(984, 627)	(98, 63)	49
16:37:38.694	26	14.4024	(974, 627)	(97, 63)	49
16:37:38.728	25	14.4569	(964, 626)	(96, 63)	49
16:37:38.756	23	14.4286	(954, 626)	(95, 63)	49
16:37:38.783	25	14.2674	(944, 626)	(94, 63)	49
16:37:38.812	28	14.2787	(934, 625)	(93, 63)	49
16:37:38.848	28	14.2877	(927, 624)	(93, 62)	49
16:37:38.883	27	14.2259	(924, 624)	(92, 62)	49
16:37:38.916	25	14.2563	(914, 623)	(91, 62)	49
16:37:38.944	25	14.197	(904, 622)	(90, 62)	49
16:37:38.972	23	14.1329	(894, 621)	(89, 62)	49
16:37:38.999	27	14.1914	(884, 620)	(88, 62)	49
16:37:39.028	27	14.2898	(873, 619)	(87, 62)	49
16:37:39.063	26	14.159	(864, 619)	(86, 62)	49
16:37:39.098	27	14.1396	(854, 619)	(85, 62)	49
16:37:39.133	27	14.1439	(843, 618)	(84, 62)	49
16:37:39.167	26	14.0874	(834, 618)	(83, 62)	49
16:37:39.202	27	14.2784	(823, 617)	(82, 62)	49
16:37:39.239	28	13.9996	(814, 617)	(81, 62)	49
16:37:39.272	28	14.4723	(804, 617)	(80, 62)	49
16:37:39.306	29	14.4557	(794, 617)	(79, 62)	49
16:37:39.342	28	14.5619	(784, 616)	(78, 62)	49
16:37:39.376	26	14.8098	(772, 616)	(77, 62)	49
16:37:39.410	26	14.8855	(764, 615)	(76, 62)	49
16:37:39.444	27	14.8166	(754, 615)	(75, 62)	49
16:37:39.473	26	14.8335	(744, 615)	(74, 62)	49
16:37:39.507	26	14.8717	(734, 615)	(73, 62)	49
16:37:39.535	26	14.8839	(724, 615)	(72, 62)	49
16:37:39.571	25	14.9744	(714, 615)	(71, 62)	49
16:37:39.605	26	14.9919	(704, 615)	(70, 62)	49
16:37:39.640	26	14.9027	(694, 615)	(69, 62)	49
16:37:39.674	31	14.9876	(684, 615)	(68, 62)	49
16:37:39.713	30	14.7724	(674, 615)	(67, 62)	49
16:37:39.751	28	14.9093	(664, 616)	(66, 62)	49
16:37:39.786	29	15.0367	(654, 617)	(65, 62)	49
16:37:39.820	29	14.8982	(644, 618)	(64, 62)	49
16:37:39.855	32	14.9212	(634, 618)	(63, 62)	49
16:37:39.891	33	14.8785	(624, 619)	(62, 62)	49
16:37:39.933	34	14.8133	(614, 619)	(61, 62)	49
16:37:39.974	34	15.0074	(604, 621)	(60, 62)	49
16:37:40.017	29	14.967	(594, 621)	(59, 62)	49
16:37:40.050	28	14.9563	(584, 622)	(58, 62)	49
16:37:40.085	28	14.8855	(574, 624)	(57, 62)	49
16:37:40.119	28	15.135	(566, 625)	(57, 63)	49
16:37:40.154	28	15.0433	(564, 625)	(56, 63)	49
16:37:40.188	29	15.0396	(554, 625)	(55, 63)	49
16:37:40.224	27	15.2422	(544, 626)	(54, 63)	49
16:37:40.257	25	14.9459	(534, 628)	(53, 63)	49
16:37:40.285	25	14.9055	(524, 629)	(52, 63)	49
16:37:40.313	26	15.0481	(514, 631)	(51, 63)	49
16:37:40.341	28	15.0754	(504, 633)	(50, 63)	49
16:37:40.377	28	15.1055	(494, 634)	(49, 63)	49
16:37:40.412	27	14.9865	(493, 635)	(49, 64)	49
16:37:40.445	27	14.8319	(484, 637)	(48, 64)	49
16:37:40.474	23	14.7286	(467, 641)	(47, 64)	49
16:37:40.502	26	14.5833	(464, 642)	(46, 64)	49
16:37:40.536	35	14.6039	(458, 645)	(46, 65)	49
16:37:40.578	28	14.5606	(454, 646)	(45, 65)	49
16:37:40.613	25	14.4345	(444, 650)	(44, 65)	49
16:37:40.640	24	14.3759	(434, 654)	(43, 65)	49
16:37:40.668	24	14.4308	(432, 655)	(43, 66)	49
16:37:40.695	25	14.2283	(424, 658)	(42, 66)	49
16:37:40.724	23	14.0533	(414, 662)	(41, 66)	49
16:37:40.751	26	14.0299	(409, 665)	(41, 67)	49
16:37:40.779	24	13.804	(404, 667)	(40, 67)	49
16:37:40.807	25	13.9079	(394, 671)	(39, 67)	49
16:37:40.835	24	13.8012	(387, 675)	(39, 68)	49
16:37:40.862	24	13.6763	(384, 676)	(38, 68)	49
16:37:40.890	24	13.5119	(374, 680)	(37, 68)	49
16:37:40.919	22	13.3616	(367, 685)	(37, 69)	49
16:37:40.946	23	13.4877	(364, 687)	(36, 69)	49
16:37:40.974	23	13.1825	(356, 695)	(36, 70)	49
16:37:41.001	24	13.3479	(354, 695)	(35, 70)	49
16:37:41.029	24	13.2916	(344, 704)	(34, 70)	49
16:37:41.057	24	13.2981	(344, 705)	(34, 71)	49
16:37:41.085	29	13.0756	(337, 715)	(34, 72)	49
16:37:41.120	22	13.1239	(335, 725)	(34, 73)	49
16:37:41.147	24	12.9406	(334, 727)	(33, 73)	49
16:37:41.176	23	12.991	(331, 735)	(33, 74)	49
16:37:41.203	24	12.9607	(329, 746)	(33, 75)	49
16:37:41.231	24	12.9444	(329, 755)	(33, 76)	49
16:37:41.259	24	12.8668	(329, 765)	(33, 77)	49
16:37:41.287	23	12.7747	(329, 775)	(33, 78)	49
16:37:41.315	23	12.9567	(329, 785)	(33, 79)	49
16:37:41.342	24	12.6521	(329, 795)	(33, 80)	49
16:37:41.370	26	12.571	(329, 805)	(33, 81)	49
16:37:41.406	26	12.4332	(329, 833)	(33, 83)	49
16:37:41.440	25	12.4101	(329, 836)	(33, 84)	49
16:37:41.467	24	12.7761	(329, 845)	(33, 85)	49
16:37:41.495	24	12.5001	(329, 855)	(33, 86)	49
16:37:41.525	22	12.2561	(330, 865)	(33, 87)	49
16:37:41.552	22	12.1684	(332, 875)	(33, 88)	49
16:37:41.579	23	12.3421	(335, 883)	(34, 88)	49
16:37:41.607	23	12.2439	(335, 885)	(34, 89)	49
16:37:41.635	23	12.3695	(338, 895)	(34, 90)	49
16:37:41.664	22	12.4114	(341, 905)	(34, 91)	49
16:37:41.692	22	12.381	(345, 914)	(35, 91)	49
16:37:41.718	22	12.4117	(346, 915)	(35, 92)	49
16:37:41.746	22	12.352	(350, 925)	(35, 93)	49
16:37:41.774	21	12.1699	(355, 931)	(36, 93)	49
16:37:41.801	21	12.1107	(357, 935)	(36, 94)	49
16:37:41.829	22	12.1221	(364, 945)	(36, 95)	49
16:37:41.857	22	12.0766	(365, 945)	(37, 95)	49
16:37:41.885	21	12.3209	(373, 955)	(37, 96)	49
16:37:41.912	24	12.0883	(375, 956)	(38, 96)	49
16:37:41.940	27	12.2338	(384, 965)	(38, 97)	49
16:37:41.975	26	12.1582	(385, 966)	(39, 97)	49
16:37:42.011	25	11.7551	(395, 975)	(40, 98)	49
16:37:42.045	25	11.7336	(405, 982)	(41, 98)	49
16:37:42.079	25	11.7378	(411, 987)	(41, 99)	49
16:37:42.108	22	11.5267	(415, 989)	(42, 99)	49
16:37:42.135	22	11.3681	(423, 995)	(42, 100)	49
16:37:42.163	21	11.3185	(425, 996)	(43, 100)	49
16:37:42.190	21	11.3209	(435, 1001)	(44, 100)	49
16:37:42.218	22	11.3089	(441, 1005)	(44, 101)	49
16:37:42.246	22	11.415	(446, 1007)	(45, 101)	49
16:37:42.274	22	11.4341	(455, 1012)	(46, 101)	49
16:37:42.302	21	11.3299	(461, 1015)	(46, 102)	49
16:37:42.330	20	11.3452	(465, 1017)	(47, 102)	49
16:37:42.357	22	11.3431	(475, 1022)	(48, 102)	49
16:37:42.385	22	11.3801	(481, 1025)	(48, 103)	49
16:37:42.413	23	11.3719	(485, 1026)	(49, 103)	49
16:37:42.442	22	11.3206	(495, 1030)	(50, 103)	49
16:37:42.470	21	11.3781	(505, 1034)	(51, 103)	49
16:37:42.498	22	11.5498	(506, 1035)	(51, 104)	49
16:37:42.526	22	11.4144	(515, 1037)	(52, 104)	49
16:37:42.559	21	11.3936	(525, 1040)	(53, 104)	49
16:37:42.587	22	11.5071	(540, 1043)	(54, 104)	49
16:37:42.615	21	11.3744	(545, 1044)	(55, 104)	49
16:37:42.642	23	11.4044	(549, 1045)	(55, 105)	49
16:37:42.671	21	11.4785	(555, 1046)	(56, 105)	49
16:37:42.698	21	11.5284	(577, 1050)	(58, 105)	49
16:37:42.726	22	11.7148	(585, 1052)	(59, 105)	49
16:37:42.753	22	11.4751	(595, 1053)	(60, 105)	49
16:37:42.783	28	11.5006	(605, 1054)	(61, 105)	49
16:37:42.817	28	11.5036	(608, 1055)	(61, 106)	49
16:37:42.852	27	11.4754	(615, 1056)	(62, 106)	49
16:37:42.887	29	11.4504	(625, 1057)	(63, 106)	49
16:37:42.922	25	11.5271	(635, 1058)	(64, 106)	49
16:37:42.956	23	11.3959	(645, 1059)	(65, 106)	49
16:37:42.983	23	11.4216	(655, 1060)	(66, 106)	49
16:37:43.011	23	11.3807	(665, 1061)	(67, 106)	49
16:37:43.039	23	11.4378	(675, 1061)	(68, 106)	49
16:37:43.067	23	11.5059	(685, 1063)	(69, 106)	49
16:37:43.095	23	11.5062	(695, 1063)	(70, 106)	49
16:37:43.122	22	11.4996	(705, 1064)	(71, 106)	49
16:37:43.150	21	11.5639	(715, 1064)	(72, 106)	49
16:37:43.178	20	11.7732	(719, 1065)	(72, 107)	49
16:37:43.205	21	11.5756	(725, 1065)	(73, 107)	49
16:37:43.234	26	11.7421	(735, 1066)	(74, 107)	49
16:37:43.271	25	11.7121	(745, 1066)	(75, 107)	49
16:37:43.304	27	11.8247	(755, 1066)	(76, 107)	49
16:37:43.339	24	11.7538	(765, 1066)	(77, 107)	49
16:37:43.366	23	11.8416	(775, 1067)	(78, 107)	49
16:37:43.394	25	11.7604	(785, 1067)	(79, 107)	49
16:37:43.422	27	11.9631	(795, 1068)	(80, 107)	49
16:37:43.457	27	11.9572	(805, 1069)	(81, 107)	49
16:37:43.491	26	11.6892	(815, 1070)	(82, 107)	49
16:37:43.526	32	11.6156	(825, 1071)	(83, 107)	49
16:37:43.560	23	11.7101	(835, 1072)	(84, 107)	49
16:37:43.587	24	11.641	(845, 1073)	(85, 107)	49
16:37:43.616	23	11.7862	(856, 1074)	(86, 107)	49
16:37:43.643	22	11.6215	(862, 1075)	(86, 108)	49
16:37:43.671	23	11.7361	(865, 1075)	(87, 108)	49
16:37:43.699	22	11.6347	(875, 1075)	(88, 108)	49
16:37:43.727	21	11.691	(885, 1076)	(89, 108)	49
16:37:43.755	22	11.7203	(895, 1077)	(90, 108)	49
16:37:43.782	23	11.669	(905, 1078)	(91, 108)	49
16:37:43.810	22	12.0388	(915, 1078)	(92, 108)	49
16:37:43.838	22	12.4553	(925, 1079)	(93, 108)	49
16:37:43.866	24	12.9476	(935, 1080)	(94, 108)	49
16:37:43.894	23	13.2443	(945, 1081)	(95, 108)	49
16:37:43.921	24	13.2542	(955, 1082)	(96, 108)	49
16:37:43.949	24	12.9921	(965, 1082)	(97, 108)	49
16:37:43.978	25	13.2105	(975, 1083)	(98, 108)	49
16:37:44.006	23	13.2461	(986, 1083)	(99, 108)	49
16:37:44.032	25	13.4021	(995, 1084)	(100, 108)	49
16:37:44.060	25	13.6975	(1005, 1084)	(101, 108)	49
16:37:44.088	25	13.7065	(1015, 1084)	(102, 108)	49
16:37:44.116	28	13.8305	(1017, 1085)	(102, 109)	49
16:37:44.151	30	13.8431	(1025, 1085)	(103, 109)	49
16:37:44.187	32	14.3671	(1040, 1085)	(104, 109)	49
16:37:44.228	27	14.568	(1048, 1085)	(105, 109)	49
16:37:44.263	33	14.5436	(1055, 1086)	(106, 109)	49
16:37:44.305	32	14.5576	(1065, 1086)	(107, 109)	49
16:37:44.346	31	14.6686	(1075, 1086)	(108, 109)	49
16:37:44.382	30	14.8561	(1085, 1086)	(109, 109)	49
16:37:44.417	31	14.8265	(1096, 1086)	(110, 109)	49
16:37:44.451	27	14.7748	(1105, 1086)	(111, 109)	49
16:37:44.484	32	14.9044	(1115, 1086)	(112, 109)	49
16:37:44.521	33	14.9422	(1126, 1086)	(113, 109)	49
16:37:44.563	37	15.1234	(1135, 1086)	(114, 109)	49
16:37:44.604	32	14.9676	(1146, 1086)	(115, 109)	49
16:37:44.638	26	15.1957	(1155, 1086)	(116, 109)	49
16:37:44.672	24	15.2714	(1166, 1086)	(117, 109)	49
16:37:44.700	24	15.1261	(1175, 1086)	(118, 109)	49
16:37:44.728	25	15.3671	(1185, 1085)	(119, 109)	49
16:37:44.756	27	15.2911	(1188, 1084)	(119, 108)	49
16:37:44.791	30	15.6148	(1195, 1084)	(120, 108)	49
16:37:44.826	30	15.3822	(1205, 1082)	(121, 108)	49
16:37:44.867	26	15.5483	(1215, 1081)	(122, 108)	49
16:37:44.895	25	15.5385	(1225, 1081)	(123, 108)	49
16:37:44.922	25	15.6341	(1235, 1081)	(124, 108)	49
16:37:44.950	25	15.7736	(1245, 1080)	(125, 108)	49
16:37:44.978	26	15.7719	(1255, 1080)	(126, 108)	49
16:37:45.007	29	15.8166	(1265, 1079)	(127, 108)	49
16:37:45.042	28	15.7493	(1275, 1078)	(128, 108)	49
16:37:45.076	29	15.9172	(1286, 1077)	(129, 108)	49
16:37:45.111	29	15.607	(1295, 1077)	(130, 108)	49
16:37:45.146	30	15.7241	(1305, 1077)	(131, 108)	49
16:37:45.180	30	15.6006	(1315, 1077)	(132, 108)	49
16:37:45.215	29	15.865	(1325, 1077)	(133, 108)	49
16:37:45.250	29	15.6719	(1335, 1077)	(134, 108)	49
16:37:45.285	29	15.6536	(1345, 1077)	(135, 108)	49
16:37:45.319	28	15.3373	(1355, 1077)	(136, 108)	49
16:37:45.354	28	15.2904	(1365, 1079)	(137, 108)	49
16:37:45.389	27	15.0868	(1375, 1080)	(138, 108)	49
16:37:45.423	28	15.0437	(1385, 1081)	(139, 108)	49
16:37:45.458	28	14.564	(1395, 1081)	(140, 108)	49
16:37:45.493	28	14.4819	(1405, 1083)	(141, 108)	49
16:37:45.527	27	14.2547	(1416, 1084)	(142, 108)	49
16:37:45.562	28	14.1864	(1418, 1085)	(142, 109)	49
16:37:45.598	27	14.1204	(1425, 1085)	(143, 109)	49
16:37:45.632	27	13.811	(1437, 1088)	(144, 109)	49
16:37:45.667	27	13.903	(1445, 1088)	(145, 109)	49
16:37:45.701	27	13.8972	(1455, 1089)	(146, 109)	49
16:37:45.736	28	13.6387	(1465, 1090)	(147, 109)	49
16:37:45.773	32	13.6561	(1476, 1091)	(148, 109)	49
16:37:45.814	32	13.8557	(1485, 1092)	(149, 109)	49
16:37:45.855	32	13.5702	(1495, 1093)	(150, 109)	49
16:37:45.898	27	13.5049	(1505, 1093)	(151, 109)	49
16:37:45.931	25	13.1101	(1515, 1093)	(152, 109)	49
16:37:45.959	26	13.1089	(1525, 1093)	(153, 109)	49
16:37:45.994	24	12.8154	(1535, 1094)	(154, 109)	49
16:37:46.021	26	12.5957	(1545, 1094)	(155, 109)	49
16:37:46.050	25	12.7059	(1555, 1094)	(156, 109)	49
16:37:46.084	25	12.2982	(1565, 1094)	(157, 109)	49
16:37:46.111	22	12.3167	(1566, 1095)	(157, 110)	49
16:37:46.139	21	12.2729	(1575, 1095)	(158, 110)	49
16:37:46.167	24	12.0436	(1585, 1095)	(159, 110)	49
16:37:46.196	27	11.9773	(1596, 1096)	(160, 110)	49
16:37:46.230	27	11.9142	(1605, 1096)	(161, 110)	49
16:37:46.265	26	11.871	(1615, 1096)	(162, 110)	49
16:37:46.299	23	11.7498	(1625, 1097)	(163, 110)	49
16:37:46.327	20	11.8206	(1635, 1097)	(164, 110)	49
16:37:46.354	21	11.632	(1645, 1097)	(165, 110)	49
16:37:46.384	26	11.7015	(1655, 1098)	(166, 110)	49
16:37:46.419	25	11.801	(1665, 1098)	(167, 110)	49
16:37:46.453	27	11.8222	(1675, 1099)	(168, 110)	49
16:37:46.487	27	11.6	(1685, 1099)	(169, 110)	49
16:37:46.522	25	11.464	(1695, 1100)	(170, 110)	49
16:37:46.549	23	11.4018	(1705, 1100)	(171, 110)	49
16:37:46.577	22	11.2486	(1715, 1101)	(172, 110)	49
16:37:46.605	23	11.3649	(1725, 1101)	(173, 110)	49
16:37:46.632	23	11.315	(1735, 1103)	(174, 110)	49
16:37:46.661	22	11.2527	(1748, 1104)	(175, 110)	49
16:37:46.689	22	11.1833	(1753, 1105)	(175, 111)	49
16:37:46.717	22	11.4658	(1755, 1105)	(176, 111)	49
16:37:46.744	23	11.3264	(1765, 1106)	(177, 111)	49
16:37:46.772	23	11.2996	(1775, 1107)	(178, 111)	49
16:37:46.800	23	11.2403	(1785, 1108)	(179, 111)	49
16:37:46.828	23	11.2458	(1798, 1109)	(180, 111)	49
16:37:46.855	22	11.1567	(1806, 1111)	(181, 111)	49
16:37:46.883	22	11.2711	(1815, 1112)	(182, 111)	49
16:37:46.911	22	11.1961	(1825, 1112)	(183, 111)	49
16:37:46.938	23	11.2588	(1835, 1113)	(184, 111)	49
16:37:46.967	24	11.1338	(1850, 1114)	(185, 111)	49
16:37:46.995	22	11.1828	(1855, 1114)	(186, 111)	49
16:37:47.022	22	11.3281	(1858, 1115)	(186, 112)	49
16:37:47.050	22	11.1707	(1865, 1116)	(187, 112)	49
16:37:47.078	22	11.1047	(1877, 1117)	(188, 112)	49
16:37:47.105	23	11.1007	(1885, 1118)	(189, 112)	49
16:37:47.134	23	11.1441	(1895, 1120)	(190, 112)	49
16:37:47.161	20	11.132	(1905, 1121)	(191, 112)	49
16:37:47.188	25	11.0089	(0, 0)	(0, 0)	49
EOM

