BOM
Frame extends: 2263, 1306
_ms_area: 10
measurements taken: 585
current rendering method: 1
is mouse replay: 1
Camera settings: Roation Quaternion: ( -0.798357, 0.246892, -0.527757, 0.15212), Translationsvektor: ( 0.0318162, 0.0367534, 1.85).
System_Time	Elapsed_Time_PaintGL	Elapsed_Kernel_Time	Frame_Coordinates	Grid_Position	Manual_Measurement
16:37:03.303	21	5.12444	(318, 226)	(32, 23)	49
16:37:03.338	21	5.16207	(325, 225)	(33, 23)	49
16:37:03.366	20	5.23556	(335, 225)	(34, 23)	49
16:37:03.393	26	5.3637	(345, 225)	(35, 23)	49
16:37:03.428	21	5.4717	(357, 225)	(36, 23)	49
16:37:03.456	23	5.6157	(372, 225)	(37, 23)	49
16:37:03.484	21	5.63259	(375, 225)	(38, 23)	49
16:37:03.511	22	5.70104	(385, 225)	(39, 23)	49
16:37:03.539	22	5.82489	(395, 225)	(40, 23)	49
16:37:03.567	22	5.85482	(405, 225)	(41, 23)	49
16:37:03.595	21	5.91852	(415, 225)	(42, 23)	49
16:37:03.622	22	6.03852	(425, 225)	(43, 23)	49
16:37:03.650	23	6.22533	(435, 226)	(44, 23)	49
16:37:03.678	23	6.36681	(445, 226)	(45, 23)	49
16:37:03.706	23	6.39837	(455, 226)	(46, 23)	49
16:37:03.733	24	6.50607	(465, 227)	(47, 23)	49
16:37:03.762	22	6.64815	(475, 227)	(48, 23)	49
16:37:03.789	23	6.69437	(485, 228)	(49, 23)	49
16:37:03.817	23	6.82385	(495, 228)	(50, 23)	49
16:37:03.845	22	6.81378	(505, 229)	(51, 23)	49
16:37:03.872	23	6.96622	(515, 229)	(52, 23)	49
16:37:03.900	24	7.01659	(525, 229)	(53, 23)	49
16:37:03.928	23	7.23941	(535, 229)	(54, 23)	49
16:37:03.957	24	7.45659	(545, 229)	(55, 23)	49
16:37:03.984	23	7.66756	(555, 229)	(56, 23)	49
16:37:04.012	25	7.83645	(565, 229)	(57, 23)	49
16:37:04.039	23	8.052	(575, 229)	(58, 23)	49
16:37:04.067	22	8.16889	(585, 229)	(59, 23)	49
16:37:04.094	24	8.42341	(596, 229)	(60, 23)	49
16:37:04.123	25	8.60637	(605, 230)	(61, 23)	49
16:37:04.151	24	8.72282	(615, 230)	(62, 23)	49
16:37:04.178	25	8.93985	(626, 230)	(63, 23)	49
16:37:04.206	25	9.09674	(635, 230)	(64, 23)	49
16:37:04.241	25	9.24593	(645, 230)	(65, 23)	49
16:37:04.269	24	9.40148	(655, 230)	(66, 23)	49
16:37:04.296	26	9.64267	(665, 230)	(67, 23)	49
16:37:04.332	25	9.90311	(680, 230)	(68, 23)	49
16:37:04.359	27	10.0311	(685, 230)	(69, 23)	49
16:37:04.394	27	10.1855	(695, 230)	(70, 23)	49
16:37:04.429	27	10.4844	(705, 230)	(71, 23)	49
16:37:04.463	26	10.6086	(715, 230)	(72, 23)	49
16:37:04.491	27	10.8061	(725, 230)	(73, 23)	49
16:37:04.526	27	10.9244	(735, 230)	(74, 23)	49
16:37:04.561	26	11.1756	(749, 230)	(75, 23)	49
16:37:04.596	27	11.229	(756, 230)	(76, 23)	49
16:37:04.631	27	11.3443	(766, 230)	(77, 23)	49
16:37:04.666	26	11.3284	(775, 230)	(78, 23)	49
16:37:04.700	27	11.4769	(785, 230)	(79, 23)	49
16:37:04.735	26	11.6096	(796, 229)	(80, 23)	49
16:37:04.770	27	11.759	(805, 229)	(81, 23)	49
16:37:04.804	28	11.8439	(815, 229)	(82, 23)	49
16:37:04.839	27	11.9674	(825, 228)	(83, 23)	49
16:37:04.873	32	12.1052	(835, 228)	(84, 23)	49
16:37:04.910	30	12.2908	(845, 228)	(85, 23)	49
16:37:04.943	28	12.4181	(855, 228)	(86, 23)	49
16:37:04.979	29	12.532	(865, 228)	(87, 23)	49
16:37:05.013	29	12.6624	(875, 228)	(88, 23)	49
16:37:05.048	29	12.7967	(885, 228)	(89, 23)	49
16:37:05.082	29	12.8446	(895, 228)	(90, 23)	49
16:37:05.117	30	13.0191	(905, 228)	(91, 23)	49
16:37:05.152	29	13.208	(915, 228)	(92, 23)	49
16:37:05.186	31	13.4041	(925, 228)	(93, 23)	49
16:37:05.222	29	13.5729	(935, 228)	(94, 23)	49
16:37:05.256	31	13.7416	(945, 227)	(95, 23)	49
16:37:05.291	37	13.8301	(957, 227)	(96, 23)	49
16:37:05.335	36	13.8016	(966, 227)	(97, 23)	49
16:37:05.374	35	13.9396	(975, 227)	(98, 23)	49
16:37:05.416	35	13.955	(985, 227)	(99, 23)	49
16:37:05.459	32	13.9145	(995, 227)	(100, 23)	49
16:37:05.499	28	14.1053	(1005, 227)	(101, 23)	49
16:37:05.533	36	14.1185	(1015, 226)	(102, 23)	49
16:37:05.576	39	14.0218	(1025, 226)	(103, 23)	49
16:37:05.619	36	14.052	(1035, 226)	(104, 23)	49
16:37:05.661	33	13.877	(1045, 225)	(105, 23)	49
16:37:05.702	31	13.8292	(1055, 225)	(106, 23)	49
16:37:05.735	28	13.769	(1065, 225)	(107, 23)	49
16:37:05.770	30	13.7289	(1071, 224)	(107, 22)	49
16:37:05.806	37	13.6991	(1075, 224)	(108, 22)	49
16:37:05.848	36	13.5185	(1085, 224)	(109, 22)	49
16:37:05.889	32	13.3837	(1095, 224)	(110, 22)	49
16:37:05.924	34	13.3228	(1105, 224)	(111, 22)	49
16:37:05.966	37	13.2683	(1115, 224)	(112, 22)	49
16:37:06.007	38	13.135	(1125, 224)	(113, 22)	49
16:37:06.051	38	12.9859	(1135, 224)	(114, 22)	49
16:37:06.097	29	12.865	(1146, 223)	(115, 22)	49
16:37:06.132	35	12.799	(1155, 223)	(116, 22)	49
16:37:06.175	40	12.605	(1165, 223)	(117, 22)	49
16:37:06.224	38	12.4367	(1175, 223)	(118, 22)	49
16:37:06.273	40	12.3175	(1185, 223)	(119, 22)	49
16:37:06.322	32	12.2453	(1195, 223)	(120, 22)	49
16:37:06.362	28	12.2724	(1205, 223)	(121, 22)	49
16:37:06.397	29	12.0397	(1215, 223)	(122, 22)	49
16:37:06.431	30	12.0736	(1225, 223)	(123, 22)	49
16:37:06.465	31	11.7764	(1235, 223)	(124, 22)	49
16:37:06.502	30	11.6169	(1245, 223)	(125, 22)	49
16:37:06.536	30	11.4304	(1255, 223)	(126, 22)	49
16:37:06.570	39	11.204	(1265, 224)	(127, 22)	49
16:37:06.620	37	11.0681	(1275, 224)	(128, 22)	49
16:37:06.669	39	10.9939	(1282, 225)	(128, 23)	49
16:37:06.719	28	10.9576	(1285, 225)	(129, 23)	49
16:37:06.750	28	10.8142	(1295, 226)	(130, 23)	49
16:37:06.785	28	10.6427	(1305, 226)	(131, 23)	49
16:37:06.820	27	10.3633	(1316, 228)	(132, 23)	49
16:37:06.854	28	10.1116	(1326, 228)	(133, 23)	49
16:37:06.890	26	9.89793	(1335, 228)	(134, 23)	49
16:37:06.926	26	9.76311	(1345, 229)	(135, 23)	49
16:37:06.959	27	9.59393	(1355, 230)	(136, 23)	49
16:37:06.994	23	9.37007	(1366, 230)	(137, 23)	49
16:37:07.021	23	9.08993	(1375, 230)	(138, 23)	49
16:37:07.049	25	8.75067	(1386, 231)	(139, 23)	49
16:37:07.078	25	8.52133	(1395, 231)	(140, 23)	49
16:37:07.106	25	8.45348	(1405, 232)	(141, 23)	49
16:37:07.134	25	8.15245	(1415, 232)	(142, 23)	49
16:37:07.161	24	7.96133	(1425, 232)	(143, 23)	49
16:37:07.190	23	7.88489	(1435, 233)	(144, 23)	49
16:37:07.216	22	7.78045	(1445, 234)	(145, 23)	49
16:37:07.244	21	7.62682	(1455, 234)	(146, 23)	49
16:37:07.272	22	7.56785	(1465, 234)	(147, 23)	49
16:37:07.300	21	7.30326	(1478, 234)	(148, 23)	49
16:37:07.328	21	7.22933	(1485, 234)	(149, 23)	49
16:37:07.355	21	7.35793	(1488, 235)	(149, 24)	49
16:37:07.383	22	7.10163	(1495, 235)	(150, 24)	49
16:37:07.411	20	7.03704	(1506, 235)	(151, 24)	49
16:37:07.439	24	6.93022	(1516, 235)	(152, 24)	49
16:37:07.468	31	6.82059	(1526, 236)	(153, 24)	49
16:37:07.502	25	6.66874	(1535, 236)	(154, 24)	49
16:37:07.529	26	6.65348	(1546, 236)	(155, 24)	49
16:37:07.565	26	6.59378	(1556, 237)	(156, 24)	49
16:37:07.598	23	6.41926	(1565, 237)	(157, 24)	49
16:37:07.627	21	6.27245	(1575, 238)	(158, 24)	49
16:37:07.654	22	6.21052	(1585, 238)	(159, 24)	49
16:37:07.682	22	6.17793	(1595, 239)	(160, 24)	49
16:37:07.710	21	6.02148	(1605, 239)	(161, 24)	49
16:37:07.737	23	5.94341	(1615, 240)	(162, 24)	49
16:37:07.766	22	5.83867	(1625, 240)	(163, 24)	49
16:37:07.793	22	5.83674	(1636, 241)	(164, 24)	49
16:37:07.821	21	5.53511	(1645, 242)	(165, 24)	49
16:37:07.849	20	5.53511	(1655, 242)	(166, 24)	49
16:37:07.876	21	5.39067	(1666, 243)	(167, 24)	49
16:37:07.905	21	5.36474	(1676, 244)	(168, 24)	49
16:37:07.932	21	5.4117	(1677, 245)	(168, 25)	49
16:37:07.960	21	5.32548	(1686, 245)	(169, 25)	49
16:37:07.988	21	5.296	(1696, 246)	(170, 25)	49
16:37:08.016	21	5.21393	(1705, 246)	(171, 25)	49
16:37:08.044	20	5.30859	(1715, 248)	(172, 25)	49
16:37:08.071	21	5.14193	(1726, 249)	(173, 25)	49
16:37:08.099	21	5.16756	(1735, 250)	(174, 25)	49
16:37:08.127	21	5.11808	(1745, 251)	(175, 25)	49
16:37:08.155	20	5.08607	(1755, 253)	(176, 25)	49
16:37:08.183	20	5.11496	(1765, 254)	(177, 25)	49
16:37:08.210	21	5.04356	(1768, 255)	(177, 26)	49
16:37:08.238	21	4.95156	(1775, 256)	(178, 26)	49
16:37:08.266	20	5.00089	(1785, 258)	(179, 26)	49
16:37:08.294	20	5.01733	(1795, 260)	(180, 26)	49
16:37:08.322	20	4.95718	(1805, 262)	(181, 26)	49
16:37:08.349	21	5.03896	(1815, 264)	(182, 26)	49
16:37:08.377	20	4.98356	(1817, 265)	(182, 27)	49
16:37:08.405	21	5.05985	(1825, 267)	(183, 27)	49
16:37:08.433	21	5.07333	(1838, 271)	(184, 27)	49
16:37:08.461	19	4.96652	(1845, 273)	(185, 27)	49
16:37:08.481	19	4.9157	(1849, 275)	(185, 28)	49
16:37:08.502	18	4.724	(1858, 278)	(186, 28)	49
16:37:08.523	20	4.68148	(1865, 280)	(187, 28)	49
16:37:08.551	19	4.75778	(1874, 285)	(187, 29)	49
16:37:08.579	20	4.70059	(1875, 285)	(188, 29)	49
16:37:08.606	20	4.72889	(1885, 289)	(189, 29)	49
16:37:08.634	19	4.66889	(1895, 294)	(190, 29)	49
16:37:08.655	18	4.72118	(1895, 295)	(190, 30)	49
16:37:08.676	18	4.61081	(1905, 299)	(191, 30)	49
16:37:08.696	20	4.6717	(1912, 305)	(191, 31)	49
16:37:08.718	18	4.64756	(1915, 307)	(192, 31)	49
16:37:08.739	18	4.65837	(1925, 314)	(193, 31)	49
16:37:08.759	18	4.69852	(1926, 315)	(193, 32)	49
16:37:08.780	19	4.55615	(1935, 322)	(194, 32)	49
16:37:08.801	19	4.66489	(1937, 325)	(194, 33)	49
16:37:08.822	19	4.71822	(1945, 333)	(195, 33)	49
16:37:08.843	27	4.70593	(1947, 335)	(195, 34)	49
16:37:08.877	23	4.61333	(1955, 344)	(196, 34)	49
16:37:08.905	19	4.6523	(1955, 345)	(196, 35)	49
16:37:08.926	20	4.66904	(1963, 355)	(196, 36)	49
16:37:08.947	19	4.65304	(1965, 358)	(197, 36)	49
16:37:08.968	18	4.58726	(1968, 365)	(197, 37)	49
16:37:08.989	19	4.91822	(1973, 375)	(197, 38)	49
16:37:09.010	19	4.63067	(1975, 379)	(198, 38)	49
16:37:09.030	19	4.68489	(1976, 385)	(198, 39)	49
16:37:09.051	19	4.82519	(1980, 395)	(198, 40)	49
16:37:09.072	19	4.87437	(1982, 405)	(198, 41)	49
16:37:09.093	20	5.02563	(1984, 415)	(198, 42)	49
16:37:09.114	19	4.94726	(1985, 417)	(199, 42)	49
16:37:09.135	19	4.99556	(1985, 425)	(199, 43)	49
16:37:09.155	19	5.17363	(1987, 435)	(199, 44)	49
16:37:09.176	24	5.06356	(1988, 445)	(199, 45)	49
16:37:09.205	25	5.14548	(1989, 455)	(199, 46)	49
16:37:09.232	22	5.08296	(1989, 465)	(199, 47)	49
16:37:09.260	20	5.24726	(1989, 475)	(199, 48)	49
16:37:09.288	21	5.38696	(1988, 485)	(199, 49)	49
16:37:09.316	20	5.34919	(1985, 495)	(199, 50)	49
16:37:09.343	21	5.35511	(1984, 495)	(198, 50)	49
16:37:09.371	21	5.48459	(1980, 505)	(198, 51)	49
16:37:09.399	20	5.67496	(1972, 516)	(197, 52)	49
16:37:09.427	21	5.83244	(1965, 525)	(197, 53)	49
16:37:09.454	21	5.85022	(1964, 526)	(196, 53)	49
16:37:09.482	22	6.0757	(1954, 534)	(195, 53)	49
16:37:09.510	22	6.08252	(1953, 535)	(195, 54)	49
16:37:09.538	22	6.26696	(1944, 539)	(194, 54)	49
16:37:09.566	22	6.36489	(1937, 545)	(194, 55)	49
16:37:09.594	21	6.44267	(1934, 547)	(193, 55)	49
16:37:09.621	23	6.58015	(1924, 555)	(192, 56)	49
16:37:09.650	22	6.82548	(1914, 561)	(191, 56)	49
16:37:09.677	22	7.10311	(1907, 565)	(191, 57)	49
16:37:09.705	23	7.28252	(1904, 567)	(190, 57)	49
16:37:09.733	22	7.54726	(1894, 572)	(189, 57)	49
16:37:09.760	26	7.64919	(1890, 575)	(189, 58)	49
16:37:09.790	30	7.90874	(1884, 577)	(188, 58)	49
16:37:09.824	34	8.42104	(1874, 581)	(187, 58)	49
16:37:09.866	27	8.63793	(1866, 585)	(187, 59)	49
16:37:09.900	23	8.74089	(1864, 585)	(186, 59)	49
16:37:09.927	24	9.17837	(1854, 590)	(185, 59)	49
16:37:09.955	27	9.45185	(1844, 594)	(184, 59)	49
16:37:09.991	28	9.4637	(1843, 595)	(184, 60)	49
16:37:10.026	28	9.75141	(1834, 597)	(183, 60)	49
16:37:10.060	29	10.5433	(1823, 601)	(182, 60)	49
16:37:10.094	30	10.6953	(1810, 606)	(181, 61)	49
16:37:10.129	27	11.0258	(1804, 609)	(180, 61)	49
16:37:10.163	25	11.4262	(1794, 612)	(179, 61)	49
16:37:10.191	29	11.6673	(1787, 615)	(179, 62)	49
16:37:10.226	32	11.7107	(1784, 616)	(178, 62)	49
16:37:10.265	31	12.193	(1774, 619)	(177, 62)	49
16:37:10.303	34	12.5994	(1764, 622)	(176, 62)	49
16:37:10.345	37	12.6936	(1758, 625)	(176, 63)	49
16:37:10.387	38	12.883	(1754, 626)	(175, 63)	49
16:37:10.429	37	13.2369	(1744, 628)	(174, 63)	49
16:37:10.473	36	13.6215	(1734, 631)	(173, 63)	49
16:37:10.511	29	14.0794	(1724, 633)	(172, 63)	49
16:37:10.545	28	14.4209	(1715, 635)	(172, 64)	49
16:37:10.581	31	14.3852	(1714, 635)	(171, 64)	49
16:37:10.616	35	14.7145	(1704, 637)	(170, 64)	49
16:37:10.658	34	15.0956	(1694, 638)	(169, 64)	49
16:37:10.699	33	15.4394	(1684, 640)	(168, 64)	49
16:37:10.734	31	15.9684	(1674, 641)	(167, 64)	49
16:37:10.769	37	16.2367	(1664, 642)	(166, 64)	49
16:37:10.811	41	16.7256	(1654, 643)	(165, 64)	49
16:37:10.860	38	17.1058	(1644, 644)	(164, 64)	49
16:37:10.901	34	17.4367	(1633, 644)	(163, 64)	49
16:37:10.943	35	17.7904	(1624, 644)	(162, 64)	49
16:37:10.987	44	17.7375	(1614, 644)	(161, 64)	49
16:37:11.041	46	18.1723	(1604, 644)	(160, 64)	49
16:37:11.097	39	18.4764	(1594, 644)	(159, 64)	49
16:37:11.144	34	18.7994	(1584, 644)	(158, 64)	49
16:37:11.186	34	19.2418	(1574, 644)	(157, 64)	49
16:37:11.228	40	19.5741	(1564, 644)	(156, 64)	49
16:37:11.277	39	19.8584	(1554, 644)	(155, 64)	49
16:37:11.319	37	20.1364	(1548, 645)	(155, 65)	49
16:37:11.360	35	20.1787	(1544, 645)	(154, 65)	49
16:37:11.401	40	20.4204	(1534, 645)	(153, 65)	49
16:37:11.452	48	20.7926	(1524, 646)	(152, 65)	49
16:37:11.509	42	20.8593	(1514, 647)	(151, 65)	49
16:37:11.554	36	21.3665	(1504, 648)	(150, 65)	49
16:37:11.596	39	21.5698	(1494, 649)	(149, 65)	49
16:37:11.638	41	21.7041	(1484, 651)	(148, 65)	49
16:37:11.687	41	22.0618	(1474, 652)	(147, 65)	49
16:37:11.736	41	22.4227	(1464, 652)	(146, 65)	49
16:37:11.784	39	22.4286	(1454, 653)	(145, 65)	49
16:37:11.825	44	22.7193	(1444, 654)	(144, 65)	49
16:37:11.875	51	22.6096	(1434, 654)	(143, 65)	49
16:37:11.931	45	22.5019	(1419, 654)	(142, 65)	49
16:37:11.979	42	22.644	(1414, 654)	(141, 65)	49
16:37:12.028	42	22.6203	(1404, 654)	(140, 65)	49
16:37:12.076	42	22.5736	(1394, 654)	(139, 65)	49
16:37:12.125	42	22.5227	(1384, 654)	(138, 65)	49
16:37:12.173	43	22.6735	(1374, 654)	(137, 65)	49
16:37:12.222	42	22.7244	(1356, 653)	(136, 65)	49
16:37:12.271	46	22.773	(1354, 653)	(135, 65)	49
16:37:12.328	49	22.7037	(1344, 652)	(134, 65)	49
16:37:12.383	42	22.6481	(1334, 651)	(133, 65)	49
16:37:12.431	46	22.9276	(1323, 651)	(132, 65)	49
16:37:12.490	49	22.5486	(1314, 650)	(131, 65)	49
16:37:12.550	50	22.6496	(1303, 649)	(130, 65)	49
16:37:12.604	42	22.6865	(1294, 648)	(129, 65)	49
16:37:12.653	43	22.6279	(1284, 647)	(128, 65)	49
16:37:12.703	44	22.6744	(1274, 647)	(127, 65)	49
16:37:12.751	48	22.5092	(1264, 646)	(126, 65)	49
16:37:12.807	41	22.6825	(1256, 644)	(126, 64)	49
16:37:12.854	46	22.6476	(1254, 644)	(125, 64)	49
16:37:12.911	49	22.5616	(1244, 643)	(124, 64)	49
16:37:12.967	47	22.5036	(1234, 643)	(123, 64)	49
16:37:13.022	39	22.7049	(1224, 641)	(122, 64)	49
16:37:13.062	36	22.4773	(1214, 641)	(121, 64)	49
16:37:13.104	41	22.3824	(1204, 641)	(120, 64)	49
16:37:13.154	44	22.2207	(1194, 640)	(119, 64)	49
16:37:13.203	43	22.1166	(1184, 639)	(118, 64)	49
16:37:13.251	38	21.7271	(1174, 639)	(117, 64)	49
16:37:13.292	38	21.6194	(1164, 637)	(116, 64)	49
16:37:13.335	44	21.4379	(1154, 637)	(115, 64)	49
16:37:13.384	46	21.2612	(1144, 636)	(114, 64)	49
16:37:13.441	38	21.0849	(1134, 636)	(113, 64)	49
16:37:13.488	37	21.0465	(1124, 635)	(112, 64)	49
16:37:13.529	40	20.969	(1114, 635)	(111, 64)	49
16:37:13.578	49	20.7625	(1110, 634)	(111, 63)	49
16:37:13.636	42	20.6824	(1104, 634)	(110, 63)	49
16:37:13.682	40	20.4327	(1093, 633)	(109, 63)	49
16:37:13.730	41	20.2521	(1084, 632)	(108, 63)	49
16:37:13.779	45	20.1668	(1074, 632)	(107, 63)	49
16:37:13.829	42	20.0028	(1064, 631)	(106, 63)	49
16:37:13.877	40	19.8056	(1051, 631)	(105, 63)	49
16:37:13.926	38	19.4399	(1032, 629)	(103, 63)	49
16:37:13.967	38	19.2138	(1024, 629)	(102, 63)	49
16:37:14.008	42	19.1926	(1014, 629)	(101, 63)	49
16:37:14.060	41	19.0283	(1004, 628)	(100, 63)	49
16:37:14.105	39	18.7154	(994, 627)	(99, 63)	49
16:37:14.148	36	18.5945	(984, 627)	(98, 63)	49
16:37:14.189	44	18.2833	(974, 627)	(97, 63)	49
16:37:14.240	40	18.1283	(964, 626)	(96, 63)	49
16:37:14.287	34	17.9609	(954, 626)	(95, 63)	49
16:37:14.328	33	18.0083	(944, 626)	(94, 63)	49
16:37:14.363	35	17.8041	(934, 625)	(93, 63)	49
16:37:14.405	37	17.6225	(927, 624)	(93, 62)	49
16:37:14.447	38	17.5908	(924, 624)	(92, 62)	49
16:37:14.489	33	17.3668	(914, 623)	(91, 62)	49
16:37:14.530	32	17.3219	(904, 622)	(90, 62)	49
16:37:14.565	32	17.0281	(894, 621)	(89, 62)	49
16:37:14.599	32	16.8277	(884, 620)	(88, 62)	49
16:37:14.634	32	16.6087	(873, 619)	(87, 62)	49
16:37:14.669	32	16.4144	(864, 619)	(86, 62)	49
16:37:14.703	32	16.0616	(854, 619)	(85, 62)	49
16:37:14.737	31	15.8323	(843, 618)	(84, 62)	49
16:37:14.772	35	15.6984	(834, 618)	(83, 62)	49
16:37:14.816	36	15.3939	(823, 617)	(82, 62)	49
16:37:14.857	36	15.2532	(814, 617)	(81, 62)	49
16:37:14.898	37	15.0516	(804, 617)	(80, 62)	49
16:37:14.941	35	15.0477	(794, 617)	(79, 62)	49
16:37:14.982	31	15.1456	(784, 616)	(78, 62)	49
16:37:15.016	32	15.2101	(772, 616)	(77, 62)	49
16:37:15.051	32	15.2353	(764, 615)	(76, 62)	49
16:37:15.086	32	15.2015	(754, 615)	(75, 62)	49
16:37:15.122	39	15.1087	(744, 615)	(74, 62)	49
16:37:15.170	31	15.1093	(734, 615)	(73, 62)	49
16:37:15.203	31	15.0782	(724, 615)	(72, 62)	49
16:37:15.238	36	15.0797	(714, 615)	(71, 62)	49
16:37:15.281	38	15.0579	(704, 615)	(70, 62)	49
16:37:15.324	37	15.065	(694, 615)	(69, 62)	49
16:37:15.364	32	15.3465	(684, 615)	(68, 62)	49
16:37:15.399	31	15.1244	(674, 615)	(67, 62)	49
16:37:15.434	31	15.0941	(664, 616)	(66, 62)	49
16:37:15.468	32	15.137	(654, 617)	(65, 62)	49
16:37:15.503	32	15.2311	(644, 618)	(64, 62)	49
16:37:15.538	32	15.2138	(634, 618)	(63, 62)	49
16:37:15.580	33	15.195	(624, 619)	(62, 62)	49
16:37:15.621	35	15.2963	(614, 619)	(61, 62)	49
16:37:15.664	43	15.4182	(604, 621)	(60, 62)	49
16:37:15.713	36	15.7207	(594, 621)	(59, 62)	49
16:37:15.754	34	16.0052	(584, 622)	(58, 62)	49
16:37:15.795	34	16.5369	(574, 624)	(57, 62)	49
16:37:15.837	35	16.6292	(566, 625)	(57, 63)	49
16:37:15.879	41	16.6505	(564, 625)	(56, 63)	49
16:37:15.928	45	16.833	(554, 625)	(55, 63)	49
16:37:15.985	35	16.8744	(544, 626)	(54, 63)	49
16:37:16.024	30	16.7216	(534, 628)	(53, 63)	49
16:37:16.059	44	16.5465	(524, 629)	(52, 63)	49
16:37:16.109	44	16.1151	(514, 631)	(51, 63)	49
16:37:16.158	40	16.0215	(504, 633)	(50, 63)	49
16:37:16.206	34	15.6862	(494, 634)	(49, 63)	49
16:37:16.247	30	15.7079	(493, 635)	(49, 64)	49
16:37:16.281	34	15.547	(484, 637)	(48, 64)	49
16:37:16.324	36	15.1607	(467, 641)	(47, 64)	49
16:37:16.365	38	15.0636	(464, 642)	(46, 64)	49
16:37:16.408	32	14.9624	(458, 645)	(46, 65)	49
16:37:16.448	34	14.8846	(454, 646)	(45, 65)	49
16:37:16.491	39	14.6465	(444, 650)	(44, 65)	49
16:37:16.539	38	14.5084	(434, 654)	(43, 65)	49
16:37:16.581	39	14.5787	(432, 655)	(43, 66)	49
16:37:16.629	31	14.3123	(424, 658)	(42, 66)	49
16:37:16.664	30	14.0455	(414, 662)	(41, 66)	49
16:37:16.698	32	13.9917	(409, 665)	(41, 67)	49
16:37:16.740	32	13.9215	(404, 667)	(40, 67)	49
16:37:16.777	41	13.5127	(394, 671)	(39, 67)	49
16:37:16.825	35	13.3176	(387, 675)	(39, 68)	49
16:37:16.866	33	13.3114	(384, 676)	(38, 68)	49
16:37:16.908	32	13.2304	(374, 680)	(37, 68)	49
16:37:16.942	33	12.8849	(367, 685)	(37, 69)	49
16:37:16.984	32	12.9188	(364, 687)	(36, 69)	49
16:37:17.021	33	12.4551	(356, 695)	(36, 70)	49
16:37:17.061	31	12.4329	(354, 695)	(35, 70)	49
16:37:17.095	32	12.0945	(344, 704)	(34, 70)	49
16:37:17.130	31	12.0182	(344, 705)	(34, 71)	49
16:37:17.165	30	11.7847	(337, 715)	(34, 72)	49
16:37:17.199	31	11.4347	(335, 725)	(34, 73)	49
16:37:17.235	26	11.6345	(334, 727)	(33, 73)	49
16:37:17.269	25	11.1316	(331, 735)	(33, 74)	49
16:37:17.297	25	10.787	(329, 746)	(33, 75)	49
16:37:17.324	27	10.5178	(329, 755)	(33, 76)	49
16:37:17.359	31	10.2357	(329, 765)	(33, 77)	49
16:37:17.394	30	9.99393	(329, 775)	(33, 78)	49
16:37:17.429	32	9.7317	(329, 785)	(33, 79)	49
16:37:17.463	26	9.45289	(329, 795)	(33, 80)	49
16:37:17.497	24	9.22889	(329, 805)	(33, 81)	49
16:37:17.525	23	8.5717	(329, 833)	(33, 83)	49
16:37:17.553	22	8.33244	(329, 836)	(33, 84)	49
16:37:17.582	28	8.23541	(329, 845)	(33, 85)	49
16:37:17.616	28	7.80267	(329, 855)	(33, 86)	49
16:37:17.652	27	7.33452	(330, 865)	(33, 87)	49
16:37:17.685	24	6.93141	(332, 875)	(33, 88)	49
16:37:17.714	21	6.72089	(335, 883)	(34, 88)	49
16:37:17.741	22	6.64311	(335, 885)	(34, 89)	49
16:37:17.770	22	6.324	(338, 895)	(34, 90)	49
16:37:17.797	21	6.25956	(341, 905)	(34, 91)	49
16:37:17.824	21	6.144	(345, 914)	(35, 91)	49
16:37:17.852	25	6.10874	(346, 915)	(35, 92)	49
16:37:17.880	24	6.05719	(350, 925)	(35, 93)	49
16:37:17.909	25	5.94341	(355, 931)	(36, 93)	49
16:37:17.936	24	5.95304	(357, 935)	(36, 94)	49
16:37:17.964	25	5.82163	(364, 945)	(36, 95)	49
16:37:17.992	23	5.876	(365, 945)	(37, 95)	49
16:37:18.020	24	5.83807	(373, 955)	(37, 96)	49
16:37:18.047	24	5.78948	(375, 956)	(38, 96)	49
16:37:18.075	23	5.7443	(384, 965)	(38, 97)	49
16:37:18.103	24	5.72919	(385, 966)	(39, 97)	49
16:37:18.130	25	5.66933	(395, 975)	(40, 98)	49
16:37:18.159	23	5.67704	(405, 982)	(41, 98)	49
16:37:18.186	24	5.62578	(411, 987)	(41, 99)	49
16:37:18.215	24	5.85659	(415, 989)	(42, 99)	49
16:37:18.242	24	5.49067	(423, 995)	(42, 100)	49
16:37:18.269	24	5.52993	(425, 996)	(43, 100)	49
16:37:18.297	24	5.52059	(435, 1001)	(44, 100)	49
16:37:18.325	21	5.52385	(441, 1005)	(44, 101)	49
16:37:18.352	24	5.50755	(446, 1007)	(45, 101)	49
16:37:18.381	24	5.4723	(455, 1012)	(46, 101)	49
16:37:18.409	23	5.47156	(461, 1015)	(46, 102)	49
16:37:18.436	24	5.45022	(465, 1017)	(47, 102)	49
16:37:18.465	24	5.6157	(475, 1022)	(48, 102)	49
16:37:18.492	26	5.42445	(481, 1025)	(48, 103)	49
16:37:18.520	25	5.43867	(485, 1026)	(49, 103)	49
16:37:18.548	23	5.44504	(495, 1030)	(50, 103)	49
16:37:18.576	24	5.54059	(505, 1034)	(51, 103)	49
16:37:18.603	23	5.46148	(506, 1035)	(51, 104)	49
16:37:18.631	24	5.44148	(515, 1037)	(52, 104)	49
16:37:18.660	23	5.45822	(525, 1040)	(53, 104)	49
16:37:18.687	23	5.50578	(540, 1043)	(54, 104)	49
16:37:18.715	24	5.52178	(545, 1044)	(55, 104)	49
16:37:18.742	24	5.48326	(549, 1045)	(55, 105)	49
16:37:18.771	24	5.51541	(555, 1046)	(56, 105)	49
16:37:18.799	24	5.5277	(577, 1050)	(58, 105)	49
16:37:18.826	24	5.54252	(585, 1052)	(59, 105)	49
16:37:18.854	23	5.63511	(595, 1053)	(60, 105)	49
16:37:18.881	24	5.65052	(605, 1054)	(61, 105)	49
16:37:18.909	24	5.668	(608, 1055)	(61, 106)	49
16:37:18.937	24	5.72193	(615, 1056)	(62, 106)	49
16:37:18.964	20	5.72637	(625, 1057)	(63, 106)	49
16:37:18.992	20	5.77363	(635, 1058)	(64, 106)	49
16:37:19.020	19	5.81718	(645, 1059)	(65, 106)	49
16:37:19.040	20	5.98933	(655, 1060)	(66, 106)	49
16:37:19.061	21	6.15911	(665, 1061)	(67, 106)	49
16:37:19.089	21	6.34163	(675, 1061)	(68, 106)	49
16:37:19.118	20	6.44341	(685, 1063)	(69, 106)	49
16:37:19.146	27	6.55867	(695, 1063)	(70, 106)	49
16:37:19.181	26	6.7363	(705, 1064)	(71, 106)	49
16:37:19.216	26	6.91052	(715, 1064)	(72, 106)	49
16:37:19.251	26	6.97867	(719, 1065)	(72, 107)	49
16:37:19.285	27	7.04711	(725, 1065)	(73, 107)	49
16:37:19.319	28	7.25704	(735, 1066)	(74, 107)	49
16:37:19.355	34	7.40178	(745, 1066)	(75, 107)	49
16:37:19.397	27	7.60089	(755, 1066)	(76, 107)	49
16:37:19.431	28	7.69008	(765, 1066)	(77, 107)	49
16:37:19.466	27	7.81555	(775, 1067)	(78, 107)	49
16:37:19.500	28	7.96667	(785, 1067)	(79, 107)	49
16:37:19.535	28	8.08074	(795, 1068)	(80, 107)	49
16:37:19.570	29	8.19585	(805, 1069)	(81, 107)	49
16:37:19.605	28	8.40622	(815, 1070)	(82, 107)	49
16:37:19.640	26	8.60237	(825, 1071)	(83, 107)	49
16:37:19.674	24	8.62993	(835, 1072)	(84, 107)	49
16:37:19.702	23	8.66104	(845, 1073)	(85, 107)	49
16:37:19.729	30	8.90815	(856, 1074)	(86, 107)	49
16:37:19.765	34	8.91096	(862, 1075)	(86, 108)	49
16:37:19.809	28	8.94252	(865, 1075)	(87, 108)	49
16:37:19.840	27	9.34474	(875, 1075)	(88, 108)	49
16:37:19.876	26	9.53689	(885, 1076)	(89, 108)	49
16:37:19.910	26	9.96933	(895, 1077)	(90, 108)	49
16:37:19.945	27	10.559	(905, 1078)	(91, 108)	49
16:37:19.980	27	10.712	(915, 1078)	(92, 108)	49
16:37:20.015	28	10.9536	(925, 1079)	(93, 108)	49
16:37:20.050	27	11.1748	(935, 1080)	(94, 108)	49
16:37:20.084	27	11.2119	(945, 1081)	(95, 108)	49
16:37:20.119	28	11.8859	(955, 1082)	(96, 108)	49
16:37:20.153	29	11.9253	(965, 1082)	(97, 108)	49
16:37:20.189	28	12.2059	(975, 1083)	(98, 108)	49
16:37:20.224	29	12.3833	(986, 1083)	(99, 108)	49
16:37:20.258	29	12.7111	(995, 1084)	(100, 108)	49
16:37:20.293	28	13.0142	(1005, 1084)	(101, 108)	49
16:37:20.327	38	13.2441	(1015, 1084)	(102, 108)	49
16:37:20.371	40	13.1954	(1017, 1085)	(102, 109)	49
16:37:20.419	42	13.5396	(1025, 1085)	(103, 109)	49
16:37:20.467	29	13.8801	(1040, 1085)	(104, 109)	49
16:37:20.501	28	14.0182	(1048, 1085)	(105, 109)	49
16:37:20.536	34	14.2139	(1055, 1086)	(106, 109)	49
16:37:20.579	39	14.3083	(1065, 1086)	(107, 109)	49
16:37:20.628	37	14.4853	(1075, 1086)	(108, 109)	49
16:37:20.669	31	14.5699	(1085, 1086)	(109, 109)	49
16:37:20.703	28	14.5508	(1096, 1086)	(110, 109)	49
16:37:20.737	29	14.8037	(1105, 1086)	(111, 109)	49
16:37:20.773	35	14.7505	(1115, 1086)	(112, 109)	49
16:37:20.815	35	15.0052	(1126, 1086)	(113, 109)	49
16:37:20.857	36	15.1136	(1135, 1086)	(114, 109)	49
16:37:20.898	34	15.1674	(1146, 1086)	(115, 109)	49
16:37:20.939	43	15.1603	(1155, 1086)	(116, 109)	49
16:37:20.989	35	15.2879	(1166, 1086)	(117, 109)	49
16:37:21.030	36	15.2359	(1175, 1086)	(118, 109)	49
16:37:21.073	33	15.3524	(1185, 1085)	(119, 109)	49
16:37:21.113	31	15.4579	(1188, 1084)	(119, 108)	49
16:37:21.148	35	15.4041	(1195, 1084)	(120, 108)	49
16:37:21.191	36	15.443	(1205, 1082)	(121, 108)	49
16:37:21.231	37	15.544	(1215, 1081)	(122, 108)	49
16:37:21.273	37	15.5741	(1225, 1081)	(123, 108)	49
16:37:21.316	33	15.619	(1235, 1081)	(124, 108)	49
16:37:21.356	36	15.7719	(1245, 1080)	(125, 108)	49
16:37:21.398	38	15.7708	(1255, 1080)	(126, 108)	49
16:37:21.441	36	15.8729	(1265, 1079)	(127, 108)	49
16:37:21.482	37	15.9668	(1275, 1078)	(128, 108)	49
16:37:21.525	33	16.063	(1286, 1077)	(129, 108)	49
16:37:21.565	32	16.0864	(1295, 1077)	(130, 108)	49
16:37:21.599	33	15.9287	(1305, 1077)	(131, 108)	49
16:37:21.636	32	15.7813	(1315, 1077)	(132, 108)	49
16:37:21.676	32	15.7047	(1325, 1077)	(133, 108)	49
16:37:21.711	32	15.7203	(1335, 1077)	(134, 108)	49
16:37:21.746	31	15.5569	(1345, 1077)	(135, 108)	49
16:37:21.780	29	15.1074	(1355, 1077)	(136, 108)	49
16:37:21.815	35	14.6404	(1365, 1079)	(137, 108)	49
16:37:21.857	34	14.5114	(1375, 1080)	(138, 108)	49
16:37:21.898	35	14.1062	(1385, 1081)	(139, 108)	49
16:37:21.942	34	13.8596	(1395, 1081)	(140, 108)	49
16:37:21.982	29	13.8441	(1405, 1083)	(141, 108)	49
16:37:22.017	27	13.477	(1416, 1084)	(142, 108)	49
16:37:22.052	33	13.3585	(1418, 1085)	(142, 109)	49
16:37:22.094	32	13.1686	(1425, 1085)	(143, 109)	49
16:37:22.136	32	12.8105	(1437, 1088)	(144, 109)	49
16:37:22.170	32	12.6864	(1445, 1088)	(145, 109)	49
16:37:22.205	27	12.6209	(1455, 1089)	(146, 109)	49
16:37:22.239	29	12.3664	(1465, 1090)	(147, 109)	49
16:37:22.275	32	12.1535	(1476, 1091)	(148, 109)	49
16:37:22.316	33	11.9941	(1485, 1092)	(149, 109)	49
16:37:22.358	31	11.2899	(1495, 1093)	(150, 109)	49
16:37:22.393	29	11.0714	(1505, 1093)	(151, 109)	49
16:37:22.427	30	11.0821	(1515, 1093)	(152, 109)	49
16:37:22.462	34	10.979	(1525, 1093)	(153, 109)	49
16:37:22.504	32	10.9639	(1535, 1094)	(154, 109)	49
16:37:22.546	31	10.7283	(1545, 1094)	(155, 109)	49
16:37:22.581	31	10.4104	(1555, 1094)	(156, 109)	49
16:37:22.623	30	9.99289	(1565, 1094)	(157, 109)	49
16:37:22.657	32	9.98163	(1566, 1095)	(157, 110)	49
16:37:22.699	30	9.76904	(1575, 1095)	(158, 110)	49
16:37:22.734	30	9.55407	(1585, 1095)	(159, 110)	49
16:37:22.768	30	9.23837	(1596, 1096)	(160, 110)	49
16:37:22.803	28	8.89822	(1605, 1096)	(161, 110)	49
16:37:22.837	26	8.85793	(1615, 1096)	(162, 110)	49
16:37:22.872	25	8.57911	(1625, 1097)	(163, 110)	49
16:37:22.900	25	8.30267	(1635, 1097)	(164, 110)	49
16:37:22.927	25	7.99526	(1645, 1097)	(165, 110)	49
16:37:22.955	24	7.38948	(1655, 1098)	(166, 110)	49
16:37:22.983	24	7.11481	(1665, 1098)	(167, 110)	49
16:37:23.011	23	7.01467	(1675, 1099)	(168, 110)	49
16:37:23.038	23	6.70044	(1685, 1099)	(169, 110)	49
16:37:23.066	24	6.59985	(1695, 1100)	(170, 110)	49
16:37:23.095	23	6.46859	(1705, 1100)	(171, 110)	49
16:37:23.122	23	6.34889	(1715, 1101)	(172, 110)	49
16:37:23.150	23	6.10341	(1725, 1101)	(173, 110)	49
16:37:23.178	22	6.0363	(1735, 1103)	(174, 110)	49
16:37:23.205	22	5.87333	(1748, 1104)	(175, 110)	49
16:37:23.233	22	5.87822	(1753, 1105)	(175, 111)	49
16:37:23.260	21	5.7797	(1755, 1105)	(176, 111)	49
16:37:23.289	23	5.73852	(1765, 1106)	(177, 111)	49
16:37:23.317	22	5.89007	(1775, 1107)	(178, 111)	49
16:37:23.345	23	5.3277	(1785, 1108)	(179, 111)	49
16:37:23.372	22	5.07422	(1798, 1109)	(180, 111)	49
16:37:23.400	21	4.99037	(1806, 1111)	(181, 111)	49
16:37:23.428	22	4.81822	(1815, 1112)	(182, 111)	49
16:37:23.457	20	4.65304	(1825, 1112)	(183, 111)	49
16:37:23.483	19	4.58341	(1835, 1113)	(184, 111)	49
16:37:23.504	18	4.41674	(1850, 1114)	(185, 111)	49
16:37:23.524	18	4.36193	(1855, 1114)	(186, 111)	49
16:37:23.545	21	4.33052	(1858, 1115)	(186, 112)	49
16:37:23.574	22	4.42993	(1865, 1116)	(187, 112)	49
16:37:23.601	23	4.10237	(1877, 1117)	(188, 112)	49
16:37:23.630	23	4.14148	(1885, 1118)	(189, 112)	49
16:37:23.658	20	4.16519	(1895, 1120)	(190, 112)	49
16:37:23.685	19	4.0963	(1905, 1121)	(191, 112)	49
16:37:23.706	18	3.22504	(0, 0)	(0, 0)	49
EOM

