BOM
Frame extends: 2263, 1306
_ms_area: 10
measurements taken: 585
current rendering method: 0
is mouse replay: 1
Camera settings: Roation Quaternion: ( -0.798357, 0.246892, -0.527757, 0.15212), Translationsvektor: ( 0.0318162, 0.0367534, 1.85).
System_Time	Elapsed_Time_PaintGL	Elapsed_Kernel_Time	Frame_Coordinates	Grid_Position	Manual_Measurement
16:36:34.141	34	27.2799	(-1, -1)	(-1, -1)	49
16:36:34.182	34	27.3978	(-1, -1)	(-1, -1)	49
16:36:34.225	40	27.2493	(-1, -1)	(-1, -1)	49
16:36:34.281	38	27.2668	(-1, -1)	(-1, -1)	49
16:36:34.329	40	27.408	(-1, -1)	(-1, -1)	49
16:36:34.378	36	27.2603	(-1, -1)	(-1, -1)	49
16:36:34.418	35	27.4422	(-1, -1)	(-1, -1)	49
16:36:34.460	35	27.3031	(-1, -1)	(-1, -1)	49
16:36:34.504	38	27.2852	(-1, -1)	(-1, -1)	49
16:36:34.551	35	27.2775	(-1, -1)	(-1, -1)	49
16:36:34.592	36	27.2625	(-1, -1)	(-1, -1)	49
16:36:34.634	36	27.2892	(-1, -1)	(-1, -1)	49
16:36:34.675	35	27.3416	(-1, -1)	(-1, -1)	49
16:36:34.719	38	27.3545	(-1, -1)	(-1, -1)	49
16:36:34.766	40	27.2751	(-1, -1)	(-1, -1)	49
16:36:34.818	38	27.3049	(-1, -1)	(-1, -1)	49
16:36:34.863	34	27.3184	(-1, -1)	(-1, -1)	49
16:36:34.907	38	27.2567	(-1, -1)	(-1, -1)	49
16:36:34.954	40	27.2621	(-1, -1)	(-1, -1)	49
16:36:35.005	36	27.2508	(-1, -1)	(-1, -1)	49
16:36:35.044	36	27.2723	(-1, -1)	(-1, -1)	49
16:36:35.086	36	27.2419	(-1, -1)	(-1, -1)	49
16:36:35.128	40	27.4289	(-1, -1)	(-1, -1)	49
16:36:35.177	40	27.2615	(-1, -1)	(-1, -1)	49
16:36:35.227	39	27.2701	(-1, -1)	(-1, -1)	49
16:36:35.274	33	27.3957	(-1, -1)	(-1, -1)	49
16:36:35.315	34	27.34	(-1, -1)	(-1, -1)	49
16:36:35.358	39	27.2443	(-1, -1)	(-1, -1)	49
16:36:35.407	38	27.2649	(-1, -1)	(-1, -1)	49
16:36:35.447	34	27.3391	(-1, -1)	(-1, -1)	49
16:36:35.488	35	27.4508	(-1, -1)	(-1, -1)	49
16:36:35.532	39	27.2576	(-1, -1)	(-1, -1)	49
16:36:35.580	40	27.3375	(-1, -1)	(-1, -1)	49
16:36:35.630	39	27.2508	(-1, -1)	(-1, -1)	49
16:36:35.677	35	27.2258	(-1, -1)	(-1, -1)	49
16:36:35.718	35	27.2283	(-1, -1)	(-1, -1)	49
16:36:35.760	39	27.3576	(-1, -1)	(-1, -1)	49
16:36:35.810	39	27.2876	(-1, -1)	(-1, -1)	49
16:36:35.860	42	27.3098	(-1, -1)	(-1, -1)	49
16:36:35.906	34	27.3536	(-1, -1)	(-1, -1)	49
16:36:35.949	39	27.2689	(-1, -1)	(-1, -1)	49
16:36:35.997	41	27.2724	(-1, -1)	(-1, -1)	49
16:36:36.046	41	27.3409	(-1, -1)	(-1, -1)	49
16:36:36.094	35	27.2587	(-1, -1)	(-1, -1)	49
16:36:36.136	36	27.2647	(-1, -1)	(-1, -1)	49
16:36:36.178	40	27.3336	(-1, -1)	(-1, -1)	49
16:36:36.227	39	27.2713	(-1, -1)	(-1, -1)	49
16:36:36.276	40	27.3508	(-1, -1)	(-1, -1)	49
16:36:36.325	38	27.261	(-1, -1)	(-1, -1)	49
16:36:36.365	35	27.283	(-1, -1)	(-1, -1)	49
16:36:36.407	36	27.3972	(-1, -1)	(-1, -1)	49
16:36:36.449	41	27.2773	(-1, -1)	(-1, -1)	49
16:36:36.500	41	27.4942	(-1, -1)	(-1, -1)	49
16:36:36.546	35	27.2644	(-1, -1)	(-1, -1)	49
16:36:36.588	36	27.2201	(-1, -1)	(-1, -1)	49
16:36:36.629	40	27.2437	(-1, -1)	(-1, -1)	49
16:36:36.679	39	27.3279	(-1, -1)	(-1, -1)	49
16:36:36.726	35	27.2687	(-1, -1)	(-1, -1)	49
16:36:36.768	34	27.3535	(-1, -1)	(-1, -1)	49
16:36:36.809	39	27.2726	(-1, -1)	(-1, -1)	49
16:36:36.853	39	27.3336	(-1, -1)	(-1, -1)	49
16:36:36.902	39	27.2627	(-1, -1)	(-1, -1)	49
16:36:36.949	34	27.3089	(-1, -1)	(-1, -1)	49
16:36:36.990	34	27.3378	(-1, -1)	(-1, -1)	49
16:36:37.033	36	27.2717	(-1, -1)	(-1, -1)	49
16:36:37.075	40	27.315	(-1, -1)	(-1, -1)	49
16:36:37.124	40	27.2852	(-1, -1)	(-1, -1)	49
16:36:37.171	35	27.3686	(-1, -1)	(-1, -1)	49
16:36:37.212	34	27.3121	(-1, -1)	(-1, -1)	49
16:36:37.247	35	27.4404	(-1, -1)	(-1, -1)	49
16:36:37.291	38	27.2733	(-1, -1)	(-1, -1)	49
16:36:37.339	38	27.4283	(-1, -1)	(-1, -1)	49
16:36:37.387	35	27.2498	(-1, -1)	(-1, -1)	49
16:36:37.429	35	27.2467	(-1, -1)	(-1, -1)	49
16:36:37.470	40	27.2456	(-1, -1)	(-1, -1)	49
16:36:37.522	40	27.2797	(-1, -1)	(-1, -1)	49
16:36:37.569	38	27.2391	(-1, -1)	(-1, -1)	49
16:36:37.616	33	27.3084	(-1, -1)	(-1, -1)	49
16:36:37.658	37	27.2806	(-1, -1)	(-1, -1)	49
16:36:37.701	38	27.2647	(-1, -1)	(-1, -1)	49
16:36:37.749	41	27.2735	(-1, -1)	(-1, -1)	49
16:36:37.798	36	27.2721	(-1, -1)	(-1, -1)	49
16:36:37.839	35	27.533	(-1, -1)	(-1, -1)	49
16:36:37.884	38	27.3554	(-1, -1)	(-1, -1)	49
16:36:37.932	39	27.3366	(-1, -1)	(-1, -1)	49
16:36:37.978	35	27.2581	(-1, -1)	(-1, -1)	49
16:36:38.019	35	27.2646	(-1, -1)	(-1, -1)	49
16:36:38.061	37	27.3107	(-1, -1)	(-1, -1)	49
16:36:38.104	40	27.3548	(-1, -1)	(-1, -1)	49
16:36:38.154	39	27.3801	(-1, -1)	(-1, -1)	49
16:36:38.203	39	27.2421	(-1, -1)	(-1, -1)	49
16:36:38.249	36	27.4317	(-1, -1)	(-1, -1)	49
16:36:38.291	40	27.281	(-1, -1)	(-1, -1)	49
16:36:38.340	40	27.3067	(-1, -1)	(-1, -1)	49
16:36:38.389	40	27.3747	(-1, -1)	(-1, -1)	49
16:36:38.437	34	27.2708	(-1, -1)	(-1, -1)	49
16:36:38.478	33	27.3708	(-1, -1)	(-1, -1)	49
16:36:38.512	34	27.3799	(-1, -1)	(-1, -1)	49
16:36:38.555	38	27.2631	(-1, -1)	(-1, -1)	49
16:36:38.597	37	27.2945	(-1, -1)	(-1, -1)	49
16:36:38.639	35	27.2984	(-1, -1)	(-1, -1)	49
16:36:38.679	33	27.337	(-1, -1)	(-1, -1)	49
16:36:38.714	34	27.4203	(-1, -1)	(-1, -1)	49
16:36:38.756	38	27.2533	(-1, -1)	(-1, -1)	49
16:36:38.800	39	27.3797	(-1, -1)	(-1, -1)	49
16:36:38.849	37	27.2742	(-1, -1)	(-1, -1)	49
16:36:38.889	35	27.2899	(-1, -1)	(-1, -1)	49
16:36:38.931	40	27.269	(-1, -1)	(-1, -1)	49
16:36:38.980	38	27.2704	(-1, -1)	(-1, -1)	49
16:36:39.028	36	27.2981	(-1, -1)	(-1, -1)	49
16:36:39.069	36	27.2753	(-1, -1)	(-1, -1)	49
16:36:39.110	38	27.2505	(-1, -1)	(-1, -1)	49
16:36:39.153	40	27.2717	(-1, -1)	(-1, -1)	49
16:36:39.203	39	27.2621	(-1, -1)	(-1, -1)	49
16:36:39.253	40	27.2459	(-1, -1)	(-1, -1)	49
16:36:39.299	35	27.3483	(-1, -1)	(-1, -1)	49
16:36:39.342	39	27.245	(-1, -1)	(-1, -1)	49
16:36:39.390	39	27.279	(-1, -1)	(-1, -1)	49
16:36:39.439	39	27.2733	(-1, -1)	(-1, -1)	49
16:36:39.488	35	27.3024	(-1, -1)	(-1, -1)	49
16:36:39.527	36	27.4659	(-1, -1)	(-1, -1)	49
16:36:39.569	39	27.4201	(-1, -1)	(-1, -1)	49
16:36:39.615	39	27.2496	(-1, -1)	(-1, -1)	49
16:36:39.662	41	27.2726	(-1, -1)	(-1, -1)	49
16:36:39.709	35	27.319	(-1, -1)	(-1, -1)	49
16:36:39.750	38	27.2453	(-1, -1)	(-1, -1)	49
16:36:39.794	39	27.2902	(-1, -1)	(-1, -1)	49
16:36:39.842	39	27.3668	(-1, -1)	(-1, -1)	49
16:36:39.890	39	27.2664	(-1, -1)	(-1, -1)	49
16:36:39.937	34	27.421	(-1, -1)	(-1, -1)	49
16:36:39.979	34	27.2978	(-1, -1)	(-1, -1)	49
16:36:40.023	38	27.3055	(-1, -1)	(-1, -1)	49
16:36:40.070	34	27.4508	(-1, -1)	(-1, -1)	49
16:36:40.111	34	27.4631	(-1, -1)	(-1, -1)	49
16:36:40.153	35	27.2893	(-1, -1)	(-1, -1)	49
16:36:40.196	39	27.2618	(-1, -1)	(-1, -1)	49
16:36:40.245	40	27.2927	(-1, -1)	(-1, -1)	49
16:36:40.294	39	27.2554	(-1, -1)	(-1, -1)	49
16:36:40.341	35	27.349	(-1, -1)	(-1, -1)	49
16:36:40.383	41	27.2822	(-1, -1)	(-1, -1)	49
16:36:40.433	38	27.269	(-1, -1)	(-1, -1)	49
16:36:40.481	40	27.2923	(-1, -1)	(-1, -1)	49
16:36:40.530	36	27.3013	(-1, -1)	(-1, -1)	49
16:36:40.571	34	27.2329	(-1, -1)	(-1, -1)	49
16:36:40.613	34	27.2853	(-1, -1)	(-1, -1)	49
16:36:40.655	40	27.3159	(-1, -1)	(-1, -1)	49
16:36:40.704	38	27.2898	(-1, -1)	(-1, -1)	49
16:36:40.744	34	27.4324	(-1, -1)	(-1, -1)	49
16:36:40.786	34	27.4806	(-1, -1)	(-1, -1)	49
16:36:40.828	36	27.3203	(-1, -1)	(-1, -1)	49
16:36:40.871	38	27.2791	(-1, -1)	(-1, -1)	49
16:36:40.920	39	27.2367	(-1, -1)	(-1, -1)	49
16:36:40.968	34	27.3505	(-1, -1)	(-1, -1)	49
16:36:41.009	40	27.3182	(-1, -1)	(-1, -1)	49
16:36:41.059	38	27.2827	(-1, -1)	(-1, -1)	49
16:36:41.107	41	27.2329	(-1, -1)	(-1, -1)	49
16:36:41.156	39	27.2671	(-1, -1)	(-1, -1)	49
16:36:41.204	36	27.2824	(-1, -1)	(-1, -1)	49
16:36:41.246	40	27.2476	(-1, -1)	(-1, -1)	49
16:36:41.295	40	27.277	(-1, -1)	(-1, -1)	49
16:36:41.345	39	27.2436	(-1, -1)	(-1, -1)	49
16:36:41.391	35	27.2655	(-1, -1)	(-1, -1)	49
16:36:41.432	36	27.289	(-1, -1)	(-1, -1)	49
16:36:41.475	39	27.3384	(-1, -1)	(-1, -1)	49
16:36:41.524	39	27.2754	(-1, -1)	(-1, -1)	49
16:36:41.574	37	27.3498	(-1, -1)	(-1, -1)	49
16:36:41.614	33	27.3342	(-1, -1)	(-1, -1)	49
16:36:41.654	35	27.3778	(-1, -1)	(-1, -1)	49
16:36:41.698	39	27.42	(-1, -1)	(-1, -1)	49
16:36:41.746	34	27.4108	(-1, -1)	(-1, -1)	49
16:36:41.787	35	27.2775	(-1, -1)	(-1, -1)	49
16:36:41.830	40	27.3474	(-1, -1)	(-1, -1)	49
16:36:41.879	39	27.2818	(-1, -1)	(-1, -1)	49
16:36:41.928	40	27.3024	(-1, -1)	(-1, -1)	49
16:36:41.978	39	27.3628	(-1, -1)	(-1, -1)	49
16:36:42.024	36	27.3259	(-1, -1)	(-1, -1)	49
16:36:42.068	40	27.4613	(-1, -1)	(-1, -1)	49
16:36:42.116	39	27.2738	(-1, -1)	(-1, -1)	49
16:36:42.164	39	27.3533	(-1, -1)	(-1, -1)	49
16:36:42.213	39	27.2684	(-1, -1)	(-1, -1)	49
16:36:42.260	36	27.2363	(-1, -1)	(-1, -1)	49
16:36:42.303	40	27.2523	(-1, -1)	(-1, -1)	49
16:36:42.352	39	27.3895	(-1, -1)	(-1, -1)	49
16:36:42.401	39	27.3501	(-1, -1)	(-1, -1)	49
16:36:42.448	35	27.5283	(-1, -1)	(-1, -1)	49
16:36:42.491	39	27.2521	(-1, -1)	(-1, -1)	49
16:36:42.539	39	27.2827	(-1, -1)	(-1, -1)	49
16:36:42.588	40	27.2679	(-1, -1)	(-1, -1)	49
16:36:42.635	35	27.4033	(-1, -1)	(-1, -1)	49
16:36:42.678	41	27.2585	(-1, -1)	(-1, -1)	49
16:36:42.727	40	27.4763	(-1, -1)	(-1, -1)	49
16:36:42.775	40	27.3699	(-1, -1)	(-1, -1)	49
16:36:42.824	38	27.355	(-1, -1)	(-1, -1)	49
16:36:42.871	33	27.4098	(-1, -1)	(-1, -1)	49
16:36:42.905	35	27.3431	(-1, -1)	(-1, -1)	49
16:36:42.949	39	27.2879	(-1, -1)	(-1, -1)	49
16:36:42.998	38	27.2938	(-1, -1)	(-1, -1)	49
16:36:43.039	36	27.2757	(-1, -1)	(-1, -1)	49
16:36:43.081	33	27.4418	(-1, -1)	(-1, -1)	49
16:36:43.122	33	27.4719	(-1, -1)	(-1, -1)	49
16:36:43.164	38	27.3326	(-1, -1)	(-1, -1)	49
16:36:43.206	41	27.4071	(-1, -1)	(-1, -1)	49
16:36:43.255	34	27.2378	(-1, -1)	(-1, -1)	49
16:36:43.297	40	27.2764	(-1, -1)	(-1, -1)	49
16:36:43.346	39	27.2693	(-1, -1)	(-1, -1)	49
16:36:43.394	40	27.2956	(-1, -1)	(-1, -1)	49
16:36:43.445	39	27.3609	(-1, -1)	(-1, -1)	49
16:36:43.490	34	27.4212	(-1, -1)	(-1, -1)	49
16:36:43.533	40	27.2747	(-1, -1)	(-1, -1)	49
16:36:43.584	39	27.3956	(-1, -1)	(-1, -1)	49
16:36:43.630	40	27.3474	(-1, -1)	(-1, -1)	49
16:36:43.679	37	27.275	(-1, -1)	(-1, -1)	49
16:36:43.720	36	27.2747	(-1, -1)	(-1, -1)	49
16:36:43.762	40	27.2704	(-1, -1)	(-1, -1)	49
16:36:43.812	39	27.243	(-1, -1)	(-1, -1)	49
16:36:43.863	37	27.2917	(-1, -1)	(-1, -1)	49
16:36:43.907	35	27.2529	(-1, -1)	(-1, -1)	49
16:36:43.948	33	27.3406	(-1, -1)	(-1, -1)	49
16:36:43.992	40	27.3815	(-1, -1)	(-1, -1)	49
16:36:44.041	38	27.2696	(-1, -1)	(-1, -1)	49
16:36:44.082	37	27.2809	(-1, -1)	(-1, -1)	49
16:36:44.123	36	27.3037	(-1, -1)	(-1, -1)	49
16:36:44.166	40	27.2649	(-1, -1)	(-1, -1)	49
16:36:44.215	39	27.2877	(-1, -1)	(-1, -1)	49
16:36:44.265	38	27.4121	(-1, -1)	(-1, -1)	49
16:36:44.311	34	27.2542	(-1, -1)	(-1, -1)	49
16:36:44.352	34	27.3588	(-1, -1)	(-1, -1)	49
16:36:44.394	36	27.3581	(-1, -1)	(-1, -1)	49
16:36:44.437	40	27.3603	(-1, -1)	(-1, -1)	49
16:36:44.486	39	27.2775	(-1, -1)	(-1, -1)	49
16:36:44.533	35	27.42	(-1, -1)	(-1, -1)	49
16:36:44.574	34	27.3133	(-1, -1)	(-1, -1)	49
16:36:44.609	35	27.3624	(-1, -1)	(-1, -1)	49
16:36:44.653	41	27.3136	(-1, -1)	(-1, -1)	49
16:36:44.703	37	27.3836	(-1, -1)	(-1, -1)	49
16:36:44.742	34	27.3068	(-1, -1)	(-1, -1)	49
16:36:44.783	40	27.3339	(-1, -1)	(-1, -1)	49
16:36:44.833	39	27.2677	(-1, -1)	(-1, -1)	49
16:36:44.882	40	27.42	(-1, -1)	(-1, -1)	49
16:36:44.929	35	27.3	(-1, -1)	(-1, -1)	49
16:36:44.971	36	27.479	(-1, -1)	(-1, -1)	49
16:36:45.014	39	27.2479	(-1, -1)	(-1, -1)	49
16:36:45.063	41	27.339	(-1, -1)	(-1, -1)	49
16:36:45.112	39	27.2671	(-1, -1)	(-1, -1)	49
16:36:45.159	37	27.2999	(-1, -1)	(-1, -1)	49
16:36:45.201	36	27.2428	(-1, -1)	(-1, -1)	49
16:36:45.243	39	27.2532	(-1, -1)	(-1, -1)	49
16:36:45.292	40	27.2424	(-1, -1)	(-1, -1)	49
16:36:45.341	38	27.2776	(-1, -1)	(-1, -1)	49
16:36:45.381	35	27.4338	(-1, -1)	(-1, -1)	49
16:36:45.424	39	27.2551	(-1, -1)	(-1, -1)	49
16:36:45.472	40	27.2698	(-1, -1)	(-1, -1)	49
16:36:45.523	41	27.337	(-1, -1)	(-1, -1)	49
16:36:45.570	37	27.2615	(-1, -1)	(-1, -1)	49
16:36:45.610	37	27.3064	(-1, -1)	(-1, -1)	49
16:36:45.652	37	27.3453	(-1, -1)	(-1, -1)	49
16:36:45.695	38	27.291	(-1, -1)	(-1, -1)	49
16:36:45.736	36	27.401	(-1, -1)	(-1, -1)	49
16:36:45.777	36	27.2927	(-1, -1)	(-1, -1)	49
16:36:45.818	34	27.3304	(-1, -1)	(-1, -1)	49
16:36:45.853	34	27.3791	(-1, -1)	(-1, -1)	49
16:36:45.896	38	27.3613	(-1, -1)	(-1, -1)	49
16:36:45.939	39	27.2594	(-1, -1)	(-1, -1)	49
16:36:45.987	34	27.3951	(-1, -1)	(-1, -1)	49
16:36:46.028	33	27.3437	(-1, -1)	(-1, -1)	49
16:36:46.062	33	27.3124	(-1, -1)	(-1, -1)	49
16:36:46.105	38	27.2335	(-1, -1)	(-1, -1)	49
16:36:46.154	40	27.345	(-1, -1)	(-1, -1)	49
16:36:46.203	36	27.245	(-1, -1)	(-1, -1)	49
16:36:46.244	36	27.4111	(-1, -1)	(-1, -1)	49
16:36:46.287	36	27.2905	(-1, -1)	(-1, -1)	49
16:36:46.328	41	27.4468	(-1, -1)	(-1, -1)	49
16:36:46.380	38	27.2772	(-1, -1)	(-1, -1)	49
16:36:46.424	34	27.4047	(-1, -1)	(-1, -1)	49
16:36:46.466	35	27.4018	(-1, -1)	(-1, -1)	49
16:36:46.509	38	27.2581	(-1, -1)	(-1, -1)	49
16:36:46.558	39	27.2821	(-1, -1)	(-1, -1)	49
16:36:46.606	39	27.255	(-1, -1)	(-1, -1)	49
16:36:46.654	35	27.3084	(-1, -1)	(-1, -1)	49
16:36:46.698	38	27.2397	(-1, -1)	(-1, -1)	49
16:36:46.744	35	27.3963	(-1, -1)	(-1, -1)	49
16:36:46.787	39	27.2234	(-1, -1)	(-1, -1)	49
16:36:46.835	37	27.4347	(-1, -1)	(-1, -1)	49
16:36:46.876	37	27.2954	(-1, -1)	(-1, -1)	49
16:36:46.917	36	27.4721	(-1, -1)	(-1, -1)	49
16:36:46.961	39	27.4056	(-1, -1)	(-1, -1)	49
16:36:47.011	36	27.2699	(-1, -1)	(-1, -1)	49
16:36:47.050	34	27.4166	(-1, -1)	(-1, -1)	49
16:36:47.091	34	27.3467	(-1, -1)	(-1, -1)	49
16:36:47.134	39	27.2653	(-1, -1)	(-1, -1)	49
16:36:47.183	40	27.3067	(-1, -1)	(-1, -1)	49
16:36:47.232	38	27.388	(-1, -1)	(-1, -1)	49
16:36:47.272	35	27.3108	(-1, -1)	(-1, -1)	49
16:36:47.314	35	27.3327	(-1, -1)	(-1, -1)	49
16:36:47.356	35	27.4074	(-1, -1)	(-1, -1)	49
16:36:47.398	41	27.4127	(-1, -1)	(-1, -1)	49
16:36:47.447	38	27.3073	(-1, -1)	(-1, -1)	49
16:36:47.487	34	27.3231	(-1, -1)	(-1, -1)	49
16:36:47.528	35	27.4123	(-1, -1)	(-1, -1)	49
16:36:47.572	40	27.3175	(-1, -1)	(-1, -1)	49
16:36:47.621	39	27.2599	(-1, -1)	(-1, -1)	49
16:36:47.670	39	27.2686	(-1, -1)	(-1, -1)	49
16:36:47.717	39	27.2446	(-1, -1)	(-1, -1)	49
16:36:47.759	38	27.2607	(-1, -1)	(-1, -1)	49
16:36:47.802	39	27.2732	(-1, -1)	(-1, -1)	49
16:36:47.850	41	27.3373	(-1, -1)	(-1, -1)	49
16:36:47.898	35	27.3972	(-1, -1)	(-1, -1)	49
16:36:47.939	40	27.376	(-1, -1)	(-1, -1)	49
16:36:47.983	38	27.3612	(-1, -1)	(-1, -1)	49
16:36:48.031	39	27.28	(-1, -1)	(-1, -1)	49
16:36:48.080	38	27.2729	(-1, -1)	(-1, -1)	49
16:36:48.121	36	27.4062	(-1, -1)	(-1, -1)	49
16:36:48.162	35	27.2529	(-1, -1)	(-1, -1)	49
16:36:48.204	35	27.2582	(-1, -1)	(-1, -1)	49
16:36:48.247	38	27.2584	(-1, -1)	(-1, -1)	49
16:36:48.296	38	27.2219	(-1, -1)	(-1, -1)	49
16:36:48.343	36	27.2655	(-1, -1)	(-1, -1)	49
16:36:48.385	35	27.307	(-1, -1)	(-1, -1)	49
16:36:48.428	40	27.3218	(-1, -1)	(-1, -1)	49
16:36:48.477	40	27.324	(-1, -1)	(-1, -1)	49
16:36:48.526	37	27.3527	(-1, -1)	(-1, -1)	49
16:36:48.572	36	27.4493	(-1, -1)	(-1, -1)	49
16:36:48.616	39	27.2295	(-1, -1)	(-1, -1)	49
16:36:48.663	40	27.2766	(-1, -1)	(-1, -1)	49
16:36:48.712	36	27.4024	(-1, -1)	(-1, -1)	49
16:36:48.752	33	27.2796	(-1, -1)	(-1, -1)	49
16:36:48.786	34	27.3754	(-1, -1)	(-1, -1)	49
16:36:48.821	35	27.515	(-1, -1)	(-1, -1)	49
16:36:48.865	37	27.3164	(-1, -1)	(-1, -1)	49
16:36:48.907	38	27.2791	(-1, -1)	(-1, -1)	49
16:36:48.947	35	27.2641	(-1, -1)	(-1, -1)	49
16:36:48.989	39	27.3821	(-1, -1)	(-1, -1)	49
16:36:49.033	37	27.3126	(-1, -1)	(-1, -1)	49
16:36:49.081	39	27.4007	(-1, -1)	(-1, -1)	49
16:36:49.134	36	27.2505	(-1, -1)	(-1, -1)	49
16:36:49.177	35	27.2729	(-1, -1)	(-1, -1)	49
16:36:49.218	36	27.2477	(-1, -1)	(-1, -1)	49
16:36:49.261	39	27.3381	(-1, -1)	(-1, -1)	49
16:36:49.311	39	27.3926	(-1, -1)	(-1, -1)	49
16:36:49.359	38	27.4087	(-1, -1)	(-1, -1)	49
16:36:49.406	35	27.4779	(-1, -1)	(-1, -1)	49
16:36:49.449	39	27.303	(-1, -1)	(-1, -1)	49
16:36:49.498	38	27.2599	(-1, -1)	(-1, -1)	49
16:36:49.547	41	27.3947	(-1, -1)	(-1, -1)	49
16:36:49.594	35	27.3631	(-1, -1)	(-1, -1)	49
16:36:49.637	40	27.2917	(-1, -1)	(-1, -1)	49
16:36:49.685	38	27.2262	(-1, -1)	(-1, -1)	49
16:36:49.726	36	27.284	(-1, -1)	(-1, -1)	49
16:36:49.768	36	27.2933	(-1, -1)	(-1, -1)	49
16:36:49.810	36	27.3028	(-1, -1)	(-1, -1)	49
16:36:49.853	39	27.3289	(-1, -1)	(-1, -1)	49
16:36:49.902	38	27.2723	(-1, -1)	(-1, -1)	49
16:36:49.950	39	27.2567	(-1, -1)	(-1, -1)	49
16:36:49.997	36	27.2533	(-1, -1)	(-1, -1)	49
16:36:50.039	35	27.489	(-1, -1)	(-1, -1)	49
16:36:50.082	39	27.4007	(-1, -1)	(-1, -1)	49
16:36:50.130	40	27.2689	(-1, -1)	(-1, -1)	49
16:36:50.179	39	27.4459	(-1, -1)	(-1, -1)	49
16:36:50.226	33	27.3213	(-1, -1)	(-1, -1)	49
16:36:50.260	34	27.34	(-1, -1)	(-1, -1)	49
16:36:50.303	36	27.3476	(-1, -1)	(-1, -1)	49
16:36:50.346	39	27.375	(-1, -1)	(-1, -1)	49
16:36:50.401	35	27.2796	(-1, -1)	(-1, -1)	49
16:36:50.442	33	27.3566	(-1, -1)	(-1, -1)	49
16:36:50.476	34	27.3391	(-1, -1)	(-1, -1)	49
16:36:50.522	39	27.2714	(-1, -1)	(-1, -1)	49
16:36:50.569	39	27.3241	(-1, -1)	(-1, -1)	49
16:36:50.617	38	27.26	(-1, -1)	(-1, -1)	49
16:36:50.664	36	27.373	(-1, -1)	(-1, -1)	49
16:36:50.706	37	27.2809	(-1, -1)	(-1, -1)	49
16:36:50.748	38	27.2603	(-1, -1)	(-1, -1)	49
16:36:50.791	36	27.2797	(-1, -1)	(-1, -1)	49
16:36:50.832	35	27.2766	(-1, -1)	(-1, -1)	49
16:36:50.873	36	27.2467	(-1, -1)	(-1, -1)	49
16:36:50.917	39	27.2476	(-1, -1)	(-1, -1)	49
16:36:50.964	40	27.2833	(-1, -1)	(-1, -1)	49
16:36:51.014	40	27.2564	(-1, -1)	(-1, -1)	49
16:36:51.061	37	27.259	(-1, -1)	(-1, -1)	49
16:36:51.102	38	27.3969	(-1, -1)	(-1, -1)	49
16:36:51.144	38	27.2793	(-1, -1)	(-1, -1)	49
16:36:51.187	40	27.4187	(-1, -1)	(-1, -1)	49
16:36:51.239	39	27.2667	(-1, -1)	(-1, -1)	49
16:36:51.285	36	27.3114	(-1, -1)	(-1, -1)	49
16:36:51.324	35	27.4182	(-1, -1)	(-1, -1)	49
16:36:51.368	39	27.2409	(-1, -1)	(-1, -1)	49
16:36:51.416	39	27.3265	(-1, -1)	(-1, -1)	49
16:36:51.466	37	27.2778	(-1, -1)	(-1, -1)	49
16:36:51.513	35	27.2689	(-1, -1)	(-1, -1)	49
16:36:51.556	39	27.2601	(-1, -1)	(-1, -1)	49
16:36:51.604	39	27.2753	(-1, -1)	(-1, -1)	49
16:36:51.653	38	27.2886	(-1, -1)	(-1, -1)	49
16:36:51.693	34	27.4944	(-1, -1)	(-1, -1)	49
16:36:51.734	33	27.3083	(-1, -1)	(-1, -1)	49
16:36:51.769	34	27.311	(-1, -1)	(-1, -1)	49
16:36:51.811	33	27.3116	(-1, -1)	(-1, -1)	49
16:36:51.846	34	27.4169	(-1, -1)	(-1, -1)	49
16:36:51.888	37	27.3547	(-1, -1)	(-1, -1)	49
16:36:51.929	35	27.2966	(-1, -1)	(-1, -1)	49
16:36:51.974	39	27.305	(-1, -1)	(-1, -1)	49
16:36:52.021	40	27.3159	(-1, -1)	(-1, -1)	49
16:36:52.070	40	27.2612	(-1, -1)	(-1, -1)	49
16:36:52.119	39	27.2843	(-1, -1)	(-1, -1)	49
16:36:52.166	38	27.277	(-1, -1)	(-1, -1)	49
16:36:52.209	39	27.2881	(-1, -1)	(-1, -1)	49
16:36:52.257	39	27.363	(-1, -1)	(-1, -1)	49
16:36:52.307	39	27.2508	(-1, -1)	(-1, -1)	49
16:36:52.354	34	27.3335	(-1, -1)	(-1, -1)	49
16:36:52.396	34	27.4554	(-1, -1)	(-1, -1)	49
16:36:52.439	39	27.2892	(-1, -1)	(-1, -1)	49
16:36:52.487	41	27.3246	(-1, -1)	(-1, -1)	49
16:36:52.538	39	27.264	(-1, -1)	(-1, -1)	49
16:36:52.584	34	27.2942	(-1, -1)	(-1, -1)	49
16:36:52.627	38	27.2622	(-1, -1)	(-1, -1)	49
16:36:52.675	40	27.4373	(-1, -1)	(-1, -1)	49
16:36:52.723	36	27.3542	(-1, -1)	(-1, -1)	49
16:36:52.764	33	27.3221	(-1, -1)	(-1, -1)	49
16:36:52.798	35	27.4633	(-1, -1)	(-1, -1)	49
16:36:52.842	39	27.2576	(-1, -1)	(-1, -1)	49
16:36:52.891	40	27.239	(-1, -1)	(-1, -1)	49
16:36:52.939	39	27.3496	(-1, -1)	(-1, -1)	49
16:36:52.987	35	27.2929	(-1, -1)	(-1, -1)	49
16:36:53.028	35	27.3361	(-1, -1)	(-1, -1)	49
16:36:53.070	40	27.3265	(-1, -1)	(-1, -1)	49
16:36:53.120	39	27.3376	(-1, -1)	(-1, -1)	49
16:36:53.167	33	27.3618	(-1, -1)	(-1, -1)	49
16:36:53.201	33	27.3001	(-1, -1)	(-1, -1)	49
16:36:53.243	37	27.2704	(-1, -1)	(-1, -1)	49
16:36:53.286	39	27.248	(-1, -1)	(-1, -1)	49
16:36:53.335	39	27.2884	(-1, -1)	(-1, -1)	49
16:36:53.382	35	27.2499	(-1, -1)	(-1, -1)	49
16:36:53.423	34	27.3724	(-1, -1)	(-1, -1)	49
16:36:53.458	38	27.3982	(-1, -1)	(-1, -1)	49
16:36:53.502	39	27.2816	(-1, -1)	(-1, -1)	49
16:36:53.551	39	27.2839	(-1, -1)	(-1, -1)	49
16:36:53.598	34	27.3399	(-1, -1)	(-1, -1)	49
16:36:53.639	39	27.336	(-1, -1)	(-1, -1)	49
16:36:53.682	40	27.3521	(-1, -1)	(-1, -1)	49
16:36:53.732	38	27.2739	(-1, -1)	(-1, -1)	49
16:36:53.780	39	27.3019	(-1, -1)	(-1, -1)	49
16:36:53.827	35	27.3276	(-1, -1)	(-1, -1)	49
16:36:53.870	38	27.2864	(-1, -1)	(-1, -1)	49
16:36:53.912	39	27.3517	(-1, -1)	(-1, -1)	49
16:36:53.961	39	27.305	(-1, -1)	(-1, -1)	49
16:36:54.008	34	27.3191	(-1, -1)	(-1, -1)	49
16:36:54.050	35	27.2385	(-1, -1)	(-1, -1)	49
16:36:54.093	38	27.2736	(-1, -1)	(-1, -1)	49
16:36:54.142	39	27.3679	(-1, -1)	(-1, -1)	49
16:36:54.192	39	27.3535	(-1, -1)	(-1, -1)	49
16:36:54.239	36	27.4156	(-1, -1)	(-1, -1)	49
16:36:54.281	39	27.2459	(-1, -1)	(-1, -1)	49
16:36:54.329	40	27.3726	(-1, -1)	(-1, -1)	49
16:36:54.378	40	27.3496	(-1, -1)	(-1, -1)	49
16:36:54.426	35	27.3116	(-1, -1)	(-1, -1)	49
16:36:54.467	36	27.2498	(-1, -1)	(-1, -1)	49
16:36:54.509	39	27.2671	(-1, -1)	(-1, -1)	49
16:36:54.553	38	27.2449	(-1, -1)	(-1, -1)	49
16:36:54.601	47	27.2446	(-1, -1)	(-1, -1)	49
16:36:54.655	35	27.4363	(-1, -1)	(-1, -1)	49
16:36:54.698	39	27.2554	(-1, -1)	(-1, -1)	49
16:36:54.746	41	27.4007	(-1, -1)	(-1, -1)	49
16:36:54.795	39	27.2293	(-1, -1)	(-1, -1)	49
16:36:54.842	34	27.3261	(-1, -1)	(-1, -1)	49
16:36:54.884	33	27.3957	(-1, -1)	(-1, -1)	49
16:36:54.918	35	27.2861	(-1, -1)	(-1, -1)	49
16:36:54.962	39	27.3016	(-1, -1)	(-1, -1)	49
16:36:55.010	40	27.3341	(-1, -1)	(-1, -1)	49
16:36:55.058	34	27.4102	(-1, -1)	(-1, -1)	49
16:36:55.099	33	27.3479	(-1, -1)	(-1, -1)	49
16:36:55.133	35	27.3483	(-1, -1)	(-1, -1)	49
16:36:55.178	38	27.2553	(-1, -1)	(-1, -1)	49
16:36:55.226	39	27.2714	(-1, -1)	(-1, -1)	49
16:36:55.275	39	27.2719	(-1, -1)	(-1, -1)	49
16:36:55.323	40	27.2797	(-1, -1)	(-1, -1)	49
16:36:55.372	40	27.2656	(-1, -1)	(-1, -1)	49
16:36:55.421	40	27.2581	(-1, -1)	(-1, -1)	49
16:36:55.470	38	27.3707	(-1, -1)	(-1, -1)	49
16:36:55.517	35	27.2907	(-1, -1)	(-1, -1)	49
16:36:55.559	37	27.3855	(-1, -1)	(-1, -1)	49
16:36:55.602	39	27.3176	(-1, -1)	(-1, -1)	49
16:36:55.651	37	27.4034	(-1, -1)	(-1, -1)	49
16:36:55.698	34	27.2953	(-1, -1)	(-1, -1)	49
16:36:55.739	36	27.3972	(-1, -1)	(-1, -1)	49
16:36:55.783	39	27.356	(-1, -1)	(-1, -1)	49
16:36:55.830	38	27.3978	(-1, -1)	(-1, -1)	49
16:36:55.872	36	27.2483	(-1, -1)	(-1, -1)	49
16:36:55.913	35	27.308	(-1, -1)	(-1, -1)	49
16:36:55.957	39	27.2508	(-1, -1)	(-1, -1)	49
16:36:56.004	39	27.2926	(-1, -1)	(-1, -1)	49
16:36:56.053	40	27.2711	(-1, -1)	(-1, -1)	49
16:36:56.102	37	27.3241	(-1, -1)	(-1, -1)	49
16:36:56.143	34	27.4556	(-1, -1)	(-1, -1)	49
16:36:56.186	37	27.2561	(-1, -1)	(-1, -1)	49
16:36:56.234	40	27.3261	(-1, -1)	(-1, -1)	49
16:36:56.283	39	27.4234	(-1, -1)	(-1, -1)	49
16:36:56.331	35	27.2591	(-1, -1)	(-1, -1)	49
16:36:56.372	33	27.317	(-1, -1)	(-1, -1)	49
16:36:56.414	35	27.2944	(-1, -1)	(-1, -1)	49
16:36:56.455	48	27.3625	(-1, -1)	(-1, -1)	49
16:36:56.510	35	27.2828	(-1, -1)	(-1, -1)	49
16:36:56.552	35	27.4742	(-1, -1)	(-1, -1)	49
16:36:56.596	38	27.26	(-1, -1)	(-1, -1)	49
16:36:56.646	38	27.2753	(-1, -1)	(-1, -1)	49
16:36:56.692	36	27.2692	(-1, -1)	(-1, -1)	49
16:36:56.734	36	27.2813	(-1, -1)	(-1, -1)	49
16:36:56.775	37	27.2729	(-1, -1)	(-1, -1)	49
16:36:56.817	38	27.3367	(-1, -1)	(-1, -1)	49
16:36:56.860	40	27.2467	(-1, -1)	(-1, -1)	49
16:36:56.911	39	27.3188	(-1, -1)	(-1, -1)	49
16:36:56.955	35	27.2671	(-1, -1)	(-1, -1)	49
16:36:56.997	38	27.2603	(-1, -1)	(-1, -1)	49
16:36:57.041	38	27.2803	(-1, -1)	(-1, -1)	49
16:36:57.089	39	27.4603	(-1, -1)	(-1, -1)	49
16:36:57.138	39	27.2659	(-1, -1)	(-1, -1)	49
16:36:57.185	37	27.3744	(-1, -1)	(-1, -1)	49
16:36:57.227	37	27.2714	(-1, -1)	(-1, -1)	49
16:36:57.271	39	27.4052	(-1, -1)	(-1, -1)	49
16:36:57.319	40	27.2113	(-1, -1)	(-1, -1)	49
16:36:57.366	36	27.3788	(-1, -1)	(-1, -1)	49
16:36:57.408	36	27.3231	(-1, -1)	(-1, -1)	49
16:36:57.449	39	27.2828	(-1, -1)	(-1, -1)	49
16:36:57.493	40	27.283	(-1, -1)	(-1, -1)	49
16:36:57.541	39	27.424	(-1, -1)	(-1, -1)	49
16:36:57.589	35	27.2879	(-1, -1)	(-1, -1)	49
16:36:57.630	38	27.2644	(-1, -1)	(-1, -1)	49
16:36:57.673	40	27.3119	(-1, -1)	(-1, -1)	49
16:36:57.721	35	27.2756	(-1, -1)	(-1, -1)	49
16:36:57.763	35	27.2839	(-1, -1)	(-1, -1)	49
16:36:57.804	33	27.437	(-1, -1)	(-1, -1)	49
16:36:57.839	34	27.3505	(-1, -1)	(-1, -1)	49
16:36:57.882	39	27.4169	(-1, -1)	(-1, -1)	49
16:36:57.931	40	27.4317	(-1, -1)	(-1, -1)	49
16:36:57.979	39	27.3513	(-1, -1)	(-1, -1)	49
16:36:58.026	35	27.3729	(-1, -1)	(-1, -1)	49
16:36:58.072	38	27.2593	(-1, -1)	(-1, -1)	49
16:36:58.118	39	27.317	(-1, -1)	(-1, -1)	49
16:36:58.167	39	27.4283	(-1, -1)	(-1, -1)	49
16:36:58.214	34	27.3717	(-1, -1)	(-1, -1)	49
16:36:58.255	37	27.2487	(-1, -1)	(-1, -1)	49
16:36:58.299	39	27.2544	(-1, -1)	(-1, -1)	49
16:36:58.347	40	27.2597	(-1, -1)	(-1, -1)	49
16:36:58.397	38	27.3173	(-1, -1)	(-1, -1)	49
16:36:58.444	36	27.2964	(-1, -1)	(-1, -1)	49
16:36:58.485	36	27.2641	(-1, -1)	(-1, -1)	49
16:36:58.528	39	27.3119	(-1, -1)	(-1, -1)	49
16:36:58.577	39	27.3061	(-1, -1)	(-1, -1)	49
16:36:58.624	35	27.261	(-1, -1)	(-1, -1)	49
16:36:58.666	36	27.2554	(-1, -1)	(-1, -1)	49
16:36:58.709	36	27.2594	(-1, -1)	(-1, -1)	49
16:36:58.751	39	27.2633	(-1, -1)	(-1, -1)	49
16:36:58.799	39	27.245	(-1, -1)	(-1, -1)	49
16:36:58.847	35	27.2567	(-1, -1)	(-1, -1)	49
16:36:58.889	35	27.2796	(-1, -1)	(-1, -1)	49
16:36:58.932	38	27.2696	(-1, -1)	(-1, -1)	49
16:36:58.980	39	27.2893	(-1, -1)	(-1, -1)	49
16:36:59.030	39	27.2606	(-1, -1)	(-1, -1)	49
16:36:59.076	35	27.2247	(-1, -1)	(-1, -1)	49
16:36:59.118	35	27.2487	(-1, -1)	(-1, -1)	49
16:36:59.160	41	27.2633	(-1, -1)	(-1, -1)	49
16:36:59.212	39	27.2615	(-1, -1)	(-1, -1)	49
16:36:59.258	35	27.2529	(-1, -1)	(-1, -1)	49
16:36:59.298	34	27.2837	(-1, -1)	(-1, -1)	49
16:36:59.333	35	27.3938	(-1, -1)	(-1, -1)	49
16:36:59.376	40	27.2366	(-1, -1)	(-1, -1)	49
16:36:59.424	39	27.2764	(-1, -1)	(-1, -1)	49
16:36:59.465	35	27.2828	(-1, -1)	(-1, -1)	49
16:36:59.507	33	27.351	(-1, -1)	(-1, -1)	49
16:36:59.548	36	27.3142	(-1, -1)	(-1, -1)	49
16:36:59.619	35	27.3812	(-1, -1)	(-1, -1)	49
16:36:59.662	35	27.2736	(-1, -1)	(-1, -1)	49
16:36:59.702	35	27.3606	(-1, -1)	(-1, -1)	49
16:36:59.745	38	27.2748	(-1, -1)	(-1, -1)	49
16:36:59.793	40	27.3218	(-1, -1)	(-1, -1)	49
16:36:59.842	39	27.2646	(-1, -1)	(-1, -1)	49
16:36:59.889	35	27.2357	(-1, -1)	(-1, -1)	49
16:36:59.931	36	27.2689	(-1, -1)	(-1, -1)	49
16:36:59.974	40	27.3895	(-1, -1)	(-1, -1)	49
16:37:00.023	38	27.2732	(-1, -1)	(-1, -1)	49
16:37:00.063	33	27.3062	(-1, -1)	(-1, -1)	49
16:37:00.099	33	27.335	(-1, -1)	(-1, -1)	49
16:37:00.141	35	27.2837	(-1, -1)	(-1, -1)	49
16:37:00.187	34	27.387	(-1, -1)	(-1, -1)	49
16:37:00.231	34	27.2923	(-1, -1)	(-1, -1)	49
16:37:00.295	34	27.2781	(-1, -1)	(-1, -1)	49
16:37:00.334	34	27.465	(-1, -1)	(-1, -1)	49
16:37:00.380	36	27.3124	(-1, -1)	(-1, -1)	49
EOM

