BOM
Frame extends: 2263, 1306
_ms_area: 10
measurements taken: 585
current rendering method: 1
is mouse replay: 1
Camera settings: Roation Quaternion: ( -0.748984, 0.14431, -0.646606, -0.00927751), Translationsvektor: ( -0.0185595, -0.0459418, 1.325).
System_Time	Elapsed_Time_PaintGL	Elapsed_Kernel_Time	Frame_Coordinates	Grid_Position	Manual_Measurement
00:49:49.583	32	16.3201	(318, 226)	(32, 23)	0
00:49:49.624	32	16.5477	(325, 225)	(33, 23)	0
00:49:49.660	32	16.7521	(335, 225)	(34, 23)	0
00:49:49.700	34	17.0831	(345, 225)	(35, 23)	0
00:49:49.743	41	17.4443	(357, 225)	(36, 23)	0
00:49:49.793	41	17.7542	(372, 225)	(37, 23)	0
00:49:49.840	37	17.8679	(375, 225)	(38, 23)	0
00:49:49.881	33	18.2004	(385, 225)	(39, 23)	0
00:49:49.922	35	18.4233	(395, 225)	(40, 23)	0
00:49:49.965	35	18.6218	(405, 225)	(41, 23)	0
00:49:50.011	48	18.8231	(415, 225)	(42, 23)	0
00:49:50.070	34	19.0139	(425, 225)	(43, 23)	0
00:49:50.110	34	19.3123	(435, 226)	(44, 23)	0
00:49:50.145	33	19.5799	(445, 226)	(45, 23)	0
00:49:50.180	40	19.9302	(455, 226)	(46, 23)	0
00:49:50.229	43	20.22	(465, 227)	(47, 23)	0
00:49:50.277	36	20.497	(475, 227)	(48, 23)	0
00:49:50.318	34	20.6019	(485, 228)	(49, 23)	0
00:49:50.353	38	20.8231	(495, 228)	(50, 23)	0
00:49:50.396	40	21.0237	(505, 229)	(51, 23)	0
00:49:50.445	39	22.0511	(515, 229)	(52, 23)	0
00:49:50.492	37	21.6836	(525, 229)	(53, 23)	0
00:49:50.534	36	21.7747	(535, 229)	(54, 23)	0
00:49:50.576	42	21.7529	(545, 229)	(55, 23)	0
00:49:50.625	43	21.92	(555, 229)	(56, 23)	0
00:49:50.675	38	22.26	(565, 229)	(57, 23)	0
00:49:50.715	41	22.4468	(575, 229)	(58, 23)	0
00:49:50.764	42	22.8302	(585, 229)	(59, 23)	0
00:49:50.814	42	22.9161	(596, 229)	(60, 23)	0
00:49:50.862	40	23.1067	(605, 230)	(61, 23)	0
00:49:50.910	42	23.313	(615, 230)	(62, 23)	0
00:49:50.960	43	23.2932	(626, 230)	(63, 23)	0
00:49:51.007	45	23.376	(635, 230)	(64, 23)	0
00:49:51.056	44	23.5726	(645, 230)	(65, 23)	0
00:49:51.105	40	23.7504	(655, 230)	(66, 23)	0
00:49:51.152	43	23.8361	(665, 230)	(67, 23)	0
00:49:51.203	45	24.1239	(680, 230)	(68, 23)	0
00:49:51.251	46	24.1924	(685, 230)	(69, 23)	0
00:49:51.300	41	24.3111	(695, 230)	(70, 23)	0
00:49:51.349	43	24.3985	(705, 230)	(71, 23)	0
00:49:51.398	50	24.4747	(715, 230)	(72, 23)	0
00:49:51.452	44	24.4513	(725, 230)	(73, 23)	0
00:49:51.500	46	24.4871	(735, 230)	(74, 23)	0
00:49:51.550	45	24.4621	(749, 230)	(75, 23)	0
00:49:51.599	52	24.4467	(756, 230)	(76, 23)	0
00:49:51.656	52	24.597	(766, 230)	(77, 23)	0
00:49:51.717	41	24.6133	(775, 230)	(78, 23)	0
00:49:51.765	39	24.7444	(785, 230)	(79, 23)	0
00:49:51.807	46	24.6465	(796, 229)	(80, 23)	0
00:49:51.867	48	24.567	(805, 229)	(81, 23)	0
00:49:51.918	40	24.4717	(815, 229)	(82, 23)	0
00:49:51.960	42	24.5667	(825, 228)	(83, 23)	0
00:49:52.009	49	24.6243	(835, 228)	(84, 23)	0
00:49:52.067	49	24.6967	(845, 228)	(85, 23)	0
00:49:52.121	44	24.643	(855, 228)	(86, 23)	0
00:49:52.168	38	24.74	(865, 228)	(87, 23)	0
00:49:52.209	39	24.768	(875, 228)	(88, 23)	0
00:49:52.252	48	24.7816	(885, 228)	(89, 23)	0
00:49:52.309	44	24.8033	(895, 228)	(90, 23)	0
00:49:52.356	42	24.9643	(905, 228)	(91, 23)	0
00:49:52.404	42	24.9818	(915, 228)	(92, 23)	0
00:49:52.453	43	25.0757	(925, 228)	(93, 23)	0
00:49:52.503	49	25.0553	(935, 228)	(94, 23)	0
00:49:52.559	41	25.117	(945, 227)	(95, 23)	0
00:49:52.606	47	25.3717	(957, 227)	(96, 23)	0
00:49:52.665	55	25.4861	(966, 227)	(97, 23)	0
00:49:52.727	44	25.5993	(975, 227)	(98, 23)	0
00:49:52.780	44	25.7185	(985, 227)	(99, 23)	0
00:49:52.830	52	26.0344	(995, 227)	(100, 23)	0
00:49:52.893	54	26.1228	(1005, 227)	(101, 23)	0
00:49:52.957	47	26.2539	(1015, 226)	(102, 23)	0
00:49:53.010	42	26.2972	(1025, 226)	(103, 23)	0
00:49:53.058	47	26.4083	(1035, 226)	(104, 23)	0
00:49:53.115	58	26.4539	(1045, 225)	(105, 23)	0
00:49:53.183	41	26.4401	(1055, 225)	(106, 23)	0
00:49:53.231	41	26.3196	(1065, 225)	(107, 23)	0
00:49:53.281	54	26.2591	(1071, 224)	(107, 22)	0
00:49:53.344	53	26.3535	(1075, 224)	(108, 22)	0
00:49:53.405	42	26.4591	(1085, 224)	(109, 22)	0
00:49:53.453	44	26.7476	(1095, 224)	(110, 22)	0
00:49:53.503	48	26.8185	(1105, 224)	(111, 22)	0
00:49:53.560	46	26.8136	(1115, 224)	(112, 22)	0
00:49:53.613	42	26.9993	(1125, 224)	(113, 22)	0
00:49:53.664	44	27.0123	(1135, 224)	(114, 22)	0
00:49:53.711	46	26.6797	(1146, 223)	(115, 22)	0
00:49:53.771	49	26.4865	(1155, 223)	(116, 22)	0
00:49:53.824	42	26.5745	(1165, 223)	(117, 22)	0
00:49:53.873	48	26.5761	(1175, 223)	(118, 22)	0
00:49:53.928	52	26.7628	(1185, 223)	(119, 22)	0
00:49:53.983	47	26.8021	(1195, 223)	(120, 22)	0
00:49:54.041	46	27.0619	(1205, 223)	(121, 22)	0
00:49:54.095	52	27.161	(1215, 223)	(122, 22)	0
00:49:54.160	54	27.3569	(1225, 223)	(123, 22)	0
00:49:54.221	46	27.5289	(1235, 223)	(124, 22)	0
00:49:54.274	41	27.5277	(1245, 223)	(125, 22)	0
00:49:54.323	62	27.6264	(1255, 223)	(126, 22)	0
00:49:54.395	45	27.5948	(1265, 224)	(127, 22)	0
00:49:54.448	46	27.6566	(1275, 224)	(128, 22)	0
00:49:54.498	48	27.744	(1282, 225)	(128, 23)	0
00:49:54.553	49	27.7539	(1285, 225)	(129, 23)	0
00:49:54.610	50	28.2504	(1295, 226)	(130, 23)	0
00:49:54.665	48	28.4957	(1305, 226)	(131, 23)	0
00:49:54.720	48	28.7671	(1316, 228)	(132, 23)	0
00:49:54.775	55	28.8582	(1326, 228)	(133, 23)	0
00:49:54.839	46	29.171	(1335, 228)	(134, 23)	0
00:49:54.886	47	29.2486	(1345, 229)	(135, 23)	0
00:49:54.935	49	29.304	(1355, 230)	(136, 23)	0
00:49:54.992	59	29.6938	(1366, 230)	(137, 23)	0
00:49:55.064	48	29.7807	(1375, 230)	(138, 23)	0
00:49:55.115	45	29.9649	(1386, 231)	(139, 23)	0
00:49:55.165	56	29.985	(1395, 231)	(140, 23)	0
00:49:55.229	57	30.1267	(1405, 232)	(141, 23)	0
00:49:55.290	45	30.184	(1415, 232)	(142, 23)	0
00:49:55.338	53	30.2693	(1425, 232)	(143, 23)	0
00:49:55.396	57	30.6121	(1435, 233)	(144, 23)	0
00:49:55.461	50	30.7923	(1445, 234)	(145, 23)	0
00:49:55.521	49	30.9216	(1455, 234)	(146, 23)	0
00:49:55.575	54	31.0584	(1465, 234)	(147, 23)	0
00:49:55.639	59	31.3656	(1478, 234)	(148, 23)	0
00:49:55.708	46	31.4873	(1485, 234)	(149, 23)	0
00:49:55.762	45	31.7367	(1488, 235)	(149, 24)	0
00:49:55.811	45	32.009	(1495, 235)	(150, 24)	0
00:49:55.859	46	32.2199	(1506, 235)	(151, 24)	0
00:49:55.908	46	32.356	(1516, 235)	(152, 24)	0
00:49:55.957	48	32.717	(1526, 236)	(153, 24)	0
00:49:56.014	61	32.5247	(1535, 236)	(154, 24)	0
00:49:56.087	55	32.7404	(1546, 236)	(155, 24)	0
00:49:56.145	49	32.8612	(1556, 237)	(156, 24)	0
00:49:56.200	51	32.9095	(1565, 237)	(157, 24)	0
00:49:56.258	59	32.9428	(1575, 238)	(158, 24)	0
00:49:56.327	50	33.1157	(1585, 238)	(159, 24)	0
00:49:56.380	51	33.1932	(1595, 239)	(160, 24)	0
00:49:56.437	61	33.0668	(1605, 239)	(161, 24)	0
00:49:56.511	53	33.2886	(1615, 240)	(162, 24)	0
00:49:56.569	47	33.0252	(1625, 240)	(163, 24)	0
00:49:56.617	50	33.0873	(1636, 241)	(164, 24)	0
00:49:56.676	59	33.131	(1645, 242)	(165, 24)	0
00:49:56.745	49	32.9604	(1655, 242)	(166, 24)	0
00:49:56.797	50	32.9936	(1666, 243)	(167, 24)	0
00:49:56.855	60	32.8932	(1676, 244)	(168, 24)	0
00:49:56.928	62	32.9557	(1677, 245)	(168, 25)	0
00:49:56.992	49	32.9031	(1686, 245)	(169, 25)	0
00:49:57.048	50	32.7985	(1696, 246)	(170, 25)	0
00:49:57.105	56	32.6644	(1705, 246)	(171, 25)	0
00:49:57.168	50	32.8255	(1715, 248)	(172, 25)	0
00:49:57.221	56	33.1065	(1726, 249)	(173, 25)	0
00:49:57.286	60	33.0236	(1735, 250)	(174, 25)	0
00:49:57.356	55	33.1404	(1745, 251)	(175, 25)	0
00:49:57.416	47	33.4224	(1755, 253)	(176, 25)	0
00:49:57.465	54	33.3484	(1765, 254)	(177, 25)	0
00:49:57.522	53	33.275	(1768, 255)	(177, 26)	0
00:49:57.584	53	33.3277	(1775, 256)	(178, 26)	0
00:49:57.639	56	33.5782	(1785, 258)	(179, 26)	0
00:49:57.702	59	33.2956	(1795, 260)	(180, 26)	0
00:49:57.765	53	33.2841	(1805, 262)	(181, 26)	0
00:49:57.819	55	33.1727	(1815, 264)	(182, 26)	0
00:49:57.883	61	33.2083	(1817, 265)	(182, 27)	0
00:49:57.953	61	33.1046	(1825, 267)	(183, 27)	0
00:49:58.022	48	32.9828	(1838, 271)	(184, 27)	0
00:49:58.077	55	32.9039	(1845, 273)	(185, 27)	0
00:49:58.142	62	32.7357	(1849, 275)	(185, 28)	0
00:49:58.212	51	32.5342	(1858, 278)	(186, 28)	0
00:49:58.264	47	32.4551	(1865, 280)	(187, 28)	0
00:49:58.314	48	32.5262	(1874, 285)	(187, 29)	0
00:49:58.368	56	32.5452	(1875, 285)	(188, 29)	0
00:49:58.432	47	32.3966	(1885, 289)	(189, 29)	0
00:49:58.487	55	32.4636	(1895, 294)	(190, 29)	0
00:49:58.551	59	32.4024	(1895, 295)	(190, 30)	0
00:49:58.614	46	32.2831	(1905, 299)	(191, 30)	0
00:49:58.668	46	32.3496	(1912, 305)	(191, 31)	0
00:49:58.717	46	32.3156	(1915, 307)	(192, 31)	0
00:49:58.765	46	32.2153	(1925, 314)	(193, 31)	0
00:49:58.813	47	32.2987	(1926, 315)	(193, 32)	0
00:49:58.863	49	32.1957	(1935, 322)	(194, 32)	0
00:49:58.920	58	32.2081	(1937, 325)	(194, 33)	0
00:49:58.993	59	32.2613	(1945, 333)	(195, 33)	0
00:49:59.063	48	32.3489	(1947, 335)	(195, 34)	0
00:49:59.120	56	32.2662	(1955, 344)	(196, 34)	0
00:49:59.184	58	32.2763	(1955, 345)	(196, 35)	0
00:49:59.253	54	32.1843	(1963, 355)	(196, 36)	0
00:49:59.314	51	32.5393	(1965, 358)	(197, 36)	0
00:49:59.371	64	32.5895	(1968, 365)	(197, 37)	0
00:49:59.442	71	32.6431	(1973, 375)	(197, 38)	0
00:49:59.516	47	32.568	(1975, 379)	(198, 38)	0
00:49:59.564	54	32.7519	(1976, 385)	(198, 39)	0
00:49:59.629	60	32.7178	(1980, 395)	(198, 40)	0
00:49:59.699	52	32.8391	(1982, 405)	(198, 41)	0
00:49:59.759	47	33.1385	(1984, 415)	(198, 42)	0
00:49:59.807	57	32.7604	(1985, 417)	(199, 42)	0
00:49:59.872	54	32.8647	(1985, 425)	(199, 43)	0
00:49:59.933	48	32.7053	(1987, 435)	(199, 44)	0
00:49:59.989	48	32.6985	(1988, 445)	(199, 45)	0
00:50:00.045	47	32.8624	(1989, 455)	(199, 46)	0
00:50:00.093	47	33.2613	(1989, 465)	(199, 47)	0
00:50:00.142	53	33.1249	(1989, 475)	(199, 48)	0
00:50:00.198	58	33.2742	(1988, 485)	(199, 49)	0
00:50:00.261	57	33.4796	(1985, 495)	(199, 50)	0
00:50:00.323	53	33.4785	(1984, 495)	(198, 50)	0
00:50:00.379	58	33.4647	(1980, 505)	(198, 51)	0
00:50:00.448	58	33.839	(1972, 516)	(197, 52)	0
00:50:00.511	56	34.0079	(1965, 525)	(197, 53)	0
00:50:00.573	49	34.0619	(1964, 526)	(196, 53)	0
00:50:00.632	61	34.265	(1954, 534)	(195, 53)	0
00:50:00.699	64	34.3351	(1953, 535)	(195, 54)	0
00:50:00.771	50	34.7439	(1944, 539)	(194, 54)	0
00:50:00.823	56	35.0527	(1937, 545)	(194, 55)	0
00:50:00.886	65	35.1539	(1934, 547)	(193, 55)	0
00:50:00.956	55	35.3901	(1924, 555)	(192, 56)	0
00:50:01.017	50	35.4575	(1914, 561)	(191, 56)	0
00:50:01.074	60	35.6567	(1907, 565)	(191, 57)	0
00:50:01.144	54	35.9173	(1904, 567)	(190, 57)	0
00:50:01.206	55	36.3723	(1894, 572)	(189, 57)	0
00:50:01.267	58	36.3616	(1890, 575)	(189, 58)	0
00:50:01.331	61	36.5259	(1884, 577)	(188, 58)	0
00:50:01.401	53	36.8209	(1874, 581)	(187, 58)	0
00:50:01.463	61	37.2495	(1866, 585)	(187, 59)	0
00:50:01.534	59	37.163	(1864, 585)	(186, 59)	0
00:50:01.596	52	37.2618	(1854, 590)	(185, 59)	0
00:50:01.650	52	37.637	(1844, 594)	(184, 59)	0
00:50:01.708	61	37.5849	(1843, 595)	(184, 60)	0
00:50:01.775	59	38.099	(1834, 597)	(183, 60)	0
00:50:01.838	65	38.8447	(1823, 601)	(182, 60)	0
00:50:01.908	66	39.3668	(1810, 606)	(181, 61)	0
00:50:01.986	62	39.5113	(1804, 609)	(180, 61)	0
00:50:02.055	62	40.0459	(1794, 612)	(179, 61)	0
00:50:02.124	69	40.2324	(1787, 615)	(179, 62)	0
00:50:02.201	61	40.1027	(1784, 616)	(178, 62)	0
00:50:02.270	62	40.388	(1774, 619)	(177, 62)	0
00:50:02.340	65	40.587	(1764, 622)	(176, 62)	0
00:50:02.413	61	40.544	(1758, 625)	(176, 63)	0
00:50:02.478	64	40.4961	(1754, 626)	(175, 63)	0
00:50:02.548	65	40.7461	(1744, 628)	(174, 63)	0
00:50:02.618	60	40.9686	(1734, 631)	(173, 63)	0
00:50:02.686	64	41.2387	(1724, 633)	(172, 63)	0
00:50:02.758	67	41.6677	(1715, 635)	(172, 64)	0
00:50:02.836	60	41.6127	(1714, 635)	(171, 64)	0
00:50:02.901	66	42.1321	(1704, 637)	(170, 64)	0
00:50:02.978	67	42.6604	(1694, 638)	(169, 64)	0
00:50:03.060	62	42.9441	(1684, 640)	(168, 64)	0
00:50:03.131	61	43.0801	(1674, 641)	(167, 64)	0
00:50:03.202	71	43.4887	(1664, 642)	(166, 64)	0
00:50:03.282	65	43.8902	(1654, 643)	(165, 64)	0
00:50:03.354	66	44.283	(1644, 644)	(164, 64)	0
00:50:03.426	74	44.3064	(1633, 644)	(163, 64)	0
00:50:03.509	65	44.8333	(1624, 644)	(162, 64)	0
00:50:03.576	70	44.6658	(1614, 644)	(161, 64)	0
00:50:03.655	65	44.7314	(1604, 644)	(160, 64)	0
00:50:03.729	63	44.7639	(1594, 644)	(159, 64)	0
00:50:03.800	67	44.9606	(1584, 644)	(158, 64)	0
00:50:03.876	72	45.0419	(1574, 644)	(157, 64)	0
00:50:03.952	63	45.2329	(1564, 644)	(156, 64)	0
00:50:04.022	82	45.0887	(1554, 644)	(155, 64)	0
00:50:04.113	64	45.0425	(1548, 645)	(155, 65)	0
00:50:04.181	68	45.0173	(1544, 645)	(154, 65)	0
00:50:04.262	73	44.9219	(1534, 645)	(153, 65)	0
00:50:04.342	61	45.1695	(1524, 646)	(152, 65)	0
00:50:04.410	59	45.2369	(1514, 647)	(151, 65)	0
00:50:04.472	70	45.0498	(1504, 648)	(150, 65)	0
00:50:04.551	60	45.0738	(1494, 649)	(149, 65)	0
00:50:04.619	67	44.9662	(1484, 651)	(148, 65)	0
00:50:04.696	71	45.0726	(1474, 652)	(147, 65)	0
00:50:04.772	61	45.1354	(1464, 652)	(146, 65)	0
00:50:04.840	68	45.2908	(1454, 653)	(145, 65)	0
00:50:04.913	70	45.2421	(1444, 654)	(144, 65)	0
00:50:04.990	65	45.4855	(1434, 654)	(143, 65)	0
00:50:05.067	72	45.1754	(1419, 654)	(142, 65)	0
00:50:05.148	70	45.2114	(1414, 654)	(141, 65)	0
00:50:05.226	71	45.2363	(1404, 654)	(140, 65)	0
00:50:05.302	74	45.3259	(1394, 654)	(139, 65)	0
00:50:05.386	65	45.2249	(1384, 654)	(138, 65)	0
00:50:05.461	69	45.2412	(1374, 654)	(137, 65)	0
00:50:05.538	66	45.0976	(1356, 653)	(136, 65)	0
00:50:05.614	62	45.2187	(1354, 653)	(135, 65)	0
00:50:05.682	66	45.1116	(1344, 652)	(134, 65)	0
00:50:05.753	68	44.9324	(1334, 651)	(133, 65)	0
00:50:05.829	63	44.5624	(1323, 651)	(132, 65)	0
00:50:05.897	67	44.6132	(1314, 650)	(131, 65)	0
00:50:05.967	69	44.325	(1303, 649)	(130, 65)	0
00:50:06.045	65	43.4868	(1294, 648)	(129, 65)	0
00:50:06.114	59	43.3101	(1284, 647)	(128, 65)	0
00:50:06.184	68	43.2092	(1274, 647)	(127, 65)	0
00:50:06.263	63	43.2024	(1264, 646)	(126, 65)	0
00:50:06.329	68	42.9921	(1256, 644)	(126, 64)	0
00:50:06.406	73	43.0714	(1254, 644)	(125, 64)	0
00:50:06.484	63	42.9779	(1244, 643)	(124, 64)	0
00:50:06.552	66	42.9613	(1234, 643)	(123, 64)	0
00:50:06.634	71	42.7261	(1224, 641)	(122, 64)	0
00:50:06.713	63	42.7547	(1214, 641)	(121, 64)	0
00:50:06.781	67	42.5898	(1204, 641)	(120, 64)	0
00:50:06.853	61	42.4767	(1194, 640)	(119, 64)	0
00:50:06.920	65	42.5461	(1184, 639)	(118, 64)	0
00:50:06.994	69	42.455	(1174, 639)	(117, 64)	0
00:50:07.069	65	42.5831	(1164, 637)	(116, 64)	0
00:50:07.143	63	42.6473	(1154, 637)	(115, 64)	0
00:50:07.213	69	42.4404	(1144, 636)	(114, 64)	0
00:50:07.290	64	42.497	(1134, 636)	(113, 64)	0
00:50:07.359	58	42.6207	(1124, 635)	(112, 64)	0
00:50:07.420	66	42.3883	(1114, 635)	(111, 64)	0
00:50:07.492	63	42.3446	(1110, 634)	(111, 63)	0
00:50:07.560	64	42.3016	(1104, 634)	(110, 63)	0
00:50:07.631	68	41.9662	(1093, 633)	(109, 63)	0
00:50:07.709	61	41.8126	(1084, 632)	(108, 63)	0
00:50:07.775	57	41.8003	(1074, 632)	(107, 63)	0
00:50:07.838	67	41.7544	(1064, 631)	(106, 63)	0
00:50:07.916	61	41.5434	(1051, 631)	(105, 63)	0
00:50:07.983	59	41.0361	(1032, 629)	(103, 63)	0
00:50:08.047	68	40.8437	(1024, 629)	(102, 63)	0
00:50:08.123	63	40.785	(1014, 629)	(101, 63)	0
00:50:08.193	60	40.7049	(1004, 628)	(100, 63)	0
00:50:08.262	65	41.2516	(994, 627)	(99, 63)	0
00:50:08.333	63	40.2249	(984, 627)	(98, 63)	0
00:50:08.402	63	39.9599	(974, 627)	(97, 63)	0
00:50:08.471	66	39.487	(964, 626)	(96, 63)	0
00:50:08.548	60	39.4304	(954, 626)	(95, 63)	0
00:50:08.616	56	39.4511	(944, 626)	(94, 63)	0
00:50:08.678	64	39.2529	(934, 625)	(93, 63)	0
00:50:08.749	66	39.2436	(927, 624)	(93, 62)	0
00:50:08.819	54	39.0427	(924, 624)	(92, 62)	0
00:50:08.880	60	39.1784	(914, 623)	(91, 62)	0
00:50:08.943	58	39.2843	(904, 622)	(90, 62)	0
00:50:09.005	53	39.4335	(894, 621)	(89, 62)	0
00:50:09.060	57	39.2524	(884, 620)	(88, 62)	0
00:50:09.124	63	39.2639	(873, 619)	(87, 62)	0
00:50:09.194	62	39.276	(864, 619)	(86, 62)	0
00:50:09.263	59	39.3938	(854, 619)	(85, 62)	0
00:50:09.325	53	39.2047	(843, 618)	(84, 62)	0
00:50:09.380	53	39.0486	(834, 618)	(83, 62)	0
00:50:09.436	53	38.9591	(823, 617)	(82, 62)	0
00:50:09.491	54	38.9449	(814, 617)	(81, 62)	0
00:50:09.547	53	38.6449	(804, 617)	(80, 62)	0
00:50:09.603	55	38.5659	(794, 617)	(79, 62)	0
00:50:09.668	66	38.3673	(784, 616)	(78, 62)	0
00:50:09.744	65	38.1436	(772, 616)	(77, 62)	0
00:50:09.822	57	38.072	(764, 615)	(76, 62)	0
00:50:09.881	61	37.8344	(754, 615)	(75, 62)	0
00:50:09.952	64	37.4228	(744, 615)	(74, 62)	0
00:50:10.022	57	37.3317	(734, 615)	(73, 62)	0
00:50:10.082	54	37.2418	(724, 615)	(72, 62)	0
00:50:10.150	64	37.1394	(714, 615)	(71, 62)	0
00:50:10.223	58	37.0298	(704, 615)	(70, 62)	0
00:50:10.284	51	37.144	(694, 615)	(69, 62)	0
00:50:10.339	60	36.9406	(684, 615)	(68, 62)	0
00:50:10.404	64	36.8314	(674, 615)	(67, 62)	0
00:50:10.473	53	36.7327	(664, 616)	(66, 62)	0
00:50:10.527	50	36.4041	(654, 617)	(65, 62)	0
00:50:10.583	54	36.2027	(644, 618)	(64, 62)	0
00:50:10.647	55	36.1683	(634, 618)	(63, 62)	0
00:50:10.708	53	36.1147	(624, 619)	(62, 62)	0
00:50:10.764	58	36.0904	(614, 619)	(61, 62)	0
00:50:10.827	56	35.6567	(604, 621)	(60, 62)	0
00:50:10.889	51	35.5221	(594, 621)	(59, 62)	0
00:50:10.946	63	35.3538	(584, 622)	(58, 62)	0
00:50:11.016	63	35.2353	(574, 624)	(57, 62)	0
00:50:11.086	53	34.8886	(566, 625)	(57, 63)	0
00:50:11.146	56	34.8156	(564, 625)	(56, 63)	0
00:50:11.210	62	34.4462	(554, 625)	(55, 63)	0
00:50:11.280	57	34.3767	(544, 626)	(54, 63)	0
00:50:11.341	52	34.1086	(534, 628)	(53, 63)	0
00:50:11.397	54	33.7843	(524, 629)	(52, 63)	0
00:50:11.461	53	33.9105	(514, 631)	(51, 63)	0
00:50:11.522	54	33.9606	(504, 633)	(50, 63)	0
00:50:11.585	53	33.4385	(494, 634)	(49, 63)	0
00:50:11.648	62	33.2606	(493, 635)	(49, 64)	0
00:50:11.719	48	33.1883	(484, 637)	(48, 64)	0
00:50:11.771	53	32.3834	(467, 641)	(47, 64)	0
00:50:11.829	59	32.2633	(464, 642)	(46, 64)	0
00:50:11.899	52	31.9641	(458, 645)	(46, 65)	0
00:50:11.953	47	31.9856	(454, 646)	(45, 65)	0
00:50:12.001	44	31.5084	(444, 650)	(44, 65)	0
00:50:12.049	52	31.0567	(434, 654)	(43, 65)	0
00:50:12.106	50	31.0496	(432, 655)	(43, 66)	0
00:50:12.162	47	30.971	(424, 658)	(42, 66)	0
00:50:12.217	54	31.1561	(414, 662)	(41, 66)	0
00:50:12.281	58	31.3439	(409, 665)	(41, 67)	0
00:50:12.345	51	31.2674	(404, 667)	(40, 67)	0
00:50:12.398	50	31.0612	(394, 671)	(39, 67)	0
00:50:12.455	59	30.7477	(387, 675)	(39, 68)	0
00:50:12.525	51	30.8467	(384, 676)	(38, 68)	0
00:50:12.579	49	30.787	(374, 680)	(37, 68)	0
00:50:12.635	58	30.6041	(367, 685)	(37, 69)	0
00:50:12.698	58	30.5799	(364, 687)	(36, 69)	0
00:50:12.770	47	30.3788	(356, 695)	(36, 70)	0
00:50:12.822	44	30.3098	(354, 695)	(35, 70)	0
00:50:12.870	45	30.1333	(344, 704)	(34, 70)	0
00:50:12.919	44	30.0566	(344, 705)	(34, 71)	0
00:50:12.967	43	30.0721	(337, 715)	(34, 72)	0
00:50:13.015	52	30.4791	(335, 725)	(34, 73)	0
00:50:13.073	53	30.5751	(334, 727)	(33, 73)	0
00:50:13.136	55	30.5311	(331, 735)	(33, 74)	0
00:50:13.198	46	30.5647	(329, 746)	(33, 75)	0
00:50:13.245	53	30.4487	(329, 755)	(33, 76)	0
00:50:13.303	57	30.2542	(329, 765)	(33, 77)	0
00:50:13.366	48	30.2156	(329, 775)	(33, 78)	0
00:50:13.420	45	30.1754	(329, 785)	(33, 79)	0
00:50:13.468	50	30.7879	(329, 795)	(33, 80)	0
00:50:13.524	49	29.7529	(329, 805)	(33, 81)	0
00:50:13.581	44	29.0105	(329, 833)	(33, 83)	0
00:50:13.628	44	28.951	(329, 836)	(33, 84)	0
00:50:13.678	51	28.7375	(329, 845)	(33, 85)	0
00:50:13.733	53	28.5264	(329, 855)	(33, 86)	0
00:50:13.792	47	28.1399	(330, 865)	(33, 87)	0
00:50:13.844	47	27.8344	(332, 875)	(33, 88)	0
00:50:13.905	54	27.6246	(335, 883)	(34, 88)	0
00:50:13.971	56	27.5178	(335, 885)	(34, 89)	0
00:50:14.032	46	26.8985	(338, 895)	(34, 90)	0
00:50:14.081	45	26.4923	(341, 905)	(34, 91)	0
00:50:14.130	44	26.1308	(345, 914)	(35, 91)	0
00:50:14.177	46	26.0142	(346, 915)	(35, 92)	0
00:50:14.227	41	25.568	(350, 925)	(35, 93)	0
00:50:14.274	47	25.3387	(355, 931)	(36, 93)	0
00:50:14.332	50	25.165	(357, 935)	(36, 94)	0
00:50:14.387	43	24.5004	(364, 945)	(36, 95)	0
00:50:14.435	39	24.6013	(365, 945)	(37, 95)	0
00:50:14.476	41	24.1021	(373, 955)	(37, 96)	0
00:50:14.525	43	24.0041	(375, 956)	(38, 96)	0
00:50:14.574	43	23.6062	(384, 965)	(38, 97)	0
00:50:14.623	42	23.7299	(385, 966)	(39, 97)	0
00:50:14.670	38	23.184	(395, 975)	(40, 98)	0
00:50:14.712	38	22.856	(405, 982)	(41, 98)	0
00:50:14.755	46	22.5284	(411, 987)	(41, 99)	0
00:50:14.804	43	22.5547	(415, 989)	(42, 99)	0
00:50:14.851	37	22.2511	(423, 995)	(42, 100)	0
00:50:14.893	36	22.2376	(425, 996)	(43, 100)	0
00:50:14.935	41	21.9847	(435, 1001)	(44, 100)	0
00:50:14.983	43	21.6687	(441, 1005)	(44, 101)	0
00:50:15.036	46	21.5127	(446, 1007)	(45, 101)	0
00:50:15.089	40	22.3357	(455, 1012)	(46, 101)	0
00:50:15.137	39	21.4508	(461, 1015)	(46, 102)	0
00:50:15.178	40	21.607	(465, 1017)	(47, 102)	0
00:50:15.220	41	22.052	(475, 1022)	(48, 102)	0
00:50:15.270	39	20.9721	(481, 1025)	(48, 103)	0
00:50:15.311	38	20.8514	(485, 1026)	(49, 103)	0
00:50:15.352	45	20.8477	(495, 1030)	(50, 103)	0
00:50:15.402	41	20.5259	(505, 1034)	(51, 103)	0
00:50:15.450	37	20.4676	(506, 1035)	(51, 104)	0
00:50:15.491	35	20.1963	(515, 1037)	(52, 104)	0
00:50:15.534	40	20.0862	(525, 1040)	(53, 104)	0
00:50:15.583	38	19.9061	(540, 1043)	(54, 104)	0
00:50:15.625	43	19.9646	(545, 1044)	(55, 104)	0
00:50:15.672	37	19.8686	(549, 1045)	(55, 105)	0
00:50:15.714	38	19.8576	(555, 1046)	(56, 105)	0
00:50:15.756	40	19.7394	(577, 1050)	(58, 105)	0
00:50:15.804	42	19.5046	(585, 1052)	(59, 105)	0
00:50:15.854	38	19.3	(595, 1053)	(60, 105)	0
00:50:15.895	33	19.3071	(605, 1054)	(61, 105)	0
00:50:15.936	37	19.1209	(608, 1055)	(61, 106)	0
00:50:15.979	40	19.1524	(615, 1056)	(62, 106)	0
00:50:16.027	40	18.8916	(625, 1057)	(63, 106)	0
00:50:16.076	34	18.8556	(635, 1058)	(64, 106)	0
00:50:16.117	33	18.8425	(645, 1059)	(65, 106)	0
00:50:16.152	37	18.9981	(655, 1060)	(66, 106)	0
00:50:16.195	39	18.7461	(665, 1061)	(67, 106)	0
00:50:16.242	40	18.8521	(675, 1061)	(68, 106)	0
00:50:16.291	34	18.8117	(685, 1063)	(69, 106)	0
00:50:16.333	32	18.7301	(695, 1063)	(70, 106)	0
00:50:16.367	37	18.8399	(705, 1064)	(71, 106)	0
00:50:16.410	42	18.8967	(715, 1064)	(72, 106)	0
00:50:16.459	40	18.8108	(719, 1065)	(72, 107)	0
00:50:16.506	34	18.9372	(725, 1065)	(73, 107)	0
00:50:16.548	33	18.7966	(735, 1066)	(74, 107)	0
00:50:16.589	36	18.933	(745, 1066)	(75, 107)	0
00:50:16.631	43	18.7634	(755, 1066)	(76, 107)	0
00:50:16.681	36	18.7516	(765, 1066)	(77, 107)	0
00:50:16.721	38	18.7064	(775, 1067)	(78, 107)	0
00:50:16.763	34	18.7966	(785, 1067)	(79, 107)	0
00:50:16.805	38	18.8096	(795, 1068)	(80, 107)	0
00:50:16.848	39	18.7742	(805, 1069)	(81, 107)	0
00:50:16.897	41	18.6373	(815, 1070)	(82, 107)	0
00:50:16.944	35	18.7628	(825, 1071)	(83, 107)	0
00:50:16.986	41	18.5385	(835, 1072)	(84, 107)	0
00:50:17.041	41	18.4489	(845, 1073)	(85, 107)	0
00:50:17.092	40	18.4458	(856, 1074)	(86, 107)	0
00:50:17.139	36	18.4618	(862, 1075)	(86, 108)	0
00:50:17.180	38	18.4433	(865, 1075)	(87, 108)	0
00:50:17.224	40	18.4001	(875, 1075)	(88, 108)	0
00:50:17.271	40	18.5667	(885, 1076)	(89, 108)	0
00:50:17.323	38	18.3861	(895, 1077)	(90, 108)	0
00:50:17.368	32	18.364	(905, 1078)	(91, 108)	0
00:50:17.402	38	18.3809	(915, 1078)	(92, 108)	0
00:50:17.446	39	18.1227	(925, 1079)	(93, 108)	0
00:50:17.494	39	18.1938	(935, 1080)	(94, 108)	0
00:50:17.542	33	18.2486	(945, 1081)	(95, 108)	0
00:50:17.577	32	18.3815	(955, 1082)	(96, 108)	0
00:50:17.611	36	18.5412	(965, 1082)	(97, 108)	0
00:50:17.653	39	18.479	(975, 1083)	(98, 108)	0
00:50:17.696	37	18.6074	(986, 1083)	(99, 108)	0
00:50:17.737	34	18.7341	(995, 1084)	(100, 108)	0
00:50:17.778	34	19.1487	(1005, 1084)	(101, 108)	0
00:50:17.819	38	19.3203	(1015, 1084)	(102, 108)	0
00:50:17.862	39	19.2329	(1017, 1085)	(102, 109)	0
00:50:17.904	40	19.3862	(1025, 1085)	(103, 109)	0
00:50:17.953	35	19.665	(1040, 1085)	(104, 109)	0
00:50:17.993	39	19.8785	(1048, 1085)	(105, 109)	0
00:50:18.036	45	19.8963	(1055, 1086)	(106, 109)	0
00:50:18.086	44	20.1644	(1065, 1086)	(107, 109)	0
00:50:18.134	40	20.3886	(1075, 1086)	(108, 109)	0
00:50:18.182	38	20.6513	(1085, 1086)	(109, 109)	0
00:50:18.224	40	20.729	(1096, 1086)	(110, 109)	0
00:50:18.273	45	20.8053	(1105, 1086)	(111, 109)	0
00:50:18.329	51	20.9053	(1115, 1086)	(112, 109)	0
00:50:18.385	36	21.0019	(1126, 1086)	(113, 109)	0
00:50:18.424	34	21.1249	(1135, 1086)	(114, 109)	0
00:50:18.459	37	21.3065	(1146, 1086)	(115, 109)	0
00:50:18.502	41	21.6361	(1155, 1086)	(116, 109)	0
00:50:18.551	38	23.0261	(1166, 1086)	(117, 109)	0
00:50:18.592	40	22.6991	(1175, 1086)	(118, 109)	0
00:50:18.642	43	23.3664	(1185, 1085)	(119, 109)	0
00:50:18.690	44	23.5633	(1188, 1084)	(119, 108)	0
00:50:18.739	45	23.8397	(1195, 1084)	(120, 108)	0
00:50:18.787	41	24.2409	(1205, 1082)	(121, 108)	0
00:50:18.834	48	24.7484	(1215, 1081)	(122, 108)	0
00:50:18.893	53	25.2578	(1225, 1081)	(123, 108)	0
00:50:18.955	48	25.4431	(1235, 1081)	(124, 108)	0
00:50:19.010	41	25.9724	(1245, 1080)	(125, 108)	0
00:50:19.057	40	26.917	(1255, 1080)	(126, 108)	0
00:50:19.099	50	27.3313	(1265, 1079)	(127, 108)	0
00:50:19.156	46	27.8772	(1275, 1078)	(128, 108)	0
00:50:19.210	45	28.363	(1286, 1077)	(129, 108)	0
00:50:19.259	44	28.6951	(1295, 1077)	(130, 108)	0
00:50:19.307	52	28.867	(1305, 1077)	(131, 108)	0
00:50:19.366	53	29.3379	(1315, 1077)	(132, 108)	0
00:50:19.428	45	29.5924	(1325, 1077)	(133, 108)	0
00:50:19.481	49	29.716	(1335, 1077)	(134, 108)	0
00:50:19.540	53	29.5517	(1345, 1077)	(135, 108)	0
00:50:19.600	50	29.8507	(1355, 1077)	(136, 108)	0
00:50:19.657	49	30.0797	(1365, 1079)	(137, 108)	0
00:50:19.711	50	29.9794	(1375, 1080)	(138, 108)	0
00:50:19.767	49	29.7662	(1385, 1081)	(139, 108)	0
00:50:19.823	49	29.8203	(1395, 1081)	(140, 108)	0
00:50:19.878	51	29.7144	(1405, 1083)	(141, 108)	0
00:50:19.935	56	29.5601	(1416, 1084)	(142, 108)	0
00:50:19.997	55	29.3459	(1418, 1085)	(142, 109)	0
00:50:20.063	46	29.3911	(1425, 1085)	(143, 109)	0
00:50:20.114	49	29.0406	(1437, 1088)	(144, 109)	0
00:50:20.178	55	29.1972	(1445, 1088)	(145, 109)	0
00:50:20.241	59	29.0108	(1455, 1089)	(146, 109)	0
00:50:20.309	46	28.9621	(1465, 1090)	(147, 109)	0
00:50:20.358	52	28.9024	(1476, 1091)	(148, 109)	0
00:50:20.422	54	28.9674	(1485, 1092)	(149, 109)	0
00:50:20.483	45	28.6852	(1495, 1093)	(150, 109)	0
00:50:20.530	43	28.7618	(1505, 1093)	(151, 109)	0
00:50:20.579	49	28.7932	(1515, 1093)	(152, 109)	0
00:50:20.637	53	28.9532	(1525, 1093)	(153, 109)	0
00:50:20.699	48	28.883	(1535, 1094)	(154, 109)	0
00:50:20.754	43	29.2902	(1545, 1094)	(155, 109)	0
00:50:20.802	47	29.1858	(1555, 1094)	(156, 109)	0
00:50:20.853	48	29.0299	(1565, 1094)	(157, 109)	0
00:50:20.907	46	29.0868	(1566, 1095)	(157, 110)	0
00:50:20.955	51	29.0729	(1575, 1095)	(158, 110)	0
00:50:21.012	55	29.244	(1585, 1095)	(159, 110)	0
00:50:21.075	58	29.2705	(1596, 1096)	(160, 110)	0
00:50:21.140	46	29.3695	(1605, 1096)	(161, 110)	0
00:50:21.191	51	29.4665	(1615, 1096)	(162, 110)	0
00:50:21.249	55	29.0333	(1625, 1097)	(163, 110)	0
00:50:21.311	53	29.0196	(1635, 1097)	(164, 110)	0
00:50:21.373	52	28.8862	(1645, 1097)	(165, 110)	0
00:50:21.429	56	28.6557	(1655, 1098)	(166, 110)	0
00:50:21.492	57	28.6704	(1665, 1098)	(167, 110)	0
00:50:21.554	44	28.4428	(1675, 1099)	(168, 110)	0
00:50:21.601	49	28.1329	(1685, 1099)	(169, 110)	0
00:50:21.658	51	27.4705	(1695, 1100)	(170, 110)	0
00:50:21.714	53	27.2061	(1705, 1100)	(171, 110)	0
00:50:21.770	43	26.611	(1715, 1101)	(172, 110)	0
00:50:21.817	45	26.3698	(1725, 1101)	(173, 110)	0
00:50:21.868	63	26.1957	(1735, 1103)	(174, 110)	0
00:50:21.936	46	25.6396	(1748, 1104)	(175, 110)	0
00:50:21.985	41	25.3215	(1753, 1105)	(175, 111)	0
00:50:22.033	41	25.2761	(1755, 1105)	(176, 111)	0
00:50:22.084	52	24.8599	(1765, 1106)	(177, 111)	0
00:50:22.147	45	24.3255	(1775, 1107)	(178, 111)	0
00:50:22.199	39	23.7877	(1785, 1108)	(179, 111)	0
00:50:22.241	37	23.7693	(1798, 1109)	(180, 111)	0
00:50:22.284	47	23.1569	(1806, 1111)	(181, 111)	0
00:50:22.339	43	22.7037	(1815, 1112)	(182, 111)	0
00:50:22.388	40	21.6711	(1825, 1112)	(183, 111)	0
00:50:22.430	39	20.9363	(1835, 1113)	(184, 111)	0
00:50:22.471	39	20.2975	(1850, 1114)	(185, 111)	0
00:50:22.513	38	20.1083	(1855, 1114)	(186, 111)	0
00:50:22.555	38	19.8157	(1858, 1115)	(186, 112)	0
00:50:22.597	34	19.4221	(1865, 1116)	(187, 112)	0
00:50:22.637	32	18.7381	(1877, 1117)	(188, 112)	0
00:50:22.672	33	18.3326	(1885, 1118)	(189, 112)	0
00:50:22.714	39	18.0532	(1895, 1120)	(190, 112)	0
00:50:22.757	37	17.8705	(1905, 1121)	(191, 112)	0
00:50:22.798	27	11.4407	(0, 0)	(0, 0)	0
EOM

