BOM
Frame extends: 2263, 1306
_ms_area: 10
measurements taken: 585
current rendering method: 1
is mouse replay: 1
Camera settings: Roation Quaternion: ( -0.748984, 0.14431, -0.646606, -0.00927751), Translationsvektor: ( -0.0185595, -0.0459418, 1.325).
System_Time	Elapsed_Time_PaintGL	Elapsed_Kernel_Time	Frame_Coordinates	Grid_Position	Manual_Measurement
00:50:30.287	29	12.2827	(318, 226)	(32, 23)	0
00:50:30.327	27	12.4887	(325, 225)	(33, 23)	0
00:50:30.361	29	12.7821	(335, 225)	(34, 23)	0
00:50:30.397	28	13.051	(345, 225)	(35, 23)	0
00:50:30.430	36	13.4458	(357, 225)	(36, 23)	0
00:50:30.473	37	13.8012	(372, 225)	(37, 23)	0
00:50:30.515	37	13.8778	(375, 225)	(38, 23)	0
00:50:30.558	31	14.2258	(385, 225)	(39, 23)	0
00:50:30.597	32	14.4843	(395, 225)	(40, 23)	0
00:50:30.633	39	14.6517	(405, 225)	(41, 23)	0
00:50:30.678	38	14.8714	(415, 225)	(42, 23)	0
00:50:30.725	42	15.1024	(425, 225)	(43, 23)	0
00:50:30.771	32	15.4689	(435, 226)	(44, 23)	0
00:50:30.805	34	15.7364	(445, 226)	(45, 23)	0
00:50:30.848	34	16.1062	(455, 226)	(46, 23)	0
00:50:30.889	35	16.4585	(465, 227)	(47, 23)	0
00:50:30.932	35	17.1893	(475, 227)	(48, 23)	0
00:50:30.973	33	16.7819	(485, 228)	(49, 23)	0
00:50:31.008	30	17.0187	(495, 228)	(50, 23)	0
00:50:31.042	32	17.2852	(505, 229)	(51, 23)	0
00:50:31.077	37	17.4801	(515, 229)	(52, 23)	0
00:50:31.119	36	17.9433	(525, 229)	(53, 23)	0
00:50:31.160	37	17.9665	(535, 229)	(54, 23)	0
00:50:31.202	32	18.0816	(545, 229)	(55, 23)	0
00:50:31.237	32	18.2748	(555, 229)	(56, 23)	0
00:50:31.271	32	18.5956	(565, 229)	(57, 23)	0
00:50:31.306	33	18.7479	(575, 229)	(58, 23)	0
00:50:31.342	40	19.0452	(585, 229)	(59, 23)	0
00:50:31.390	38	19.257	(596, 229)	(60, 23)	0
00:50:31.433	34	19.4821	(605, 230)	(61, 23)	0
00:50:31.473	44	19.7268	(615, 230)	(62, 23)	0
00:50:31.527	40	19.7119	(626, 230)	(63, 23)	0
00:50:31.571	35	19.8698	(635, 230)	(64, 23)	0
00:50:31.612	35	20.0477	(645, 230)	(65, 23)	0
00:50:31.654	43	20.129	(655, 230)	(66, 23)	0
00:50:31.703	41	20.2542	(665, 230)	(67, 23)	0
00:50:31.753	43	20.6277	(680, 230)	(68, 23)	0
00:50:31.803	37	20.671	(685, 230)	(69, 23)	0
00:50:31.848	38	20.8776	(695, 230)	(70, 23)	0
00:50:31.892	48	20.851	(705, 230)	(71, 23)	0
00:50:31.948	49	20.9828	(715, 230)	(72, 23)	0
00:50:32.002	37	21.0588	(725, 230)	(73, 23)	0
00:50:32.043	36	21.0052	(735, 230)	(74, 23)	0
00:50:32.085	35	21.0519	(749, 230)	(75, 23)	0
00:50:32.129	45	21.0886	(756, 230)	(76, 23)	0
00:50:32.184	42	21.1985	(766, 230)	(77, 23)	0
00:50:32.232	36	21.2431	(775, 230)	(78, 23)	0
00:50:32.274	45	21.257	(785, 230)	(79, 23)	0
00:50:32.322	43	21.2474	(796, 229)	(80, 23)	0
00:50:32.370	47	21.2428	(805, 229)	(81, 23)	0
00:50:32.427	40	21.1616	(815, 229)	(82, 23)	0
00:50:32.474	36	21.2579	(825, 228)	(83, 23)	0
00:50:32.515	43	21.3705	(835, 228)	(84, 23)	0
00:50:32.567	46	21.36	(845, 228)	(85, 23)	0
00:50:32.622	39	21.4079	(855, 228)	(86, 23)	0
00:50:32.670	36	21.3381	(865, 228)	(87, 23)	0
00:50:32.711	35	21.4664	(875, 228)	(88, 23)	0
00:50:32.753	43	21.4757	(885, 228)	(89, 23)	0
00:50:32.801	42	21.4987	(895, 228)	(90, 23)	0
00:50:32.849	40	21.6729	(905, 228)	(91, 23)	0
00:50:32.892	40	21.5991	(915, 228)	(92, 23)	0
00:50:32.944	48	21.629	(925, 228)	(93, 23)	0
00:50:32.997	45	21.7364	(935, 228)	(94, 23)	0
00:50:33.045	38	21.7684	(945, 227)	(95, 23)	0
00:50:33.085	41	22.0079	(957, 227)	(96, 23)	0
00:50:33.135	41	22.1575	(966, 227)	(97, 23)	0
00:50:33.184	44	22.2462	(975, 227)	(98, 23)	0
00:50:33.233	39	22.2726	(985, 227)	(99, 23)	0
00:50:33.274	38	22.5631	(995, 227)	(100, 23)	0
00:50:33.315	45	22.6293	(1005, 227)	(101, 23)	0
00:50:33.367	45	22.7179	(1015, 226)	(102, 23)	0
00:50:33.421	46	22.785	(1025, 226)	(103, 23)	0
00:50:33.475	42	22.855	(1035, 226)	(104, 23)	0
00:50:33.524	41	22.8729	(1045, 225)	(105, 23)	0
00:50:33.573	41	22.7796	(1055, 225)	(106, 23)	0
00:50:33.621	41	22.8279	(1065, 225)	(107, 23)	0
00:50:33.671	40	22.7163	(1071, 224)	(107, 22)	0
00:50:33.719	40	22.9022	(1075, 224)	(108, 22)	0
00:50:33.767	44	22.8924	(1085, 224)	(109, 22)	0
00:50:33.818	51	23.1708	(1095, 224)	(110, 22)	0
00:50:33.880	44	23.2113	(1105, 224)	(111, 22)	0
00:50:33.928	36	23.3129	(1115, 224)	(112, 22)	0
00:50:33.968	41	23.3932	(1125, 224)	(113, 22)	0
00:50:34.017	39	23.4477	(1135, 224)	(114, 22)	0
00:50:34.059	38	23.1896	(1146, 223)	(115, 22)	0
00:50:34.101	38	23.0659	(1155, 223)	(116, 22)	0
00:50:34.143	40	23.1052	(1165, 223)	(117, 22)	0
00:50:34.193	43	23.0507	(1175, 223)	(118, 22)	0
00:50:34.241	41	23.2683	(1185, 223)	(119, 22)	0
00:50:34.289	40	23.299	(1195, 223)	(120, 22)	0
00:50:34.331	37	23.5807	(1205, 223)	(121, 22)	0
00:50:34.373	50	23.6516	(1215, 223)	(122, 22)	0
00:50:34.429	48	23.9007	(1225, 223)	(123, 22)	0
00:50:34.485	44	24.0359	(1235, 223)	(124, 22)	0
00:50:34.531	38	24.1538	(1245, 223)	(125, 22)	0
00:50:34.574	41	24.1196	(1255, 223)	(126, 22)	0
00:50:34.623	48	24.144	(1265, 224)	(127, 22)	0
00:50:34.678	48	24.1323	(1275, 224)	(128, 22)	0
00:50:34.734	41	24.3576	(1282, 225)	(128, 23)	0
00:50:34.783	43	24.3153	(1285, 225)	(129, 23)	0
00:50:34.840	51	24.7381	(1295, 226)	(130, 23)	0
00:50:34.902	50	25.0837	(1305, 226)	(131, 23)	0
00:50:34.957	42	25.2744	(1316, 228)	(132, 23)	0
00:50:35.005	40	25.4164	(1326, 228)	(133, 23)	0
00:50:35.046	45	25.6041	(1335, 228)	(134, 23)	0
00:50:35.095	47	25.7296	(1345, 229)	(135, 23)	0
00:50:35.151	41	25.9354	(1355, 230)	(136, 23)	0
00:50:35.199	41	26.2116	(1366, 230)	(137, 23)	0
00:50:35.249	50	26.2732	(1375, 230)	(138, 23)	0
00:50:35.304	50	26.5	(1386, 231)	(139, 23)	0
00:50:35.360	41	26.5317	(1395, 231)	(140, 23)	0
00:50:35.407	41	26.6117	(1405, 232)	(141, 23)	0
00:50:35.449	49	26.7815	(1415, 232)	(142, 23)	0
00:50:35.508	55	26.7997	(1425, 232)	(143, 23)	0
00:50:35.571	42	26.9702	(1435, 233)	(144, 23)	0
00:50:35.616	42	27.3071	(1445, 234)	(145, 23)	0
00:50:35.666	48	27.3345	(1455, 234)	(146, 23)	0
00:50:35.721	51	27.5213	(1465, 234)	(147, 23)	0
00:50:35.777	44	27.6717	(1478, 234)	(148, 23)	0
00:50:35.824	44	27.9187	(1485, 234)	(149, 23)	0
00:50:35.874	49	28.0441	(1488, 235)	(149, 24)	0
00:50:35.929	53	28.319	(1495, 235)	(150, 24)	0
00:50:35.986	45	28.5699	(1506, 235)	(151, 24)	0
00:50:36.033	44	28.6393	(1516, 235)	(152, 24)	0
00:50:36.085	50	28.8401	(1526, 236)	(153, 24)	0
00:50:36.139	50	28.9127	(1535, 236)	(154, 24)	0
00:50:36.195	45	28.8816	(1546, 236)	(155, 24)	0
00:50:36.242	44	29.1212	(1556, 237)	(156, 24)	0
00:50:36.291	53	29.1431	(1565, 237)	(157, 24)	0
00:50:36.349	55	29.1919	(1575, 238)	(158, 24)	0
00:50:36.410	45	29.3241	(1585, 238)	(159, 24)	0
00:50:36.464	53	29.5816	(1595, 239)	(160, 24)	0
00:50:36.529	50	29.3612	(1605, 239)	(161, 24)	0
00:50:36.583	46	29.408	(1615, 240)	(162, 24)	0
00:50:36.638	48	29.2804	(1625, 240)	(163, 24)	0
00:50:36.697	57	29.4039	(1636, 241)	(164, 24)	0
00:50:36.760	51	29.4554	(1645, 242)	(165, 24)	0
00:50:36.819	47	29.2981	(1655, 242)	(166, 24)	0
00:50:36.875	50	29.2364	(1666, 243)	(167, 24)	0
00:50:36.931	50	29.0437	(1676, 244)	(168, 24)	0
00:50:36.987	49	29.2201	(1677, 245)	(168, 25)	0
00:50:37.042	42	29.2447	(1686, 245)	(169, 25)	0
00:50:37.089	45	29.1508	(1696, 246)	(170, 25)	0
00:50:37.140	48	29.064	(1705, 246)	(171, 25)	0
00:50:37.196	51	29.149	(1715, 248)	(172, 25)	0
00:50:37.250	46	29.4381	(1726, 249)	(173, 25)	0
00:50:37.300	49	29.4496	(1735, 250)	(174, 25)	0
00:50:37.356	58	29.4406	(1745, 251)	(175, 25)	0
00:50:37.419	51	29.7661	(1755, 253)	(176, 25)	0
00:50:37.473	43	29.6114	(1765, 254)	(177, 25)	0
00:50:37.521	51	29.652	(1768, 255)	(177, 26)	0
00:50:37.578	54	29.6079	(1775, 256)	(178, 26)	0
00:50:37.642	48	29.8061	(1785, 258)	(179, 26)	0
00:50:37.695	52	29.6713	(1795, 260)	(180, 26)	0
00:50:37.755	56	29.4652	(1805, 262)	(181, 26)	0
00:50:37.822	51	29.495	(1815, 264)	(182, 26)	0
00:50:37.876	48	29.5696	(1817, 265)	(182, 27)	0
00:50:37.932	50	29.4711	(1825, 267)	(183, 27)	0
00:50:37.993	56	29.1796	(1838, 271)	(184, 27)	0
00:50:38.058	52	29.1225	(1845, 273)	(185, 27)	0
00:50:38.114	44	28.9655	(1849, 275)	(185, 28)	0
00:50:38.161	49	28.8056	(1858, 278)	(186, 28)	0
00:50:38.217	53	28.7092	(1865, 280)	(187, 28)	0
00:50:38.281	47	28.7298	(1874, 285)	(187, 29)	0
00:50:38.335	51	28.7899	(1875, 285)	(188, 29)	0
00:50:38.393	53	28.6815	(1885, 289)	(189, 29)	0
00:50:38.454	57	28.5575	(1895, 294)	(190, 29)	0
00:50:38.516	45	28.589	(1895, 295)	(190, 30)	0
00:50:38.564	46	28.5126	(1905, 299)	(191, 30)	0
00:50:38.616	55	28.4292	(1912, 305)	(191, 31)	0
00:50:38.677	55	28.5947	(1915, 307)	(192, 31)	0
00:50:38.738	44	28.9382	(1925, 314)	(193, 31)	0
00:50:38.786	49	28.3484	(1926, 315)	(193, 32)	0
00:50:38.843	52	28.2754	(1935, 322)	(194, 32)	0
00:50:38.906	48	28.3418	(1937, 325)	(194, 33)	0
00:50:38.961	46	28.5439	(1945, 333)	(195, 33)	0
00:50:39.010	47	28.5221	(1947, 335)	(195, 34)	0
00:50:39.068	56	28.2406	(1955, 344)	(196, 34)	0
00:50:39.137	47	28.3139	(1955, 345)	(196, 35)	0
00:50:39.189	48	28.277	(1963, 355)	(196, 36)	0
00:50:39.247	58	28.4744	(1965, 358)	(197, 36)	0
00:50:39.319	51	28.8273	(1968, 365)	(197, 37)	0
00:50:39.378	48	28.6681	(1973, 375)	(197, 38)	0
00:50:39.433	53	28.6655	(1975, 379)	(198, 38)	0
00:50:39.496	57	28.6797	(1976, 385)	(198, 39)	0
00:50:39.560	44	28.6637	(1980, 395)	(198, 40)	0
00:50:39.606	48	28.8844	(1982, 405)	(198, 41)	0
00:50:39.667	56	28.8655	(1984, 415)	(198, 42)	0
00:50:39.733	57	28.6933	(1985, 417)	(199, 42)	0
00:50:39.795	48	28.6855	(1985, 425)	(199, 43)	0
00:50:39.850	47	28.6449	(1987, 435)	(199, 44)	0
00:50:39.907	57	28.5561	(1988, 445)	(199, 45)	0
00:50:39.970	48	28.7422	(1989, 455)	(199, 46)	0
00:50:40.024	47	29.0813	(1989, 465)	(199, 47)	0
00:50:40.073	48	28.9809	(1989, 475)	(199, 48)	0
00:50:40.129	55	29.075	(1988, 485)	(199, 49)	0
00:50:40.195	46	29.267	(1985, 495)	(199, 50)	0
00:50:40.247	43	29.4465	(1984, 495)	(198, 50)	0
00:50:40.295	47	29.3815	(1980, 505)	(198, 51)	0
00:50:40.352	49	29.7924	(1972, 516)	(197, 52)	0
00:50:40.406	45	30.0335	(1965, 525)	(197, 53)	0
00:50:40.454	47	30.0354	(1964, 526)	(196, 53)	0
00:50:40.507	52	30.2169	(1954, 534)	(195, 53)	0
00:50:40.567	52	30.2013	(1953, 535)	(195, 54)	0
00:50:40.622	49	30.7387	(1944, 539)	(194, 54)	0
00:50:40.677	53	31.02	(1937, 545)	(194, 55)	0
00:50:40.734	55	30.987	(1934, 547)	(193, 55)	0
00:50:40.796	53	31.2481	(1924, 555)	(192, 56)	0
00:50:40.851	55	31.5382	(1914, 561)	(191, 56)	0
00:50:40.919	58	31.7988	(1907, 565)	(191, 57)	0
00:50:40.985	62	31.8889	(1904, 567)	(190, 57)	0
00:50:41.055	50	32.4154	(1894, 572)	(189, 57)	0
00:50:41.109	47	32.4379	(1890, 575)	(189, 58)	0
00:50:41.168	55	32.4881	(1884, 577)	(188, 58)	0
00:50:41.235	51	33.0147	(1874, 581)	(187, 58)	0
00:50:41.289	50	33.271	(1866, 585)	(187, 59)	0
00:50:41.345	52	33.191	(1864, 585)	(186, 59)	0
00:50:41.401	59	33.3981	(1854, 590)	(185, 59)	0
00:50:41.463	50	33.6573	(1844, 594)	(184, 59)	0
00:50:41.518	51	33.7204	(1843, 595)	(184, 60)	0
00:50:41.574	54	34.1861	(1834, 597)	(183, 60)	0
00:50:41.630	53	34.7447	(1823, 601)	(182, 60)	0
00:50:41.686	50	35.2779	(1810, 606)	(181, 61)	0
00:50:41.740	59	35.4218	(1804, 609)	(180, 61)	0
00:50:41.806	54	35.8667	(1794, 612)	(179, 61)	0
00:50:41.867	51	36.301	(1787, 615)	(179, 62)	0
00:50:41.922	58	36.2676	(1784, 616)	(178, 62)	0
00:50:41.986	63	36.4474	(1774, 619)	(177, 62)	0
00:50:42.055	59	36.4996	(1764, 622)	(176, 62)	0
00:50:42.117	56	36.5622	(1758, 625)	(176, 63)	0
00:50:42.181	54	36.56	(1754, 626)	(175, 63)	0
00:50:42.242	50	36.797	(1744, 628)	(174, 63)	0
00:50:42.297	51	37.0279	(1734, 631)	(173, 63)	0
00:50:42.352	51	37.2904	(1724, 633)	(172, 63)	0
00:50:42.408	51	37.5418	(1715, 635)	(172, 64)	0
00:50:42.463	52	37.6262	(1714, 635)	(171, 64)	0
00:50:42.519	51	37.9643	(1704, 637)	(170, 64)	0
00:50:42.574	59	38.5197	(1694, 638)	(169, 64)	0
00:50:42.640	66	38.7948	(1684, 640)	(168, 64)	0
00:50:42.716	57	38.9784	(1674, 641)	(167, 64)	0
00:50:42.778	66	39.3477	(1664, 642)	(166, 64)	0
00:50:42.855	67	39.5933	(1654, 643)	(165, 64)	0
00:50:42.930	61	39.9572	(1644, 644)	(164, 64)	0
00:50:43.001	66	40.393	(1633, 644)	(163, 64)	0
00:50:43.077	65	40.5148	(1624, 644)	(162, 64)	0
00:50:43.153	56	40.4793	(1614, 644)	(161, 64)	0
00:50:43.214	64	40.7827	(1604, 644)	(160, 64)	0
00:50:43.288	64	40.5686	(1594, 644)	(159, 64)	0
00:50:43.362	57	40.7735	(1584, 644)	(158, 64)	0
00:50:43.423	63	40.713	(1574, 644)	(157, 64)	0
00:50:43.494	65	40.6338	(1564, 644)	(156, 64)	0
00:50:43.563	58	40.7345	(1554, 644)	(155, 64)	0
00:50:43.626	65	40.813	(1548, 645)	(155, 65)	0
00:50:43.703	66	40.6053	(1544, 645)	(154, 65)	0
00:50:43.778	65	40.4701	(1534, 645)	(153, 65)	0
00:50:43.849	68	40.7384	(1524, 646)	(152, 65)	0
00:50:43.926	63	40.8799	(1514, 647)	(151, 65)	0
00:50:43.994	64	40.7561	(1504, 648)	(150, 65)	0
00:50:44.064	68	40.5941	(1494, 649)	(149, 65)	0
00:50:44.141	61	40.5381	(1484, 651)	(148, 65)	0
00:50:44.209	57	40.8022	(1474, 652)	(147, 65)	0
00:50:44.272	70	40.6569	(1464, 652)	(146, 65)	0
00:50:44.349	62	40.5921	(1454, 653)	(145, 65)	0
00:50:44.419	65	41.0194	(1444, 654)	(144, 65)	0
00:50:44.492	67	40.8713	(1434, 654)	(143, 65)	0
00:50:44.565	59	40.7367	(1419, 654)	(142, 65)	0
00:50:44.626	64	40.8527	(1414, 654)	(141, 65)	0
00:50:44.697	69	40.8185	(1404, 654)	(140, 65)	0
00:50:44.777	62	40.8993	(1394, 654)	(139, 65)	0
00:50:44.841	54	40.8073	(1384, 654)	(138, 65)	0
00:50:44.896	64	40.8206	(1374, 654)	(137, 65)	0
00:50:44.969	63	40.619	(1356, 653)	(136, 65)	0
00:50:45.038	57	40.7375	(1354, 653)	(135, 65)	0
00:50:45.098	63	40.7726	(1344, 652)	(134, 65)	0
00:50:45.169	64	40.3545	(1334, 651)	(133, 65)	0
00:50:45.241	58	40.1858	(1323, 651)	(132, 65)	0
00:50:45.308	63	40.285	(1314, 650)	(131, 65)	0
00:50:45.378	68	39.9619	(1303, 649)	(130, 65)	0
00:50:45.455	59	39.2179	(1294, 648)	(129, 65)	0
00:50:45.522	56	39.067	(1284, 647)	(128, 65)	0
00:50:45.586	61	38.929	(1274, 647)	(127, 65)	0
00:50:45.655	55	38.8265	(1264, 646)	(126, 65)	0
00:50:45.717	61	38.7364	(1256, 644)	(126, 64)	0
00:50:45.789	66	38.8031	(1254, 644)	(125, 64)	0
00:50:45.867	58	38.7071	(1244, 643)	(124, 64)	0
00:50:45.932	62	38.6401	(1234, 643)	(123, 64)	0
00:50:46.008	67	38.5007	(1224, 641)	(122, 64)	0
00:50:46.083	58	38.4281	(1214, 641)	(121, 64)	0
00:50:46.149	61	38.4016	(1204, 641)	(120, 64)	0
00:50:46.219	66	38.3357	(1194, 640)	(119, 64)	0
00:50:46.296	57	38.1895	(1184, 639)	(118, 64)	0
00:50:46.357	52	38.2933	(1174, 639)	(117, 64)	0
00:50:46.412	58	38.2609	(1164, 637)	(116, 64)	0
00:50:46.476	62	38.2799	(1154, 637)	(115, 64)	0
00:50:46.546	55	38.2193	(1144, 636)	(114, 64)	0
00:50:46.606	61	38.3483	(1134, 636)	(113, 64)	0
00:50:46.678	59	38.2716	(1124, 635)	(112, 64)	0
00:50:46.739	56	38.2141	(1114, 635)	(111, 64)	0
00:50:46.806	60	38.2393	(1110, 634)	(111, 63)	0
00:50:46.872	63	38.1296	(1104, 634)	(110, 63)	0
00:50:46.943	58	37.9033	(1093, 633)	(109, 63)	0
00:50:47.003	57	37.8656	(1084, 632)	(108, 63)	0
00:50:47.067	57	37.7745	(1074, 632)	(107, 63)	0
00:50:47.131	56	37.6056	(1064, 631)	(106, 63)	0
00:50:47.191	52	37.507	(1051, 631)	(105, 63)	0
00:50:47.246	57	37.052	(1032, 629)	(103, 63)	0
00:50:47.317	62	36.8636	(1024, 629)	(102, 63)	0
00:50:47.387	54	36.9286	(1014, 629)	(101, 63)	0
00:50:47.448	55	36.6815	(1004, 628)	(100, 63)	0
00:50:47.512	55	36.4483	(994, 627)	(99, 63)	0
00:50:47.574	50	36.2609	(984, 627)	(98, 63)	0
00:50:47.630	58	35.9354	(974, 627)	(97, 63)	0
00:50:47.697	63	35.5917	(964, 626)	(96, 63)	0
00:50:47.772	53	35.5053	(954, 626)	(95, 63)	0
00:50:47.831	57	35.5656	(944, 626)	(94, 63)	0
00:50:47.897	59	35.273	(934, 625)	(93, 63)	0
00:50:47.964	61	35.1924	(927, 624)	(93, 62)	0
00:50:48.032	50	35.3058	(924, 624)	(92, 62)	0
00:50:48.087	56	35.2684	(914, 623)	(91, 62)	0
00:50:48.151	56	35.2428	(904, 622)	(90, 62)	0
00:50:48.214	53	35.2794	(894, 621)	(89, 62)	0
00:50:48.275	59	35.1913	(884, 620)	(88, 62)	0
00:50:48.340	59	35.1247	(873, 619)	(87, 62)	0
00:50:48.413	55	35.2333	(864, 619)	(86, 62)	0
00:50:48.470	50	35.1554	(854, 619)	(85, 62)	0
00:50:48.526	52	35.2144	(843, 618)	(84, 62)	0
00:50:48.582	64	34.8385	(834, 618)	(83, 62)	0
00:50:48.652	50	34.7668	(823, 617)	(82, 62)	0
00:50:48.706	63	34.8225	(814, 617)	(81, 62)	0
00:50:48.778	60	34.509	(804, 617)	(80, 62)	0
00:50:48.846	50	34.3138	(794, 617)	(79, 62)	0
00:50:48.901	52	34.1785	(784, 616)	(78, 62)	0
00:50:48.960	56	33.941	(772, 616)	(77, 62)	0
00:50:49.024	56	33.7604	(764, 615)	(76, 62)	0
00:50:49.089	54	33.5723	(754, 615)	(75, 62)	0
00:50:49.153	62	33.2366	(744, 615)	(74, 62)	0
00:50:49.224	60	33.0913	(734, 615)	(73, 62)	0
00:50:49.291	51	33.1259	(724, 615)	(72, 62)	0
00:50:49.348	60	32.8702	(714, 615)	(71, 62)	0
00:50:49.418	60	32.8264	(704, 615)	(70, 62)	0
00:50:49.488	49	32.8594	(694, 615)	(69, 62)	0
00:50:49.541	51	32.6521	(684, 615)	(68, 62)	0
00:50:49.598	60	32.4991	(674, 615)	(67, 62)	0
00:50:49.668	54	32.2733	(664, 616)	(66, 62)	0
00:50:49.730	46	32.0914	(654, 617)	(65, 62)	0
00:50:49.777	49	31.8689	(644, 618)	(64, 62)	0
00:50:49.834	49	31.697	(634, 618)	(63, 62)	0
00:50:49.889	48	31.6849	(624, 619)	(62, 62)	0
00:50:49.944	54	31.689	(614, 619)	(61, 62)	0
00:50:50.009	61	31.2308	(604, 621)	(60, 62)	0
00:50:50.078	54	31.1164	(594, 621)	(59, 62)	0
00:50:50.141	51	30.9276	(584, 622)	(58, 62)	0
00:50:50.203	57	30.7404	(574, 624)	(57, 62)	0
00:50:50.265	58	30.3881	(566, 625)	(57, 63)	0
00:50:50.329	48	30.3359	(564, 625)	(56, 63)	0
00:50:50.383	51	30.0668	(554, 625)	(55, 63)	0
00:50:50.440	57	29.8339	(544, 626)	(54, 63)	0
00:50:50.502	48	29.6443	(534, 628)	(53, 63)	0
00:50:50.555	45	29.3714	(524, 629)	(52, 63)	0
00:50:50.607	54	29.4544	(514, 631)	(51, 63)	0
00:50:50.671	53	29.4907	(504, 633)	(50, 63)	0
00:50:50.732	48	28.9594	(494, 634)	(49, 63)	0
00:50:50.787	54	29.0444	(493, 635)	(49, 64)	0
00:50:50.849	56	28.673	(484, 637)	(48, 64)	0
00:50:50.911	56	27.8839	(467, 641)	(47, 64)	0
00:50:50.973	43	27.9433	(464, 642)	(46, 64)	0
00:50:51.022	49	27.6225	(458, 645)	(46, 65)	0
00:50:51.078	53	27.5443	(454, 646)	(45, 65)	0
00:50:51.141	48	27.0634	(444, 650)	(44, 65)	0
00:50:51.195	42	26.6081	(434, 654)	(43, 65)	0
00:50:51.243	45	26.6692	(432, 655)	(43, 66)	0
00:50:51.293	50	26.5732	(424, 658)	(42, 66)	0
00:50:51.352	45	26.6763	(414, 662)	(41, 66)	0
00:50:51.404	42	26.8508	(409, 665)	(41, 67)	0
00:50:51.453	48	26.7904	(404, 667)	(40, 67)	0
00:50:51.509	50	26.4957	(394, 671)	(39, 67)	0
00:50:51.564	42	26.349	(387, 675)	(39, 68)	0
00:50:51.613	45	26.3498	(384, 676)	(38, 68)	0
00:50:51.663	52	26.0716	(374, 680)	(37, 68)	0
00:50:51.727	56	25.973	(367, 685)	(37, 69)	0
00:50:51.788	47	25.849	(364, 687)	(36, 69)	0
00:50:51.842	46	25.7064	(356, 695)	(36, 70)	0
00:50:51.899	49	25.5336	(354, 695)	(35, 70)	0
00:50:51.954	50	25.3541	(344, 704)	(34, 70)	0
00:50:52.010	41	25.3821	(344, 705)	(34, 71)	0
00:50:52.057	40	25.4557	(337, 715)	(34, 72)	0
00:50:52.099	39	25.6652	(335, 725)	(34, 73)	0
00:50:52.141	44	25.9329	(334, 727)	(33, 73)	0
00:50:52.190	46	25.7781	(331, 735)	(33, 74)	0
00:50:52.246	47	25.7919	(329, 746)	(33, 75)	0
00:50:52.301	47	25.6481	(329, 755)	(33, 76)	0
00:50:52.356	46	25.6053	(329, 765)	(33, 77)	0
00:50:52.406	40	25.6447	(329, 775)	(33, 78)	0
00:50:52.453	40	25.6058	(329, 785)	(33, 79)	0
00:50:52.495	45	25.448	(329, 795)	(33, 80)	0
00:50:52.553	49	25.1204	(329, 805)	(33, 81)	0
00:50:52.608	43	24.5163	(329, 833)	(33, 83)	0
00:50:52.655	39	24.3951	(329, 836)	(33, 84)	0
00:50:52.697	40	24.2061	(329, 845)	(33, 85)	0
00:50:52.747	51	23.9646	(329, 855)	(33, 86)	0
00:50:52.810	57	23.657	(330, 865)	(33, 87)	0
00:50:52.872	44	23.4024	(332, 875)	(33, 88)	0
00:50:52.919	37	23.2545	(335, 883)	(34, 88)	0
00:50:52.960	37	23.0307	(335, 885)	(34, 89)	0
00:50:53.003	46	22.5917	(338, 895)	(34, 90)	0
00:50:53.055	42	22.161	(341, 905)	(34, 91)	0
00:50:53.101	37	22.3862	(345, 914)	(35, 91)	0
00:50:53.141	38	21.7456	(346, 915)	(35, 92)	0
00:50:53.184	43	21.2594	(350, 925)	(35, 93)	0
00:50:53.234	50	21.0797	(355, 931)	(36, 93)	0
00:50:53.291	40	20.904	(357, 935)	(36, 94)	0
00:50:53.337	34	20.3378	(364, 945)	(36, 95)	0
00:50:53.378	35	20.4233	(365, 945)	(37, 95)	0
00:50:53.420	37	19.9753	(373, 955)	(37, 96)	0
00:50:53.462	36	19.9071	(375, 956)	(38, 96)	0
00:50:53.505	39	19.5004	(384, 965)	(38, 97)	0
00:50:53.552	33	19.5111	(385, 966)	(39, 97)	0
00:50:53.586	38	19.0941	(395, 975)	(40, 98)	0
00:50:53.629	40	18.8074	(405, 982)	(41, 98)	0
00:50:53.680	36	18.5284	(411, 987)	(41, 99)	0
00:50:53.719	34	18.6326	(415, 989)	(42, 99)	0
00:50:53.761	39	18.1719	(423, 995)	(42, 100)	0
00:50:53.804	36	18.2034	(425, 996)	(43, 100)	0
00:50:53.844	35	17.9927	(435, 1001)	(44, 100)	0
00:50:53.886	34	17.863	(441, 1005)	(44, 101)	0
00:50:53.927	33	17.7227	(446, 1007)	(45, 101)	0
00:50:53.969	37	17.6812	(455, 1012)	(46, 101)	0
00:50:54.011	37	17.5932	(461, 1015)	(46, 102)	0
00:50:54.053	36	17.4022	(465, 1017)	(47, 102)	0
00:50:54.095	34	17.2055	(475, 1022)	(48, 102)	0
00:50:54.136	32	17.2283	(481, 1025)	(48, 103)	0
00:50:54.170	35	17.091	(485, 1026)	(49, 103)	0
00:50:54.214	41	17.04	(495, 1030)	(50, 103)	0
00:50:54.262	41	16.6887	(505, 1034)	(51, 103)	0
00:50:54.313	34	16.7284	(506, 1035)	(51, 104)	0
00:50:54.352	31	16.4693	(515, 1037)	(52, 104)	0
00:50:54.386	33	16.3646	(525, 1040)	(53, 104)	0
00:50:54.430	40	16.1679	(540, 1043)	(54, 104)	0
00:50:54.478	39	16.216	(545, 1044)	(55, 104)	0
00:50:54.527	32	16.009	(549, 1045)	(55, 105)	0
00:50:54.567	30	16.2643	(555, 1046)	(56, 105)	0
00:50:54.601	37	15.9144	(577, 1050)	(58, 105)	0
00:50:54.646	36	15.9136	(585, 1052)	(59, 105)	0
00:50:54.685	35	15.7193	(595, 1053)	(60, 105)	0
00:50:54.728	31	15.5899	(605, 1054)	(61, 105)	0
00:50:54.761	33	15.5707	(608, 1055)	(61, 106)	0
00:50:54.797	34	15.4486	(615, 1056)	(62, 106)	0
00:50:54.838	34	15.4016	(625, 1057)	(63, 106)	0
00:50:54.880	34	15.3641	(635, 1058)	(64, 106)	0
00:50:54.922	34	15.3385	(645, 1059)	(65, 106)	0
00:50:54.963	33	15.5193	(655, 1060)	(66, 106)	0
00:50:54.998	36	15.3194	(665, 1061)	(67, 106)	0
00:50:55.040	30	15.4547	(675, 1061)	(68, 106)	0
00:50:55.074	30	15.2987	(685, 1063)	(69, 106)	0
00:50:55.110	29	15.3452	(695, 1063)	(70, 106)	0
00:50:55.144	30	15.4532	(705, 1064)	(71, 106)	0
00:50:55.179	29	15.5462	(715, 1064)	(72, 106)	0
00:50:55.213	32	15.3978	(719, 1065)	(72, 107)	0
00:50:55.249	34	15.3892	(725, 1065)	(73, 107)	0
00:50:55.290	36	15.464	(735, 1066)	(74, 107)	0
00:50:55.335	32	15.4135	(745, 1066)	(75, 107)	0
00:50:55.373	32	15.46	(755, 1066)	(76, 107)	0
00:50:55.408	35	15.4742	(765, 1066)	(77, 107)	0
00:50:55.451	40	15.4793	(775, 1067)	(78, 107)	0
00:50:55.499	40	15.5489	(785, 1067)	(79, 107)	0
00:50:55.549	32	15.4947	(795, 1068)	(80, 107)	0
00:50:55.588	36	15.5945	(805, 1069)	(81, 107)	0
00:50:55.631	40	15.4077	(815, 1070)	(82, 107)	0
00:50:55.681	40	15.3979	(825, 1071)	(83, 107)	0
00:50:55.729	34	15.3702	(835, 1072)	(84, 107)	0
00:50:55.770	33	15.3412	(845, 1073)	(85, 107)	0
00:50:55.812	35	15.34	(856, 1074)	(86, 107)	0
00:50:55.853	36	15.3164	(862, 1075)	(86, 108)	0
00:50:55.895	37	15.3705	(865, 1075)	(87, 108)	0
00:50:55.939	34	15.3304	(875, 1075)	(88, 108)	0
00:50:55.978	29	15.4022	(885, 1076)	(89, 108)	0
00:50:56.012	29	15.3418	(895, 1077)	(90, 108)	0
00:50:56.047	34	15.3935	(905, 1078)	(91, 108)	0
00:50:56.090	31	15.4052	(915, 1078)	(92, 108)	0
00:50:56.123	30	15.1721	(925, 1079)	(93, 108)	0
00:50:56.158	30	15.2233	(935, 1080)	(94, 108)	0
00:50:56.193	33	15.2465	(945, 1081)	(95, 108)	0
00:50:56.229	34	15.9557	(955, 1082)	(96, 108)	0
00:50:56.270	36	15.412	(965, 1082)	(97, 108)	0
00:50:56.312	35	15.4056	(975, 1083)	(98, 108)	0
00:50:56.354	32	15.5166	(986, 1083)	(99, 108)	0
00:50:56.388	30	15.6044	(995, 1084)	(100, 108)	0
00:50:56.423	32	15.9394	(1005, 1084)	(101, 108)	0
00:50:56.465	40	16.0916	(1015, 1084)	(102, 108)	0
00:50:56.514	41	16.0138	(1017, 1085)	(102, 109)	0
00:50:56.563	32	16.1256	(1025, 1085)	(103, 109)	0
00:50:56.603	36	16.3846	(1040, 1085)	(104, 109)	0
00:50:56.646	36	16.5757	(1048, 1085)	(105, 109)	0
00:50:56.688	40	16.595	(1055, 1086)	(106, 109)	0
00:50:56.737	42	16.8597	(1065, 1086)	(107, 109)	0
00:50:56.785	33	17.0794	(1075, 1086)	(108, 109)	0
00:50:56.826	34	17.244	(1085, 1086)	(109, 109)	0
00:50:56.868	36	17.4027	(1096, 1086)	(110, 109)	0
00:50:56.911	42	17.4175	(1105, 1086)	(111, 109)	0
00:50:56.963	39	17.5484	(1115, 1086)	(112, 109)	0
00:50:57.007	33	17.6544	(1126, 1086)	(113, 109)	0
00:50:57.048	36	17.7698	(1135, 1086)	(114, 109)	0
00:50:57.091	37	17.8859	(1146, 1086)	(115, 109)	0
00:50:57.132	38	18.1634	(1155, 1086)	(116, 109)	0
00:50:57.173	34	18.6578	(1166, 1086)	(117, 109)	0
00:50:57.209	33	19.2073	(1175, 1086)	(118, 109)	0
00:50:57.243	35	19.9153	(1185, 1085)	(119, 109)	0
00:50:57.285	37	20.1304	(1188, 1084)	(119, 108)	0
00:50:57.328	49	20.2403	(1195, 1084)	(120, 108)	0
00:50:57.385	41	20.6557	(1205, 1082)	(121, 108)	0
00:50:57.431	35	21.173	(1215, 1081)	(122, 108)	0
00:50:57.472	38	21.6933	(1225, 1081)	(123, 108)	0
00:50:57.515	45	21.8545	(1235, 1081)	(124, 108)	0
00:50:57.563	39	22.4868	(1245, 1080)	(125, 108)	0
00:50:57.605	39	23.9967	(1255, 1080)	(126, 108)	0
00:50:57.646	38	23.721	(1265, 1079)	(127, 108)	0
00:50:57.688	44	24.1633	(1275, 1078)	(128, 108)	0
00:50:57.738	49	24.6138	(1286, 1077)	(129, 108)	0
00:50:57.794	43	24.8994	(1295, 1077)	(130, 108)	0
00:50:57.841	39	25.2126	(1305, 1077)	(131, 108)	0
00:50:57.882	46	25.8772	(1315, 1077)	(132, 108)	0
00:50:57.932	52	25.9993	(1325, 1077)	(133, 108)	0
00:50:57.991	49	26.0093	(1335, 1077)	(134, 108)	0
00:50:58.043	45	26.0434	(1345, 1077)	(135, 108)	0
00:50:58.091	46	26.4646	(1355, 1077)	(136, 108)	0
00:50:58.142	54	26.4864	(1365, 1079)	(137, 108)	0
00:50:58.205	49	26.5387	(1375, 1080)	(138, 108)	0
00:50:58.259	45	26.4704	(1385, 1081)	(139, 108)	0
00:50:58.307	51	26.4621	(1395, 1081)	(140, 108)	0
00:50:58.367	49	26.2636	(1405, 1083)	(141, 108)	0
00:50:58.426	48	26.2616	(1416, 1084)	(142, 108)	0
00:50:58.482	43	26.2204	(1418, 1085)	(142, 109)	0
00:50:58.530	47	26.0756	(1425, 1085)	(143, 109)	0
00:50:58.585	42	25.8301	(1437, 1088)	(144, 109)	0
00:50:58.634	41	26.0779	(1445, 1088)	(145, 109)	0
00:50:58.683	43	25.9421	(1455, 1089)	(146, 109)	0
00:50:58.731	52	25.8039	(1465, 1090)	(147, 109)	0
00:50:58.788	53	25.7951	(1476, 1091)	(148, 109)	0
00:50:58.851	46	25.8391	(1485, 1092)	(149, 109)	0
00:50:58.905	42	25.9553	(1495, 1093)	(150, 109)	0
00:50:58.953	40	25.8307	(1505, 1093)	(151, 109)	0
00:50:58.995	47	25.8634	(1515, 1093)	(152, 109)	0
00:50:59.052	54	25.8298	(1525, 1093)	(153, 109)	0
00:50:59.118	43	25.9973	(1535, 1094)	(154, 109)	0
00:50:59.169	40	26.0969	(1545, 1094)	(155, 109)	0
00:50:59.211	46	26.063	(1555, 1094)	(156, 109)	0
00:50:59.261	49	26.0658	(1565, 1094)	(157, 109)	0
00:50:59.320	45	26.1116	(1566, 1095)	(157, 110)	0
00:50:59.370	40	25.8692	(1575, 1095)	(158, 110)	0
00:50:59.412	43	26.1846	(1585, 1095)	(159, 110)	0
00:50:59.461	46	26.0563	(1596, 1096)	(160, 110)	0
00:50:59.510	47	26.1575	(1605, 1096)	(161, 110)	0
00:50:59.568	41	26.2407	(1615, 1096)	(162, 110)	0
00:50:59.614	40	25.8898	(1625, 1097)	(163, 110)	0
00:50:59.663	50	25.623	(1635, 1097)	(164, 110)	0
00:50:59.720	42	25.4561	(1645, 1097)	(165, 110)	0
00:50:59.767	44	25.4923	(1655, 1098)	(166, 110)	0
00:50:59.817	44	25.3606	(1665, 1098)	(167, 110)	0
00:50:59.865	45	25.043	(1675, 1099)	(168, 110)	0
00:50:59.913	44	24.5246	(1685, 1099)	(169, 110)	0
00:50:59.962	44	23.9646	(1695, 1100)	(170, 110)	0
00:51:00.012	42	23.8619	(1705, 1100)	(171, 110)	0
00:51:00.058	37	23.3479	(1715, 1101)	(172, 110)	0
00:51:00.100	37	22.9385	(1725, 1101)	(173, 110)	0
00:51:00.142	40	22.6701	(1735, 1103)	(174, 110)	0
00:51:00.184	42	22.1004	(1748, 1104)	(175, 110)	0
00:51:00.232	44	21.8714	(1753, 1105)	(175, 111)	0
00:51:00.282	49	21.7425	(1755, 1105)	(176, 111)	0
00:51:00.344	41	21.3126	(1765, 1106)	(177, 111)	0
00:51:00.393	39	20.7591	(1775, 1107)	(178, 111)	0
00:51:00.435	39	20.2433	(1785, 1108)	(179, 111)	0
00:51:00.476	38	20.0296	(1798, 1109)	(180, 111)	0
00:51:00.519	37	19.4661	(1806, 1111)	(181, 111)	0
00:51:00.559	35	18.9418	(1815, 1112)	(182, 111)	0
00:51:00.601	35	18.0111	(1825, 1112)	(183, 111)	0
00:51:00.643	36	17.3114	(1835, 1113)	(184, 111)	0
00:51:00.685	35	16.7071	(1850, 1114)	(185, 111)	0
00:51:00.726	36	16.576	(1855, 1114)	(186, 111)	0
00:51:00.770	32	16.3544	(1858, 1115)	(186, 112)	0
00:51:00.809	30	15.8759	(1865, 1116)	(187, 112)	0
00:51:00.844	33	15.2224	(1877, 1117)	(188, 112)	0
00:51:00.886	36	14.7145	(1885, 1118)	(189, 112)	0
00:51:00.928	35	14.412	(1895, 1120)	(190, 112)	0
00:51:00.970	30	14.1855	(1905, 1121)	(191, 112)	0
00:51:01.004	28	5.96859	(0, 0)	(0, 0)	0
EOM

