BOM
Frame extends: 2263, 1306
_ms_area: 10
measurements taken: 585
current rendering method: 2
is mouse replay: 1
Camera settings: Roation Quaternion: ( -0.748984, 0.14431, -0.646606, -0.00927751), Translationsvektor: ( -0.0185595, -0.0459418, 1.325).
System_Time	Elapsed_Time_PaintGL	Elapsed_Kernel_Time	Frame_Coordinates	Grid_Position	Manual_Measurement
00:51:23.920	41	30.2919	(318, 226)	(32, 23)	0
00:51:23.967	43	30.4004	(325, 225)	(33, 23)	0
00:51:24.021	48	30.4856	(335, 225)	(34, 23)	0
00:51:24.078	44	30.5302	(345, 225)	(35, 23)	0
00:51:24.125	41	30.7621	(357, 225)	(36, 23)	0
00:51:24.175	50	30.6086	(372, 225)	(37, 23)	0
00:51:24.231	51	30.5578	(375, 225)	(38, 23)	0
00:51:24.287	47	30.908	(385, 225)	(39, 23)	0
00:51:24.342	43	30.8409	(395, 225)	(40, 23)	0
00:51:24.391	45	30.8699	(405, 225)	(41, 23)	0
00:51:24.441	46	31.1455	(415, 225)	(42, 23)	0
00:51:24.499	43	31.1141	(425, 225)	(43, 23)	0
00:51:24.550	40	30.9892	(435, 226)	(44, 23)	0
00:51:24.598	48	31.219	(445, 226)	(45, 23)	0
00:51:24.656	50	31.4646	(455, 226)	(46, 23)	0
00:51:24.712	47	31.8526	(465, 227)	(47, 23)	0
00:51:24.772	41	31.7496	(475, 227)	(48, 23)	0
00:51:24.821	42	32.173	(485, 228)	(49, 23)	0
00:51:24.871	50	31.7579	(495, 228)	(50, 23)	0
00:51:24.927	48	32.0367	(505, 229)	(51, 23)	0
00:51:24.981	43	32.2834	(515, 229)	(52, 23)	0
00:51:25.031	46	32.3236	(525, 229)	(53, 23)	0
00:51:25.093	52	32.4997	(535, 229)	(54, 23)	0
00:51:25.157	43	32.3676	(545, 229)	(55, 23)	0
00:51:25.203	41	32.6081	(555, 229)	(56, 23)	0
00:51:25.251	49	32.7624	(565, 229)	(57, 23)	0
00:51:25.308	50	32.6641	(575, 229)	(58, 23)	0
00:51:25.367	47	32.7261	(585, 229)	(59, 23)	0
00:51:25.419	46	33.2933	(596, 229)	(60, 23)	0
00:51:25.469	52	33.036	(605, 230)	(61, 23)	0
00:51:25.537	50	33.0047	(615, 230)	(62, 23)	0
00:51:25.603	46	33.0904	(626, 230)	(63, 23)	0
00:51:25.655	47	33.4628	(635, 230)	(64, 23)	0
00:51:25.712	48	33.4424	(645, 230)	(65, 23)	0
00:51:25.767	51	33.4156	(655, 230)	(66, 23)	0
00:51:25.822	46	33.3056	(665, 230)	(67, 23)	0
00:51:25.870	49	33.655	(680, 230)	(68, 23)	0
00:51:25.929	54	33.7138	(685, 230)	(69, 23)	0
00:51:25.991	47	33.5191	(695, 230)	(70, 23)	0
00:51:26.044	43	33.7093	(705, 230)	(71, 23)	0
00:51:26.095	48	33.6647	(715, 230)	(72, 23)	0
00:51:26.157	52	33.9079	(725, 230)	(73, 23)	0
00:51:26.221	48	33.9012	(735, 230)	(74, 23)	0
00:51:26.274	42	33.837	(749, 230)	(75, 23)	0
00:51:26.322	47	33.8887	(756, 230)	(76, 23)	0
00:51:26.380	53	34.0421	(766, 230)	(77, 23)	0
00:51:26.447	48	33.7874	(775, 230)	(78, 23)	0
00:51:26.505	52	34.208	(785, 230)	(79, 23)	0
00:51:26.571	50	33.9668	(796, 229)	(80, 23)	0
00:51:26.638	48	33.8966	(805, 229)	(81, 23)	0
00:51:26.693	56	34.0846	(815, 229)	(82, 23)	0
00:51:26.754	45	33.7763	(825, 228)	(83, 23)	0
00:51:26.802	47	33.9124	(835, 228)	(84, 23)	0
00:51:26.851	44	33.6424	(845, 228)	(85, 23)	0
00:51:26.900	46	33.872	(855, 228)	(86, 23)	0
00:51:26.956	50	33.8151	(865, 228)	(87, 23)	0
00:51:27.013	51	33.4976	(875, 228)	(88, 23)	0
00:51:27.075	46	33.4424	(885, 228)	(89, 23)	0
00:51:27.133	44	33.445	(895, 228)	(90, 23)	0
00:51:27.185	45	33.5056	(905, 228)	(91, 23)	0
00:51:27.233	44	33.1788	(915, 228)	(92, 23)	0
00:51:27.282	43	33.3584	(925, 228)	(93, 23)	0
00:51:27.330	47	33.0584	(935, 228)	(94, 23)	0
00:51:27.380	49	33.3576	(945, 227)	(95, 23)	0
00:51:27.439	49	32.932	(957, 227)	(96, 23)	0
00:51:27.499	43	33.0326	(966, 227)	(97, 23)	0
00:51:27.546	41	33.1052	(975, 227)	(98, 23)	0
00:51:27.596	51	32.8889	(985, 227)	(99, 23)	0
00:51:27.658	48	32.8324	(995, 227)	(100, 23)	0
00:51:27.714	44	32.872	(1005, 227)	(101, 23)	0
00:51:27.761	43	32.7237	(1015, 226)	(102, 23)	0
00:51:27.810	49	32.9065	(1025, 226)	(103, 23)	0
00:51:27.867	44	32.9271	(1035, 226)	(104, 23)	0
00:51:27.914	46	33.0487	(1045, 225)	(105, 23)	0
00:51:27.964	50	32.9874	(1055, 225)	(106, 23)	0
00:51:28.023	49	32.6468	(1065, 225)	(107, 23)	0
00:51:28.075	46	32.9089	(1071, 224)	(107, 22)	0
00:51:28.123	48	32.9484	(1075, 224)	(108, 22)	0
00:51:28.186	52	32.9489	(1085, 224)	(109, 22)	0
00:51:28.258	53	32.7502	(1095, 224)	(110, 22)	0
00:51:28.319	44	32.5178	(1105, 224)	(111, 22)	0
00:51:28.366	46	32.7796	(1115, 224)	(112, 22)	0
00:51:28.423	52	32.621	(1125, 224)	(113, 22)	0
00:51:28.486	51	32.723	(1135, 224)	(114, 22)	0
00:51:28.549	45	32.5135	(1146, 223)	(115, 22)	0
00:51:28.596	45	32.9833	(1155, 223)	(116, 22)	0
00:51:28.651	50	32.9108	(1165, 223)	(117, 22)	0
00:51:28.715	47	32.7914	(1175, 223)	(118, 22)	0
00:51:28.769	47	33.4124	(1185, 223)	(119, 22)	0
00:51:28.826	47	33.5113	(1195, 223)	(120, 22)	0
00:51:28.881	48	33.1865	(1205, 223)	(121, 22)	0
00:51:28.937	45	33.2557	(1215, 223)	(122, 22)	0
00:51:28.985	42	33.391	(1225, 223)	(123, 22)	0
00:51:29.042	52	33.6641	(1235, 223)	(124, 22)	0
00:51:29.106	47	33.4486	(1245, 223)	(125, 22)	0
00:51:29.159	42	33.5332	(1255, 223)	(126, 22)	0
00:51:29.207	47	33.7742	(1265, 224)	(127, 22)	0
00:51:29.271	52	33.8062	(1275, 224)	(128, 22)	0
00:51:29.346	48	34.1564	(1282, 225)	(128, 23)	0
00:51:29.395	45	33.9341	(1285, 225)	(129, 23)	0
00:51:29.444	48	33.9099	(1295, 226)	(130, 23)	0
00:51:29.501	55	33.7305	(1305, 226)	(131, 23)	0
00:51:29.564	50	33.8902	(1316, 228)	(132, 23)	0
00:51:29.618	46	33.8619	(1326, 228)	(133, 23)	0
00:51:29.674	53	34.0249	(1335, 228)	(134, 23)	0
00:51:29.737	58	34.5473	(1345, 229)	(135, 23)	0
00:51:29.809	45	34.5185	(1355, 230)	(136, 23)	0
00:51:29.861	45	34.659	(1366, 230)	(137, 23)	0
00:51:29.911	54	34.5886	(1375, 230)	(138, 23)	0
00:51:29.975	50	35.0031	(1386, 231)	(139, 23)	0
00:51:30.027	51	34.9436	(1395, 231)	(140, 23)	0
00:51:30.084	46	34.9862	(1405, 232)	(141, 23)	0
00:51:30.132	51	34.9961	(1415, 232)	(142, 23)	0
00:51:30.191	52	35.6289	(1425, 232)	(143, 23)	0
00:51:30.250	50	35.4021	(1435, 233)	(144, 23)	0
00:51:30.316	54	35.2295	(1445, 234)	(145, 23)	0
00:51:30.385	50	35.1274	(1455, 234)	(146, 23)	0
00:51:30.439	45	35.5286	(1465, 234)	(147, 23)	0
00:51:30.486	48	35.7047	(1478, 234)	(148, 23)	0
00:51:30.544	51	35.7468	(1485, 234)	(149, 23)	0
00:51:30.598	50	35.8884	(1488, 235)	(149, 24)	0
00:51:30.654	46	35.3403	(1495, 235)	(150, 24)	0
00:51:30.701	47	36.1313	(1506, 235)	(151, 24)	0
00:51:30.759	53	35.5643	(1516, 235)	(152, 24)	0
00:51:30.825	52	35.773	(1526, 236)	(153, 24)	0
00:51:30.888	52	35.8739	(1535, 236)	(154, 24)	0
00:51:30.955	53	36.1446	(1546, 236)	(155, 24)	0
00:51:31.015	50	36.1496	(1556, 237)	(156, 24)	0
00:51:31.070	51	36.0941	(1565, 237)	(157, 24)	0
00:51:31.129	53	36.0144	(1575, 238)	(158, 24)	0
00:51:31.190	50	35.8993	(1585, 238)	(159, 24)	0
00:51:31.247	48	36.1535	(1595, 239)	(160, 24)	0
00:51:31.300	48	36.2436	(1605, 239)	(161, 24)	0
00:51:31.357	55	35.8096	(1615, 240)	(162, 24)	0
00:51:31.426	52	36.3401	(1625, 240)	(163, 24)	0
00:51:31.491	47	36.5215	(1636, 241)	(164, 24)	0
00:51:31.543	48	36.2895	(1645, 242)	(165, 24)	0
00:51:31.603	55	36.253	(1655, 242)	(166, 24)	0
00:51:31.670	48	36.1772	(1666, 243)	(167, 24)	0
00:51:31.723	51	36.4739	(1676, 244)	(168, 24)	0
00:51:31.781	55	36.333	(1677, 245)	(168, 25)	0
00:51:31.843	57	36.087	(1686, 245)	(169, 25)	0
00:51:31.915	47	36.2138	(1696, 246)	(170, 25)	0
00:51:31.967	52	36.2261	(1705, 246)	(171, 25)	0
00:51:32.025	54	36.56	(1715, 248)	(172, 25)	0
00:51:32.087	48	36.2028	(1726, 249)	(173, 25)	0
00:51:32.141	47	36.3418	(1735, 250)	(174, 25)	0
00:51:32.198	55	36.5827	(1745, 251)	(175, 25)	0
00:51:32.261	51	36.9144	(1755, 253)	(176, 25)	0
00:51:32.318	50	36.8206	(1765, 254)	(177, 25)	0
00:51:32.373	55	36.491	(1768, 255)	(177, 26)	0
00:51:32.442	54	36.3947	(1775, 256)	(178, 26)	0
00:51:32.511	46	36.3498	(1785, 258)	(179, 26)	0
00:51:32.565	47	36.9459	(1795, 260)	(180, 26)	0
00:51:32.623	56	36.709	(1805, 262)	(181, 26)	0
00:51:32.685	52	36.6757	(1815, 264)	(182, 26)	0
00:51:32.739	50	36.6904	(1817, 265)	(182, 27)	0
00:51:32.796	56	36.6716	(1825, 267)	(183, 27)	0
00:51:32.859	55	36.8927	(1838, 271)	(184, 27)	0
00:51:32.922	51	36.5459	(1845, 273)	(185, 27)	0
00:51:32.984	50	36.801	(1849, 275)	(185, 28)	0
00:51:33.053	56	36.6067	(1858, 278)	(186, 28)	0
00:51:33.118	53	36.8219	(1865, 280)	(187, 28)	0
00:51:33.178	53	36.6644	(1874, 285)	(187, 29)	0
00:51:33.241	66	36.6188	(1875, 285)	(188, 29)	0
00:51:33.323	51	36.4296	(1885, 289)	(189, 29)	0
00:51:33.379	46	36.7711	(1895, 294)	(190, 29)	0
00:51:33.427	50	36.6719	(1895, 295)	(190, 30)	0
00:51:33.483	55	36.6009	(1905, 299)	(191, 30)	0
00:51:33.551	49	36.3246	(1912, 305)	(191, 31)	0
00:51:33.607	47	36.4117	(1915, 307)	(192, 31)	0
00:51:33.664	58	36.5241	(1925, 314)	(193, 31)	0
00:51:33.735	55	36.0584	(1926, 315)	(193, 32)	0
00:51:33.797	50	36.0784	(1935, 322)	(194, 32)	0
00:51:33.851	49	35.829	(1937, 325)	(194, 33)	0
00:51:33.908	54	35.6083	(1945, 333)	(195, 33)	0
00:51:33.973	49	35.7302	(1947, 335)	(195, 34)	0
00:51:34.027	45	35.4972	(1955, 344)	(196, 34)	0
00:51:34.090	52	35.5028	(1955, 345)	(196, 35)	0
00:51:34.151	53	35.4041	(1963, 355)	(196, 36)	0
00:51:34.208	47	35.4178	(1965, 358)	(197, 36)	0
00:51:34.261	50	35.177	(1968, 365)	(197, 37)	0
00:51:34.318	52	34.9236	(1973, 375)	(197, 38)	0
00:51:34.374	51	34.779	(1975, 379)	(198, 38)	0
00:51:34.430	47	35.3717	(1976, 385)	(198, 39)	0
00:51:34.484	49	35.3335	(1980, 395)	(198, 40)	0
00:51:34.545	55	35.3074	(1982, 405)	(198, 41)	0
00:51:34.615	46	35.1079	(1984, 415)	(198, 42)	0
00:51:34.671	51	35.2213	(1985, 417)	(199, 42)	0
00:51:34.731	55	35.451	(1985, 425)	(199, 43)	0
00:51:34.794	49	35.5505	(1987, 435)	(199, 44)	0
00:51:34.845	48	35.8735	(1988, 445)	(199, 45)	0
00:51:34.900	56	35.4065	(1989, 455)	(199, 46)	0
00:51:34.965	54	35.3585	(1989, 465)	(199, 47)	0
00:51:35.030	47	35.3307	(1989, 475)	(199, 48)	0
00:51:35.083	46	35.2058	(1988, 485)	(199, 49)	0
00:51:35.149	55	34.8009	(1985, 495)	(199, 50)	0
00:51:35.211	55	35.0243	(1984, 495)	(198, 50)	0
00:51:35.270	45	35.595	(1980, 505)	(198, 51)	0
00:51:35.318	47	35.471	(1972, 516)	(197, 52)	0
00:51:35.375	54	35.7636	(1965, 525)	(197, 53)	0
00:51:35.439	52	35.5967	(1964, 526)	(196, 53)	0
00:51:35.499	49	35.8572	(1954, 534)	(195, 53)	0
00:51:35.556	52	35.9234	(1953, 535)	(195, 54)	0
00:51:35.624	55	36.1683	(1944, 539)	(194, 54)	0
00:51:35.694	45	36.0999	(1937, 545)	(194, 55)	0
00:51:35.742	49	36.2164	(1934, 547)	(193, 55)	0
00:51:35.798	52	36.2822	(1924, 555)	(192, 56)	0
00:51:35.857	52	36.1948	(1914, 561)	(191, 56)	0
00:51:35.917	47	36.8876	(1907, 565)	(191, 57)	0
00:51:35.973	49	36.7516	(1904, 567)	(190, 57)	0
00:51:36.027	54	37.3074	(1894, 572)	(189, 57)	0
00:51:36.092	52	36.817	(1890, 575)	(189, 58)	0
00:51:36.156	49	36.9399	(1884, 577)	(188, 58)	0
00:51:36.215	51	37.5476	(1874, 581)	(187, 58)	0
00:51:36.272	55	37.3647	(1866, 585)	(187, 59)	0
00:51:36.335	50	37.3154	(1864, 585)	(186, 59)	0
00:51:36.390	56	37.3074	(1854, 590)	(185, 59)	0
00:51:36.453	57	37.5773	(1844, 594)	(184, 59)	0
00:51:36.517	52	37.5701	(1843, 595)	(184, 60)	0
00:51:36.576	49	37.8644	(1834, 597)	(183, 60)	0
00:51:36.634	57	37.6936	(1823, 601)	(182, 60)	0
00:51:36.702	54	37.8804	(1810, 606)	(181, 61)	0
00:51:36.765	48	38.3913	(1804, 609)	(180, 61)	0
00:51:36.819	51	38.5382	(1794, 612)	(179, 61)	0
00:51:36.876	55	38.5244	(1787, 615)	(179, 62)	0
00:51:36.939	55	38.0421	(1784, 616)	(178, 62)	0
00:51:37.002	52	38.2911	(1774, 619)	(177, 62)	0
00:51:37.065	55	38.1501	(1764, 622)	(176, 62)	0
00:51:37.127	57	38.467	(1758, 625)	(176, 63)	0
00:51:37.190	51	38.6058	(1754, 626)	(175, 63)	0
00:51:37.246	55	38.383	(1744, 628)	(174, 63)	0
00:51:37.314	53	38.9281	(1734, 631)	(173, 63)	0
00:51:37.376	50	38.7917	(1724, 633)	(172, 63)	0
00:51:37.433	57	38.5375	(1715, 635)	(172, 64)	0
00:51:37.495	58	38.5307	(1714, 635)	(171, 64)	0
00:51:37.559	53	38.6231	(1704, 637)	(170, 64)	0
00:51:37.619	52	38.8714	(1694, 638)	(169, 64)	0
00:51:37.676	57	38.8561	(1684, 640)	(168, 64)	0
00:51:37.748	53	38.597	(1674, 641)	(167, 64)	0
00:51:37.807	49	39.0425	(1664, 642)	(166, 64)	0
00:51:37.864	56	39.0613	(1654, 643)	(165, 64)	0
00:51:37.927	55	38.7874	(1644, 644)	(164, 64)	0
00:51:37.992	52	38.5542	(1633, 644)	(163, 64)	0
00:51:38.051	49	38.7295	(1624, 644)	(162, 64)	0
00:51:38.107	61	38.8147	(1614, 644)	(161, 64)	0
00:51:38.181	54	38.8127	(1604, 644)	(160, 64)	0
00:51:38.239	48	38.7982	(1594, 644)	(159, 64)	0
00:51:38.295	51	38.6239	(1584, 644)	(158, 64)	0
00:51:38.358	57	38.6997	(1574, 644)	(157, 64)	0
00:51:38.421	49	38.629	(1564, 644)	(156, 64)	0
00:51:38.474	51	38.8554	(1554, 644)	(155, 64)	0
00:51:38.531	56	38.9227	(1548, 645)	(155, 65)	0
00:51:38.592	52	38.5233	(1544, 645)	(154, 65)	0
00:51:38.648	52	39.0117	(1534, 645)	(153, 65)	0
00:51:38.705	58	39.0281	(1524, 646)	(152, 65)	0
00:51:38.768	59	38.9301	(1514, 647)	(151, 65)	0
00:51:38.843	49	38.7089	(1504, 648)	(150, 65)	0
00:51:38.898	53	38.5295	(1494, 649)	(149, 65)	0
00:51:38.955	57	38.9413	(1484, 651)	(148, 65)	0
00:51:39.018	54	38.8679	(1474, 652)	(147, 65)	0
00:51:39.079	52	38.5809	(1464, 652)	(146, 65)	0
00:51:39.135	54	38.9852	(1454, 653)	(145, 65)	0
00:51:39.199	58	38.8579	(1444, 654)	(144, 65)	0
00:51:39.261	52	38.9164	(1434, 654)	(143, 65)	0
00:51:39.322	52	39.0613	(1419, 654)	(142, 65)	0
00:51:39.382	53	39.0804	(1414, 654)	(141, 65)	0
00:51:39.451	49	39.0311	(1404, 654)	(140, 65)	0
00:51:39.502	49	38.8332	(1394, 654)	(139, 65)	0
00:51:39.558	55	38.9527	(1384, 654)	(138, 65)	0
00:51:39.623	57	38.787	(1374, 654)	(137, 65)	0
00:51:39.684	49	38.7519	(1356, 653)	(136, 65)	0
00:51:39.738	54	38.401	(1354, 653)	(135, 65)	0
00:51:39.804	58	38.4627	(1344, 652)	(134, 65)	0
00:51:39.881	53	38.1641	(1334, 651)	(133, 65)	0
00:51:39.941	49	38.3535	(1323, 651)	(132, 65)	0
00:51:39.998	58	38.4945	(1314, 650)	(131, 65)	0
00:51:40.061	56	38.1087	(1303, 649)	(130, 65)	0
00:51:40.122	52	37.9412	(1294, 648)	(129, 65)	0
00:51:40.186	57	37.8699	(1284, 647)	(128, 65)	0
00:51:40.248	58	37.6733	(1274, 647)	(127, 65)	0
00:51:40.311	50	38.0779	(1264, 646)	(126, 65)	0
00:51:40.365	54	37.963	(1256, 644)	(126, 64)	0
00:51:40.436	50	37.7191	(1254, 644)	(125, 64)	0
00:51:40.497	52	37.7353	(1244, 643)	(124, 64)	0
00:51:40.554	50	37.5347	(1234, 643)	(123, 64)	0
00:51:40.609	53	37.5713	(1224, 641)	(122, 64)	0
00:51:40.665	54	37.4265	(1214, 641)	(121, 64)	0
00:51:40.731	51	37.4493	(1204, 641)	(120, 64)	0
00:51:40.789	53	37.379	(1194, 640)	(119, 64)	0
00:51:40.853	56	37.2139	(1184, 639)	(118, 64)	0
00:51:40.917	54	37.0766	(1174, 639)	(117, 64)	0
00:51:40.979	47	37.5388	(1164, 637)	(116, 64)	0
00:51:41.033	53	37.7172	(1154, 637)	(115, 64)	0
00:51:41.088	55	37.547	(1144, 636)	(114, 64)	0
00:51:41.152	48	37.3871	(1134, 636)	(113, 64)	0
00:51:41.206	49	37.7124	(1124, 635)	(112, 64)	0
00:51:41.262	53	37.9033	(1114, 635)	(111, 64)	0
00:51:41.325	58	37.9307	(1110, 634)	(111, 63)	0
00:51:41.390	48	38.0627	(1104, 634)	(110, 63)	0
00:51:41.442	49	38.1801	(1093, 633)	(109, 63)	0
00:51:41.506	56	38.2364	(1084, 632)	(108, 63)	0
00:51:41.575	49	38.3148	(1074, 632)	(107, 63)	0
00:51:41.630	55	38.3279	(1064, 631)	(106, 63)	0
00:51:41.696	58	38.1236	(1051, 631)	(105, 63)	0
00:51:41.764	58	38.3019	(1032, 629)	(103, 63)	0
00:51:41.826	51	38.4717	(1024, 629)	(102, 63)	0
00:51:41.882	57	38.1207	(1014, 629)	(101, 63)	0
00:51:41.945	55	37.7474	(1004, 628)	(100, 63)	0
00:51:42.011	48	37.7833	(994, 627)	(99, 63)	0
00:51:42.069	48	38.0458	(984, 627)	(98, 63)	0
00:51:42.124	54	37.7782	(974, 627)	(97, 63)	0
00:51:42.189	54	37.8484	(964, 626)	(96, 63)	0
00:51:42.249	49	38.4621	(954, 626)	(95, 63)	0
00:51:42.304	55	38.4557	(944, 626)	(94, 63)	0
00:51:42.369	57	38.0793	(934, 625)	(93, 63)	0
00:51:42.432	52	38.2846	(927, 624)	(93, 62)	0
00:51:42.492	52	38.4621	(924, 624)	(92, 62)	0
00:51:42.558	57	38.1859	(914, 623)	(91, 62)	0
00:51:42.625	49	38.4612	(904, 622)	(90, 62)	0
00:51:42.679	55	37.9452	(894, 621)	(89, 62)	0
00:51:42.743	56	38.228	(884, 620)	(88, 62)	0
00:51:42.807	54	38.2766	(873, 619)	(87, 62)	0
00:51:42.867	48	38.0116	(864, 619)	(86, 62)	0
00:51:42.925	55	38.1287	(854, 619)	(85, 62)	0
00:51:42.991	58	38.0973	(843, 618)	(84, 62)	0
00:51:43.064	53	38.2839	(834, 618)	(83, 62)	0
00:51:43.125	48	37.4416	(823, 617)	(82, 62)	0
00:51:43.182	57	37.841	(814, 617)	(81, 62)	0
00:51:43.246	51	37.4644	(804, 617)	(80, 62)	0
00:51:43.305	50	37.4224	(794, 617)	(79, 62)	0
00:51:43.364	57	37.643	(784, 616)	(78, 62)	0
00:51:43.432	54	37.3763	(772, 616)	(77, 62)	0
00:51:43.493	51	37.1859	(764, 615)	(76, 62)	0
00:51:43.552	51	37.6262	(754, 615)	(75, 62)	0
00:51:43.619	53	37.0116	(744, 615)	(74, 62)	0
00:51:43.683	50	36.6754	(734, 615)	(73, 62)	0
00:51:43.741	56	36.932	(724, 615)	(72, 62)	0
00:51:43.808	55	36.2018	(714, 615)	(71, 62)	0
00:51:43.874	49	35.9366	(704, 615)	(70, 62)	0
00:51:43.931	50	35.9464	(694, 615)	(69, 62)	0
00:51:43.990	51	35.66	(684, 615)	(68, 62)	0
00:51:44.050	51	35.8976	(674, 615)	(67, 62)	0
00:51:44.105	47	35.4166	(664, 616)	(66, 62)	0
00:51:44.163	48	35.3793	(654, 617)	(65, 62)	0
00:51:44.225	49	35.8253	(644, 618)	(64, 62)	0
00:51:44.281	49	36.1241	(634, 618)	(63, 62)	0
00:51:44.334	52	35.9456	(624, 619)	(62, 62)	0
00:51:44.392	54	36.063	(614, 619)	(61, 62)	0
00:51:44.454	56	35.5784	(604, 621)	(60, 62)	0
00:51:44.516	45	35.4717	(594, 621)	(59, 62)	0
00:51:44.563	45	35.4538	(584, 622)	(58, 62)	0
00:51:44.612	58	35.2979	(574, 624)	(57, 62)	0
00:51:44.681	50	34.6347	(566, 625)	(57, 63)	0
00:51:44.739	48	34.7151	(564, 625)	(56, 63)	0
00:51:44.795	54	34.7415	(554, 625)	(55, 63)	0
00:51:44.858	54	34.8321	(544, 626)	(54, 63)	0
00:51:44.925	47	34.4933	(534, 628)	(53, 63)	0
00:51:44.981	49	34.584	(524, 629)	(52, 63)	0
00:51:45.042	52	34.472	(514, 631)	(51, 63)	0
00:51:45.105	49	34.4347	(504, 633)	(50, 63)	0
00:51:45.162	44	34.2779	(494, 634)	(49, 63)	0
00:51:45.212	46	34.5197	(493, 635)	(49, 64)	0
00:51:45.266	51	34.5437	(484, 637)	(48, 64)	0
00:51:45.322	49	33.9797	(467, 641)	(47, 64)	0
00:51:45.378	51	34.3759	(464, 642)	(46, 64)	0
00:51:45.435	52	34.6123	(458, 645)	(46, 65)	0
00:51:45.497	52	34.204	(454, 646)	(45, 65)	0
00:51:45.560	45	34.1859	(444, 650)	(44, 65)	0
00:51:45.606	45	34.4624	(434, 654)	(43, 65)	0
00:51:45.657	52	34.3556	(432, 655)	(43, 66)	0
00:51:45.725	53	33.8702	(424, 658)	(42, 66)	0
00:51:45.790	48	34.2884	(414, 662)	(41, 66)	0
00:51:45.843	51	34.189	(409, 665)	(41, 67)	0
00:51:45.900	53	34.2886	(404, 667)	(40, 67)	0
00:51:45.963	49	34.3523	(394, 671)	(39, 67)	0
00:51:46.016	44	34.4953	(387, 675)	(39, 68)	0
00:51:46.066	48	34.2624	(384, 676)	(38, 68)	0
00:51:46.122	54	34.3132	(374, 680)	(37, 68)	0
00:51:46.185	47	34.2661	(367, 685)	(37, 69)	0
00:51:46.241	45	33.9495	(364, 687)	(36, 69)	0
00:51:46.297	49	33.9639	(356, 695)	(36, 70)	0
00:51:46.351	48	34.1924	(354, 695)	(35, 70)	0
00:51:46.407	47	33.8224	(344, 704)	(34, 70)	0
00:51:46.463	53	34.1804	(344, 705)	(34, 71)	0
00:51:46.526	49	34.1018	(337, 715)	(34, 72)	0
00:51:46.580	46	33.7647	(335, 725)	(34, 73)	0
00:51:46.628	46	33.7701	(334, 727)	(33, 73)	0
00:51:46.678	53	34.1545	(331, 735)	(33, 74)	0
00:51:46.742	53	34.152	(329, 746)	(33, 75)	0
00:51:46.811	50	34.3896	(329, 755)	(33, 76)	0
00:51:46.872	49	34.2504	(329, 765)	(33, 77)	0
00:51:46.934	52	34.0959	(329, 775)	(33, 78)	0
00:51:46.992	49	34.2493	(329, 785)	(33, 79)	0
00:51:47.046	46	34.4625	(329, 795)	(33, 80)	0
00:51:47.103	55	34.5401	(329, 805)	(33, 81)	0
00:51:47.168	53	34.1513	(329, 833)	(33, 83)	0
00:51:47.231	48	34.1745	(329, 836)	(33, 84)	0
00:51:47.281	45	34.1985	(329, 845)	(33, 85)	0
00:51:47.340	54	34.2135	(329, 855)	(33, 86)	0
00:51:47.409	51	34.171	(330, 865)	(33, 87)	0
00:51:47.464	43	33.5773	(332, 875)	(33, 88)	0
00:51:47.511	49	33.9074	(335, 883)	(34, 88)	0
00:51:47.568	48	33.4542	(335, 885)	(34, 89)	0
00:51:47.623	45	33.6821	(338, 895)	(34, 90)	0
00:51:47.671	61	33.461	(341, 905)	(34, 91)	0
00:51:47.735	48	33.304	(345, 914)	(35, 91)	0
00:51:47.790	48	33.3874	(346, 915)	(35, 92)	0
00:51:47.850	45	33.1393	(350, 925)	(35, 93)	0
00:51:47.901	48	33.344	(355, 931)	(36, 93)	0
00:51:47.959	50	32.9113	(357, 935)	(36, 94)	0
00:51:48.012	52	33.165	(364, 945)	(36, 95)	0
00:51:48.068	47	33.0738	(365, 945)	(37, 95)	0
00:51:48.123	44	32.8124	(373, 955)	(37, 96)	0
00:51:48.172	50	33.0068	(375, 956)	(38, 96)	0
00:51:48.229	53	32.9969	(384, 965)	(38, 97)	0
00:51:48.292	42	32.5836	(385, 966)	(39, 97)	0
00:51:48.339	43	32.6182	(395, 975)	(40, 98)	0
00:51:48.390	45	32.591	(405, 982)	(41, 98)	0
00:51:48.444	46	32.319	(411, 987)	(41, 99)	0
00:51:48.492	47	32.5136	(415, 989)	(42, 99)	0
00:51:48.549	48	32.1001	(423, 995)	(42, 100)	0
00:51:48.604	48	32.4206	(425, 996)	(43, 100)	0
00:51:48.659	45	32.0831	(435, 1001)	(44, 100)	0
00:51:48.709	49	32.4759	(441, 1005)	(44, 101)	0
00:51:48.764	51	32.0893	(446, 1007)	(45, 101)	0
00:51:48.819	51	32.3579	(455, 1012)	(46, 101)	0
00:51:48.875	46	32.0273	(461, 1015)	(46, 102)	0
00:51:48.931	41	32.0563	(465, 1017)	(47, 102)	0
00:51:48.978	46	32.2523	(475, 1022)	(48, 102)	0
00:51:49.028	51	32.1022	(481, 1025)	(48, 103)	0
00:51:49.086	47	31.8902	(485, 1026)	(49, 103)	0
00:51:49.138	41	31.9735	(495, 1030)	(50, 103)	0
00:51:49.186	47	32.0516	(505, 1034)	(51, 103)	0
00:51:49.243	52	31.9287	(506, 1035)	(51, 104)	0
00:51:49.303	48	31.8453	(515, 1037)	(52, 104)	0
00:51:49.354	44	31.8745	(525, 1040)	(53, 104)	0
00:51:49.402	48	31.6421	(540, 1043)	(54, 104)	0
00:51:49.468	52	31.6028	(545, 1044)	(55, 104)	0
00:51:49.543	44	31.4578	(549, 1045)	(55, 105)	0
00:51:49.590	47	31.5505	(555, 1046)	(56, 105)	0
00:51:49.647	51	31.664	(577, 1050)	(58, 105)	0
00:51:49.702	44	31.8093	(585, 1052)	(59, 105)	0
00:51:49.750	43	31.6006	(595, 1053)	(60, 105)	0
00:51:49.802	51	31.5126	(605, 1054)	(61, 105)	0
00:51:49.863	50	31.4279	(608, 1055)	(61, 106)	0
00:51:49.918	47	31.4116	(615, 1056)	(62, 106)	0
00:51:49.976	44	31.4941	(625, 1057)	(63, 106)	0
00:51:50.029	48	31.3227	(635, 1058)	(64, 106)	0
00:51:50.085	49	31.3877	(645, 1059)	(65, 106)	0
00:51:50.140	47	31.4302	(655, 1060)	(66, 106)	0
00:51:50.194	44	31.7474	(665, 1061)	(67, 106)	0
00:51:50.245	50	31.3643	(675, 1061)	(68, 106)	0
00:51:50.301	50	31.4993	(685, 1063)	(69, 106)	0
00:51:50.357	44	31.7575	(695, 1063)	(70, 106)	0
00:51:50.403	41	31.8825	(705, 1064)	(71, 106)	0
00:51:50.452	47	31.6844	(715, 1064)	(72, 106)	0
00:51:50.517	50	31.8249	(719, 1065)	(72, 107)	0
00:51:50.577	41	31.7542	(725, 1065)	(73, 107)	0
00:51:50.625	43	31.7407	(735, 1066)	(74, 107)	0
00:51:50.679	49	31.9801	(745, 1066)	(75, 107)	0
00:51:50.740	48	31.5921	(755, 1066)	(76, 107)	0
00:51:50.793	42	31.9421	(765, 1066)	(77, 107)	0
00:51:50.843	50	31.6073	(775, 1067)	(78, 107)	0
00:51:50.898	51	31.943	(785, 1067)	(79, 107)	0
00:51:50.954	47	31.9126	(795, 1068)	(80, 107)	0
00:51:51.009	43	31.8062	(805, 1069)	(81, 107)	0
00:51:51.062	55	31.955	(815, 1070)	(82, 107)	0
00:51:51.128	47	31.8708	(825, 1071)	(83, 107)	0
00:51:51.185	45	31.8794	(835, 1072)	(84, 107)	0
00:51:51.239	43	32.0569	(845, 1073)	(85, 107)	0
00:51:51.286	48	31.9013	(856, 1074)	(86, 107)	0
00:51:51.343	51	32.1163	(862, 1075)	(86, 108)	0
00:51:51.410	43	31.8816	(865, 1075)	(87, 108)	0
00:51:51.459	41	32.0348	(875, 1075)	(88, 108)	0
00:51:51.510	51	31.908	(885, 1076)	(89, 108)	0
00:51:51.570	45	31.8404	(895, 1077)	(90, 108)	0
00:51:51.630	45	31.8366	(905, 1078)	(91, 108)	0
00:51:51.684	55	31.8655	(915, 1078)	(92, 108)	0
00:51:51.746	51	31.888	(925, 1079)	(93, 108)	0
00:51:51.802	47	31.6394	(935, 1080)	(94, 108)	0
00:51:51.857	46	31.8699	(945, 1081)	(95, 108)	0
00:51:51.913	49	31.8924	(955, 1082)	(96, 108)	0
00:51:51.969	50	31.7187	(965, 1082)	(97, 108)	0
00:51:52.024	48	31.8012	(975, 1083)	(98, 108)	0
00:51:52.079	40	31.9276	(986, 1083)	(99, 108)	0
00:51:52.129	47	31.9458	(995, 1084)	(100, 108)	0
00:51:52.193	45	31.4695	(1005, 1084)	(101, 108)	0
00:51:52.247	43	31.5858	(1015, 1084)	(102, 108)	0
00:51:52.294	40	31.5287	(1017, 1085)	(102, 109)	0
00:51:52.335	43	31.7465	(1025, 1085)	(103, 109)	0
00:51:52.387	49	31.5447	(1040, 1085)	(104, 109)	0
00:51:52.444	47	31.705	(1048, 1085)	(105, 109)	0
00:51:52.496	42	31.5419	(1055, 1086)	(106, 109)	0
00:51:52.545	42	31.0847	(1065, 1086)	(107, 109)	0
00:51:52.594	50	31.2636	(1075, 1086)	(108, 109)	0
00:51:52.664	45	31.1538	(1085, 1086)	(109, 109)	0
00:51:52.718	40	30.7295	(1096, 1086)	(110, 109)	0
00:51:52.771	49	30.7247	(1105, 1086)	(111, 109)	0
00:51:52.831	51	30.9412	(1115, 1086)	(112, 109)	0
00:51:52.895	47	31.0199	(1126, 1086)	(113, 109)	0
00:51:52.948	48	30.857	(1135, 1086)	(114, 109)	0
00:51:53.007	49	30.4655	(1146, 1086)	(115, 109)	0
00:51:53.061	59	30.6793	(1155, 1086)	(116, 109)	0
00:51:53.129	42	30.741	(1166, 1086)	(117, 109)	0
00:51:53.180	44	30.4201	(1175, 1086)	(118, 109)	0
00:51:53.233	44	30.8096	(1185, 1085)	(119, 109)	0
00:51:53.283	49	30.568	(1188, 1084)	(119, 108)	0
00:51:53.339	45	30.4899	(1195, 1084)	(120, 108)	0
00:51:53.386	46	30.8713	(1205, 1082)	(121, 108)	0
00:51:53.443	51	31.283	(1215, 1081)	(122, 108)	0
00:51:53.498	48	32.0049	(1225, 1081)	(123, 108)	0
00:51:53.553	40	32.0495	(1235, 1081)	(124, 108)	0
00:51:53.603	57	32.0987	(1245, 1080)	(125, 108)	0
00:51:53.666	51	32.3467	(1255, 1080)	(126, 108)	0
00:51:53.735	48	32.4025	(1265, 1079)	(127, 108)	0
00:51:53.788	42	32.6641	(1275, 1078)	(128, 108)	0
00:51:53.837	49	32.8839	(1286, 1077)	(129, 108)	0
00:51:53.898	51	33.2801	(1295, 1077)	(130, 108)	0
00:51:53.957	46	33.5963	(1305, 1077)	(131, 108)	0
00:51:54.011	45	33.8659	(1315, 1077)	(132, 108)	0
00:51:54.061	54	34.0194	(1325, 1077)	(133, 108)	0
00:51:54.125	52	34.5501	(1335, 1077)	(134, 108)	0
00:51:54.185	46	34.5825	(1345, 1077)	(135, 108)	0
00:51:54.235	46	34.8039	(1355, 1077)	(136, 108)	0
00:51:54.289	50	34.6969	(1365, 1079)	(137, 108)	0
00:51:54.346	51	34.8572	(1375, 1080)	(138, 108)	0
00:51:54.402	47	35.0917	(1385, 1081)	(139, 108)	0
00:51:54.456	47	35.3167	(1395, 1081)	(140, 108)	0
00:51:54.514	53	35.2554	(1405, 1083)	(141, 108)	0
00:51:54.575	46	35.7919	(1416, 1084)	(142, 108)	0
00:51:54.623	52	35.8046	(1418, 1085)	(142, 109)	0
00:51:54.681	54	35.7997	(1425, 1085)	(143, 109)	0
00:51:54.749	55	36.227	(1437, 1088)	(144, 109)	0
00:51:54.822	51	36.3286	(1445, 1088)	(145, 109)	0
00:51:54.881	47	36.3419	(1455, 1089)	(146, 109)	0
00:51:54.936	49	36.2111	(1465, 1090)	(147, 109)	0
00:51:54.994	51	36.285	(1476, 1091)	(148, 109)	0
00:51:55.048	50	36.6548	(1485, 1092)	(149, 109)	0
00:51:55.103	51	36.5394	(1495, 1093)	(150, 109)	0
00:51:55.158	56	36.608	(1505, 1093)	(151, 109)	0
00:51:55.221	49	36.889	(1515, 1093)	(152, 109)	0
00:51:55.278	53	36.815	(1525, 1093)	(153, 109)	0
00:51:55.348	56	36.9372	(1535, 1094)	(154, 109)	0
00:51:55.410	56	36.9396	(1545, 1094)	(155, 109)	0
00:51:55.473	47	37.0274	(1555, 1094)	(156, 109)	0
00:51:55.527	52	37.1216	(1565, 1094)	(157, 109)	0
00:51:55.585	54	37.1169	(1566, 1095)	(157, 110)	0
00:51:55.645	47	36.9295	(1575, 1095)	(158, 110)	0
00:51:55.694	46	36.7567	(1585, 1095)	(159, 110)	0
00:51:55.742	53	36.8339	(1596, 1096)	(160, 110)	0
00:51:55.800	54	36.7548	(1605, 1096)	(161, 110)	0
00:51:55.872	50	36.3348	(1615, 1096)	(162, 110)	0
00:51:55.930	50	36.3319	(1625, 1097)	(163, 110)	0
00:51:55.987	52	36.0194	(1635, 1097)	(164, 110)	0
00:51:56.050	60	35.6396	(1645, 1097)	(165, 110)	0
00:51:56.118	52	35.3273	(1655, 1098)	(166, 110)	0
00:51:56.178	57	35.2836	(1665, 1098)	(167, 110)	0
00:51:56.244	53	35.108	(1675, 1099)	(168, 110)	0
00:51:56.306	47	35.0464	(1685, 1099)	(169, 110)	0
00:51:56.364	51	34.509	(1695, 1100)	(170, 110)	0
00:51:56.433	53	34.3139	(1705, 1100)	(171, 110)	0
00:51:56.496	49	33.9723	(1715, 1101)	(172, 110)	0
00:51:56.549	47	34.1372	(1725, 1101)	(173, 110)	0
00:51:56.604	52	33.9699	(1735, 1103)	(174, 110)	0
00:51:56.663	48	33.787	(1748, 1104)	(175, 110)	0
00:51:56.715	46	33.7264	(1753, 1105)	(175, 111)	0
00:51:56.765	48	33.539	(1755, 1105)	(176, 111)	0
00:51:56.821	50	33.6123	(1765, 1106)	(177, 111)	0
00:51:56.881	47	33.3447	(1775, 1107)	(178, 111)	0
00:51:56.938	43	32.5483	(1785, 1108)	(179, 111)	0
00:51:56.986	44	32.8133	(1798, 1109)	(180, 111)	0
00:51:57.036	49	32.6283	(1806, 1111)	(181, 111)	0
00:51:57.092	50	32.2687	(1815, 1112)	(182, 111)	0
00:51:57.147	43	32.1372	(1825, 1112)	(183, 111)	0
00:51:57.195	44	31.8705	(1835, 1113)	(184, 111)	0
00:51:57.245	47	31.7604	(1850, 1114)	(185, 111)	0
00:51:57.300	45	31.9268	(1855, 1114)	(186, 111)	0
00:51:57.349	49	31.6156	(1858, 1115)	(186, 112)	0
00:51:57.411	46	31.3973	(1865, 1116)	(187, 112)	0
00:51:57.467	49	31.0916	(1877, 1117)	(188, 112)	0
00:51:57.524	46	31.2748	(1885, 1118)	(189, 112)	0
00:51:57.578	44	31.3464	(1895, 1120)	(190, 112)	0
00:51:57.628	49	30.755	(1905, 1121)	(191, 112)	0
00:51:57.684	48	29.5764	(0, 0)	(0, 0)	0
EOM

