BOM
Frame extends: 2263, 1306
_ms_area: 10
measurements taken: 585
current rendering method: 0
is mouse replay: 1
Camera settings: Roation Quaternion: ( -0.748984, 0.14431, -0.646606, -0.00927751), Translationsvektor: ( -0.0185595, -0.0459418, 1.325).
System_Time	Elapsed_Time_PaintGL	Elapsed_Kernel_Time	Frame_Coordinates	Grid_Position	Manual_Measurement
00:12:35.635	86	77.7025	(318, 226)	(32, 23)	98
00:12:35.731	88	77.5561	(325, 225)	(33, 23)	98
00:12:35.825	89	77.708	(335, 225)	(34, 23)	98
00:12:35.923	90	77.6618	(345, 225)	(35, 23)	98
00:12:36.019	86	77.6519	(357, 225)	(36, 23)	98
00:12:36.112	89	77.5446	(372, 225)	(37, 23)	98
00:12:36.206	85	77.7095	(375, 225)	(38, 23)	98
00:12:36.299	90	77.616	(385, 225)	(39, 23)	98
00:12:36.396	89	77.6019	(395, 225)	(40, 23)	98
00:12:36.493	90	77.6239	(405, 225)	(41, 23)	98
00:12:36.591	91	77.5554	(415, 225)	(42, 23)	98
00:12:36.688	90	77.6441	(425, 225)	(43, 23)	98
00:12:36.786	87	77.7305	(435, 226)	(44, 23)	98
00:12:36.882	88	77.7319	(445, 226)	(45, 23)	98
00:12:36.980	90	77.645	(455, 226)	(46, 23)	98
00:12:37.076	84	77.7782	(465, 227)	(47, 23)	98
00:12:37.168	88	77.7117	(475, 227)	(48, 23)	98
00:12:37.263	85	77.5996	(485, 228)	(49, 23)	98
00:12:37.355	89	77.6839	(495, 228)	(50, 23)	98
00:12:37.452	86	77.6951	(505, 229)	(51, 23)	98
00:12:37.543	91	77.6381	(515, 229)	(52, 23)	98
00:12:37.639	86	77.7861	(525, 229)	(53, 23)	98
00:12:37.731	90	77.6267	(535, 229)	(54, 23)	98
00:12:37.828	87	77.7262	(545, 229)	(55, 23)	98
00:12:37.919	89	77.461	(555, 229)	(56, 23)	98
00:12:38.017	88	77.7341	(565, 229)	(57, 23)	98
00:12:38.114	89	77.5761	(575, 229)	(58, 23)	98
00:12:38.210	94	77.648	(585, 229)	(59, 23)	98
00:12:38.306	85	77.5788	(596, 229)	(60, 23)	98
00:12:38.398	91	77.5464	(605, 230)	(61, 23)	98
00:12:38.496	89	77.6184	(615, 230)	(62, 23)	98
00:12:38.593	90	77.6779	(626, 230)	(63, 23)	98
00:12:38.690	88	77.6824	(635, 230)	(64, 23)	98
00:12:38.790	90	77.6199	(645, 230)	(65, 23)	98
00:12:38.887	88	77.6916	(655, 230)	(66, 23)	98
00:12:38.981	86	77.7176	(665, 230)	(67, 23)	98
00:12:39.073	89	77.7261	(680, 230)	(68, 23)	98
00:12:39.168	85	77.704	(685, 230)	(69, 23)	98
00:12:39.260	90	77.6603	(695, 230)	(70, 23)	98
00:12:39.356	84	77.6702	(705, 230)	(71, 23)	98
00:12:39.448	90	77.6123	(715, 230)	(72, 23)	98
00:12:39.547	88	77.7019	(725, 230)	(73, 23)	98
00:12:39.643	90	77.5514	(735, 230)	(74, 23)	98
00:12:39.741	90	77.6742	(749, 230)	(75, 23)	98
00:12:39.837	92	77.5884	(756, 230)	(76, 23)	98
00:12:39.938	89	77.5511	(766, 230)	(77, 23)	98
00:12:40.032	89	77.608	(775, 230)	(78, 23)	98
00:12:40.129	91	77.655	(785, 230)	(79, 23)	98
00:12:40.226	86	77.5764	(796, 229)	(80, 23)	98
00:12:40.317	89	77.5566	(805, 229)	(81, 23)	98
00:12:40.412	85	77.7028	(815, 229)	(82, 23)	98
00:12:40.524	88	77.6127	(825, 228)	(83, 23)	98
00:12:40.615	85	77.7993	(835, 228)	(84, 23)	98
00:12:40.705	84	77.7987	(845, 228)	(85, 23)	98
00:12:40.802	86	77.7761	(855, 228)	(86, 23)	98
00:12:40.918	86	77.6791	(865, 228)	(87, 23)	98
00:12:41.023	86	77.6687	(875, 228)	(88, 23)	98
00:12:41.124	89	77.7883	(885, 228)	(89, 23)	98
00:12:41.220	84	77.8479	(895, 228)	(90, 23)	98
00:12:41.311	88	77.8293	(905, 228)	(91, 23)	98
00:12:41.402	86	77.7338	(915, 228)	(92, 23)	98
00:12:41.493	90	77.6855	(925, 228)	(93, 23)	98
00:12:41.589	89	77.635	(935, 228)	(94, 23)	98
00:12:41.686	90	77.6576	(945, 227)	(95, 23)	98
00:12:41.786	89	77.8573	(957, 227)	(96, 23)	98
00:12:41.880	85	78.7172	(966, 227)	(97, 23)	98
00:12:41.969	86	78.597	(975, 227)	(98, 23)	98
00:12:42.062	85	77.9181	(985, 227)	(99, 23)	98
00:12:42.152	90	77.664	(995, 227)	(100, 23)	98
00:12:42.253	87	77.7966	(1005, 227)	(101, 23)	98
00:12:42.347	89	77.5982	(1015, 226)	(102, 23)	98
00:12:42.444	97	77.9067	(1025, 226)	(103, 23)	98
00:12:42.549	89	77.7062	(1035, 226)	(104, 23)	98
00:12:42.650	92	77.9221	(1045, 225)	(105, 23)	98
00:12:42.750	91	77.6887	(1055, 225)	(106, 23)	98
00:12:42.848	87	77.9899	(1065, 225)	(107, 23)	98
00:12:42.943	85	77.6994	(1071, 224)	(107, 22)	98
00:12:43.036	89	78.0439	(1075, 224)	(108, 22)	98
00:12:43.131	86	77.8419	(1085, 224)	(109, 22)	98
00:12:43.223	90	77.7471	(1095, 224)	(110, 22)	98
00:12:43.319	87	77.9793	(1105, 224)	(111, 22)	98
00:12:43.415	89	77.6413	(1115, 224)	(112, 22)	98
00:12:43.508	86	77.9521	(1125, 224)	(113, 22)	98
00:12:43.597	85	77.7582	(1135, 224)	(114, 22)	98
00:12:43.693	88	77.8942	(1146, 223)	(115, 22)	98
00:12:43.785	83	77.9612	(1155, 223)	(116, 22)	98
00:12:43.875	84	77.9733	(1165, 223)	(117, 22)	98
00:12:43.967	87	77.5428	(1175, 223)	(118, 22)	98
00:12:44.065	88	77.7421	(1185, 223)	(119, 22)	98
00:12:44.159	84	77.6831	(1195, 223)	(120, 22)	98
00:12:44.250	92	80.1305	(1205, 223)	(121, 22)	98
00:12:44.349	87	79.9258	(1215, 223)	(122, 22)	98
00:12:44.453	87	80.1314	(1225, 223)	(123, 22)	98
00:12:44.551	85	78.7847	(1235, 223)	(124, 22)	98
00:12:44.640	88	77.9302	(1245, 223)	(125, 22)	98
00:12:44.739	87	77.924	(1255, 223)	(126, 22)	98
00:12:44.838	89	77.5988	(1265, 224)	(127, 22)	98
00:12:44.934	88	78.0079	(1275, 224)	(128, 22)	98
00:12:45.028	85	77.7224	(1282, 225)	(128, 23)	98
00:12:45.120	89	77.8218	(1285, 225)	(129, 23)	98
00:12:45.219	85	77.6225	(1295, 226)	(130, 23)	98
00:12:45.308	90	77.6388	(1305, 226)	(131, 23)	98
00:12:45.404	86	77.8576	(1316, 228)	(132, 23)	98
00:12:45.496	92	77.6812	(1326, 228)	(133, 23)	98
00:12:45.595	91	78.2597	(1335, 228)	(134, 23)	98
00:12:45.694	84	78.8944	(1345, 229)	(135, 23)	98
00:12:45.804	84	77.9547	(1355, 230)	(136, 23)	98
00:12:45.892	84	77.8239	(1366, 230)	(137, 23)	98
00:12:45.985	89	77.8554	(1375, 230)	(138, 23)	98
00:12:46.081	85	77.7513	(1386, 231)	(139, 23)	98
00:12:46.172	84	77.8994	(1395, 231)	(140, 23)	98
00:12:46.259	84	77.661	(1405, 232)	(141, 23)	98
00:12:46.351	89	77.4696	(1415, 232)	(142, 23)	98
00:12:46.448	85	77.8099	(1425, 232)	(143, 23)	98
00:12:46.539	90	77.696	(1435, 233)	(144, 23)	98
00:12:46.634	83	77.7305	(1445, 234)	(145, 23)	98
00:12:46.725	86	77.7544	(1455, 234)	(146, 23)	98
00:12:46.817	88	77.6953	(1465, 234)	(147, 23)	98
00:12:46.918	90	77.6556	(1478, 234)	(148, 23)	98
00:12:47.019	96	77.8004	(1485, 234)	(149, 23)	98
00:12:47.122	91	77.6917	(1488, 235)	(149, 24)	98
00:12:47.220	90	77.6319	(1495, 235)	(150, 24)	98
00:12:47.318	84	77.6942	(1506, 235)	(151, 24)	98
00:12:47.412	85	77.6077	(1516, 235)	(152, 24)	98
00:12:47.505	86	77.6237	(1526, 236)	(153, 24)	98
00:12:47.603	89	77.6424	(1535, 236)	(154, 24)	98
00:12:47.699	86	77.7353	(1546, 236)	(155, 24)	98
00:12:47.790	86	77.7843	(1556, 237)	(156, 24)	98
00:12:47.888	86	77.7117	(1565, 237)	(157, 24)	98
00:12:47.976	86	77.7289	(1575, 238)	(158, 24)	98
00:12:48.068	87	77.6899	(1585, 238)	(159, 24)	98
00:12:48.156	86	77.7145	(1595, 239)	(160, 24)	98
00:12:48.249	90	77.7326	(1605, 239)	(161, 24)	98
00:12:48.344	85	77.8316	(1615, 240)	(162, 24)	98
00:12:48.439	89	77.7496	(1625, 240)	(163, 24)	98
00:12:48.533	85	77.7628	(1636, 241)	(164, 24)	98
00:12:48.624	88	77.6141	(1645, 242)	(165, 24)	98
00:12:48.722	87	77.827	(1655, 242)	(166, 24)	98
00:12:48.817	94	77.695	(1666, 243)	(167, 24)	98
00:12:48.916	87	77.8062	(1676, 244)	(168, 24)	98
00:12:49.004	87	77.6533	(1677, 245)	(168, 25)	98
00:12:49.111	91	77.7136	(1686, 245)	(169, 25)	98
00:12:49.206	86	77.759	(1696, 246)	(170, 25)	98
00:12:49.299	90	77.7363	(1705, 246)	(171, 25)	98
00:12:49.395	87	77.6951	(1715, 248)	(172, 25)	98
00:12:49.488	89	77.6424	(1726, 249)	(173, 25)	98
00:12:49.583	87	77.613	(1735, 250)	(174, 25)	98
00:12:49.674	87	77.7809	(1745, 251)	(175, 25)	98
00:12:49.772	90	77.6606	(1755, 253)	(176, 25)	98
00:12:49.867	85	77.8656	(1765, 254)	(177, 25)	98
00:12:49.959	87	77.6455	(1768, 255)	(177, 26)	98
00:12:50.048	86	77.7116	(1775, 256)	(178, 26)	98
00:12:50.139	90	77.7375	(1785, 258)	(179, 26)	98
00:12:50.237	85	77.8203	(1795, 260)	(180, 26)	98
00:12:50.332	82	77.6363	(1805, 262)	(181, 26)	98
00:12:50.423	84	77.8418	(1815, 264)	(182, 26)	98
00:12:50.514	84	77.7519	(1817, 265)	(182, 27)	98
00:12:50.605	84	77.9407	(1825, 267)	(183, 27)	98
00:12:50.694	84	77.921	(1838, 271)	(184, 27)	98
00:12:50.785	99	77.8409	(1845, 273)	(185, 27)	98
00:12:50.890	85	77.9292	(1849, 275)	(185, 28)	98
00:12:50.992	95	78.0321	(1858, 278)	(186, 28)	98
00:12:51.098	85	78.0547	(1865, 280)	(187, 28)	98
00:12:51.202	84	78.0019	(1874, 285)	(187, 29)	98
00:12:51.301	84	77.8683	(1875, 285)	(188, 29)	98
00:12:51.405	83	77.9486	(1885, 289)	(189, 29)	98
00:12:51.502	84	77.9557	(1895, 294)	(190, 29)	98
00:12:51.602	88	77.9319	(1895, 295)	(190, 30)	98
00:12:51.704	83	77.8161	(1905, 299)	(191, 30)	98
00:12:51.803	85	77.7794	(1912, 305)	(191, 31)	98
00:12:51.891	84	77.9441	(1915, 307)	(192, 31)	98
00:12:51.981	85	77.8296	(1925, 314)	(193, 31)	98
00:12:52.071	84	77.6548	(1926, 315)	(193, 32)	98
00:12:52.161	85	77.7268	(1935, 322)	(194, 32)	98
00:12:52.252	90	77.7095	(1937, 325)	(194, 33)	98
00:12:52.350	86	77.672	(1945, 333)	(195, 33)	98
00:12:52.442	84	77.6844	(1947, 335)	(195, 34)	98
00:12:52.529	85	77.6797	(1955, 344)	(196, 34)	98
00:12:52.622	87	77.8092	(1955, 345)	(196, 35)	98
00:12:52.719	85	77.6861	(1963, 355)	(196, 36)	98
00:12:52.807	84	77.5717	(1965, 358)	(197, 36)	98
00:12:52.898	85	77.8895	(1968, 365)	(197, 37)	98
00:12:52.989	85	77.9367	(1973, 375)	(197, 38)	98
00:12:53.086	84	77.7156	(1975, 379)	(198, 38)	98
00:12:53.178	90	77.6841	(1976, 385)	(198, 39)	98
00:12:53.278	91	77.6772	(1980, 395)	(198, 40)	98
00:12:53.377	84	77.7265	(1982, 405)	(198, 41)	98
00:12:53.468	87	77.7471	(1984, 415)	(198, 42)	98
00:12:53.561	86	77.6086	(1985, 417)	(199, 42)	98
00:12:53.657	91	77.6856	(1985, 425)	(199, 43)	98
00:12:53.754	86	77.985	(1987, 435)	(199, 44)	98
00:12:53.844	84	77.7724	(1988, 445)	(199, 45)	98
00:12:53.936	89	77.6724	(1989, 455)	(199, 46)	98
00:12:54.031	84	77.7391	(1989, 465)	(199, 47)	98
00:12:54.122	84	77.6607	(1989, 475)	(199, 48)	98
00:12:54.212	86	77.7366	(1988, 485)	(199, 49)	98
00:12:54.305	88	77.6639	(1985, 495)	(199, 50)	98
00:12:54.404	84	77.7424	(1984, 495)	(198, 50)	98
00:12:54.500	88	77.8049	(1980, 505)	(198, 51)	98
00:12:54.602	84	77.6719	(1972, 516)	(197, 52)	98
00:12:54.695	96	77.5867	(1965, 525)	(197, 53)	98
00:12:54.796	83	77.7668	(1964, 526)	(196, 53)	98
00:12:54.887	84	77.7421	(1954, 534)	(195, 53)	98
00:12:54.984	95	77.7708	(1953, 535)	(195, 54)	98
00:12:55.087	85	77.805	(1944, 539)	(194, 54)	98
00:12:55.179	91	77.6996	(1937, 545)	(194, 55)	98
00:12:55.275	84	77.7507	(1934, 547)	(193, 55)	98
00:12:55.366	85	77.7145	(1924, 555)	(192, 56)	98
00:12:55.458	88	77.5255	(1914, 561)	(191, 56)	98
00:12:55.555	87	77.6009	(1907, 565)	(191, 57)	98
00:12:55.651	87	77.6775	(1904, 567)	(190, 57)	98
00:12:55.743	91	77.6578	(1894, 572)	(189, 57)	98
00:12:55.842	85	77.7487	(1890, 575)	(189, 58)	98
00:12:55.928	88	77.7913	(1884, 577)	(188, 58)	98
00:12:56.030	92	77.7856	(1874, 581)	(187, 58)	98
00:12:56.130	84	77.7261	(1866, 585)	(187, 59)	98
00:12:56.222	84	77.8073	(1864, 585)	(186, 59)	98
00:12:56.311	83	77.6996	(1854, 590)	(185, 59)	98
00:12:56.403	83	77.7224	(1844, 594)	(184, 59)	98
00:12:56.492	85	77.7714	(1843, 595)	(184, 60)	98
00:12:56.583	86	77.6751	(1834, 597)	(183, 60)	98
00:12:56.676	88	77.6293	(1823, 601)	(182, 60)	98
00:12:56.771	88	77.6748	(1810, 606)	(181, 61)	98
00:12:56.872	90	77.7329	(1804, 609)	(180, 61)	98
00:12:56.969	89	77.5877	(1794, 612)	(179, 61)	98
00:12:57.066	85	77.5607	(1787, 615)	(179, 62)	98
00:12:57.159	84	77.7076	(1784, 616)	(178, 62)	98
00:12:57.250	85	77.7815	(1774, 619)	(177, 62)	98
00:12:57.341	87	77.6033	(1764, 622)	(176, 62)	98
00:12:57.432	87	77.7877	(1758, 625)	(176, 63)	98
00:12:57.528	86	77.7415	(1754, 626)	(175, 63)	98
00:12:57.622	90	77.6133	(1744, 628)	(174, 63)	98
00:12:57.717	86	77.6324	(1734, 631)	(173, 63)	98
00:12:57.808	91	77.7046	(1724, 633)	(172, 63)	98
00:12:57.911	87	77.7199	(1715, 635)	(172, 64)	98
00:12:58.013	91	77.6831	(1714, 635)	(171, 64)	98
00:12:58.121	85	77.5982	(1704, 637)	(170, 64)	98
00:12:58.209	84	77.7676	(1694, 638)	(169, 64)	98
00:12:58.307	87	77.7178	(1684, 640)	(168, 64)	98
00:12:58.400	90	77.7022	(1674, 641)	(167, 64)	98
00:12:58.495	90	77.7341	(1664, 642)	(166, 64)	98
00:12:58.592	86	77.759	(1654, 643)	(165, 64)	98
00:12:58.683	92	77.6948	(1644, 644)	(164, 64)	98
00:12:58.781	87	77.657	(1633, 644)	(163, 64)	98
00:12:58.869	85	77.669	(1624, 644)	(162, 64)	98
00:12:58.985	88	77.7839	(1614, 644)	(161, 64)	98
00:12:59.082	91	77.536	(1604, 644)	(160, 64)	98
00:12:59.184	100	77.7516	(1594, 644)	(159, 64)	98
00:12:59.288	91	77.6686	(1584, 644)	(158, 64)	98
00:12:59.386	94	77.6025	(1574, 644)	(157, 64)	98
00:12:59.490	90	77.708	(1564, 644)	(156, 64)	98
00:12:59.590	89	77.7446	(1554, 644)	(155, 64)	98
00:12:59.686	91	77.6575	(1548, 645)	(155, 65)	98
00:12:59.784	88	77.7871	(1544, 645)	(154, 65)	98
00:12:59.880	87	77.6656	(1534, 645)	(153, 65)	98
00:12:59.979	89	77.7259	(1524, 646)	(152, 65)	98
00:13:00.072	84	77.6902	(1514, 647)	(151, 65)	98
00:13:00.166	91	77.604	(1504, 648)	(150, 65)	98
00:13:00.262	85	77.6338	(1494, 649)	(149, 65)	98
00:13:00.351	85	77.7041	(1484, 651)	(148, 65)	98
00:13:00.445	88	77.6827	(1474, 652)	(147, 65)	98
00:13:00.538	85	77.6754	(1464, 652)	(146, 65)	98
00:13:00.634	87	77.665	(1454, 653)	(145, 65)	98
00:13:00.727	84	77.6726	(1444, 654)	(144, 65)	98
00:13:00.818	90	77.6896	(1434, 654)	(143, 65)	98
00:13:00.916	85	77.6102	(1419, 654)	(142, 65)	98
00:13:01.063	87	77.6585	(1414, 654)	(141, 65)	98
00:13:01.157	85	77.783	(1404, 654)	(140, 65)	98
00:13:01.250	89	77.6991	(1394, 654)	(139, 65)	98
00:13:01.345	85	77.7911	(1384, 654)	(138, 65)	98
00:13:01.436	91	77.689	(1374, 654)	(137, 65)	98
00:13:01.535	89	77.621	(1356, 653)	(136, 65)	98
00:13:01.631	90	77.6179	(1354, 653)	(135, 65)	98
00:13:01.728	90	77.5921	(1344, 652)	(134, 65)	98
00:13:01.825	91	77.6416	(1334, 651)	(133, 65)	98
00:13:01.927	88	77.6831	(1323, 651)	(132, 65)	98
00:13:02.143	85	77.7139	(1314, 650)	(131, 65)	98
00:13:02.246	91	77.5025	(1303, 649)	(130, 65)	98
00:13:02.380	86	77.6079	(1294, 648)	(129, 65)	98
00:13:02.472	90	77.5507	(1284, 647)	(128, 65)	98
00:13:02.571	89	77.6702	(1274, 647)	(127, 65)	98
00:13:02.667	89	77.6062	(1264, 646)	(126, 65)	98
00:13:02.764	89	77.5917	(1256, 644)	(126, 64)	98
00:13:02.861	90	77.6576	(1254, 644)	(125, 64)	98
00:13:02.959	90	77.6766	(1244, 643)	(124, 64)	98
00:13:03.055	86	77.7473	(1234, 643)	(123, 64)	98
00:13:03.153	90	77.6529	(1224, 641)	(122, 64)	98
00:13:03.250	87	77.6756	(1214, 641)	(121, 64)	98
00:13:03.341	90	77.5917	(1204, 641)	(120, 64)	98
00:13:03.437	87	77.7477	(1194, 640)	(119, 64)	98
00:13:03.530	89	77.7479	(1184, 639)	(118, 64)	98
00:13:03.633	87	77.5664	(1174, 639)	(117, 64)	98
00:13:03.763	85	77.7396	(1164, 637)	(116, 64)	98
00:13:03.855	83	77.6896	(1154, 637)	(115, 64)	98
00:13:03.947	89	77.6311	(1144, 636)	(114, 64)	98
00:13:04.044	90	77.772	(1134, 636)	(113, 64)	98
00:13:04.141	90	77.6624	(1124, 635)	(112, 64)	98
00:13:04.240	88	77.7385	(1114, 635)	(111, 64)	98
00:13:04.336	89	77.6387	(1110, 634)	(111, 63)	98
00:13:04.433	89	77.6613	(1104, 634)	(110, 63)	98
00:13:04.528	85	77.8495	(1093, 633)	(109, 63)	98
00:13:04.620	88	77.5505	(1084, 632)	(108, 63)	98
00:13:04.717	86	77.66	(1074, 632)	(107, 63)	98
00:13:04.807	87	77.664	(1064, 631)	(106, 63)	98
00:13:04.899	88	77.715	(1051, 631)	(105, 63)	98
00:13:04.996	90	77.6464	(1032, 629)	(103, 63)	98
00:13:05.093	92	77.7117	(1024, 629)	(102, 63)	98
00:13:05.189	83	77.5905	(1014, 629)	(101, 63)	98
00:13:05.279	87	77.505	(1004, 628)	(100, 63)	98
00:13:05.377	91	77.797	(994, 627)	(99, 63)	98
00:13:05.513	88	77.6416	(984, 627)	(98, 63)	98
00:13:05.705	88	77.5961	(974, 627)	(97, 63)	98
00:13:05.803	86	77.5364	(964, 626)	(96, 63)	98
00:13:05.895	85	77.6301	(954, 626)	(95, 63)	98
00:13:05.992	87	77.5516	(944, 626)	(94, 63)	98
00:13:06.092	87	77.6561	(934, 625)	(93, 63)	98
00:13:06.184	84	77.6305	(927, 624)	(93, 62)	98
00:13:06.274	85	77.5227	(924, 624)	(92, 62)	98
00:13:06.371	86	77.8172	(914, 623)	(91, 62)	98
00:13:06.495	86	77.6487	(904, 622)	(90, 62)	98
00:13:06.588	84	77.6664	(894, 621)	(89, 62)	98
00:13:06.734	87	77.7108	(884, 620)	(88, 62)	98
00:13:06.822	85	77.6713	(873, 619)	(87, 62)	98
00:13:06.916	86	77.4956	(864, 619)	(86, 62)	98
00:13:07.011	86	77.5916	(854, 619)	(85, 62)	98
00:13:07.123	90	77.6387	(843, 618)	(84, 62)	98
00:13:07.220	86	77.7204	(834, 618)	(83, 62)	98
00:13:07.313	90	77.685	(823, 617)	(82, 62)	98
00:13:07.413	88	77.7693	(814, 617)	(81, 62)	98
00:13:07.504	86	77.6877	(804, 617)	(80, 62)	98
00:13:07.596	89	77.6987	(794, 617)	(79, 62)	98
00:13:07.693	89	77.6001	(784, 616)	(78, 62)	98
00:13:07.789	88	77.7637	(772, 616)	(77, 62)	98
00:13:07.888	90	77.643	(764, 615)	(76, 62)	98
00:13:07.985	89	77.6007	(754, 615)	(75, 62)	98
00:13:08.081	85	77.8031	(744, 615)	(74, 62)	98
00:13:08.172	89	77.6607	(734, 615)	(73, 62)	98
00:13:08.270	87	77.5624	(724, 615)	(72, 62)	98
00:13:08.367	90	77.6092	(714, 615)	(71, 62)	98
00:13:08.465	89	77.5332	(704, 615)	(70, 62)	98
00:13:08.563	90	77.6347	(694, 615)	(69, 62)	98
00:13:08.659	93	77.5519	(684, 615)	(68, 62)	98
00:13:08.759	88	77.5521	(674, 615)	(67, 62)	98
00:13:08.854	91	77.6858	(664, 616)	(66, 62)	98
00:13:08.950	91	77.6742	(654, 617)	(65, 62)	98
00:13:09.051	90	77.6679	(644, 618)	(64, 62)	98
00:13:09.146	87	77.7047	(634, 618)	(63, 62)	98
00:13:09.243	89	77.6456	(624, 619)	(62, 62)	98
00:13:09.339	86	77.5935	(614, 619)	(61, 62)	98
00:13:09.430	89	77.7538	(604, 621)	(60, 62)	98
00:13:09.527	89	77.6729	(594, 621)	(59, 62)	98
00:13:09.626	89	77.6711	(584, 622)	(58, 62)	98
00:13:09.724	87	77.6881	(574, 624)	(57, 62)	98
00:13:09.818	87	77.7087	(566, 625)	(57, 63)	98
00:13:09.911	89	77.6963	(564, 625)	(56, 63)	98
00:13:10.006	84	77.7599	(554, 625)	(55, 63)	98
00:13:10.098	90	77.5756	(544, 626)	(54, 63)	98
00:13:10.194	88	77.7016	(534, 628)	(53, 63)	98
00:13:10.293	90	77.7548	(524, 629)	(52, 63)	98
00:13:10.389	87	77.5967	(514, 631)	(51, 63)	98
00:13:10.481	91	77.5224	(504, 633)	(50, 63)	98
00:13:10.577	87	77.7859	(494, 634)	(49, 63)	98
00:13:10.668	90	77.6604	(493, 635)	(49, 64)	98
00:13:10.765	87	77.5944	(484, 637)	(48, 64)	98
00:13:10.856	90	77.5636	(467, 641)	(47, 64)	98
00:13:10.954	91	77.7144	(464, 642)	(46, 64)	98
00:13:11.051	90	77.6459	(458, 645)	(46, 65)	98
00:13:11.148	90	77.6702	(454, 646)	(45, 65)	98
00:13:11.245	91	77.6313	(444, 650)	(44, 65)	98
00:13:11.343	89	77.6159	(434, 654)	(43, 65)	98
00:13:11.439	85	77.857	(432, 655)	(43, 66)	98
00:13:11.529	88	77.6708	(424, 658)	(42, 66)	98
00:13:11.621	84	77.5927	(414, 662)	(41, 66)	98
00:13:11.709	86	77.7341	(409, 665)	(41, 67)	98
00:13:11.801	86	77.6624	(404, 667)	(40, 67)	98
00:13:11.889	90	77.6049	(394, 671)	(39, 67)	98
00:13:11.989	90	77.7276	(387, 675)	(39, 68)	98
00:13:12.085	87	77.5261	(384, 676)	(38, 68)	98
00:13:12.177	88	77.7203	(374, 680)	(37, 68)	98
00:13:12.273	86	77.6841	(367, 685)	(37, 69)	98
00:13:12.364	90	77.5778	(364, 687)	(36, 69)	98
00:13:12.463	86	77.7784	(356, 695)	(36, 70)	98
00:13:12.559	92	77.6667	(354, 695)	(35, 70)	98
00:13:12.657	91	77.7892	(344, 704)	(34, 70)	98
00:13:12.758	90	77.5942	(344, 705)	(34, 71)	98
00:13:12.859	89	77.6945	(337, 715)	(34, 72)	98
00:13:12.953	86	77.8129	(335, 725)	(34, 73)	98
00:13:13.046	89	77.5742	(334, 727)	(33, 73)	98
00:13:13.141	85	77.6237	(331, 735)	(33, 74)	98
00:13:13.233	90	77.7788	(329, 746)	(33, 75)	98
00:13:13.330	83	77.5908	(329, 755)	(33, 76)	98
00:13:13.420	86	77.6727	(329, 765)	(33, 77)	98
00:13:13.511	87	77.8016	(329, 775)	(33, 78)	98
00:13:13.601	87	77.6499	(329, 785)	(33, 79)	98
00:13:13.700	90	77.6816	(329, 795)	(33, 80)	98
00:13:13.795	87	77.6093	(329, 805)	(33, 81)	98
00:13:13.887	90	77.6517	(329, 833)	(33, 83)	98
00:13:13.983	84	77.657	(329, 836)	(33, 84)	98
00:13:14.075	89	77.5382	(329, 845)	(33, 85)	98
00:13:14.171	87	77.6102	(329, 855)	(33, 86)	98
00:13:14.262	90	77.6781	(330, 865)	(33, 87)	98
00:13:14.359	87	77.655	(332, 875)	(33, 88)	98
00:13:14.457	90	77.6384	(335, 883)	(34, 88)	98
00:13:14.554	87	77.7095	(335, 885)	(34, 89)	98
00:13:14.649	87	77.8047	(338, 895)	(34, 90)	98
00:13:14.742	88	77.7879	(341, 905)	(34, 91)	98
00:13:14.838	85	77.5927	(345, 914)	(35, 91)	98
00:13:14.931	88	77.6161	(346, 915)	(35, 92)	98
00:13:15.025	86	77.6658	(350, 925)	(35, 93)	98
00:13:15.117	90	77.6513	(355, 931)	(36, 93)	98
00:13:15.215	90	77.5942	(357, 935)	(36, 94)	98
00:13:15.312	89	77.6953	(364, 945)	(36, 95)	98
00:13:15.408	87	77.669	(365, 945)	(37, 95)	98
00:13:15.500	91	77.6361	(373, 955)	(37, 96)	98
00:13:15.601	89	77.6708	(375, 956)	(38, 96)	98
00:13:15.694	87	77.5609	(384, 965)	(38, 97)	98
00:13:15.785	88	77.7616	(385, 966)	(39, 97)	98
00:13:15.880	87	77.6519	(395, 975)	(40, 98)	98
00:13:15.972	89	77.5724	(405, 982)	(41, 98)	98
00:13:16.068	86	77.6822	(411, 987)	(41, 99)	98
00:13:16.160	89	77.8037	(415, 989)	(42, 99)	98
00:13:16.256	87	77.6652	(423, 995)	(42, 100)	98
00:13:16.350	91	77.6213	(425, 996)	(43, 100)	98
00:13:16.445	88	77.7828	(435, 1001)	(44, 100)	98
00:13:16.543	89	77.7554	(441, 1005)	(44, 101)	98
00:13:16.640	90	77.7404	(446, 1007)	(45, 101)	98
00:13:16.738	87	77.7369	(455, 1012)	(46, 101)	98
00:13:16.834	90	77.6153	(461, 1015)	(46, 102)	98
00:13:16.931	86	77.8136	(465, 1017)	(47, 102)	98
00:13:17.022	89	77.5871	(475, 1022)	(48, 102)	98
00:13:17.119	87	77.7277	(481, 1025)	(48, 103)	98
00:13:17.211	89	77.5819	(485, 1026)	(49, 103)	98
00:13:17.308	94	77.7154	(495, 1030)	(50, 103)	98
00:13:17.411	91	77.7314	(505, 1034)	(51, 103)	98
00:13:17.510	88	77.6197	(506, 1035)	(51, 104)	98
00:13:17.605	86	77.5726	(515, 1037)	(52, 104)	98
00:13:17.696	89	77.7157	(525, 1040)	(53, 104)	98
00:13:17.792	88	77.7036	(540, 1043)	(54, 104)	98
00:13:17.884	89	77.772	(545, 1044)	(55, 104)	98
00:13:17.980	87	77.58	(549, 1045)	(55, 105)	98
00:13:18.073	90	77.5945	(555, 1046)	(56, 105)	98
00:13:18.169	85	77.7092	(577, 1050)	(58, 105)	98
00:13:18.259	91	77.6364	(585, 1052)	(59, 105)	98
00:13:18.361	90	77.5821	(595, 1053)	(60, 105)	98
00:13:18.462	89	77.5471	(605, 1054)	(61, 105)	98
00:13:18.558	88	77.7319	(608, 1055)	(61, 106)	98
00:13:18.655	86	77.7418	(615, 1056)	(62, 106)	98
00:13:18.747	90	77.661	(625, 1057)	(63, 106)	98
00:13:18.843	85	77.7028	(635, 1058)	(64, 106)	98
00:13:18.934	90	77.7079	(645, 1059)	(65, 106)	98
00:13:19.031	86	77.7656	(655, 1060)	(66, 106)	98
00:13:19.121	90	77.5425	(665, 1061)	(67, 106)	98
00:13:19.218	87	77.6209	(675, 1061)	(68, 106)	98
00:13:19.308	87	77.6887	(685, 1063)	(69, 106)	98
00:13:19.400	89	77.6671	(695, 1063)	(70, 106)	98
00:13:19.495	86	77.7919	(705, 1064)	(71, 106)	98
00:13:19.588	89	77.7338	(715, 1064)	(72, 106)	98
00:13:19.684	87	77.7182	(719, 1065)	(72, 107)	98
00:13:19.775	89	77.7787	(725, 1065)	(73, 107)	98
00:13:19.872	87	77.6559	(735, 1066)	(74, 107)	98
00:13:19.970	91	77.6052	(745, 1066)	(75, 107)	98
00:13:20.070	91	77.8043	(755, 1066)	(76, 107)	98
00:13:20.171	91	77.6347	(765, 1066)	(77, 107)	98
00:13:20.269	91	77.6119	(775, 1067)	(78, 107)	98
00:13:20.366	90	77.66	(785, 1067)	(79, 107)	98
00:13:20.463	89	77.6373	(795, 1068)	(80, 107)	98
00:13:20.559	90	77.6594	(805, 1069)	(81, 107)	98
00:13:20.658	88	77.7735	(815, 1070)	(82, 107)	98
00:13:20.754	85	77.7465	(825, 1071)	(83, 107)	98
00:13:20.846	90	77.6724	(835, 1072)	(84, 107)	98
00:13:20.941	88	77.5372	(845, 1073)	(85, 107)	98
00:13:21.035	90	77.6858	(856, 1074)	(86, 107)	98
00:13:21.131	92	77.5773	(862, 1075)	(86, 108)	98
00:13:21.229	89	77.5803	(865, 1075)	(87, 108)	98
00:13:21.326	89	77.8364	(875, 1075)	(88, 108)	98
00:13:21.422	89	77.5973	(885, 1076)	(89, 108)	98
00:13:21.520	90	77.6939	(895, 1077)	(90, 108)	98
00:13:21.617	91	77.8212	(905, 1078)	(91, 108)	98
00:13:21.717	88	77.5818	(915, 1078)	(92, 108)	98
00:13:21.810	86	77.772	(925, 1079)	(93, 108)	98
00:13:21.901	86	77.7859	(935, 1080)	(94, 108)	98
00:13:21.991	87	77.624	(945, 1081)	(95, 108)	98
00:13:22.083	90	77.6172	(955, 1082)	(96, 108)	98
00:13:22.181	87	77.5637	(965, 1082)	(97, 108)	98
00:13:22.278	90	77.6496	(975, 1083)	(98, 108)	98
00:13:22.375	96	77.7695	(986, 1083)	(99, 108)	98
00:13:22.477	87	77.7578	(995, 1084)	(100, 108)	98
00:13:22.571	89	77.5625	(1005, 1084)	(101, 108)	98
00:13:22.666	83	77.6416	(1015, 1084)	(102, 108)	98
00:13:22.757	90	77.5822	(1017, 1085)	(102, 109)	98
00:13:22.855	87	77.6313	(1025, 1085)	(103, 109)	98
00:13:22.952	87	77.7083	(1040, 1085)	(104, 109)	98
00:13:23.048	87	77.643	(1048, 1085)	(105, 109)	98
00:13:23.140	89	77.5785	(1055, 1086)	(106, 109)	98
00:13:23.236	86	77.7308	(1065, 1086)	(107, 109)	98
00:13:23.327	90	77.5724	(1075, 1086)	(108, 109)	98
00:13:23.425	89	77.5936	(1085, 1086)	(109, 109)	98
00:13:23.521	87	77.7271	(1096, 1086)	(110, 109)	98
00:13:23.613	90	77.6656	(1105, 1086)	(111, 109)	98
00:13:23.709	85	77.6696	(1115, 1086)	(112, 109)	98
00:13:23.799	86	77.7381	(1126, 1086)	(113, 109)	98
00:13:23.889	88	77.6828	(1135, 1086)	(114, 109)	98
00:13:23.981	88	77.6084	(1146, 1086)	(115, 109)	98
00:13:24.078	86	77.5831	(1155, 1086)	(116, 109)	98
00:13:24.169	89	77.7237	(1166, 1086)	(117, 109)	98
00:13:24.267	89	77.7504	(1175, 1086)	(118, 109)	98
00:13:24.362	86	77.7465	(1185, 1085)	(119, 109)	98
00:13:24.453	88	77.6422	(1188, 1084)	(119, 108)	98
00:13:24.550	85	77.7536	(1195, 1084)	(120, 108)	98
00:13:24.646	88	77.7516	(1205, 1082)	(121, 108)	98
00:13:24.739	86	77.7668	(1215, 1081)	(122, 108)	98
00:13:24.832	89	77.6313	(1225, 1081)	(123, 108)	98
00:13:24.928	91	77.6169	(1235, 1081)	(124, 108)	98
00:13:25.025	90	77.4923	(1245, 1080)	(125, 108)	98
00:13:25.123	91	77.6864	(1255, 1080)	(126, 108)	98
00:13:25.219	89	77.692	(1265, 1079)	(127, 108)	98
00:13:25.317	88	77.6473	(1275, 1078)	(128, 108)	98
00:13:25.411	89	77.7274	(1286, 1077)	(129, 108)	98
00:13:25.505	88	77.732	(1295, 1077)	(130, 108)	98
00:13:25.600	84	77.7144	(1305, 1077)	(131, 108)	98
00:13:25.692	88	77.6018	(1315, 1077)	(132, 108)	98
00:13:25.787	85	77.707	(1325, 1077)	(133, 108)	98
00:13:25.877	87	77.6221	(1335, 1077)	(134, 108)	98
00:13:25.971	90	77.661	(1345, 1077)	(135, 108)	98
00:13:26.070	91	77.659	(1355, 1077)	(136, 108)	98
00:13:26.171	88	77.6686	(1365, 1079)	(137, 108)	98
00:13:26.270	90	77.7084	(1375, 1080)	(138, 108)	98
00:13:26.374	88	77.7049	(1385, 1081)	(139, 108)	98
00:13:26.468	87	77.6584	(1395, 1081)	(140, 108)	98
00:13:26.560	89	77.6093	(1405, 1083)	(141, 108)	98
00:13:26.656	84	77.7079	(1416, 1084)	(142, 108)	98
00:13:26.747	90	77.7717	(1418, 1085)	(142, 109)	98
00:13:26.843	84	77.6047	(1425, 1085)	(143, 109)	98
00:13:26.935	90	77.7664	(1437, 1088)	(144, 109)	98
00:13:27.032	86	77.68	(1445, 1088)	(145, 109)	98
00:13:27.122	89	77.656	(1455, 1089)	(146, 109)	98
00:13:27.221	85	77.6452	(1465, 1090)	(147, 109)	98
00:13:27.308	86	77.8311	(1476, 1091)	(148, 109)	98
00:13:27.401	89	77.7142	(1485, 1092)	(149, 109)	98
00:13:27.497	86	77.62	(1495, 1093)	(150, 109)	98
00:13:27.589	89	77.5877	(1505, 1093)	(151, 109)	98
00:13:27.684	86	77.6705	(1515, 1093)	(152, 109)	98
00:13:27.777	88	77.655	(1525, 1093)	(153, 109)	98
00:13:27.872	88	77.6905	(1535, 1094)	(154, 109)	98
00:13:27.965	90	77.6286	(1545, 1094)	(155, 109)	98
00:13:28.062	86	77.665	(1555, 1094)	(156, 109)	98
00:13:28.159	91	77.6234	(1565, 1094)	(157, 109)	98
00:13:28.260	89	77.613	(1566, 1095)	(157, 110)	98
00:13:28.354	88	77.5514	(1575, 1095)	(158, 110)	98
00:13:28.453	92	77.6059	(1585, 1095)	(159, 110)	98
00:13:28.547	84	77.6913	(1596, 1096)	(160, 110)	98
00:13:28.640	89	77.5763	(1605, 1096)	(161, 110)	98
00:13:28.735	85	77.6624	(1615, 1096)	(162, 110)	98
00:13:28.826	89	77.5689	(1625, 1097)	(163, 110)	98
00:13:28.922	88	77.4993	(1635, 1097)	(164, 110)	98
00:13:29.021	90	77.6296	(1645, 1097)	(165, 110)	98
00:13:29.117	88	77.6748	(1655, 1098)	(166, 110)	98
00:13:29.216	88	77.5874	(1665, 1098)	(167, 110)	98
00:13:29.312	88	77.6216	(1675, 1099)	(168, 110)	98
00:13:29.410	90	77.4828	(1685, 1099)	(169, 110)	98
00:13:29.512	88	77.7996	(1695, 1100)	(170, 110)	98
00:13:29.603	86	77.6321	(1705, 1100)	(171, 110)	98
00:13:29.695	89	77.5793	(1715, 1101)	(172, 110)	98
00:13:29.790	86	77.6273	(1725, 1101)	(173, 110)	98
00:13:29.883	91	77.7013	(1735, 1103)	(174, 110)	98
00:13:29.980	86	77.7314	(1748, 1104)	(175, 110)	98
00:13:30.069	86	77.6871	(1753, 1105)	(175, 111)	98
00:13:30.160	86	77.563	(1755, 1105)	(176, 111)	98
00:13:30.249	88	77.7994	(1765, 1106)	(177, 111)	98
00:13:30.342	90	77.6837	(1775, 1107)	(178, 111)	98
00:13:30.439	85	77.6224	(1785, 1108)	(179, 111)	98
00:13:30.529	90	77.6625	(1798, 1109)	(180, 111)	98
00:13:30.626	86	77.6484	(1806, 1111)	(181, 111)	98
00:13:30.718	88	77.643	(1815, 1112)	(182, 111)	98
00:13:30.813	86	77.8367	(1825, 1112)	(183, 111)	98
00:13:30.905	90	77.745	(1835, 1113)	(184, 111)	98
00:13:31.003	89	77.7157	(1850, 1114)	(185, 111)	98
00:13:31.100	90	77.6676	(1855, 1114)	(186, 111)	98
00:13:31.197	89	77.6742	(1858, 1115)	(186, 112)	98
00:13:31.293	86	77.5421	(1865, 1116)	(187, 112)	98
00:13:31.385	89	77.6781	(1877, 1117)	(188, 112)	98
00:13:31.480	87	77.7136	(1885, 1118)	(189, 112)	98
00:13:31.572	91	77.5287	(1895, 1120)	(190, 112)	98
00:13:31.669	86	77.7855	(1905, 1121)	(191, 112)	98
00:13:31.760	87	77.6327	(0, 0)	(0, 0)	98
EOM

