BOM
Frame extends: 2263, 1306
_ms_area: 10
measurements taken: 585
current rendering method: 1
is mouse replay: 1
Camera settings: Roation Quaternion: ( 0.0635341, 0.68235, -0.135584, -0.715522), Translationsvektor: ( 0.164384, -0.174579, 1.775).
System_Time	Elapsed_Time_PaintGL	Elapsed_Kernel_Time	Frame_Coordinates	Grid_Position	Manual_Measurement
00:13:44.846	29	7.05393	(318, 226)	(32, 23)	172
00:13:44.881	21	7.2317	(325, 225)	(33, 23)	172
00:13:44.908	21	7.42208	(335, 225)	(34, 23)	172
00:13:44.936	21	7.64341	(345, 225)	(35, 23)	172
00:13:44.963	21	7.87052	(357, 225)	(36, 23)	172
00:13:44.991	22	8.13126	(372, 225)	(37, 23)	172
00:13:45.019	22	8.25837	(375, 225)	(38, 23)	172
00:13:45.046	23	8.3603	(385, 225)	(39, 23)	172
00:13:45.075	22	8.5563	(395, 225)	(40, 23)	172
00:13:45.103	22	8.73259	(405, 225)	(41, 23)	172
00:13:45.129	24	8.95319	(415, 225)	(42, 23)	172
00:13:45.158	25	9.19511	(425, 225)	(43, 23)	172
00:13:45.186	29	9.44267	(435, 226)	(44, 23)	172
00:13:45.223	27	9.62637	(445, 226)	(45, 23)	172
00:13:45.256	25	9.928	(455, 226)	(46, 23)	172
00:13:45.290	26	10.2252	(465, 227)	(47, 23)	172
00:13:45.318	26	10.4539	(475, 227)	(48, 23)	172
00:13:45.347	26	10.6027	(485, 228)	(49, 23)	172
00:13:45.380	26	10.8913	(495, 228)	(50, 23)	172
00:13:45.408	27	11.0695	(505, 229)	(51, 23)	172
00:13:45.443	27	11.2501	(515, 229)	(52, 23)	172
00:13:45.477	27	11.6196	(525, 229)	(53, 23)	172
00:13:45.512	31	11.7406	(535, 229)	(54, 23)	172
00:13:45.548	33	11.8979	(545, 229)	(55, 23)	172
00:13:45.590	34	12.1502	(555, 229)	(56, 23)	172
00:13:45.632	30	12.3957	(565, 229)	(57, 23)	172
00:13:45.665	28	12.6699	(575, 229)	(58, 23)	172
00:13:45.700	27	12.8298	(585, 229)	(59, 23)	172
00:13:45.734	29	13.0356	(596, 229)	(60, 23)	172
00:13:45.770	29	13.183	(605, 230)	(61, 23)	172
00:13:45.804	30	13.3439	(615, 230)	(62, 23)	172
00:13:45.840	29	13.5441	(626, 230)	(63, 23)	172
00:13:45.874	29	13.6524	(635, 230)	(64, 23)	172
00:13:45.909	29	13.7607	(645, 230)	(65, 23)	172
00:13:45.944	28	13.8591	(655, 230)	(66, 23)	172
00:13:45.978	29	14.032	(665, 230)	(67, 23)	172
00:13:46.014	35	14.1439	(680, 230)	(68, 23)	172
00:13:46.056	31	14.1921	(685, 230)	(69, 23)	172
00:13:46.090	30	14.4138	(695, 230)	(70, 23)	172
00:13:46.124	32	14.5979	(705, 230)	(71, 23)	172
00:13:46.160	33	14.599	(715, 230)	(72, 23)	172
00:13:46.201	37	14.7698	(725, 230)	(73, 23)	172
00:13:46.246	33	14.8047	(735, 230)	(74, 23)	172
00:13:46.284	30	15.071	(749, 230)	(75, 23)	172
00:13:46.319	31	15.1404	(756, 230)	(76, 23)	172
00:13:46.354	35	15.288	(766, 230)	(77, 23)	172
00:13:46.398	35	15.3486	(775, 230)	(78, 23)	172
00:13:46.438	34	15.3844	(785, 230)	(79, 23)	172
00:13:46.479	32	15.3644	(796, 229)	(80, 23)	172
00:13:46.513	30	15.4747	(805, 229)	(81, 23)	172
00:13:46.548	31	15.5015	(815, 229)	(82, 23)	172
00:13:46.583	34	15.4621	(825, 228)	(83, 23)	172
00:13:46.625	35	15.7733	(835, 228)	(84, 23)	172
00:13:46.667	32	15.5216	(845, 228)	(85, 23)	172
00:13:46.702	31	15.5993	(855, 228)	(86, 23)	172
00:13:46.736	34	15.4961	(865, 228)	(87, 23)	172
00:13:46.778	36	15.5465	(875, 228)	(88, 23)	172
00:13:46.820	33	15.6376	(885, 228)	(89, 23)	172
00:13:46.863	30	15.8379	(895, 228)	(90, 23)	172
00:13:46.896	32	15.6779	(905, 228)	(91, 23)	172
00:13:46.931	34	15.9065	(915, 228)	(92, 23)	172
00:13:46.973	34	15.6468	(925, 228)	(93, 23)	172
00:13:47.014	35	15.6976	(935, 228)	(94, 23)	172
00:13:47.056	36	15.5782	(945, 227)	(95, 23)	172
00:13:47.099	33	15.6484	(957, 227)	(96, 23)	172
00:13:47.139	35	15.8735	(966, 227)	(97, 23)	172
00:13:47.181	35	15.7027	(975, 227)	(98, 23)	172
00:13:47.223	34	15.6788	(985, 227)	(99, 23)	172
00:13:47.265	33	15.7585	(995, 227)	(100, 23)	172
00:13:47.306	38	15.7782	(1005, 227)	(101, 23)	172
00:13:47.348	29	15.7012	(1015, 226)	(102, 23)	172
00:13:47.382	31	15.5418	(1025, 226)	(103, 23)	172
00:13:47.417	31	15.5132	(1035, 226)	(104, 23)	172
00:13:47.453	36	15.4221	(1045, 225)	(105, 23)	172
00:13:47.495	34	15.3887	(1055, 225)	(106, 23)	172
00:13:47.536	30	15.276	(1065, 225)	(107, 23)	172
00:13:47.570	35	15.2064	(1071, 224)	(107, 22)	172
00:13:47.615	35	15.1379	(1075, 224)	(108, 22)	172
00:13:47.654	34	15.1363	(1085, 224)	(109, 22)	172
00:13:47.696	32	15.1024	(1095, 224)	(110, 22)	172
00:13:47.730	29	15.0938	(1105, 224)	(111, 22)	172
00:13:47.764	29	15.0447	(1115, 224)	(112, 22)	172
00:13:47.799	32	14.9416	(1125, 224)	(113, 22)	172
00:13:47.834	35	14.7784	(1135, 224)	(114, 22)	172
00:13:47.876	34	14.6881	(1146, 223)	(115, 22)	172
00:13:47.918	34	14.6501	(1155, 223)	(116, 22)	172
00:13:47.960	29	14.6006	(1165, 223)	(117, 22)	172
00:13:47.994	29	14.4941	(1175, 223)	(118, 22)	172
00:13:48.030	33	14.4483	(1185, 223)	(119, 22)	172
00:13:48.071	35	14.3249	(1195, 223)	(120, 22)	172
00:13:48.114	32	14.2359	(1205, 223)	(121, 22)	172
00:13:48.155	29	14.1911	(1215, 223)	(122, 22)	172
00:13:48.189	33	14.1544	(1225, 223)	(123, 22)	172
00:13:48.231	35	14.0516	(1235, 223)	(124, 22)	172
00:13:48.273	35	13.8947	(1245, 223)	(125, 22)	172
00:13:48.315	30	13.6827	(1255, 223)	(126, 22)	172
00:13:48.349	28	13.6167	(1265, 224)	(127, 22)	172
00:13:48.384	33	13.4419	(1275, 224)	(128, 22)	172
00:13:48.429	32	13.3507	(1282, 225)	(128, 23)	172
00:13:48.467	33	13.3401	(1285, 225)	(129, 23)	172
00:13:48.509	33	13.169	(1295, 226)	(130, 23)	172
00:13:48.551	30	13.0161	(1305, 226)	(131, 23)	172
00:13:48.585	27	12.881	(1316, 228)	(132, 23)	172
00:13:48.620	32	12.7058	(1326, 228)	(133, 23)	172
00:13:48.655	33	12.5502	(1335, 228)	(134, 23)	172
00:13:48.697	33	12.3889	(1345, 229)	(135, 23)	172
00:13:48.739	29	12.1736	(1355, 230)	(136, 23)	172
00:13:48.773	28	12.0333	(1366, 230)	(137, 23)	172
00:13:48.807	28	11.8813	(1375, 230)	(138, 23)	172
00:13:48.843	27	11.7227	(1386, 231)	(139, 23)	172
00:13:48.877	27	11.4081	(1395, 231)	(140, 23)	172
00:13:48.912	28	11.2274	(1405, 232)	(141, 23)	172
00:13:48.947	27	11.0561	(1415, 232)	(142, 23)	172
00:13:48.982	26	10.9281	(1425, 232)	(143, 23)	172
00:13:49.017	25	10.5907	(1435, 233)	(144, 23)	172
00:13:49.044	27	10.3847	(1445, 234)	(145, 23)	172
00:13:49.079	25	10.0954	(1455, 234)	(146, 23)	172
00:13:49.107	25	9.88563	(1465, 234)	(147, 23)	172
00:13:49.134	26	9.66696	(1478, 234)	(148, 23)	172
00:13:49.162	23	9.44	(1485, 234)	(149, 23)	172
00:13:49.189	30	9.44519	(1488, 235)	(149, 24)	172
00:13:49.225	28	9.26118	(1495, 235)	(150, 24)	172
00:13:49.260	28	9.144	(1506, 235)	(151, 24)	172
00:13:49.296	37	8.96696	(1516, 235)	(152, 24)	172
00:13:49.337	24	8.88385	(1526, 236)	(153, 24)	172
00:13:49.365	23	8.77911	(1535, 236)	(154, 24)	172
00:13:49.392	22	8.58859	(1546, 236)	(155, 24)	172
00:13:49.420	22	8.46356	(1556, 237)	(156, 24)	172
00:13:49.447	22	8.36696	(1565, 237)	(157, 24)	172
00:13:49.475	24	8.25319	(1575, 238)	(158, 24)	172
00:13:49.503	27	8.04637	(1585, 238)	(159, 24)	172
00:13:49.538	28	8.37007	(1595, 239)	(160, 24)	172
00:13:49.573	25	7.80252	(1605, 239)	(161, 24)	172
00:13:49.600	23	7.71763	(1615, 240)	(162, 24)	172
00:13:49.628	21	7.58222	(1625, 240)	(163, 24)	172
00:13:49.656	21	7.40089	(1636, 241)	(164, 24)	172
00:13:49.683	21	7.26444	(1645, 242)	(165, 24)	172
00:13:49.711	22	7.04015	(1655, 242)	(166, 24)	172
00:13:49.739	21	6.82193	(1666, 243)	(167, 24)	172
00:13:49.767	20	6.61437	(1676, 244)	(168, 24)	172
00:13:49.795	20	6.63452	(1677, 245)	(168, 25)	172
00:13:49.822	21	6.35289	(1686, 245)	(169, 25)	172
00:13:49.850	20	6.168	(1696, 246)	(170, 25)	172
00:13:49.871	20	5.97674	(1705, 246)	(171, 25)	172
00:13:49.899	20	5.82978	(1715, 248)	(172, 25)	172
00:13:49.926	22	5.69244	(1726, 249)	(173, 25)	172
00:13:49.955	24	5.55378	(1735, 250)	(174, 25)	172
00:13:49.983	22	5.46119	(1745, 251)	(175, 25)	172
00:13:50.010	20	5.38963	(1755, 253)	(176, 25)	172
00:13:50.038	21	5.37022	(1765, 254)	(177, 25)	172
00:13:50.066	21	5.28667	(1768, 255)	(177, 26)	172
00:13:50.094	21	5.23674	(1775, 256)	(178, 26)	172
00:13:50.122	19	5.15556	(1785, 258)	(179, 26)	172
00:13:50.150	20	5.10622	(1795, 260)	(180, 26)	172
00:13:50.177	21	5.01111	(1805, 262)	(181, 26)	172
00:13:50.205	20	4.93378	(1815, 264)	(182, 26)	172
00:13:50.233	19	4.92696	(1817, 265)	(182, 27)	172
00:13:50.255	19	4.88207	(1825, 267)	(183, 27)	172
00:13:50.281	20	4.80978	(1838, 271)	(184, 27)	172
00:13:50.309	19	4.73733	(1845, 273)	(185, 27)	172
00:13:50.330	19	4.71837	(1849, 275)	(185, 28)	172
00:13:50.357	21	4.65733	(1858, 278)	(186, 28)	172
00:13:50.386	19	4.57659	(1865, 280)	(187, 28)	172
00:13:50.406	18	4.51245	(1874, 285)	(187, 29)	172
00:13:50.427	18	4.50193	(1875, 285)	(188, 29)	172
00:13:50.448	19	4.41496	(1885, 289)	(189, 29)	172
00:13:50.469	18	4.35022	(1895, 294)	(190, 29)	172
00:13:50.490	18	4.3603	(1895, 295)	(190, 30)	172
00:13:50.510	19	4.27956	(1905, 299)	(191, 30)	172
00:13:50.532	18	4.20459	(1912, 305)	(191, 31)	172
00:13:50.553	19	4.20978	(1915, 307)	(192, 31)	172
00:13:50.581	19	4.04993	(1925, 314)	(193, 31)	172
00:13:50.608	18	4.07481	(1926, 315)	(193, 32)	172
00:13:50.629	19	4.02208	(1935, 322)	(194, 32)	172
00:13:50.656	19	4.02326	(1937, 325)	(194, 33)	172
00:13:50.677	18	3.964	(1945, 333)	(195, 33)	172
00:13:50.698	19	4.004	(1947, 335)	(195, 34)	172
00:13:50.719	18	3.92993	(1955, 344)	(196, 34)	172
00:13:50.740	19	3.91704	(1955, 345)	(196, 35)	172
00:13:50.761	19	3.89274	(1963, 355)	(196, 36)	172
00:13:50.783	18	3.872	(1965, 358)	(197, 36)	172
00:13:50.803	19	3.8197	(1968, 365)	(197, 37)	172
00:13:50.824	19	3.80282	(1973, 375)	(197, 38)	172
00:13:50.844	19	3.82445	(1975, 379)	(198, 38)	172
00:13:50.865	19	3.808	(1976, 385)	(198, 39)	172
00:13:50.886	19	3.79733	(1980, 395)	(198, 40)	172
00:13:50.907	18	3.77837	(1982, 405)	(198, 41)	172
00:13:50.928	18	3.76193	(1984, 415)	(198, 42)	172
00:13:50.949	18	3.76	(1985, 417)	(199, 42)	172
00:13:50.969	19	3.80607	(1985, 425)	(199, 43)	172
00:13:50.990	19	3.75748	(1987, 435)	(199, 44)	172
00:13:51.012	19	3.69585	(1988, 445)	(199, 45)	172
00:13:51.039	17	3.73037	(1989, 455)	(199, 46)	172
00:13:51.059	18	3.72059	(1989, 465)	(199, 47)	172
00:13:51.080	19	3.77541	(1989, 475)	(199, 48)	172
00:13:51.108	18	3.72741	(1988, 485)	(199, 49)	172
00:13:51.129	17	3.728	(1985, 495)	(199, 50)	172
00:13:51.150	17	3.72637	(1984, 495)	(198, 50)	172
00:13:51.170	19	3.73704	(1980, 505)	(198, 51)	172
00:13:51.192	19	3.768	(1972, 516)	(197, 52)	172
00:13:51.213	18	3.80311	(1965, 525)	(197, 53)	172
00:13:51.234	18	3.80444	(1964, 526)	(196, 53)	172
00:13:51.255	18	3.85126	(1954, 534)	(195, 53)	172
00:13:51.275	19	3.85393	(1953, 535)	(195, 54)	172
00:13:51.296	19	3.91081	(1944, 539)	(194, 54)	172
00:13:51.317	18	3.95319	(1937, 545)	(194, 55)	172
00:13:51.338	18	3.95956	(1934, 547)	(193, 55)	172
00:13:51.359	18	4.01111	(1924, 555)	(192, 56)	172
00:13:51.380	18	4.03882	(1914, 561)	(191, 56)	172
00:13:51.401	18	4.07867	(1907, 565)	(191, 57)	172
00:13:51.422	18	4.12385	(1904, 567)	(190, 57)	172
00:13:51.442	19	4.13348	(1894, 572)	(189, 57)	172
00:13:51.463	19	4.17837	(1890, 575)	(189, 58)	172
00:13:51.484	17	4.20711	(1884, 577)	(188, 58)	172
00:13:51.504	18	4.26222	(1874, 581)	(187, 58)	172
00:13:51.525	19	4.30696	(1866, 585)	(187, 59)	172
00:13:51.546	19	4.31896	(1864, 585)	(186, 59)	172
00:13:51.567	18	4.37363	(1854, 590)	(185, 59)	172
00:13:51.588	18	4.41852	(1844, 594)	(184, 59)	172
00:13:51.609	19	4.44222	(1843, 595)	(184, 60)	172
00:13:51.630	18	4.47615	(1834, 597)	(183, 60)	172
00:13:51.651	18	4.53067	(1823, 601)	(182, 60)	172
00:13:51.672	18	4.6	(1810, 606)	(181, 61)	172
00:13:51.692	19	4.66385	(1804, 609)	(180, 61)	172
00:13:51.713	18	4.68222	(1794, 612)	(179, 61)	172
00:13:51.734	19	4.71704	(1787, 615)	(179, 62)	172
00:13:51.755	19	4.73156	(1784, 616)	(178, 62)	172
00:13:51.776	23	4.77496	(1774, 619)	(177, 62)	172
00:13:51.804	20	4.84074	(1764, 622)	(176, 62)	172
00:13:51.832	18	4.84074	(1758, 625)	(176, 63)	172
00:13:51.852	20	4.94474	(1754, 626)	(175, 63)	172
00:13:51.873	19	4.93259	(1744, 628)	(174, 63)	172
00:13:51.894	19	4.98326	(1734, 631)	(173, 63)	172
00:13:51.915	19	5.04207	(1724, 633)	(172, 63)	172
00:13:51.935	21	5.09556	(1715, 635)	(172, 64)	172
00:13:51.964	20	5.1	(1714, 635)	(171, 64)	172
00:13:51.992	25	5.1117	(1704, 637)	(170, 64)	172
00:13:52.021	24	5.17422	(1694, 638)	(169, 64)	172
00:13:52.048	20	5.28548	(1684, 640)	(168, 64)	172
00:13:52.075	21	5.3117	(1674, 641)	(167, 64)	172
00:13:52.103	20	5.40074	(1664, 642)	(166, 64)	172
00:13:52.131	25	5.90148	(1654, 643)	(165, 64)	172
00:13:52.159	24	5.54815	(1644, 644)	(164, 64)	172
00:13:52.186	25	5.60311	(1633, 644)	(163, 64)	172
00:13:52.214	26	5.66622	(1624, 644)	(162, 64)	172
00:13:52.243	22	5.724	(1614, 644)	(161, 64)	172
00:13:52.270	21	5.86341	(1604, 644)	(160, 64)	172
00:13:52.297	22	5.93748	(1594, 644)	(159, 64)	172
00:13:52.325	21	5.98237	(1584, 644)	(158, 64)	172
00:13:52.353	21	6.11793	(1574, 644)	(157, 64)	172
00:13:52.381	21	6.09585	(1564, 644)	(156, 64)	172
00:13:52.409	22	6.14696	(1554, 644)	(155, 64)	172
00:13:52.436	21	6.17082	(1548, 645)	(155, 65)	172
00:13:52.464	20	6.16222	(1544, 645)	(154, 65)	172
00:13:52.485	20	6.21007	(1534, 645)	(153, 65)	172
00:13:52.506	20	6.24696	(1524, 646)	(152, 65)	172
00:13:52.534	20	6.26756	(1514, 647)	(151, 65)	172
00:13:52.561	21	6.41126	(1504, 648)	(150, 65)	172
00:13:52.589	20	6.33067	(1494, 649)	(149, 65)	172
00:13:52.618	25	6.31793	(1484, 651)	(148, 65)	172
00:13:52.648	25	6.38148	(1474, 652)	(147, 65)	172
00:13:52.681	24	6.44667	(1464, 652)	(146, 65)	172
00:13:52.708	21	6.536	(1454, 653)	(145, 65)	172
00:13:52.736	20	6.70696	(1444, 654)	(144, 65)	172
00:13:52.764	25	6.65096	(1434, 654)	(143, 65)	172
00:13:52.791	26	6.68859	(1419, 654)	(142, 65)	172
00:13:52.826	27	6.71541	(1414, 654)	(141, 65)	172
00:13:52.861	24	6.77141	(1404, 654)	(140, 65)	172
00:13:52.888	23	6.88593	(1394, 654)	(139, 65)	172
00:13:52.916	22	6.89896	(1384, 654)	(138, 65)	172
00:13:52.944	22	6.93852	(1374, 654)	(137, 65)	172
00:13:52.972	22	7.02741	(1356, 653)	(136, 65)	172
00:13:53.000	23	7.05185	(1354, 653)	(135, 65)	172
00:13:53.028	22	7.11052	(1344, 652)	(134, 65)	172
00:13:53.056	21	7.17245	(1334, 651)	(133, 65)	172
00:13:53.083	23	7.19037	(1323, 651)	(132, 65)	172
00:13:53.111	23	7.24474	(1314, 650)	(131, 65)	172
00:13:53.139	23	7.29096	(1303, 649)	(130, 65)	172
00:13:53.167	25	7.33274	(1294, 648)	(129, 65)	172
00:13:53.196	28	7.31985	(1284, 647)	(128, 65)	172
00:13:53.230	28	7.36489	(1274, 647)	(127, 65)	172
00:13:53.264	32	7.38904	(1264, 646)	(126, 65)	172
00:13:53.305	23	7.49111	(1256, 644)	(126, 64)	172
00:13:53.333	23	7.47882	(1254, 644)	(125, 64)	172
00:13:53.361	23	7.52889	(1244, 643)	(124, 64)	172
00:13:53.388	24	7.56104	(1234, 643)	(123, 64)	172
00:13:53.416	24	7.60978	(1224, 641)	(122, 64)	172
00:13:53.445	22	7.65081	(1214, 641)	(121, 64)	172
00:13:53.472	24	7.73067	(1204, 641)	(120, 64)	172
00:13:53.500	23	7.70296	(1194, 640)	(119, 64)	172
00:13:53.528	23	7.71067	(1184, 639)	(118, 64)	172
00:13:53.555	24	7.76237	(1174, 639)	(117, 64)	172
00:13:53.584	23	7.87496	(1164, 637)	(116, 64)	172
00:13:53.612	24	8.19452	(1154, 637)	(115, 64)	172
00:13:53.639	23	7.80133	(1144, 636)	(114, 64)	172
00:13:53.667	22	7.83718	(1134, 636)	(113, 64)	172
00:13:53.695	24	7.84533	(1124, 635)	(112, 64)	172
00:13:53.723	23	7.89956	(1114, 635)	(111, 64)	172
00:13:53.750	23	7.86696	(1110, 634)	(111, 63)	172
00:13:53.778	22	7.87422	(1104, 634)	(110, 63)	172
00:13:53.806	26	7.89363	(1093, 633)	(109, 63)	172
00:13:53.834	26	7.88222	(1084, 632)	(108, 63)	172
00:13:53.869	27	8.29452	(1074, 632)	(107, 63)	172
00:13:53.903	29	7.85689	(1064, 631)	(106, 63)	172
00:13:53.938	23	7.9037	(1051, 631)	(105, 63)	172
00:13:53.965	22	7.99482	(1032, 629)	(103, 63)	172
00:13:53.993	22	7.89852	(1024, 629)	(102, 63)	172
00:13:54.021	23	7.88993	(1014, 629)	(101, 63)	172
00:13:54.049	24	7.91082	(1004, 628)	(100, 63)	172
00:13:54.077	23	7.91689	(994, 627)	(99, 63)	172
00:13:54.105	22	7.89659	(984, 627)	(98, 63)	172
00:13:54.133	22	7.97881	(974, 627)	(97, 63)	172
00:13:54.161	22	7.884	(964, 626)	(96, 63)	172
00:13:54.188	22	7.87126	(954, 626)	(95, 63)	172
00:13:54.216	22	7.96578	(944, 626)	(94, 63)	172
00:13:54.244	22	7.81185	(934, 625)	(93, 63)	172
00:13:54.272	21	7.792	(927, 624)	(93, 62)	172
00:13:54.299	22	7.7763	(924, 624)	(92, 62)	172
00:13:54.327	29	7.69837	(914, 623)	(91, 62)	172
00:13:54.362	22	7.7283	(904, 622)	(90, 62)	172
00:13:54.390	23	7.69496	(894, 621)	(89, 62)	172
00:13:54.418	25	7.67911	(884, 620)	(88, 62)	172
00:13:54.445	27	7.59867	(873, 619)	(87, 62)	172
00:13:54.480	26	7.61304	(864, 619)	(86, 62)	172
00:13:54.508	27	7.59867	(854, 619)	(85, 62)	172
00:13:54.537	26	7.56815	(843, 618)	(84, 62)	172
00:13:54.572	27	7.46163	(834, 618)	(83, 62)	172
00:13:54.605	22	7.48815	(823, 617)	(82, 62)	172
00:13:54.633	22	7.40963	(814, 617)	(81, 62)	172
00:13:54.661	22	7.33082	(804, 617)	(80, 62)	172
00:13:54.688	22	7.2717	(794, 617)	(79, 62)	172
00:13:54.716	21	7.17215	(784, 616)	(78, 62)	172
00:13:54.744	22	7.05719	(772, 616)	(77, 62)	172
00:13:54.772	21	6.98356	(764, 615)	(76, 62)	172
00:13:54.800	21	6.91052	(754, 615)	(75, 62)	172
00:13:54.827	20	6.77985	(744, 615)	(74, 62)	172
00:13:54.849	20	6.672	(734, 615)	(73, 62)	172
00:13:54.876	20	6.56844	(724, 615)	(72, 62)	172
00:13:54.897	20	6.47111	(714, 615)	(71, 62)	172
00:13:54.925	20	6.35881	(704, 615)	(70, 62)	172
00:13:54.953	26	6.24311	(694, 615)	(69, 62)	172
00:13:54.981	22	6.22445	(684, 615)	(68, 62)	172
00:13:55.009	20	6.18311	(674, 615)	(67, 62)	172
00:13:55.036	30	6.08193	(664, 616)	(66, 62)	172
00:13:55.071	21	5.9843	(654, 617)	(65, 62)	172
00:13:55.099	21	5.91274	(644, 618)	(64, 62)	172
00:13:55.127	20	5.92474	(634, 618)	(63, 62)	172
00:13:55.154	24	5.8323	(624, 619)	(62, 62)	172
00:13:55.185	25	5.72548	(614, 619)	(61, 62)	172
00:13:55.217	22	5.67348	(604, 621)	(60, 62)	172
00:13:55.244	22	5.66593	(594, 621)	(59, 62)	172
00:13:55.273	23	5.60459	(584, 622)	(58, 62)	172
00:13:55.301	25	5.50311	(574, 624)	(57, 62)	172
00:13:55.335	26	5.44237	(566, 625)	(57, 63)	172
00:13:55.364	25	5.41941	(564, 625)	(56, 63)	172
00:13:55.392	21	5.79645	(554, 625)	(55, 63)	172
00:13:55.419	19	5.312	(544, 626)	(54, 63)	172
00:13:55.441	19	5.23289	(534, 628)	(53, 63)	172
00:13:55.467	20	5.22919	(524, 629)	(52, 63)	172
00:13:55.488	19	5.12741	(514, 631)	(51, 63)	172
00:13:55.508	20	5.11274	(504, 633)	(50, 63)	172
00:13:55.530	19	4.97541	(494, 634)	(49, 63)	172
00:13:55.551	20	5.06044	(493, 635)	(49, 64)	172
00:13:55.579	23	4.95289	(484, 637)	(48, 64)	172
00:13:55.608	20	4.82237	(467, 641)	(47, 64)	172
00:13:55.635	19	4.8797	(464, 642)	(46, 64)	172
00:13:55.656	19	4.88993	(458, 645)	(46, 65)	172
00:13:55.676	18	4.84222	(454, 646)	(45, 65)	172
00:13:55.696	19	4.83763	(444, 650)	(44, 65)	172
00:13:55.717	20	4.85081	(434, 654)	(43, 65)	172
00:13:55.740	19	4.84045	(432, 655)	(43, 66)	172
00:13:55.766	20	4.83689	(424, 658)	(42, 66)	172
00:13:55.794	19	4.82519	(414, 662)	(41, 66)	172
00:13:55.815	21	4.78785	(409, 665)	(41, 67)	172
00:13:55.842	19	4.82978	(404, 667)	(40, 67)	172
00:13:55.863	19	4.83067	(394, 671)	(39, 67)	172
00:13:55.884	28	4.78237	(387, 675)	(39, 68)	172
00:13:55.919	18	4.80489	(384, 676)	(38, 68)	172
00:13:55.940	19	4.78978	(374, 680)	(37, 68)	172
00:13:55.960	19	4.81615	(367, 685)	(37, 69)	172
00:13:55.981	20	4.87881	(364, 687)	(36, 69)	172
00:13:56.002	20	4.85081	(356, 695)	(36, 70)	172
00:13:56.024	19	4.84207	(354, 695)	(35, 70)	172
00:13:56.044	20	4.91363	(344, 704)	(34, 70)	172
00:13:56.066	19	4.94282	(344, 705)	(34, 71)	172
00:13:56.086	19	4.91422	(337, 715)	(34, 72)	172
00:13:56.107	22	4.99778	(335, 725)	(34, 73)	172
00:13:56.135	18	5.01215	(334, 727)	(33, 73)	172
00:13:56.155	19	5.07467	(331, 735)	(33, 74)	172
00:13:56.176	19	5.14622	(329, 746)	(33, 75)	172
00:13:56.197	19	5.23289	(329, 755)	(33, 76)	172
00:13:56.218	19	5.31096	(329, 765)	(33, 77)	172
00:13:56.239	19	5.45378	(329, 775)	(33, 78)	172
00:13:56.259	21	5.65556	(329, 785)	(33, 79)	172
00:13:56.288	19	5.74756	(329, 795)	(33, 80)	172
00:13:56.308	19	5.88074	(329, 805)	(33, 81)	172
00:13:56.336	23	6.30222	(329, 833)	(33, 83)	172
00:13:56.364	20	6.39985	(329, 836)	(33, 84)	172
00:13:56.391	21	6.496	(329, 845)	(33, 85)	172
00:13:56.420	21	6.61452	(329, 855)	(33, 86)	172
00:13:56.447	22	6.68637	(330, 865)	(33, 87)	172
00:13:56.475	21	6.78311	(332, 875)	(33, 88)	172
00:13:56.503	24	6.89467	(335, 883)	(34, 88)	172
00:13:56.531	27	6.86726	(335, 885)	(34, 89)	172
00:13:56.567	26	6.97437	(338, 895)	(34, 90)	172
00:13:56.601	26	7.09052	(341, 905)	(34, 91)	172
00:13:56.635	21	7.31778	(345, 914)	(35, 91)	172
00:13:56.662	22	7.35363	(346, 915)	(35, 92)	172
00:13:56.691	27	7.45274	(350, 925)	(35, 93)	172
00:13:56.726	28	7.6043	(355, 931)	(36, 93)	172
00:13:56.761	28	7.68608	(357, 935)	(36, 94)	172
00:13:56.796	27	7.9123	(364, 945)	(36, 95)	172
00:13:56.831	24	7.92726	(365, 945)	(37, 95)	172
00:13:56.857	22	8.27911	(373, 955)	(37, 96)	172
00:13:56.885	22	8.35363	(375, 956)	(38, 96)	172
00:13:56.913	23	8.62933	(384, 965)	(38, 97)	172
00:13:56.941	22	8.6637	(385, 966)	(39, 97)	172
00:13:56.969	23	9.04578	(395, 975)	(40, 98)	172
00:13:56.996	23	9.35585	(405, 982)	(41, 98)	172
00:13:57.024	23	9.55245	(411, 987)	(41, 99)	172
00:13:57.052	23	9.67037	(415, 989)	(42, 99)	172
00:13:57.079	25	9.94963	(423, 995)	(42, 100)	172
00:13:57.115	25	9.96904	(425, 996)	(43, 100)	172
00:13:57.144	24	10.2564	(435, 1001)	(44, 100)	172
00:13:57.178	25	10.4036	(441, 1005)	(44, 101)	172
00:13:57.207	30	10.5076	(446, 1007)	(45, 101)	172
00:13:57.241	28	10.8265	(455, 1012)	(46, 101)	172
00:13:57.275	26	11.0277	(461, 1015)	(46, 102)	172
00:13:57.310	26	11.1572	(465, 1017)	(47, 102)	172
00:13:57.338	26	11.4025	(475, 1022)	(48, 102)	172
00:13:57.372	27	11.5618	(481, 1025)	(48, 103)	172
00:13:57.407	27	11.7113	(485, 1026)	(49, 103)	172
00:13:57.442	26	11.9707	(495, 1030)	(50, 103)	172
00:13:57.476	30	12.1881	(505, 1034)	(51, 103)	172
00:13:57.512	36	12.1295	(506, 1035)	(51, 104)	172
00:13:57.555	37	12.4175	(515, 1037)	(52, 104)	172
00:13:57.596	37	12.6338	(525, 1040)	(53, 104)	172
00:13:57.647	31	13.0055	(540, 1043)	(54, 104)	172
00:13:57.686	29	13.5298	(545, 1044)	(55, 104)	172
00:13:57.719	31	13.213	(549, 1045)	(55, 105)	172
00:13:57.755	30	13.3212	(555, 1046)	(56, 105)	172
00:13:57.789	31	14.1316	(577, 1050)	(58, 105)	172
00:13:57.824	33	13.8761	(585, 1052)	(59, 105)	172
00:13:57.859	32	14.1024	(595, 1053)	(60, 105)	172
00:13:57.895	28	14.3246	(605, 1054)	(61, 105)	172
00:13:57.928	31	14.4108	(608, 1055)	(61, 106)	172
00:13:57.964	33	14.5483	(615, 1056)	(62, 106)	172
00:13:58.005	35	14.6286	(625, 1057)	(63, 106)	172
00:13:58.047	34	14.7936	(635, 1058)	(64, 106)	172
00:13:58.090	31	14.9701	(645, 1059)	(65, 106)	172
00:13:58.123	31	15.1388	(655, 1060)	(66, 106)	172
00:13:58.157	30	15.3326	(665, 1061)	(67, 106)	172
00:13:58.192	32	15.4822	(675, 1061)	(68, 106)	172
00:13:58.227	31	15.5643	(685, 1063)	(69, 106)	172
00:13:58.262	31	15.6763	(695, 1063)	(70, 106)	172
00:13:58.297	32	15.8418	(705, 1064)	(71, 106)	172
00:13:58.332	30	15.9926	(715, 1064)	(72, 106)	172
00:13:58.366	32	16.0287	(719, 1065)	(72, 107)	172
00:13:58.403	38	16.0359	(725, 1065)	(73, 107)	172
00:13:58.444	40	16.1425	(735, 1066)	(74, 107)	172
00:13:58.492	33	16.6129	(745, 1066)	(75, 107)	172
00:13:58.533	30	16.4169	(755, 1066)	(76, 107)	172
00:13:58.567	30	16.5289	(765, 1066)	(77, 107)	172
00:13:58.602	31	16.5997	(775, 1067)	(78, 107)	172
00:13:58.637	30	16.6926	(785, 1067)	(79, 107)	172
00:13:58.673	36	16.6859	(795, 1068)	(80, 107)	172
00:13:58.714	32	16.8624	(805, 1069)	(81, 107)	172
00:13:58.748	31	16.987	(815, 1070)	(82, 107)	172
00:13:58.784	30	17.0585	(825, 1071)	(83, 107)	172
00:13:58.818	36	17.1055	(835, 1072)	(84, 107)	172
00:13:58.861	36	17.6354	(845, 1073)	(85, 107)	172
00:13:58.903	34	17.207	(856, 1074)	(86, 107)	172
00:13:58.943	32	17.2661	(862, 1075)	(86, 108)	172
00:13:58.978	37	17.2385	(865, 1075)	(87, 108)	172
00:13:59.020	37	17.3283	(875, 1075)	(88, 108)	172
00:13:59.062	38	17.3748	(885, 1076)	(89, 108)	172
00:13:59.105	34	17.4647	(895, 1077)	(90, 108)	172
00:13:59.145	31	17.5948	(905, 1078)	(91, 108)	172
00:13:59.180	36	17.619	(915, 1078)	(92, 108)	172
00:13:59.222	37	17.627	(925, 1079)	(93, 108)	172
00:13:59.264	37	17.6819	(935, 1080)	(94, 108)	172
00:13:59.307	42	17.7519	(945, 1081)	(95, 108)	172
00:13:59.354	32	17.8293	(955, 1082)	(96, 108)	172
00:13:59.388	33	17.9175	(965, 1082)	(97, 108)	172
00:13:59.430	38	17.9933	(975, 1083)	(98, 108)	172
00:13:59.474	42	17.9757	(986, 1083)	(99, 108)	172
00:13:59.523	36	18.0258	(995, 1084)	(100, 108)	172
00:13:59.562	34	18.1527	(1005, 1084)	(101, 108)	172
00:13:59.604	35	18.2127	(1015, 1084)	(102, 108)	172
00:13:59.646	34	18.209	(1017, 1085)	(102, 109)	172
00:13:59.687	35	18.2281	(1025, 1085)	(103, 109)	172
00:13:59.729	34	18.4074	(1040, 1085)	(104, 109)	172
00:13:59.771	34	18.3612	(1048, 1085)	(105, 109)	172
00:13:59.812	35	18.359	(1055, 1086)	(106, 109)	172
00:13:59.854	40	18.4022	(1065, 1086)	(107, 109)	172
00:13:59.904	49	18.4415	(1075, 1086)	(108, 109)	172
00:13:59.960	34	18.499	(1085, 1086)	(109, 109)	172
00:13:59.999	34	18.5261	(1096, 1086)	(110, 109)	172
00:14:00.035	32	18.649	(1105, 1086)	(111, 109)	172
00:14:00.069	32	18.6597	(1115, 1086)	(112, 109)	172
00:14:00.104	35	18.6893	(1126, 1086)	(113, 109)	172
00:14:00.146	34	18.7261	(1135, 1086)	(114, 109)	172
00:14:00.187	37	18.7444	(1146, 1086)	(115, 109)	172
00:14:00.230	38	18.7144	(1155, 1086)	(116, 109)	172
00:14:00.272	37	18.688	(1166, 1086)	(117, 109)	172
00:14:00.313	38	18.6604	(1175, 1086)	(118, 109)	172
00:14:00.356	34	18.5671	(1185, 1085)	(119, 109)	172
00:14:00.396	35	18.5819	(1188, 1084)	(119, 108)	172
00:14:00.438	37	18.5887	(1195, 1084)	(120, 108)	172
00:14:00.480	37	18.4757	(1205, 1082)	(121, 108)	172
00:14:00.521	39	18.4769	(1215, 1081)	(122, 108)	172
00:14:00.564	35	18.4468	(1225, 1081)	(123, 108)	172
00:14:00.605	32	18.3132	(1235, 1081)	(124, 108)	172
00:14:00.640	35	18.3172	(1245, 1080)	(125, 108)	172
00:14:00.682	38	18.2381	(1255, 1080)	(126, 108)	172
00:14:00.724	38	18.1664	(1265, 1079)	(127, 108)	172
00:14:00.766	34	18.0535	(1275, 1078)	(128, 108)	172
00:14:00.806	40	17.968	(1286, 1077)	(129, 108)	172
00:14:00.857	45	17.8336	(1295, 1077)	(130, 108)	172
00:14:00.913	40	17.7963	(1305, 1077)	(131, 108)	172
00:14:00.960	36	17.7252	(1315, 1077)	(132, 108)	172
00:14:01.001	33	17.5944	(1325, 1077)	(133, 108)	172
00:14:01.042	33	17.4766	(1335, 1077)	(134, 108)	172
00:14:01.079	38	17.3385	(1345, 1077)	(135, 108)	172
00:14:01.120	38	17.2107	(1355, 1077)	(136, 108)	172
00:14:01.169	34	17.163	(1365, 1079)	(137, 108)	172
00:14:01.210	33	17.0883	(1375, 1080)	(138, 108)	172
00:14:01.251	34	16.9188	(1385, 1081)	(139, 108)	172
00:14:01.294	33	16.7957	(1395, 1081)	(140, 108)	172
00:14:01.335	33	16.7304	(1405, 1083)	(141, 108)	172
00:14:01.376	33	16.5714	(1416, 1084)	(142, 108)	172
00:14:01.411	30	16.601	(1418, 1085)	(142, 109)	172
00:14:01.445	34	16.4563	(1425, 1085)	(143, 109)	172
00:14:01.488	35	16.3234	(1437, 1088)	(144, 109)	172
00:14:01.530	35	16.1287	(1445, 1088)	(145, 109)	172
00:14:01.571	36	16.0495	(1455, 1089)	(146, 109)	172
00:14:01.614	33	16.2907	(1465, 1090)	(147, 109)	172
00:14:01.655	30	15.711	(1476, 1091)	(148, 109)	172
00:14:01.689	34	15.6185	(1485, 1092)	(149, 109)	172
00:14:01.732	34	15.3302	(1495, 1093)	(150, 109)	172
00:14:01.773	36	15.2277	(1505, 1093)	(151, 109)	172
00:14:01.816	32	14.9763	(1515, 1093)	(152, 109)	172
00:14:01.856	34	14.7921	(1525, 1093)	(153, 109)	172
00:14:01.899	40	14.6124	(1535, 1094)	(154, 109)	172
00:14:01.947	39	14.4167	(1545, 1094)	(155, 109)	172
00:14:01.990	41	14.2004	(1555, 1094)	(156, 109)	172
00:14:02.038	30	13.9799	(1565, 1094)	(157, 109)	172
00:14:02.072	27	13.9713	(1566, 1095)	(157, 110)	172
00:14:02.106	32	13.7727	(1575, 1095)	(158, 110)	172
00:14:02.141	36	13.4215	(1585, 1095)	(159, 110)	172
00:14:02.184	34	13.0581	(1596, 1096)	(160, 110)	172
00:14:02.230	30	12.8929	(1605, 1096)	(161, 110)	172
00:14:02.266	26	12.5923	(1615, 1096)	(162, 110)	172
00:14:02.293	27	12.2772	(1625, 1097)	(163, 110)	172
00:14:02.321	26	12.0465	(1635, 1097)	(164, 110)	172
00:14:02.349	28	11.7963	(1645, 1097)	(165, 110)	172
00:14:02.385	25	11.5173	(1655, 1098)	(166, 110)	172
00:14:02.412	27	11.3107	(1665, 1098)	(167, 110)	172
00:14:02.447	28	10.9277	(1675, 1099)	(168, 110)	172
00:14:02.482	27	10.5822	(1685, 1099)	(169, 110)	172
00:14:02.516	26	10.2413	(1695, 1100)	(170, 110)	172
00:14:02.544	26	9.95704	(1705, 1100)	(171, 110)	172
00:14:02.579	25	9.64015	(1715, 1101)	(172, 110)	172
00:14:02.607	24	9.25778	(1725, 1101)	(173, 110)	172
00:14:02.635	26	9.35141	(1735, 1103)	(174, 110)	172
00:14:02.663	25	8.60533	(1748, 1104)	(175, 110)	172
00:14:02.691	23	8.50845	(1753, 1105)	(175, 111)	172
00:14:02.718	25	8.42074	(1755, 1105)	(176, 111)	172
00:14:02.746	24	8.18548	(1765, 1106)	(177, 111)	172
00:14:02.773	24	7.95674	(1775, 1107)	(178, 111)	172
00:14:02.801	23	7.66963	(1785, 1108)	(179, 111)	172
00:14:02.829	28	7.30504	(1798, 1109)	(180, 111)	172
00:14:02.864	22	7.10459	(1806, 1111)	(181, 111)	172
00:14:02.891	22	6.95971	(1815, 1112)	(182, 111)	172
00:14:02.919	25	6.64919	(1825, 1112)	(183, 111)	172
00:14:02.948	26	6.39956	(1835, 1113)	(184, 111)	172
00:14:02.983	25	5.99896	(1850, 1114)	(185, 111)	172
00:14:03.019	26	5.88933	(1855, 1114)	(186, 111)	172
00:14:03.054	21	5.82519	(1858, 1115)	(186, 112)	172
00:14:03.080	20	5.72237	(1865, 1116)	(187, 112)	172
00:14:03.107	19	5.53511	(1877, 1117)	(188, 112)	172
00:14:03.128	19	5.44207	(1885, 1118)	(189, 112)	172
00:14:03.149	19	5.30874	(1895, 1120)	(190, 112)	172
00:14:03.170	19	5.1203	(1905, 1121)	(191, 112)	172
00:14:03.191	17	3.03156	(0, 0)	(0, 0)	172
EOM

