BOM
Frame extends: 2263, 1306
_ms_area: 10
measurements taken: 585
current rendering method: 2
is mouse replay: 1
Camera settings: Roation Quaternion: ( 0.0635341, 0.68235, -0.135584, -0.715522), Translationsvektor: ( 0.164384, -0.174579, 1.775).
System_Time	Elapsed_Time_PaintGL	Elapsed_Kernel_Time	Frame_Coordinates	Grid_Position	Manual_Measurement
00:14:19.281	23	12.7569	(318, 226)	(32, 23)	172
00:14:19.312	22	12.7369	(325, 225)	(33, 23)	172
00:14:19.340	21	12.8326	(335, 225)	(34, 23)	172
00:14:19.367	25	12.8387	(345, 225)	(35, 23)	172
00:14:19.402	26	12.9062	(357, 225)	(36, 23)	172
00:14:19.430	28	12.9433	(372, 225)	(37, 23)	172
00:14:19.465	27	12.9099	(375, 225)	(38, 23)	172
00:14:19.500	26	13.0484	(385, 225)	(39, 23)	172
00:14:19.528	22	13.0662	(395, 225)	(40, 23)	172
00:14:19.555	23	13.0339	(405, 225)	(41, 23)	172
00:14:19.583	23	13.105	(415, 225)	(42, 23)	172
00:14:19.611	28	13.1967	(425, 225)	(43, 23)	172
00:14:19.651	28	13.151	(435, 226)	(44, 23)	172
00:14:19.688	26	13.3016	(445, 226)	(45, 23)	172
00:14:19.723	26	13.3353	(455, 226)	(46, 23)	172
00:14:19.750	23	13.5056	(465, 227)	(47, 23)	172
00:14:19.778	23	13.5569	(475, 227)	(48, 23)	172
00:14:19.806	24	13.5569	(485, 228)	(49, 23)	172
00:14:19.834	27	13.6308	(495, 228)	(50, 23)	172
00:14:19.868	28	13.8	(505, 229)	(51, 23)	172
00:14:19.904	29	13.889	(515, 229)	(52, 23)	172
00:14:19.938	25	13.9184	(525, 229)	(53, 23)	172
00:14:19.966	23	13.9142	(535, 229)	(54, 23)	172
00:14:19.993	25	14.2083	(545, 229)	(55, 23)	172
00:14:20.020	24	14.1252	(555, 229)	(56, 23)	172
00:14:20.048	25	14.2259	(565, 229)	(57, 23)	172
00:14:20.077	31	14.2621	(575, 229)	(58, 23)	172
00:14:20.112	25	14.5305	(585, 229)	(59, 23)	172
00:14:20.140	24	14.4754	(596, 229)	(60, 23)	172
00:14:20.169	25	14.5596	(605, 230)	(61, 23)	172
00:14:20.202	26	14.7301	(615, 230)	(62, 23)	172
00:14:20.230	24	14.7649	(626, 230)	(63, 23)	172
00:14:20.257	30	14.7775	(635, 230)	(64, 23)	172
00:14:20.293	30	14.764	(645, 230)	(65, 23)	172
00:14:20.328	28	14.944	(655, 230)	(66, 23)	172
00:14:20.362	27	15.116	(665, 230)	(67, 23)	172
00:14:20.397	28	15.1216	(680, 230)	(68, 23)	172
00:14:20.432	27	15.2864	(685, 230)	(69, 23)	172
00:14:20.466	27	15.4687	(695, 230)	(70, 23)	172
00:14:20.501	27	15.5634	(705, 230)	(71, 23)	172
00:14:20.537	25	15.6779	(715, 230)	(72, 23)	172
00:14:20.570	25	15.7828	(725, 230)	(73, 23)	172
00:14:20.598	26	15.795	(735, 230)	(74, 23)	172
00:14:20.626	24	15.908	(749, 230)	(75, 23)	172
00:14:20.653	27	15.9366	(756, 230)	(76, 23)	172
00:14:20.683	26	15.9376	(766, 230)	(77, 23)	172
00:14:20.716	26	16.087	(775, 230)	(78, 23)	172
00:14:20.744	27	16.1864	(785, 230)	(79, 23)	172
00:14:20.779	25	16.2972	(796, 229)	(80, 23)	172
00:14:20.807	25	16.4406	(805, 229)	(81, 23)	172
00:14:20.834	25	16.3535	(815, 229)	(82, 23)	172
00:14:20.862	29	16.4621	(825, 228)	(83, 23)	172
00:14:20.897	32	16.5227	(835, 228)	(84, 23)	172
00:14:20.941	29	16.5596	(845, 228)	(85, 23)	172
00:14:20.975	29	16.5516	(855, 228)	(86, 23)	172
00:14:21.009	28	16.4957	(865, 228)	(87, 23)	172
00:14:21.043	28	16.4821	(875, 228)	(88, 23)	172
00:14:21.077	32	16.5733	(885, 228)	(89, 23)	172
00:14:21.114	31	16.5316	(895, 228)	(90, 23)	172
00:14:21.155	33	16.5656	(905, 228)	(91, 23)	172
00:14:21.197	29	16.4967	(915, 228)	(92, 23)	172
00:14:21.233	28	16.6065	(925, 228)	(93, 23)	172
00:14:21.273	32	16.445	(935, 228)	(94, 23)	172
00:14:21.315	31	16.5284	(945, 227)	(95, 23)	172
00:14:21.356	32	16.4366	(957, 227)	(96, 23)	172
00:14:21.392	30	16.5056	(966, 227)	(97, 23)	172
00:14:21.425	29	16.4761	(975, 227)	(98, 23)	172
00:14:21.460	34	16.5422	(985, 227)	(99, 23)	172
00:14:21.503	36	16.6031	(995, 227)	(100, 23)	172
00:14:21.545	36	16.3999	(1005, 227)	(101, 23)	172
00:14:21.590	31	16.364	(1015, 226)	(102, 23)	172
00:14:21.627	27	16.4921	(1025, 226)	(103, 23)	172
00:14:21.661	27	16.4523	(1035, 226)	(104, 23)	172
00:14:21.696	33	16.3526	(1045, 225)	(105, 23)	172
00:14:21.733	32	16.2633	(1055, 225)	(106, 23)	172
00:14:21.779	32	16.2305	(1065, 225)	(107, 23)	172
00:14:21.822	26	16.1061	(1071, 224)	(107, 22)	172
00:14:21.856	26	16.2603	(1075, 224)	(108, 22)	172
00:14:21.884	29	16.268	(1085, 224)	(109, 22)	172
00:14:21.919	32	16.0458	(1095, 224)	(110, 22)	172
00:14:21.954	31	15.9941	(1105, 224)	(111, 22)	172
00:14:21.990	30	16.0034	(1115, 224)	(112, 22)	172
00:14:22.025	28	15.8499	(1125, 224)	(113, 22)	172
00:14:22.058	25	15.7993	(1135, 224)	(114, 22)	172
00:14:22.085	27	15.8019	(1146, 223)	(115, 22)	172
00:14:22.121	27	15.6575	(1155, 223)	(116, 22)	172
00:14:22.156	27	15.6883	(1165, 223)	(117, 22)	172
00:14:22.191	27	15.5409	(1175, 223)	(118, 22)	172
00:14:22.225	25	15.612	(1185, 223)	(119, 22)	172
00:14:22.253	24	15.5117	(1195, 223)	(120, 22)	172
00:14:22.284	28	15.4086	(1205, 223)	(121, 22)	172
00:14:22.322	25	15.4252	(1215, 223)	(122, 22)	172
00:14:22.350	26	15.3844	(1225, 223)	(123, 22)	172
00:14:22.385	29	15.3058	(1235, 223)	(124, 22)	172
00:14:22.421	27	15.2747	(1245, 223)	(125, 22)	172
00:14:22.454	25	15.2782	(1255, 223)	(126, 22)	172
00:14:22.481	27	15.2013	(1265, 224)	(127, 22)	172
00:14:22.510	26	15.0776	(1275, 224)	(128, 22)	172
00:14:22.545	30	15.0625	(1282, 225)	(128, 23)	172
00:14:22.580	29	15.1154	(1285, 225)	(129, 23)	172
00:14:22.616	28	14.921	(1295, 226)	(130, 23)	172
00:14:22.649	25	14.9853	(1305, 226)	(131, 23)	172
00:14:22.676	25	14.9345	(1316, 228)	(132, 23)	172
00:14:22.705	27	14.843	(1326, 228)	(133, 23)	172
00:14:22.740	27	14.745	(1335, 228)	(134, 23)	172
00:14:22.774	28	14.7717	(1345, 229)	(135, 23)	172
00:14:22.812	28	14.6326	(1355, 230)	(136, 23)	172
00:14:22.851	26	14.5381	(1366, 230)	(137, 23)	172
00:14:22.884	24	14.4393	(1375, 230)	(138, 23)	172
00:14:22.913	28	14.4711	(1386, 231)	(139, 23)	172
00:14:22.948	28	14.3898	(1395, 231)	(140, 23)	172
00:14:22.983	27	14.3044	(1405, 232)	(141, 23)	172
00:14:23.017	27	14.117	(1415, 232)	(142, 23)	172
00:14:23.053	24	14.1225	(1425, 232)	(143, 23)	172
00:14:23.080	24	14.0902	(1435, 233)	(144, 23)	172
00:14:23.107	24	14.1932	(1445, 234)	(145, 23)	172
00:14:23.135	25	13.9516	(1455, 234)	(146, 23)	172
00:14:23.163	24	13.9756	(1465, 234)	(147, 23)	172
00:14:23.191	23	13.9533	(1478, 234)	(148, 23)	172
00:14:23.218	25	13.9711	(1485, 234)	(149, 23)	172
00:14:23.247	24	13.8631	(1488, 235)	(149, 24)	172
00:14:23.275	24	13.8225	(1495, 235)	(150, 24)	172
00:14:23.302	24	13.7676	(1506, 235)	(151, 24)	172
00:14:23.330	24	13.7129	(1516, 235)	(152, 24)	172
00:14:23.359	24	13.6764	(1526, 236)	(153, 24)	172
00:14:23.392	23	13.5964	(1535, 236)	(154, 24)	172
00:14:23.420	24	13.3961	(1546, 236)	(155, 24)	172
00:14:23.456	22	13.3914	(1556, 237)	(156, 24)	172
00:14:23.483	25	13.3862	(1565, 237)	(157, 24)	172
00:14:23.511	22	13.3213	(1575, 238)	(158, 24)	172
00:14:23.538	27	13.2612	(1585, 238)	(159, 24)	172
00:14:23.574	26	13.2759	(1595, 239)	(160, 24)	172
00:14:23.609	26	13.2404	(1605, 239)	(161, 24)	172
00:14:23.646	26	13.073	(1615, 240)	(162, 24)	172
00:14:23.678	25	13.0401	(1625, 240)	(163, 24)	172
00:14:23.706	22	13.0714	(1636, 241)	(164, 24)	172
00:14:23.733	23	12.8576	(1645, 242)	(165, 24)	172
00:14:23.761	23	12.9222	(1655, 242)	(166, 24)	172
00:14:23.789	26	12.8316	(1666, 243)	(167, 24)	172
00:14:23.824	27	12.877	(1676, 244)	(168, 24)	172
00:14:23.859	24	12.8385	(1677, 245)	(168, 25)	172
00:14:23.888	23	12.8228	(1686, 245)	(169, 25)	172
00:14:23.921	21	12.6514	(1696, 246)	(170, 25)	172
00:14:23.948	25	12.7929	(1705, 246)	(171, 25)	172
00:14:23.985	26	12.7443	(1715, 248)	(172, 25)	172
00:14:24.020	27	12.7083	(1726, 249)	(173, 25)	172
00:14:24.054	26	12.6059	(1735, 250)	(174, 25)	172
00:14:24.088	24	12.6701	(1745, 251)	(175, 25)	172
00:14:24.116	24	12.527	(1755, 253)	(176, 25)	172
00:14:24.144	24	12.4975	(1765, 254)	(177, 25)	172
00:14:24.172	24	12.5936	(1768, 255)	(177, 26)	172
00:14:24.199	23	12.4793	(1775, 256)	(178, 26)	172
00:14:24.228	23	12.441	(1785, 258)	(179, 26)	172
00:14:24.255	24	12.4498	(1795, 260)	(180, 26)	172
00:14:24.283	23	12.4323	(1805, 262)	(181, 26)	172
00:14:24.310	24	12.4104	(1815, 264)	(182, 26)	172
00:14:24.338	24	12.4788	(1817, 265)	(182, 27)	172
00:14:24.366	23	12.4145	(1825, 267)	(183, 27)	172
00:14:24.396	28	12.4431	(1838, 271)	(184, 27)	172
00:14:24.436	27	12.4336	(1845, 273)	(185, 27)	172
00:14:24.472	25	12.3526	(1849, 275)	(185, 28)	172
00:14:24.505	22	12.4264	(1858, 278)	(186, 28)	172
00:14:24.533	28	12.3545	(1865, 280)	(187, 28)	172
00:14:24.569	25	12.4477	(1874, 285)	(187, 29)	172
00:14:24.603	27	12.3061	(1875, 285)	(188, 29)	172
00:14:24.638	27	12.3701	(1885, 289)	(189, 29)	172
00:14:24.673	35	12.2745	(1895, 294)	(190, 29)	172
00:14:24.713	22	12.3886	(1895, 295)	(190, 30)	172
00:14:24.741	23	12.2991	(1905, 299)	(191, 30)	172
00:14:24.770	23	12.2504	(1912, 305)	(191, 31)	172
00:14:24.797	23	12.2421	(1915, 307)	(192, 31)	172
00:14:24.825	23	12.3	(1925, 314)	(193, 31)	172
00:14:24.852	23	12.3056	(1926, 315)	(193, 32)	172
00:14:24.881	22	12.2893	(1935, 322)	(194, 32)	172
00:14:24.909	22	12.2086	(1937, 325)	(194, 33)	172
00:14:24.937	22	12.2225	(1945, 333)	(195, 33)	172
00:14:24.963	22	12.2819	(1947, 335)	(195, 34)	172
00:14:24.991	23	12.2034	(1955, 344)	(196, 34)	172
00:14:25.019	24	12.256	(1955, 345)	(196, 35)	172
00:14:25.048	23	12.2449	(1963, 355)	(196, 36)	172
00:14:25.075	23	12.2308	(1965, 358)	(197, 36)	172
00:14:25.104	22	12.2735	(1968, 365)	(197, 37)	172
00:14:25.131	23	12.2107	(1973, 375)	(197, 38)	172
00:14:25.158	23	12.3055	(1975, 379)	(198, 38)	172
00:14:25.186	24	12.2345	(1976, 385)	(198, 39)	172
00:14:25.214	23	12.1154	(1980, 395)	(198, 40)	172
00:14:25.242	23	12.0708	(1982, 405)	(198, 41)	172
00:14:25.270	23	12.2727	(1984, 415)	(198, 42)	172
00:14:25.298	22	12.172	(1985, 417)	(199, 42)	172
00:14:25.326	22	12.1016	(1985, 425)	(199, 43)	172
00:14:25.353	22	12.2461	(1987, 435)	(199, 44)	172
00:14:25.381	23	12.1776	(1988, 445)	(199, 45)	172
00:14:25.409	26	12.1004	(1989, 455)	(199, 46)	172
00:14:25.444	26	12.2021	(1989, 465)	(199, 47)	172
00:14:25.482	26	12.096	(1989, 475)	(199, 48)	172
00:14:25.520	22	12.203	(1988, 485)	(199, 49)	172
00:14:25.547	22	12.1256	(1985, 495)	(199, 50)	172
00:14:25.575	21	12.1908	(1984, 495)	(198, 50)	172
00:14:25.603	25	12.1194	(1980, 505)	(198, 51)	172
00:14:25.632	26	12.125	(1972, 516)	(197, 52)	172
00:14:25.666	26	12.1945	(1965, 525)	(197, 53)	172
00:14:25.701	26	12.175	(1964, 526)	(196, 53)	172
00:14:25.736	23	12.183	(1954, 534)	(195, 53)	172
00:14:25.763	22	12.1719	(1953, 535)	(195, 54)	172
00:14:25.791	22	12.115	(1944, 539)	(194, 54)	172
00:14:25.818	23	12.2344	(1937, 545)	(194, 55)	172
00:14:25.846	23	12.1833	(1934, 547)	(193, 55)	172
00:14:25.874	23	12.1378	(1924, 555)	(192, 56)	172
00:14:25.902	22	12.1736	(1914, 561)	(191, 56)	172
00:14:25.930	23	12.2588	(1907, 565)	(191, 57)	172
00:14:25.959	22	12.2181	(1904, 567)	(190, 57)	172
00:14:25.986	24	12.2298	(1894, 572)	(189, 57)	172
00:14:26.018	25	12.1385	(1890, 575)	(189, 58)	172
00:14:26.049	26	12.1836	(1884, 577)	(188, 58)	172
00:14:26.084	25	12.1653	(1874, 581)	(187, 58)	172
00:14:26.118	27	12.2625	(1866, 585)	(187, 59)	172
00:14:26.153	26	12.2028	(1864, 585)	(186, 59)	172
00:14:26.187	27	12.2151	(1854, 590)	(185, 59)	172
00:14:26.224	26	12.3157	(1844, 594)	(184, 59)	172
00:14:26.258	26	12.2776	(1843, 595)	(184, 60)	172
00:14:26.292	27	12.2948	(1834, 597)	(183, 60)	172
00:14:26.329	26	12.3148	(1823, 601)	(182, 60)	172
00:14:26.363	22	12.277	(1810, 606)	(181, 61)	172
00:14:26.388	24	12.3363	(1804, 609)	(180, 61)	172
00:14:26.417	22	12.296	(1794, 612)	(179, 61)	172
00:14:26.444	27	12.3422	(1787, 615)	(179, 62)	172
00:14:26.480	28	12.2656	(1784, 616)	(178, 62)	172
00:14:26.515	28	12.3203	(1774, 619)	(177, 62)	172
00:14:26.551	26	12.3009	(1764, 622)	(176, 62)	172
00:14:26.583	26	12.3001	(1758, 625)	(176, 63)	172
00:14:26.611	27	12.3449	(1754, 626)	(175, 63)	172
00:14:26.640	24	12.2963	(1744, 628)	(174, 63)	172
00:14:26.667	25	12.4234	(1734, 631)	(173, 63)	172
00:14:26.695	24	12.3527	(1724, 633)	(172, 63)	172
00:14:26.723	24	12.4178	(1715, 635)	(172, 64)	172
00:14:26.751	24	12.4034	(1714, 635)	(171, 64)	172
00:14:26.779	22	12.3756	(1704, 637)	(170, 64)	172
00:14:26.806	22	12.3981	(1694, 638)	(169, 64)	172
00:14:26.834	22	12.4194	(1684, 640)	(168, 64)	172
00:14:26.861	22	12.5633	(1674, 641)	(167, 64)	172
00:14:26.889	25	12.4609	(1664, 642)	(166, 64)	172
00:14:26.918	25	12.5498	(1654, 643)	(165, 64)	172
00:14:26.953	24	12.5804	(1644, 644)	(164, 64)	172
00:14:26.979	23	12.5563	(1633, 644)	(163, 64)	172
00:14:27.007	25	12.6578	(1624, 644)	(162, 64)	172
00:14:27.036	23	12.52	(1614, 644)	(161, 64)	172
00:14:27.065	25	12.7735	(1604, 644)	(160, 64)	172
00:14:27.098	26	12.6827	(1594, 644)	(159, 64)	172
00:14:27.133	25	12.6628	(1584, 644)	(158, 64)	172
00:14:27.168	26	12.7163	(1574, 644)	(157, 64)	172
00:14:27.203	27	12.8462	(1564, 644)	(156, 64)	172
00:14:27.239	26	12.8372	(1554, 644)	(155, 64)	172
00:14:27.273	27	12.9089	(1548, 645)	(155, 65)	172
00:14:27.307	25	12.8407	(1544, 645)	(154, 65)	172
00:14:27.341	27	12.8471	(1534, 645)	(153, 65)	172
00:14:27.377	26	13.008	(1524, 646)	(152, 65)	172
00:14:27.412	22	12.9273	(1514, 647)	(151, 65)	172
00:14:27.439	22	12.8606	(1504, 648)	(150, 65)	172
00:14:27.466	27	13.044	(1494, 649)	(149, 65)	172
00:14:27.502	29	12.9899	(1484, 651)	(148, 65)	172
00:14:27.539	30	12.8806	(1474, 652)	(147, 65)	172
00:14:27.572	27	12.9739	(1464, 652)	(146, 65)	172
00:14:27.608	24	12.989	(1454, 653)	(145, 65)	172
00:14:27.640	24	13.0359	(1444, 654)	(144, 65)	172
00:14:27.667	25	13.0252	(1434, 654)	(143, 65)	172
00:14:27.695	26	13.1499	(1419, 654)	(142, 65)	172
00:14:27.724	25	13.073	(1414, 654)	(141, 65)	172
00:14:27.752	25	13.1554	(1404, 654)	(140, 65)	172
00:14:27.780	25	13.1437	(1394, 654)	(139, 65)	172
00:14:27.807	25	13.1212	(1384, 654)	(138, 65)	172
00:14:27.835	25	13.1613	(1374, 654)	(137, 65)	172
00:14:27.863	25	13.2225	(1356, 653)	(136, 65)	172
00:14:27.890	25	13.1342	(1354, 653)	(135, 65)	172
00:14:27.918	24	13.2298	(1344, 652)	(134, 65)	172
00:14:27.946	24	13.2898	(1334, 651)	(133, 65)	172
00:14:27.974	25	13.2524	(1323, 651)	(132, 65)	172
00:14:28.001	26	13.3139	(1314, 650)	(131, 65)	172
00:14:28.029	26	13.3093	(1303, 649)	(130, 65)	172
00:14:28.057	24	13.3079	(1294, 648)	(129, 65)	172
00:14:28.085	23	13.323	(1284, 647)	(128, 65)	172
00:14:28.116	27	13.3329	(1274, 647)	(127, 65)	172
00:14:28.155	26	13.2453	(1264, 646)	(126, 65)	172
00:14:28.183	27	13.2895	(1256, 644)	(126, 64)	172
00:14:28.219	24	13.3633	(1254, 644)	(125, 64)	172
00:14:28.245	24	13.4456	(1244, 643)	(124, 64)	172
00:14:28.273	25	13.3714	(1234, 643)	(123, 64)	172
00:14:28.302	26	13.4563	(1224, 641)	(122, 64)	172
00:14:28.336	26	13.4313	(1214, 641)	(121, 64)	172
00:14:28.371	26	13.4994	(1204, 641)	(120, 64)	172
00:14:28.406	26	13.4276	(1194, 640)	(119, 64)	172
00:14:28.440	26	13.4699	(1184, 639)	(118, 64)	172
00:14:28.474	23	13.4996	(1174, 639)	(117, 64)	172
00:14:28.502	24	13.4748	(1164, 637)	(116, 64)	172
00:14:28.538	27	13.5233	(1154, 637)	(115, 64)	172
00:14:28.572	29	13.488	(1144, 636)	(114, 64)	172
00:14:28.607	29	13.581	(1134, 636)	(113, 64)	172
00:14:28.642	25	13.6397	(1124, 635)	(112, 64)	172
00:14:28.672	26	13.544	(1114, 635)	(111, 64)	172
00:14:28.704	27	13.6416	(1110, 634)	(111, 63)	172
00:14:28.738	26	13.6064	(1104, 634)	(110, 63)	172
00:14:28.766	25	13.7166	(1093, 633)	(109, 63)	172
00:14:28.794	25	13.6627	(1084, 632)	(108, 63)	172
00:14:28.822	26	13.5501	(1074, 632)	(107, 63)	172
00:14:28.857	26	13.5689	(1064, 631)	(106, 63)	172
00:14:28.885	25	13.5216	(1051, 631)	(105, 63)	172
00:14:28.913	25	13.5295	(1032, 629)	(103, 63)	172
00:14:28.940	27	13.5311	(1024, 629)	(102, 63)	172
00:14:28.975	26	13.4335	(1014, 629)	(101, 63)	172
00:14:29.012	37	13.355	(1004, 628)	(100, 63)	172
00:14:29.061	25	13.579	(994, 627)	(99, 63)	172
00:14:29.093	22	13.3745	(984, 627)	(98, 63)	172
00:14:29.121	22	13.4658	(974, 627)	(97, 63)	172
00:14:29.148	26	13.4519	(964, 626)	(96, 63)	172
00:14:29.181	27	13.2886	(954, 626)	(95, 63)	172
00:14:29.219	28	13.3551	(944, 626)	(94, 63)	172
00:14:29.254	26	13.4625	(934, 625)	(93, 63)	172
00:14:29.287	24	13.3258	(927, 624)	(93, 62)	172
00:14:29.315	26	13.2513	(924, 624)	(92, 62)	172
00:14:29.350	29	13.3081	(914, 623)	(91, 62)	172
00:14:29.386	27	13.2613	(904, 622)	(90, 62)	172
00:14:29.421	27	13.1973	(894, 621)	(89, 62)	172
00:14:29.455	24	13.1898	(884, 620)	(88, 62)	172
00:14:29.483	23	13.2781	(873, 619)	(87, 62)	172
00:14:29.510	24	13.2401	(864, 619)	(86, 62)	172
00:14:29.537	24	13.2824	(854, 619)	(85, 62)	172
00:14:29.565	27	13.1756	(843, 618)	(84, 62)	172
00:14:29.601	27	13.193	(834, 618)	(83, 62)	172
00:14:29.636	28	13.1422	(823, 617)	(82, 62)	172
00:14:29.671	28	13.1641	(814, 617)	(81, 62)	172
00:14:29.705	28	13.1159	(804, 617)	(80, 62)	172
00:14:29.744	28	13.0228	(794, 617)	(79, 62)	172
00:14:29.782	26	12.969	(784, 616)	(78, 62)	172
00:14:29.816	28	12.9501	(772, 616)	(77, 62)	172
00:14:29.852	25	12.8865	(764, 615)	(76, 62)	172
00:14:29.880	22	12.9292	(754, 615)	(75, 62)	172
00:14:29.906	23	12.8517	(744, 615)	(74, 62)	172
00:14:29.934	23	12.8489	(734, 615)	(73, 62)	172
00:14:29.962	26	12.776	(724, 615)	(72, 62)	172
00:14:29.997	25	12.8425	(714, 615)	(71, 62)	172
00:14:30.032	25	12.7625	(704, 615)	(70, 62)	172
00:14:30.070	24	12.7406	(694, 615)	(69, 62)	172
00:14:30.101	23	12.7345	(684, 615)	(68, 62)	172
00:14:30.128	22	12.8138	(674, 615)	(67, 62)	172
00:14:30.156	26	12.6513	(664, 616)	(66, 62)	172
00:14:30.185	29	12.7299	(654, 617)	(65, 62)	172
00:14:30.220	27	12.7227	(644, 618)	(64, 62)	172
00:14:30.259	31	12.6649	(634, 618)	(63, 62)	172
00:14:30.295	24	12.681	(624, 619)	(62, 62)	172
00:14:30.323	24	12.7431	(614, 619)	(61, 62)	172
00:14:30.351	25	12.7287	(604, 621)	(60, 62)	172
00:14:30.380	24	12.5884	(594, 621)	(59, 62)	172
00:14:30.407	24	12.6359	(584, 622)	(58, 62)	172
00:14:30.435	23	12.5597	(574, 624)	(57, 62)	172
00:14:30.463	24	12.6121	(566, 625)	(57, 63)	172
00:14:30.490	25	12.6283	(564, 625)	(56, 63)	172
00:14:30.518	25	12.6763	(554, 625)	(55, 63)	172
00:14:30.546	24	12.6399	(544, 626)	(54, 63)	172
00:14:30.588	23	12.5255	(534, 628)	(53, 63)	172
00:14:30.615	24	12.5542	(524, 629)	(52, 63)	172
00:14:30.644	24	12.5529	(514, 631)	(51, 63)	172
00:14:30.672	23	12.5664	(504, 633)	(50, 63)	172
00:14:30.699	24	12.5895	(494, 634)	(49, 63)	172
00:14:30.727	24	12.5492	(493, 635)	(49, 64)	172
00:14:30.754	24	12.6087	(484, 637)	(48, 64)	172
00:14:30.784	25	12.5905	(467, 641)	(47, 64)	172
00:14:30.817	23	12.624	(464, 642)	(46, 64)	172
00:14:30.844	28	12.5105	(458, 645)	(46, 65)	172
00:14:30.885	27	12.5708	(454, 646)	(45, 65)	172
00:14:30.915	24	12.5843	(444, 650)	(44, 65)	172
00:14:30.942	24	12.6413	(434, 654)	(43, 65)	172
00:14:30.970	25	12.5726	(432, 655)	(43, 66)	172
00:14:30.998	24	12.617	(424, 658)	(42, 66)	172
00:14:31.025	25	12.6105	(414, 662)	(41, 66)	172
00:14:31.061	24	12.5301	(409, 665)	(41, 67)	172
00:14:31.089	24	12.6542	(404, 667)	(40, 67)	172
00:14:31.115	24	12.6907	(394, 671)	(39, 67)	172
00:14:31.144	22	12.5924	(387, 675)	(39, 68)	172
00:14:31.171	23	12.6425	(384, 676)	(38, 68)	172
00:14:31.200	35	12.539	(374, 680)	(37, 68)	172
00:14:31.242	26	12.5567	(367, 685)	(37, 69)	172
00:14:31.277	26	12.604	(364, 687)	(36, 69)	172
00:14:31.313	22	12.6428	(356, 695)	(36, 70)	172
00:14:31.345	22	12.5879	(354, 695)	(35, 70)	172
00:14:31.374	28	12.5676	(344, 704)	(34, 70)	172
00:14:31.409	27	12.5523	(344, 705)	(34, 71)	172
00:14:31.444	27	12.6754	(337, 715)	(34, 72)	172
00:14:31.478	28	12.6674	(335, 725)	(34, 73)	172
00:14:31.514	24	12.6459	(334, 727)	(33, 73)	172
00:14:31.540	24	12.705	(331, 735)	(33, 74)	172
00:14:31.568	27	12.7074	(329, 746)	(33, 75)	172
00:14:31.603	26	12.7148	(329, 755)	(33, 76)	172
00:14:31.638	29	12.6763	(329, 765)	(33, 77)	172
00:14:31.673	28	12.7059	(329, 775)	(33, 78)	172
00:14:31.707	27	12.7489	(329, 785)	(33, 79)	172
00:14:31.742	24	12.7006	(329, 795)	(33, 80)	172
00:14:31.770	22	12.7139	(329, 805)	(33, 81)	172
00:14:31.797	21	12.7099	(329, 833)	(33, 83)	172
00:14:31.825	26	12.6721	(329, 836)	(33, 84)	172
00:14:31.863	26	12.6507	(329, 845)	(33, 85)	172
00:14:31.902	25	12.6806	(329, 855)	(33, 86)	172
00:14:31.937	27	12.753	(330, 865)	(33, 87)	172
00:14:31.972	26	12.7984	(332, 875)	(33, 88)	172
00:14:32.006	26	12.7302	(335, 883)	(34, 88)	172
00:14:32.042	25	12.7425	(335, 885)	(34, 89)	172
00:14:32.076	26	12.7674	(338, 895)	(34, 90)	172
00:14:32.111	25	12.7111	(341, 905)	(34, 91)	172
00:14:32.146	25	12.8216	(345, 914)	(35, 91)	172
00:14:32.180	26	12.725	(346, 915)	(35, 92)	172
00:14:32.214	24	12.768	(350, 925)	(35, 93)	172
00:14:32.243	27	12.8271	(355, 931)	(36, 93)	172
00:14:32.278	27	12.7504	(357, 935)	(36, 94)	172
00:14:32.312	24	12.8052	(364, 945)	(36, 95)	172
00:14:32.341	24	12.72	(365, 945)	(37, 95)	172
00:14:32.369	22	12.8933	(373, 955)	(37, 96)	172
00:14:32.395	23	12.9127	(375, 956)	(38, 96)	172
00:14:32.423	22	12.848	(384, 965)	(38, 97)	172
00:14:32.451	27	12.9597	(385, 966)	(39, 97)	172
00:14:32.486	27	12.9151	(395, 975)	(40, 98)	172
00:14:32.520	29	12.9738	(405, 982)	(41, 98)	172
00:14:32.556	25	12.9941	(411, 987)	(41, 99)	172
00:14:32.583	23	13.0541	(415, 989)	(42, 99)	172
00:14:32.610	23	13.1015	(423, 995)	(42, 100)	172
00:14:32.638	24	13.2461	(425, 996)	(43, 100)	172
00:14:32.666	23	13.1801	(435, 1001)	(44, 100)	172
00:14:32.694	24	13.3456	(441, 1005)	(44, 101)	172
00:14:32.723	28	13.3284	(446, 1007)	(45, 101)	172
00:14:32.758	28	13.3182	(455, 1012)	(46, 101)	172
00:14:32.792	24	13.4988	(461, 1015)	(46, 102)	172
00:14:32.820	22	13.5335	(465, 1017)	(47, 102)	172
00:14:32.847	23	13.6674	(475, 1022)	(48, 102)	172
00:14:32.875	23	13.8831	(481, 1025)	(48, 103)	172
00:14:32.906	29	13.6428	(485, 1026)	(49, 103)	172
00:14:32.945	28	13.8606	(495, 1030)	(50, 103)	172
00:14:32.980	25	13.8895	(505, 1034)	(51, 103)	172
00:14:33.007	23	14.0665	(506, 1035)	(51, 104)	172
00:14:33.034	25	14.0237	(515, 1037)	(52, 104)	172
00:14:33.062	25	14.2655	(525, 1040)	(53, 104)	172
00:14:33.090	26	14.3695	(540, 1043)	(54, 104)	172
00:14:33.125	29	14.4756	(545, 1044)	(55, 104)	172
00:14:33.163	29	14.4467	(549, 1045)	(55, 105)	172
00:14:33.195	28	14.6086	(555, 1046)	(56, 105)	172
00:14:33.229	27	14.9133	(577, 1050)	(58, 105)	172
00:14:33.264	27	15.0381	(585, 1052)	(59, 105)	172
00:14:33.298	27	15.071	(595, 1053)	(60, 105)	172
00:14:33.327	27	15.232	(605, 1054)	(61, 105)	172
00:14:33.362	27	15.2047	(608, 1055)	(61, 106)	172
00:14:33.396	27	15.2993	(615, 1056)	(62, 106)	172
00:14:33.434	26	15.4446	(625, 1057)	(63, 106)	172
00:14:33.466	28	15.6233	(635, 1058)	(64, 106)	172
00:14:33.500	34	15.6902	(645, 1059)	(65, 106)	172
00:14:33.544	34	15.8181	(655, 1060)	(66, 106)	172
00:14:33.585	35	16.077	(665, 1061)	(67, 106)	172
00:14:33.625	29	16.1831	(675, 1061)	(68, 106)	172
00:14:33.661	28	16.4015	(685, 1063)	(69, 106)	172
00:14:33.695	35	16.3853	(695, 1063)	(70, 106)	172
00:14:33.741	39	16.6385	(705, 1064)	(71, 106)	172
00:14:33.788	39	16.7065	(715, 1064)	(72, 106)	172
00:14:33.835	31	16.8233	(719, 1065)	(72, 107)	172
00:14:33.869	29	16.9249	(725, 1065)	(73, 107)	172
00:14:33.903	31	16.856	(735, 1066)	(74, 107)	172
00:14:33.939	30	17.1293	(745, 1066)	(75, 107)	172
00:14:33.976	31	17.1628	(755, 1066)	(76, 107)	172
00:14:34.015	31	17.3036	(765, 1066)	(77, 107)	172
00:14:34.049	28	17.4287	(775, 1067)	(78, 107)	172
00:14:34.085	32	17.6864	(785, 1067)	(79, 107)	172
00:14:34.120	33	17.7972	(795, 1068)	(80, 107)	172
00:14:34.162	34	17.8944	(805, 1069)	(81, 107)	172
00:14:34.203	35	17.7604	(815, 1070)	(82, 107)	172
00:14:34.245	31	17.9502	(825, 1071)	(83, 107)	172
00:14:34.279	28	18.0625	(835, 1072)	(84, 107)	172
00:14:34.313	29	18.2341	(845, 1073)	(85, 107)	172
00:14:34.350	33	18.1311	(856, 1074)	(86, 107)	172
00:14:34.391	33	18.1148	(862, 1075)	(86, 108)	172
00:14:34.432	29	18.2361	(865, 1075)	(87, 108)	172
00:14:34.466	28	18.3711	(875, 1075)	(88, 108)	172
00:14:34.503	28	18.3846	(885, 1076)	(89, 108)	172
00:14:34.536	28	18.4493	(895, 1077)	(90, 108)	172
00:14:34.571	30	18.4483	(905, 1078)	(91, 108)	172
00:14:34.606	34	18.4726	(915, 1078)	(92, 108)	172
00:14:34.648	33	18.592	(925, 1079)	(93, 108)	172
00:14:34.690	27	18.5409	(935, 1080)	(94, 108)	172
00:14:34.724	27	18.5582	(945, 1081)	(95, 108)	172
00:14:34.758	29	18.5692	(955, 1082)	(96, 108)	172
00:14:34.795	36	18.6671	(965, 1082)	(97, 108)	172
00:14:34.837	35	18.4615	(975, 1083)	(98, 108)	172
00:14:34.878	31	18.7841	(986, 1083)	(99, 108)	172
00:14:34.919	34	18.8124	(995, 1084)	(100, 108)	172
00:14:34.962	32	18.7575	(1005, 1084)	(101, 108)	172
00:14:35.003	32	18.7479	(1015, 1084)	(102, 108)	172
00:14:35.048	32	18.78	(1017, 1085)	(102, 109)	172
00:14:35.093	34	18.8101	(1025, 1085)	(103, 109)	172
00:14:35.135	32	18.7816	(1040, 1085)	(104, 109)	172
00:14:35.177	33	18.7865	(1048, 1085)	(105, 109)	172
00:14:35.218	33	18.9276	(1055, 1086)	(106, 109)	172
00:14:35.253	34	18.9732	(1065, 1086)	(107, 109)	172
00:14:35.295	30	18.9441	(1075, 1086)	(108, 109)	172
00:14:35.329	29	18.9812	(1085, 1086)	(109, 109)	172
00:14:35.366	35	18.7874	(1096, 1086)	(110, 109)	172
00:14:35.407	36	18.9689	(1105, 1086)	(111, 109)	172
00:14:35.449	35	18.972	(1115, 1086)	(112, 109)	172
00:14:35.490	31	18.9332	(1126, 1086)	(113, 109)	172
00:14:35.524	31	18.9831	(1135, 1086)	(114, 109)	172
00:14:35.561	30	19.0157	(1146, 1086)	(115, 109)	172
00:14:35.600	32	18.9381	(1155, 1086)	(116, 109)	172
00:14:35.636	37	18.9761	(1166, 1086)	(117, 109)	172
00:14:35.686	35	18.961	(1175, 1086)	(118, 109)	172
00:14:35.725	30	19.217	(1185, 1085)	(119, 109)	172
00:14:35.759	30	19.1113	(1188, 1084)	(119, 108)	172
00:14:35.794	35	19.1409	(1195, 1084)	(120, 108)	172
00:14:35.840	38	19.0267	(1205, 1082)	(121, 108)	172
00:14:35.888	33	18.9024	(1215, 1081)	(122, 108)	172
00:14:35.928	32	19.0477	(1225, 1081)	(123, 108)	172
00:14:35.961	32	19.0413	(1235, 1081)	(124, 108)	172
00:14:35.996	32	19.0249	(1245, 1080)	(125, 108)	172
00:14:36.031	30	18.88	(1255, 1080)	(126, 108)	172
00:14:36.066	31	19.017	(1265, 1079)	(127, 108)	172
00:14:36.104	29	18.8628	(1275, 1078)	(128, 108)	172
00:14:36.142	27	18.657	(1286, 1077)	(129, 108)	172
00:14:36.177	29	18.6588	(1295, 1077)	(130, 108)	172
00:14:36.213	32	18.7573	(1305, 1077)	(131, 108)	172
00:14:36.258	30	18.3745	(1315, 1077)	(132, 108)	172
00:14:36.296	29	18.5196	(1325, 1077)	(133, 108)	172
00:14:36.330	28	18.3027	(1335, 1077)	(134, 108)	172
00:14:36.365	28	18.2443	(1345, 1077)	(135, 108)	172
00:14:36.400	28	18.1446	(1355, 1077)	(136, 108)	172
00:14:36.434	29	18.141	(1365, 1079)	(137, 108)	172
00:14:36.470	27	17.8858	(1375, 1080)	(138, 108)	172
00:14:36.506	28	17.8009	(1385, 1081)	(139, 108)	172
00:14:36.539	28	17.8193	(1395, 1081)	(140, 108)	172
00:14:36.574	27	17.7227	(1405, 1083)	(141, 108)	172
00:14:36.608	30	17.5172	(1416, 1084)	(142, 108)	172
00:14:36.649	31	17.4213	(1418, 1085)	(142, 109)	172
00:14:36.693	34	17.373	(1425, 1085)	(143, 109)	172
00:14:36.734	29	17.2978	(1437, 1088)	(144, 109)	172
00:14:36.768	28	17.125	(1445, 1088)	(145, 109)	172
00:14:36.802	27	16.8985	(1455, 1089)	(146, 109)	172
00:14:36.830	34	16.7778	(1465, 1090)	(147, 109)	172
00:14:36.874	33	16.6787	(1476, 1091)	(148, 109)	172
00:14:36.915	31	16.5641	(1485, 1092)	(149, 109)	172
00:14:36.949	29	16.3616	(1495, 1093)	(150, 109)	172
00:14:36.984	29	16.1588	(1505, 1093)	(151, 109)	172
00:14:37.022	37	15.973	(1515, 1093)	(152, 109)	172
00:14:37.069	32	15.7942	(1525, 1093)	(153, 109)	172
00:14:37.108	28	15.7418	(1535, 1094)	(154, 109)	172
00:14:37.145	25	15.5677	(1545, 1094)	(155, 109)	172
00:14:37.178	24	15.5486	(1555, 1094)	(156, 109)	172
00:14:37.206	28	15.3519	(1565, 1094)	(157, 109)	172
00:14:37.242	28	15.187	(1566, 1095)	(157, 110)	172
00:14:37.276	28	15.1721	(1575, 1095)	(158, 110)	172
00:14:37.310	32	15.0581	(1585, 1095)	(159, 110)	172
00:14:37.346	26	14.7993	(1596, 1096)	(160, 110)	172
00:14:37.386	24	14.7126	(1605, 1096)	(161, 110)	172
00:14:37.414	24	14.4881	(1615, 1096)	(162, 110)	172
00:14:37.443	23	14.4969	(1625, 1097)	(163, 110)	172
00:14:37.470	25	14.2167	(1635, 1097)	(164, 110)	172
00:14:37.498	25	14.0839	(1645, 1097)	(165, 110)	172
00:14:37.537	25	13.9279	(1655, 1098)	(166, 110)	172
00:14:37.567	24	13.7394	(1665, 1098)	(167, 110)	172
00:14:37.595	22	13.581	(1675, 1099)	(168, 110)	172
00:14:37.622	24	13.5105	(1685, 1099)	(169, 110)	172
00:14:37.651	28	13.3985	(1695, 1100)	(170, 110)	172
00:14:37.690	30	13.1919	(1705, 1100)	(171, 110)	172
00:14:37.728	30	13.1397	(1715, 1101)	(172, 110)	172
00:14:37.762	24	13.2234	(1725, 1101)	(173, 110)	172
00:14:37.789	23	13.0156	(1735, 1103)	(174, 110)	172
00:14:37.817	22	12.9735	(1748, 1104)	(175, 110)	172
00:14:37.845	24	12.8533	(1753, 1105)	(175, 111)	172
00:14:37.873	27	12.8742	(1755, 1105)	(176, 111)	172
00:14:37.908	27	12.7963	(1765, 1106)	(177, 111)	172
00:14:37.944	26	12.7444	(1775, 1107)	(178, 111)	172
00:14:37.977	24	12.725	(1785, 1108)	(179, 111)	172
00:14:38.006	23	12.5129	(1798, 1109)	(180, 111)	172
00:14:38.033	24	12.596	(1806, 1111)	(181, 111)	172
00:14:38.061	24	12.5837	(1815, 1112)	(182, 111)	172
00:14:38.089	24	12.5015	(1825, 1112)	(183, 111)	172
00:14:38.117	24	12.4564	(1835, 1113)	(184, 111)	172
00:14:38.144	24	12.3367	(1850, 1114)	(185, 111)	172
00:14:38.173	22	12.3237	(1855, 1114)	(186, 111)	172
00:14:38.200	23	12.2999	(1858, 1115)	(186, 112)	172
00:14:38.230	23	12.3274	(1865, 1116)	(187, 112)	172
00:14:38.263	22	12.2655	(1877, 1117)	(188, 112)	172
00:14:38.290	23	12.2222	(1885, 1118)	(189, 112)	172
00:14:38.318	23	12.161	(1895, 1120)	(190, 112)	172
00:14:38.347	24	12.2613	(1905, 1121)	(191, 112)	172
00:14:38.374	23	12.0247	(0, 0)	(0, 0)	172
EOM

