BOM
Frame extends: 2263, 1306
_ms_area: 10
measurements taken: 585
current rendering method: 1
is mouse replay: 1
Camera settings: Roation Quaternion: ( 0.0635341, 0.68235, -0.135584, -0.715522), Translationsvektor: ( 0.164384, -0.174579, 1.775).
System_Time	Elapsed_Time_PaintGL	Elapsed_Kernel_Time	Frame_Coordinates	Grid_Position	Manual_Measurement
00:13:15.006	29	8.36489	(318, 226)	(32, 23)	172
00:13:15.050	27	8.51081	(325, 225)	(33, 23)	172
00:13:15.089	30	8.65304	(335, 225)	(34, 23)	172
00:13:15.127	29	8.87985	(345, 225)	(35, 23)	172
00:13:15.162	28	9.14637	(357, 225)	(36, 23)	172
00:13:15.196	24	9.43748	(372, 225)	(37, 23)	172
00:13:15.223	23	9.49052	(375, 225)	(38, 23)	172
00:13:15.251	27	9.64785	(385, 225)	(39, 23)	172
00:13:15.288	29	9.81778	(395, 225)	(40, 23)	172
00:13:15.322	29	10.0096	(405, 225)	(41, 23)	172
00:13:15.356	30	10.2153	(415, 225)	(42, 23)	172
00:13:15.391	27	10.4524	(425, 225)	(43, 23)	172
00:13:15.425	26	10.7699	(435, 226)	(44, 23)	172
00:13:15.453	30	11.0341	(445, 226)	(45, 23)	172
00:13:15.489	30	11.272	(455, 226)	(46, 23)	172
00:13:15.524	31	11.4924	(465, 227)	(47, 23)	172
00:13:15.559	31	11.761	(475, 227)	(48, 23)	172
00:13:15.593	31	12.0089	(485, 228)	(49, 23)	172
00:13:15.627	28	12.2876	(495, 228)	(50, 23)	172
00:13:15.662	31	12.4705	(505, 229)	(51, 23)	172
00:13:15.697	29	12.6557	(515, 229)	(52, 23)	172
00:13:15.731	28	12.9456	(525, 229)	(53, 23)	172
00:13:15.766	29	13.1721	(535, 229)	(54, 23)	172
00:13:15.802	27	13.3884	(545, 229)	(55, 23)	172
00:13:15.836	28	13.6286	(555, 229)	(56, 23)	172
00:13:15.870	27	13.9159	(565, 229)	(57, 23)	172
00:13:15.904	36	14.051	(575, 229)	(58, 23)	172
00:13:15.948	36	14.1689	(585, 229)	(59, 23)	172
00:13:15.992	32	14.4	(596, 229)	(60, 23)	172
00:13:16.031	31	14.6102	(605, 230)	(61, 23)	172
00:13:16.073	35	14.7607	(615, 230)	(62, 23)	172
00:13:16.114	37	14.9037	(626, 230)	(63, 23)	172
00:13:16.156	36	15.0213	(635, 230)	(64, 23)	172
00:13:16.199	32	15.1554	(645, 230)	(65, 23)	172
00:13:16.239	29	15.4153	(655, 230)	(66, 23)	172
00:13:16.273	32	15.4578	(665, 230)	(67, 23)	172
00:13:16.309	35	15.6083	(680, 230)	(68, 23)	172
00:13:16.351	34	16.0536	(685, 230)	(69, 23)	172
00:13:16.393	35	15.8141	(695, 230)	(70, 23)	172
00:13:16.433	30	15.9849	(705, 230)	(71, 23)	172
00:13:16.467	34	16.0757	(715, 230)	(72, 23)	172
00:13:16.510	38	16.1286	(725, 230)	(73, 23)	172
00:13:16.560	38	16.2036	(735, 230)	(74, 23)	172
00:13:16.609	34	16.4348	(749, 230)	(75, 23)	172
00:13:16.649	30	16.4604	(756, 230)	(76, 23)	172
00:13:16.684	35	16.7292	(766, 230)	(77, 23)	172
00:13:16.727	36	16.7913	(775, 230)	(78, 23)	172
00:13:16.769	38	16.7597	(785, 230)	(79, 23)	172
00:13:16.819	37	16.7939	(796, 229)	(80, 23)	172
00:13:16.858	33	16.9296	(805, 229)	(81, 23)	172
00:13:16.899	33	16.9039	(815, 229)	(82, 23)	172
00:13:16.934	33	16.8812	(825, 228)	(83, 23)	172
00:13:16.976	36	16.976	(835, 228)	(84, 23)	172
00:13:17.021	46	16.979	(845, 228)	(85, 23)	172
00:13:17.073	33	17.0317	(855, 228)	(86, 23)	172
00:13:17.115	32	16.9973	(865, 228)	(87, 23)	172
00:13:17.149	38	16.9366	(875, 228)	(88, 23)	172
00:13:17.193	36	16.9954	(885, 228)	(89, 23)	172
00:13:17.234	34	17.0391	(895, 228)	(90, 23)	172
00:13:17.275	32	17.123	(905, 228)	(91, 23)	172
00:13:17.309	33	17.1222	(915, 228)	(92, 23)	172
00:13:17.344	33	17.2009	(925, 228)	(93, 23)	172
00:13:17.385	33	17.0954	(935, 228)	(94, 23)	172
00:13:17.421	38	17.0519	(945, 227)	(95, 23)	172
00:13:17.463	36	17.0452	(957, 227)	(96, 23)	172
00:13:17.506	35	17.0483	(966, 227)	(97, 23)	172
00:13:17.546	36	17.064	(975, 227)	(98, 23)	172
00:13:17.587	36	17.3736	(985, 227)	(99, 23)	172
00:13:17.630	41	17.1422	(995, 227)	(100, 23)	172
00:13:17.679	38	17.1393	(1005, 227)	(101, 23)	172
00:13:17.721	35	17.021	(1015, 226)	(102, 23)	172
00:13:17.762	36	16.9197	(1025, 226)	(103, 23)	172
00:13:17.803	37	16.8764	(1035, 226)	(104, 23)	172
00:13:17.846	33	16.8609	(1045, 225)	(105, 23)	172
00:13:17.887	31	16.8049	(1055, 225)	(106, 23)	172
00:13:17.921	32	16.6504	(1065, 225)	(107, 23)	172
00:13:17.955	36	16.6076	(1071, 224)	(107, 22)	172
00:13:17.998	37	16.5613	(1075, 224)	(108, 22)	172
00:13:18.040	33	16.5381	(1085, 224)	(109, 22)	172
00:13:18.081	32	16.6649	(1095, 224)	(110, 22)	172
00:13:18.116	30	16.4607	(1105, 224)	(111, 22)	172
00:13:18.150	36	16.4495	(1115, 224)	(112, 22)	172
00:13:18.193	38	16.279	(1125, 224)	(113, 22)	172
00:13:18.235	37	16.2033	(1135, 224)	(114, 22)	172
00:13:18.277	33	16.1178	(1146, 223)	(115, 22)	172
00:13:18.318	31	16.0855	(1155, 223)	(116, 22)	172
00:13:18.352	32	16.0556	(1165, 223)	(117, 22)	172
00:13:18.387	30	15.8836	(1175, 223)	(118, 22)	172
00:13:18.422	30	15.8133	(1185, 223)	(119, 22)	172
00:13:18.456	31	15.8256	(1195, 223)	(120, 22)	172
00:13:18.491	31	15.6973	(1205, 223)	(121, 22)	172
00:13:18.526	31	15.6447	(1215, 223)	(122, 22)	172
00:13:18.562	39	15.5123	(1225, 223)	(123, 22)	172
00:13:18.610	41	15.4114	(1235, 223)	(124, 22)	172
00:13:18.659	41	15.3456	(1245, 223)	(125, 22)	172
00:13:18.711	32	15.1387	(1255, 223)	(126, 22)	172
00:13:18.749	33	15.0046	(1265, 224)	(127, 22)	172
00:13:18.784	33	14.8536	(1275, 224)	(128, 22)	172
00:13:18.826	33	14.788	(1282, 225)	(128, 23)	172
00:13:18.867	33	14.8264	(1285, 225)	(129, 23)	172
00:13:18.909	31	14.525	(1295, 226)	(130, 23)	172
00:13:18.943	30	14.4298	(1305, 226)	(131, 23)	172
00:13:18.978	32	14.2639	(1316, 228)	(132, 23)	172
00:13:19.013	34	14.0209	(1326, 228)	(133, 23)	172
00:13:19.055	34	13.917	(1335, 228)	(134, 23)	172
00:13:19.098	33	13.7434	(1345, 229)	(135, 23)	172
00:13:19.139	32	13.5674	(1355, 230)	(136, 23)	172
00:13:19.180	33	13.9314	(1366, 230)	(137, 23)	172
00:13:19.223	32	13.1711	(1375, 230)	(138, 23)	172
00:13:19.264	31	12.9363	(1386, 231)	(139, 23)	172
00:13:19.298	29	12.7028	(1395, 231)	(140, 23)	172
00:13:19.332	27	12.5412	(1405, 232)	(141, 23)	172
00:13:19.367	26	12.4564	(1415, 232)	(142, 23)	172
00:13:19.394	30	12.1304	(1425, 232)	(143, 23)	172
00:13:19.430	32	11.8658	(1435, 233)	(144, 23)	172
00:13:19.465	32	11.5747	(1445, 234)	(145, 23)	172
00:13:19.500	31	11.3683	(1455, 234)	(146, 23)	172
00:13:19.535	28	11.1493	(1465, 234)	(147, 23)	172
00:13:19.569	26	10.9644	(1478, 234)	(148, 23)	172
00:13:19.597	25	10.8267	(1485, 234)	(149, 23)	172
00:13:19.624	25	10.6859	(1488, 235)	(149, 24)	172
00:13:19.652	25	10.5921	(1495, 235)	(150, 24)	172
00:13:19.680	25	10.4209	(1506, 235)	(151, 24)	172
00:13:19.709	29	10.2483	(1516, 235)	(152, 24)	172
00:13:19.743	27	10.1204	(1526, 236)	(153, 24)	172
00:13:19.778	25	10.0347	(1535, 236)	(154, 24)	172
00:13:19.805	25	9.86756	(1546, 236)	(155, 24)	172
00:13:19.833	26	9.77348	(1556, 237)	(156, 24)	172
00:13:19.861	25	9.62296	(1565, 237)	(157, 24)	172
00:13:19.888	29	9.4803	(1575, 238)	(158, 24)	172
00:13:19.923	27	9.37659	(1585, 238)	(159, 24)	172
00:13:19.959	29	9.18608	(1595, 239)	(160, 24)	172
00:13:19.992	25	9.15067	(1605, 239)	(161, 24)	172
00:13:20.020	24	8.94637	(1615, 240)	(162, 24)	172
00:13:20.048	24	8.94548	(1625, 240)	(163, 24)	172
00:13:20.076	24	8.63556	(1636, 241)	(164, 24)	172
00:13:20.104	24	8.46652	(1645, 242)	(165, 24)	172
00:13:20.132	23	8.24607	(1655, 242)	(166, 24)	172
00:13:20.159	24	8.01141	(1666, 243)	(167, 24)	172
00:13:20.187	23	7.81556	(1676, 244)	(168, 24)	172
00:13:20.215	23	7.79585	(1677, 245)	(168, 25)	172
00:13:20.243	23	7.54474	(1686, 245)	(169, 25)	172
00:13:20.271	22	7.33185	(1696, 246)	(170, 25)	172
00:13:20.299	22	7.224	(1705, 246)	(171, 25)	172
00:13:20.327	21	6.9757	(1715, 248)	(172, 25)	172
00:13:20.355	22	6.82163	(1726, 249)	(173, 25)	172
00:13:20.383	20	6.6957	(1735, 250)	(174, 25)	172
00:13:20.410	20	6.5877	(1745, 251)	(175, 25)	172
00:13:20.437	21	6.49956	(1755, 253)	(176, 25)	172
00:13:20.465	21	6.44756	(1765, 254)	(177, 25)	172
00:13:20.493	20	6.4243	(1768, 255)	(177, 26)	172
00:13:20.521	22	6.37422	(1775, 256)	(178, 26)	172
00:13:20.549	26	6.25304	(1785, 258)	(179, 26)	172
00:13:20.584	21	6.21615	(1795, 260)	(180, 26)	172
00:13:20.611	22	6.14963	(1805, 262)	(181, 26)	172
00:13:20.639	21	6.06178	(1815, 264)	(182, 26)	172
00:13:20.667	21	6.05141	(1817, 265)	(182, 27)	172
00:13:20.695	21	6.03793	(1825, 267)	(183, 27)	172
00:13:20.723	21	5.94563	(1838, 271)	(184, 27)	172
00:13:20.751	21	5.87704	(1845, 273)	(185, 27)	172
00:13:20.779	19	5.84252	(1849, 275)	(185, 28)	172
00:13:20.799	20	5.76193	(1858, 278)	(186, 28)	172
00:13:20.827	22	5.756	(1865, 280)	(187, 28)	172
00:13:20.855	25	5.58237	(1874, 285)	(187, 29)	172
00:13:20.883	25	6.12652	(1875, 285)	(188, 29)	172
00:13:20.918	25	5.50311	(1885, 289)	(189, 29)	172
00:13:20.946	24	5.41452	(1895, 294)	(190, 29)	172
00:13:20.975	22	5.40948	(1895, 295)	(190, 30)	172
00:13:21.000	20	5.37555	(1905, 299)	(191, 30)	172
00:13:21.021	20	5.33348	(1912, 305)	(191, 31)	172
00:13:21.042	19	5.28756	(1915, 307)	(192, 31)	172
00:13:21.063	19	5.20533	(1925, 314)	(193, 31)	172
00:13:21.084	19	5.25837	(1926, 315)	(193, 32)	172
00:13:21.104	21	5.12089	(1935, 322)	(194, 32)	172
00:13:21.126	18	5.09348	(1937, 325)	(194, 33)	172
00:13:21.146	19	5.03733	(1945, 333)	(195, 33)	172
00:13:21.167	19	5.03022	(1947, 335)	(195, 34)	172
00:13:21.189	19	5.00341	(1955, 344)	(196, 34)	172
00:13:21.216	18	5.09881	(1955, 345)	(196, 35)	172
00:13:21.237	19	4.95141	(1963, 355)	(196, 36)	172
00:13:21.257	19	4.95081	(1965, 358)	(197, 36)	172
00:13:21.278	19	4.92074	(1968, 365)	(197, 37)	172
00:13:21.299	20	4.90193	(1973, 375)	(197, 38)	172
00:13:21.320	19	4.87867	(1975, 379)	(198, 38)	172
00:13:21.341	19	4.89393	(1976, 385)	(198, 39)	172
00:13:21.362	19	4.8763	(1980, 395)	(198, 40)	172
00:13:21.383	19	4.85985	(1982, 405)	(198, 41)	172
00:13:21.404	18	4.85319	(1984, 415)	(198, 42)	172
00:13:21.425	19	4.85052	(1985, 417)	(199, 42)	172
00:13:21.452	19	4.84918	(1985, 425)	(199, 43)	172
00:13:21.473	20	4.88356	(1987, 435)	(199, 44)	172
00:13:21.494	20	4.82904	(1988, 445)	(199, 45)	172
00:13:21.515	19	4.79956	(1989, 455)	(199, 46)	172
00:13:21.536	18	4.87541	(1989, 465)	(199, 47)	172
00:13:21.556	18	4.80207	(1989, 475)	(199, 48)	172
00:13:21.577	20	4.85022	(1988, 485)	(199, 49)	172
00:13:21.599	24	4.7477	(1985, 495)	(199, 50)	172
00:13:21.626	20	4.79941	(1984, 495)	(198, 50)	172
00:13:21.647	18	4.788	(1980, 505)	(198, 51)	172
00:13:21.668	19	4.86874	(1972, 516)	(197, 52)	172
00:13:21.689	18	4.86133	(1965, 525)	(197, 53)	172
00:13:21.709	20	4.87541	(1964, 526)	(196, 53)	172
00:13:21.730	21	4.9037	(1954, 534)	(195, 53)	172
00:13:21.758	24	4.85882	(1953, 535)	(195, 54)	172
00:13:21.789	23	4.91393	(1944, 539)	(194, 54)	172
00:13:21.816	21	4.93926	(1937, 545)	(194, 55)	172
00:13:21.842	20	5.00607	(1934, 547)	(193, 55)	172
00:13:21.870	18	5.04356	(1924, 555)	(192, 56)	172
00:13:21.890	23	5.06044	(1914, 561)	(191, 56)	172
00:13:21.919	23	5.0957	(1907, 565)	(191, 57)	172
00:13:21.947	23	5.10356	(1904, 567)	(190, 57)	172
00:13:21.975	24	5.11037	(1894, 572)	(189, 57)	172
00:13:22.003	23	5.13437	(1890, 575)	(189, 58)	172
00:13:22.030	22	5.16296	(1884, 577)	(188, 58)	172
00:13:22.057	20	5.27985	(1874, 581)	(187, 58)	172
00:13:22.078	20	5.3163	(1866, 585)	(187, 59)	172
00:13:22.105	26	5.28148	(1864, 585)	(186, 59)	172
00:13:22.134	20	5.35896	(1854, 590)	(185, 59)	172
00:13:22.161	21	5.41941	(1844, 594)	(184, 59)	172
00:13:22.190	21	5.40859	(1843, 595)	(184, 60)	172
00:13:22.218	20	5.46356	(1834, 597)	(183, 60)	172
00:13:22.245	21	5.51185	(1823, 601)	(182, 60)	172
00:13:22.273	20	5.5997	(1810, 606)	(181, 61)	172
00:13:22.301	20	5.60193	(1804, 609)	(180, 61)	172
00:13:22.328	21	5.67022	(1794, 612)	(179, 61)	172
00:13:22.356	21	5.67081	(1787, 615)	(179, 62)	172
00:13:22.384	20	5.744	(1784, 616)	(178, 62)	172
00:13:22.413	20	5.72385	(1774, 619)	(177, 62)	172
00:13:22.440	19	5.78667	(1764, 622)	(176, 62)	172
00:13:22.460	20	5.8	(1758, 625)	(176, 63)	172
00:13:22.481	19	5.79941	(1754, 626)	(175, 63)	172
00:13:22.502	19	5.84918	(1744, 628)	(174, 63)	172
00:13:22.523	20	5.91245	(1734, 631)	(173, 63)	172
00:13:22.551	20	5.97659	(1724, 633)	(172, 63)	172
00:13:22.579	20	6.00652	(1715, 635)	(172, 64)	172
00:13:22.606	20	5.99111	(1714, 635)	(171, 64)	172
00:13:22.635	20	6.04089	(1704, 637)	(170, 64)	172
00:13:22.662	20	6.11437	(1694, 638)	(169, 64)	172
00:13:22.690	24	6.16148	(1684, 640)	(168, 64)	172
00:13:22.718	26	6.14726	(1674, 641)	(167, 64)	172
00:13:22.746	25	6.21837	(1664, 642)	(166, 64)	172
00:13:22.774	23	6.33274	(1654, 643)	(165, 64)	172
00:13:22.801	24	6.42444	(1644, 644)	(164, 64)	172
00:13:22.829	25	6.47304	(1633, 644)	(163, 64)	172
00:13:22.856	22	6.6003	(1624, 644)	(162, 64)	172
00:13:22.884	22	6.6363	(1614, 644)	(161, 64)	172
00:13:22.912	22	6.74637	(1604, 644)	(160, 64)	172
00:13:22.940	22	6.78474	(1594, 644)	(159, 64)	172
00:13:22.967	23	6.86074	(1584, 644)	(158, 64)	172
00:13:22.996	21	6.91511	(1574, 644)	(157, 64)	172
00:13:23.023	23	6.96726	(1564, 644)	(156, 64)	172
00:13:23.052	22	6.97244	(1554, 644)	(155, 64)	172
00:13:23.079	22	6.99274	(1548, 645)	(155, 65)	172
00:13:23.107	22	7.02726	(1544, 645)	(154, 65)	172
00:13:23.135	32	7.11259	(1534, 645)	(153, 65)	172
00:13:23.169	22	7.0797	(1524, 646)	(152, 65)	172
00:13:23.197	22	7.10015	(1514, 647)	(151, 65)	172
00:13:23.225	22	7.13422	(1504, 648)	(150, 65)	172
00:13:23.254	22	7.15037	(1494, 649)	(149, 65)	172
00:13:23.281	22	7.19585	(1484, 651)	(148, 65)	172
00:13:23.308	22	7.22593	(1474, 652)	(147, 65)	172
00:13:23.336	23	7.28519	(1464, 652)	(146, 65)	172
00:13:23.365	21	7.34474	(1454, 653)	(145, 65)	172
00:13:23.392	23	7.37496	(1444, 654)	(144, 65)	172
00:13:23.419	23	7.51645	(1434, 654)	(143, 65)	172
00:13:23.447	23	7.52252	(1419, 654)	(142, 65)	172
00:13:23.475	22	7.5477	(1414, 654)	(141, 65)	172
00:13:23.503	21	7.60533	(1404, 654)	(140, 65)	172
00:13:23.531	25	7.64696	(1394, 654)	(139, 65)	172
00:13:23.559	28	7.64548	(1384, 654)	(138, 65)	172
00:13:23.594	29	7.70622	(1374, 654)	(137, 65)	172
00:13:23.630	28	7.79718	(1356, 653)	(136, 65)	172
00:13:23.664	27	7.808	(1354, 653)	(135, 65)	172
00:13:23.698	23	7.93067	(1344, 652)	(134, 65)	172
00:13:23.726	23	8.08444	(1334, 651)	(133, 65)	172
00:13:23.754	23	8.01393	(1323, 651)	(132, 65)	172
00:13:23.781	24	8.06326	(1314, 650)	(131, 65)	172
00:13:23.809	24	8.10889	(1303, 649)	(130, 65)	172
00:13:23.839	23	8.68119	(1294, 648)	(129, 65)	172
00:13:23.865	24	8.18148	(1284, 647)	(128, 65)	172
00:13:23.894	23	8.16519	(1274, 647)	(127, 65)	172
00:13:23.920	23	8.27259	(1264, 646)	(126, 65)	172
00:13:23.948	25	8.28296	(1256, 644)	(126, 64)	172
00:13:23.976	28	8.25526	(1254, 644)	(125, 64)	172
00:13:24.011	27	8.34222	(1244, 643)	(124, 64)	172
00:13:24.046	25	8.31348	(1234, 643)	(123, 64)	172
00:13:24.073	23	8.41659	(1224, 641)	(122, 64)	172
00:13:24.101	22	8.44489	(1214, 641)	(121, 64)	172
00:13:24.128	23	8.4563	(1204, 641)	(120, 64)	172
00:13:24.157	21	8.49156	(1194, 640)	(119, 64)	172
00:13:24.184	22	8.51956	(1184, 639)	(118, 64)	172
00:13:24.213	22	8.54696	(1174, 639)	(117, 64)	172
00:13:24.240	23	8.63733	(1164, 637)	(116, 64)	172
00:13:24.270	22	8.57807	(1154, 637)	(115, 64)	172
00:13:24.296	22	8.58104	(1144, 636)	(114, 64)	172
00:13:24.324	22	8.67926	(1134, 636)	(113, 64)	172
00:13:24.351	22	8.66326	(1124, 635)	(112, 64)	172
00:13:24.379	23	8.67852	(1114, 635)	(111, 64)	172
00:13:24.407	26	8.67704	(1110, 634)	(111, 63)	172
00:13:24.442	30	8.65082	(1104, 634)	(110, 63)	172
00:13:24.479	27	8.66563	(1093, 633)	(109, 63)	172
00:13:24.512	24	8.73185	(1084, 632)	(108, 63)	172
00:13:24.540	22	8.71807	(1074, 632)	(107, 63)	172
00:13:24.567	22	8.7037	(1064, 631)	(106, 63)	172
00:13:24.595	28	8.64622	(1051, 631)	(105, 63)	172
00:13:24.631	26	8.63778	(1032, 629)	(103, 63)	172
00:13:24.664	27	8.69763	(1024, 629)	(102, 63)	172
00:13:24.700	27	8.64785	(1014, 629)	(101, 63)	172
00:13:24.734	28	8.65067	(1004, 628)	(100, 63)	172
00:13:24.770	27	8.64563	(994, 627)	(99, 63)	172
00:13:24.803	27	8.63274	(984, 627)	(98, 63)	172
00:13:24.838	26	8.67422	(974, 627)	(97, 63)	172
00:13:24.867	26	8.62074	(964, 626)	(96, 63)	172
00:13:24.901	27	8.60518	(954, 626)	(95, 63)	172
00:13:24.936	24	8.63245	(944, 626)	(94, 63)	172
00:13:24.963	23	8.61556	(934, 625)	(93, 63)	172
00:13:24.991	24	8.58652	(927, 624)	(93, 62)	172
00:13:25.021	26	8.51259	(924, 624)	(92, 62)	172
00:13:25.054	26	8.52726	(914, 623)	(91, 62)	172
00:13:25.082	28	8.45052	(904, 622)	(90, 62)	172
00:13:25.118	26	8.44948	(894, 621)	(89, 62)	172
00:13:25.152	27	8.96607	(884, 620)	(88, 62)	172
00:13:25.187	26	8.3803	(873, 619)	(87, 62)	172
00:13:25.221	26	8.38445	(864, 619)	(86, 62)	172
00:13:25.249	27	8.38504	(854, 619)	(85, 62)	172
00:13:25.283	26	8.37674	(843, 618)	(84, 62)	172
00:13:25.311	22	8.37792	(834, 618)	(83, 62)	172
00:13:25.339	22	8.27348	(823, 617)	(82, 62)	172
00:13:25.366	23	8.21141	(814, 617)	(81, 62)	172
00:13:25.394	22	8.12059	(804, 617)	(80, 62)	172
00:13:25.422	22	8.06874	(794, 617)	(79, 62)	172
00:13:25.449	27	7.97763	(784, 616)	(78, 62)	172
00:13:25.486	29	7.79141	(772, 616)	(77, 62)	172
00:13:25.523	28	7.69763	(764, 615)	(76, 62)	172
00:13:25.554	24	7.65733	(754, 615)	(75, 62)	172
00:13:25.581	22	7.54341	(744, 615)	(74, 62)	172
00:13:25.609	21	7.4283	(734, 615)	(73, 62)	172
00:13:25.637	21	7.32696	(724, 615)	(72, 62)	172
00:13:25.665	21	7.26993	(714, 615)	(71, 62)	172
00:13:25.692	23	7.16119	(704, 615)	(70, 62)	172
00:13:25.721	21	7.03482	(694, 615)	(69, 62)	172
00:13:25.748	22	7.03037	(684, 615)	(68, 62)	172
00:13:25.777	20	6.93155	(674, 615)	(67, 62)	172
00:13:25.804	21	6.83881	(664, 616)	(66, 62)	172
00:13:25.832	21	6.74089	(654, 617)	(65, 62)	172
00:13:25.860	21	6.70267	(644, 618)	(64, 62)	172
00:13:25.888	20	6.63822	(634, 618)	(63, 62)	172
00:13:25.915	20	6.56548	(624, 619)	(62, 62)	172
00:13:25.936	21	6.52948	(614, 619)	(61, 62)	172
00:13:25.964	21	6.48489	(604, 621)	(60, 62)	172
00:13:25.992	20	6.46044	(594, 621)	(59, 62)	172
00:13:26.020	21	6.35378	(584, 622)	(58, 62)	172
00:13:26.048	20	6.3363	(574, 624)	(57, 62)	172
00:13:26.075	20	6.22889	(566, 625)	(57, 63)	172
00:13:26.097	20	6.21689	(564, 625)	(56, 63)	172
00:13:26.124	27	6.1483	(554, 625)	(55, 63)	172
00:13:26.160	19	6.0483	(544, 626)	(54, 63)	172
00:13:26.186	21	5.98193	(534, 628)	(53, 63)	172
00:13:26.214	20	5.91481	(524, 629)	(52, 63)	172
00:13:26.242	21	5.83896	(514, 631)	(51, 63)	172
00:13:26.270	19	5.76933	(504, 633)	(50, 63)	172
00:13:26.290	21	5.72815	(494, 634)	(49, 63)	172
00:13:26.312	19	5.71496	(493, 635)	(49, 64)	172
00:13:26.333	19	5.72785	(484, 637)	(48, 64)	172
00:13:26.353	20	5.61319	(467, 641)	(47, 64)	172
00:13:26.374	19	5.58711	(464, 642)	(46, 64)	172
00:13:26.395	19	5.63793	(458, 645)	(46, 65)	172
00:13:26.416	20	5.69837	(454, 646)	(45, 65)	172
00:13:26.444	19	5.604	(444, 650)	(44, 65)	172
00:13:26.465	19	5.61881	(434, 654)	(43, 65)	172
00:13:26.486	19	5.63215	(432, 655)	(43, 66)	172
00:13:26.506	20	5.61452	(424, 658)	(42, 66)	172
00:13:26.527	19	5.60059	(414, 662)	(41, 66)	172
00:13:26.548	19	5.62504	(409, 665)	(41, 67)	172
00:13:26.569	20	5.69526	(404, 667)	(40, 67)	172
00:13:26.597	20	5.62341	(394, 671)	(39, 67)	172
00:13:26.624	20	5.65156	(387, 675)	(39, 68)	172
00:13:26.645	19	5.60608	(384, 676)	(38, 68)	172
00:13:26.666	19	5.59585	(374, 680)	(37, 68)	172
00:13:26.687	19	5.63481	(367, 685)	(37, 69)	172
00:13:26.708	19	5.63067	(364, 687)	(36, 69)	172
00:13:26.728	21	5.66696	(356, 695)	(36, 70)	172
00:13:26.750	19	5.66963	(354, 695)	(35, 70)	172
00:13:26.771	20	5.79156	(344, 704)	(34, 70)	172
00:13:26.798	21	5.72993	(344, 705)	(34, 71)	172
00:13:26.826	19	5.78593	(337, 715)	(34, 72)	172
00:13:26.847	19	5.85778	(335, 725)	(34, 73)	172
00:13:26.868	20	5.9923	(334, 727)	(33, 73)	172
00:13:26.895	20	5.93393	(331, 735)	(33, 74)	172
00:13:26.916	20	6.03807	(329, 746)	(33, 75)	172
00:13:26.937	21	6.21541	(329, 755)	(33, 76)	172
00:13:26.965	20	6.23852	(329, 765)	(33, 77)	172
00:13:26.993	20	6.35526	(329, 775)	(33, 78)	172
00:13:27.021	20	6.54933	(329, 785)	(33, 79)	172
00:13:27.048	21	6.68533	(329, 795)	(33, 80)	172
00:13:27.077	24	6.91096	(329, 805)	(33, 81)	172
00:13:27.105	27	7.36533	(329, 833)	(33, 83)	172
00:13:27.140	27	7.40874	(329, 836)	(33, 84)	172
00:13:27.175	27	7.55867	(329, 845)	(33, 85)	172
00:13:27.212	26	7.62889	(329, 855)	(33, 86)	172
00:13:27.243	23	7.79007	(330, 865)	(33, 87)	172
00:13:27.271	23	7.89081	(332, 875)	(33, 88)	172
00:13:27.299	23	8.01185	(335, 883)	(34, 88)	172
00:13:27.327	24	8.04133	(335, 885)	(34, 89)	172
00:13:27.355	22	8.19867	(338, 895)	(34, 90)	172
00:13:27.383	28	8.24193	(341, 905)	(34, 91)	172
00:13:27.417	29	8.46089	(345, 914)	(35, 91)	172
00:13:27.453	27	8.4957	(346, 915)	(35, 92)	172
00:13:27.488	26	8.68682	(350, 925)	(35, 93)	172
00:13:27.522	29	9.31985	(355, 931)	(36, 93)	172
00:13:27.557	28	8.93881	(357, 935)	(36, 94)	172
00:13:27.591	29	9.13082	(364, 945)	(36, 95)	172
00:13:27.626	28	9.1597	(365, 945)	(37, 95)	172
00:13:27.660	24	9.54948	(373, 955)	(37, 96)	172
00:13:27.688	23	9.5923	(375, 956)	(38, 96)	172
00:13:27.716	28	9.9957	(384, 965)	(38, 97)	172
00:13:27.751	24	9.95852	(385, 966)	(39, 97)	172
00:13:27.778	26	10.3256	(395, 975)	(40, 98)	172
00:13:27.806	27	10.6801	(405, 982)	(41, 98)	172
00:13:27.835	25	10.9299	(411, 987)	(41, 99)	172
00:13:27.863	26	11.029	(415, 989)	(42, 99)	172
00:13:27.897	26	11.3107	(423, 995)	(42, 100)	172
00:13:27.925	25	11.4077	(425, 996)	(43, 100)	172
00:13:27.952	27	11.603	(435, 1001)	(44, 100)	172
00:13:27.989	32	11.7492	(441, 1005)	(44, 101)	172
00:13:28.030	35	11.8884	(446, 1007)	(45, 101)	172
00:13:28.072	29	12.2003	(455, 1012)	(46, 101)	172
00:13:28.106	29	12.4422	(461, 1015)	(46, 102)	172
00:13:28.140	31	12.5145	(465, 1017)	(47, 102)	172
00:13:28.175	29	12.8271	(475, 1022)	(48, 102)	172
00:13:28.210	29	13.0236	(481, 1025)	(48, 103)	172
00:13:28.244	32	13.0858	(485, 1026)	(49, 103)	172
00:13:28.280	27	13.4194	(495, 1030)	(50, 103)	172
00:13:28.314	27	13.6453	(505, 1034)	(51, 103)	172
00:13:28.349	38	13.6647	(506, 1035)	(51, 104)	172
00:13:28.391	35	13.9424	(515, 1037)	(52, 104)	172
00:13:28.433	36	14.1076	(525, 1040)	(53, 104)	172
00:13:28.475	31	14.4661	(540, 1043)	(54, 104)	172
00:13:28.509	29	14.6624	(545, 1044)	(55, 104)	172
00:13:28.543	28	14.6929	(549, 1045)	(55, 105)	172
00:13:28.578	30	14.9079	(555, 1046)	(56, 105)	172
00:13:28.614	31	15.2364	(577, 1050)	(58, 105)	172
00:13:28.647	31	15.3604	(585, 1052)	(59, 105)	172
00:13:28.682	31	15.5761	(595, 1053)	(60, 105)	172
00:13:28.717	30	15.7975	(605, 1054)	(61, 105)	172
00:13:28.752	31	15.8244	(608, 1055)	(61, 106)	172
00:13:28.787	30	15.98	(615, 1056)	(62, 106)	172
00:13:28.822	41	16.0606	(625, 1057)	(63, 106)	172
00:13:28.872	37	16.1836	(635, 1058)	(64, 106)	172
00:13:28.912	32	16.419	(645, 1059)	(65, 106)	172
00:13:28.947	34	16.5899	(655, 1060)	(66, 106)	172
00:13:28.990	35	16.6302	(665, 1061)	(67, 106)	172
00:13:29.030	34	16.8575	(675, 1061)	(68, 106)	172
00:13:29.071	32	16.9923	(685, 1063)	(69, 106)	172
00:13:29.106	31	17.1193	(695, 1063)	(70, 106)	172
00:13:29.141	31	17.236	(705, 1064)	(71, 106)	172
00:13:29.175	36	17.4053	(715, 1064)	(72, 106)	172
00:13:29.218	36	17.4335	(719, 1065)	(72, 107)	172
00:13:29.260	37	17.4695	(725, 1065)	(73, 107)	172
00:13:29.303	34	17.6086	(735, 1066)	(74, 107)	172
00:13:29.343	35	17.8061	(745, 1066)	(75, 107)	172
00:13:29.386	37	17.8341	(755, 1066)	(76, 107)	172
00:13:29.427	38	17.9532	(765, 1066)	(77, 107)	172
00:13:29.468	38	18.047	(775, 1067)	(78, 107)	172
00:13:29.510	38	18.1591	(785, 1067)	(79, 107)	172
00:13:29.552	38	18.2618	(795, 1068)	(80, 107)	172
00:13:29.593	39	18.3701	(805, 1069)	(81, 107)	172
00:13:29.635	38	18.4769	(815, 1070)	(82, 107)	172
00:13:29.677	38	18.5548	(825, 1071)	(83, 107)	172
00:13:29.725	34	18.7039	(835, 1072)	(84, 107)	172
00:13:29.767	33	18.7741	(845, 1073)	(85, 107)	172
00:13:29.802	33	18.7818	(856, 1074)	(86, 107)	172
00:13:29.844	44	18.7415	(862, 1075)	(86, 108)	172
00:13:29.893	40	18.752	(865, 1075)	(87, 108)	172
00:13:29.942	35	18.855	(875, 1075)	(88, 108)	172
00:13:29.982	33	18.9508	(885, 1076)	(89, 108)	172
00:13:30.017	37	19.0086	(895, 1077)	(90, 108)	172
00:13:30.059	36	19.0357	(905, 1078)	(91, 108)	172
00:13:30.100	35	19.171	(915, 1078)	(92, 108)	172
00:13:30.143	43	19.177	(925, 1079)	(93, 108)	172
00:13:30.191	35	19.2867	(935, 1080)	(94, 108)	172
00:13:30.234	44	19.3188	(945, 1081)	(95, 108)	172
00:13:30.283	39	19.3444	(955, 1082)	(96, 108)	172
00:13:30.331	36	19.3868	(965, 1082)	(97, 108)	172
00:13:30.372	37	19.4816	(975, 1083)	(98, 108)	172
00:13:30.414	38	19.5227	(986, 1083)	(99, 108)	172
00:13:30.455	39	19.6591	(995, 1084)	(100, 108)	172
00:13:30.497	39	19.6247	(1005, 1084)	(101, 108)	172
00:13:30.539	35	19.7348	(1015, 1084)	(102, 108)	172
00:13:30.580	35	19.6973	(1017, 1085)	(102, 109)	172
00:13:30.623	43	19.7277	(1025, 1085)	(103, 109)	172
00:13:30.672	44	19.8636	(1040, 1085)	(104, 109)	172
00:13:30.721	45	19.8264	(1048, 1085)	(105, 109)	172
00:13:30.776	34	19.8167	(1055, 1086)	(106, 109)	172
00:13:30.817	38	19.9784	(1065, 1086)	(107, 109)	172
00:13:30.859	39	19.9314	(1075, 1086)	(108, 109)	172
00:13:30.901	39	19.989	(1085, 1086)	(109, 109)	172
00:13:30.949	37	20.065	(1096, 1086)	(110, 109)	172
00:13:30.991	34	20.0899	(1105, 1086)	(111, 109)	172
00:13:31.032	35	20.164	(1115, 1086)	(112, 109)	172
00:13:31.074	39	20.1622	(1126, 1086)	(113, 109)	172
00:13:31.116	40	20.2428	(1135, 1086)	(114, 109)	172
00:13:31.166	39	20.2114	(1146, 1086)	(115, 109)	172
00:13:31.213	40	20.1804	(1155, 1086)	(116, 109)	172
00:13:31.262	39	20.1919	(1166, 1086)	(117, 109)	172
00:13:31.304	39	20.2065	(1175, 1086)	(118, 109)	172
00:13:31.354	44	20.031	(1185, 1085)	(119, 109)	172
00:13:31.401	34	20.0222	(1188, 1084)	(119, 108)	172
00:13:31.442	37	20.048	(1195, 1084)	(120, 108)	172
00:13:31.484	41	20.0046	(1205, 1082)	(121, 108)	172
00:13:31.533	39	19.9271	(1215, 1081)	(122, 108)	172
00:13:31.574	39	19.8439	(1225, 1081)	(123, 108)	172
00:13:31.617	34	19.7847	(1235, 1081)	(124, 108)	172
00:13:31.658	33	19.7233	(1245, 1080)	(125, 108)	172
00:13:31.693	37	19.6443	(1255, 1080)	(126, 108)	172
00:13:31.735	42	19.612	(1265, 1079)	(127, 108)	172
00:13:31.787	38	19.424	(1275, 1078)	(128, 108)	172
00:13:31.832	33	19.4159	(1286, 1077)	(129, 108)	172
00:13:31.867	33	19.2787	(1295, 1077)	(130, 108)	172
00:13:31.901	36	19.2498	(1305, 1077)	(131, 108)	172
00:13:31.943	39	19.1253	(1315, 1077)	(132, 108)	172
00:13:31.985	36	18.9601	(1325, 1077)	(133, 108)	172
00:13:32.026	35	18.8676	(1335, 1077)	(134, 108)	172
00:13:32.069	40	18.8154	(1345, 1077)	(135, 108)	172
00:13:32.118	42	18.5961	(1355, 1077)	(136, 108)	172
00:13:32.166	39	18.5627	(1365, 1079)	(137, 108)	172
00:13:32.208	38	18.4138	(1375, 1080)	(138, 108)	172
00:13:32.249	36	18.333	(1385, 1081)	(139, 108)	172
00:13:32.291	36	18.1739	(1395, 1081)	(140, 108)	172
00:13:32.333	38	18.1646	(1405, 1083)	(141, 108)	172
00:13:32.374	43	18.044	(1416, 1084)	(142, 108)	172
00:13:32.424	38	17.9474	(1418, 1085)	(142, 109)	172
00:13:32.465	34	17.8939	(1425, 1085)	(143, 109)	172
00:13:32.506	34	17.7673	(1437, 1088)	(144, 109)	172
00:13:32.548	43	17.6551	(1445, 1088)	(145, 109)	172
00:13:32.600	46	17.5098	(1455, 1089)	(146, 109)	172
00:13:32.655	35	17.3544	(1465, 1090)	(147, 109)	172
00:13:32.694	35	17.2393	(1476, 1091)	(148, 109)	172
00:13:32.735	35	17.0721	(1485, 1092)	(149, 109)	172
00:13:32.777	36	16.865	(1495, 1093)	(150, 109)	172
00:13:32.819	36	16.7357	(1505, 1093)	(151, 109)	172
00:13:32.861	32	16.519	(1515, 1093)	(152, 109)	172
00:13:32.895	30	16.3527	(1525, 1093)	(153, 109)	172
00:13:32.930	37	16.152	(1535, 1094)	(154, 109)	172
00:13:32.976	36	15.9763	(1545, 1094)	(155, 109)	172
00:13:33.021	36	15.7544	(1555, 1094)	(156, 109)	172
00:13:33.062	31	15.6071	(1565, 1094)	(157, 109)	172
00:13:33.097	30	15.5379	(1566, 1095)	(157, 110)	172
00:13:33.131	29	15.3481	(1575, 1095)	(158, 110)	172
00:13:33.166	31	14.9873	(1585, 1095)	(159, 110)	172
00:13:33.202	36	14.6264	(1596, 1096)	(160, 110)	172
00:13:33.246	37	14.4041	(1605, 1096)	(161, 110)	172
00:13:33.292	28	14.0867	(1615, 1096)	(162, 110)	172
00:13:33.326	30	13.8197	(1625, 1097)	(163, 110)	172
00:13:33.363	34	13.4702	(1635, 1097)	(164, 110)	172
00:13:33.403	35	13.275	(1645, 1097)	(165, 110)	172
00:13:33.445	33	12.9862	(1655, 1098)	(166, 110)	172
00:13:33.486	29	12.7332	(1665, 1098)	(167, 110)	172
00:13:33.521	28	12.3964	(1675, 1099)	(168, 110)	172
00:13:33.555	29	12.0421	(1685, 1099)	(169, 110)	172
00:13:33.590	34	12.3071	(1695, 1100)	(170, 110)	172
00:13:33.633	31	11.3721	(1705, 1100)	(171, 110)	172
00:13:33.668	29	11.0441	(1715, 1101)	(172, 110)	172
00:13:33.702	27	10.693	(1725, 1101)	(173, 110)	172
00:13:33.736	26	10.4007	(1735, 1103)	(174, 110)	172
00:13:33.772	25	10.0729	(1748, 1104)	(175, 110)	172
00:13:33.801	25	9.88459	(1753, 1105)	(175, 111)	172
00:13:33.834	25	9.90993	(1755, 1105)	(176, 111)	172
00:13:33.861	25	9.62222	(1765, 1106)	(177, 111)	172
00:13:33.890	23	9.328	(1775, 1107)	(178, 111)	172
00:13:33.917	22	9.08133	(1785, 1108)	(179, 111)	172
00:13:33.944	27	8.73585	(1798, 1109)	(180, 111)	172
00:13:33.980	28	8.44889	(1806, 1111)	(181, 111)	172
00:13:34.015	28	8.25615	(1815, 1112)	(182, 111)	172
00:13:34.050	26	8.02622	(1825, 1112)	(183, 111)	172
00:13:34.085	25	7.77615	(1835, 1113)	(184, 111)	172
00:13:34.112	22	7.38711	(1850, 1114)	(185, 111)	172
00:13:34.139	24	7.28918	(1855, 1114)	(186, 111)	172
00:13:34.168	26	7.18578	(1858, 1115)	(186, 112)	172
00:13:34.196	32	7.01615	(1865, 1116)	(187, 112)	172
00:13:34.240	25	6.8397	(1877, 1117)	(188, 112)	172
00:13:34.272	26	6.74519	(1885, 1118)	(189, 112)	172
00:13:34.307	23	6.57808	(1895, 1120)	(190, 112)	172
00:13:34.334	20	6.45363	(1905, 1121)	(191, 112)	172
00:13:34.361	18	4.52148	(0, 0)	(0, 0)	172
EOM

