BOM
Frame extends: 2263, 1306
_ms_area: 10
measurements taken: 585
current rendering method: 1
is mouse replay: 1
Camera settings: Roation Quaternion: ( 0.836834, 0.289158, -0.274501, 0.375161), Translationsvektor: ( 0, 0, 1.775).
System_Time	Elapsed_Time_PaintGL	Elapsed_Kernel_Time	Frame_Coordinates	Grid_Position	Manual_Measurement
17:49:36.153	28	10.6308	(318, 226)	(32, 23)	62
17:49:36.186	25	10.8373	(325, 225)	(33, 23)	62
17:49:36.213	26	11.0884	(335, 225)	(34, 23)	62
17:49:36.241	26	11.3836	(345, 225)	(35, 23)	62
17:49:36.269	26	11.7108	(357, 225)	(36, 23)	62
17:49:36.297	26	12.2036	(372, 225)	(37, 23)	62
17:49:36.324	27	12.2941	(375, 225)	(38, 23)	62
17:49:36.360	29	12.5379	(385, 225)	(39, 23)	62
17:49:36.395	26	12.9827	(395, 225)	(40, 23)	62
17:49:36.429	27	13.5354	(405, 225)	(41, 23)	62
17:49:36.463	28	13.9474	(415, 225)	(42, 23)	62
17:49:36.498	28	14.5345	(425, 225)	(43, 23)	62
17:49:36.536	29	15.0213	(435, 226)	(44, 23)	62
17:49:36.569	30	15.6655	(445, 226)	(45, 23)	62
17:49:36.603	29	15.949	(455, 226)	(46, 23)	62
17:49:36.638	30	16.5041	(465, 227)	(47, 23)	62
17:49:36.672	31	16.9422	(475, 227)	(48, 23)	62
17:49:36.707	31	17.4033	(485, 228)	(49, 23)	62
17:49:36.741	32	17.9077	(495, 228)	(50, 23)	62
17:49:36.776	32	18.436	(505, 229)	(51, 23)	62
17:49:36.811	33	18.7487	(515, 229)	(52, 23)	62
17:49:36.846	33	19.1788	(525, 229)	(53, 23)	62
17:49:36.881	33	19.752	(535, 229)	(54, 23)	62
17:49:36.916	34	20.2858	(545, 229)	(55, 23)	62
17:49:36.959	35	20.8556	(555, 229)	(56, 23)	62
17:49:36.999	35	21.3581	(565, 229)	(57, 23)	62
17:49:37.041	36	21.9732	(575, 229)	(58, 23)	62
17:49:37.087	39	22.5567	(585, 229)	(59, 23)	62
17:49:37.132	41	23.4905	(596, 229)	(60, 23)	62
17:49:37.180	42	23.9271	(605, 230)	(61, 23)	62
17:49:37.229	48	25.4564	(615, 230)	(62, 23)	62
17:49:37.286	55	25.3213	(626, 230)	(63, 23)	62
17:49:37.361	42	26.3259	(635, 230)	(64, 23)	62
17:49:37.409	47	27.1062	(645, 230)	(65, 23)	62
17:49:37.459	51	27.6424	(655, 230)	(66, 23)	62
17:49:37.514	52	28.5751	(665, 230)	(67, 23)	62
17:49:37.570	50	29.5102	(680, 230)	(68, 23)	62
17:49:37.625	44	30.0914	(685, 230)	(69, 23)	62
17:49:37.673	49	31.1255	(695, 230)	(70, 23)	62
17:49:37.730	56	31.5919	(705, 230)	(71, 23)	62
17:49:37.794	51	32.3516	(715, 230)	(72, 23)	62
17:49:37.848	48	33.14	(725, 230)	(73, 23)	62
17:49:37.904	54	33.7544	(735, 230)	(74, 23)	62
17:49:37.966	53	34.2456	(749, 230)	(75, 23)	62
17:49:38.022	50	34.6399	(756, 230)	(76, 23)	62
17:49:38.076	54	35.2207	(766, 230)	(77, 23)	62
17:49:38.140	59	35.9652	(775, 230)	(78, 23)	62
17:49:38.224	51	36.0704	(785, 230)	(79, 23)	62
17:49:38.278	52	36.3449	(796, 229)	(80, 23)	62
17:49:38.334	59	36.8344	(805, 229)	(81, 23)	62
17:49:38.432	52	37.5908	(815, 229)	(82, 23)	62
17:49:38.487	56	37.8687	(825, 228)	(83, 23)	62
17:49:38.583	56	38.4324	(835, 228)	(84, 23)	62
17:49:38.647	54	38.8496	(845, 228)	(85, 23)	62
17:49:38.703	58	39.4406	(855, 228)	(86, 23)	62
17:49:38.767	61	39.9643	(865, 228)	(87, 23)	62
17:49:38.854	56	40.8182	(875, 228)	(88, 23)	62
17:49:38.920	61	41.2864	(885, 228)	(89, 23)	62
17:49:38.992	60	41.5748	(895, 228)	(90, 23)	62
17:49:39.062	56	41.7756	(905, 228)	(91, 23)	62
17:49:39.127	62	42.9027	(915, 228)	(92, 23)	62
17:49:39.200	67	43.3633	(925, 228)	(93, 23)	62
17:49:39.274	61	44.2164	(935, 228)	(94, 23)	62
17:49:39.342	65	44.0881	(945, 227)	(95, 23)	62
17:49:39.414	71	44.5609	(957, 227)	(96, 23)	62
17:49:39.489	61	45.2239	(966, 227)	(97, 23)	62
17:49:39.557	69	45.6767	(975, 227)	(98, 23)	62
17:49:39.639	65	46.2378	(985, 227)	(99, 23)	62
17:49:39.711	69	46.2612	(995, 227)	(100, 23)	62
17:49:39.794	66	46.1039	(1005, 227)	(101, 23)	62
17:49:39.866	68	45.9201	(1015, 226)	(102, 23)	62
17:49:39.941	68	46.2523	(1025, 226)	(103, 23)	62
17:49:40.021	71	46.5323	(1035, 226)	(104, 23)	62
17:49:40.104	66	46.5484	(1045, 225)	(105, 23)	62
17:49:40.177	67	46.0464	(1055, 225)	(106, 23)	62
17:49:40.258	67	46.3542	(1065, 225)	(107, 23)	62
17:49:40.330	62	46.5536	(1071, 224)	(107, 22)	62
17:49:40.399	67	46.5129	(1075, 224)	(108, 22)	62
17:49:40.487	65	46.3385	(1085, 224)	(109, 22)	62
17:49:40.559	69	46.0164	(1095, 224)	(110, 22)	62
17:49:40.636	75	45.7283	(1105, 224)	(111, 22)	62
17:49:40.721	61	45.9699	(1115, 224)	(112, 22)	62
17:49:40.788	64	45.7246	(1125, 224)	(113, 22)	62
17:49:40.858	67	45.7359	(1135, 224)	(114, 22)	62
17:49:40.937	62	45.6853	(1146, 223)	(115, 22)	62
17:49:41.004	68	45.5501	(1155, 223)	(116, 22)	62
17:49:41.083	72	45.3436	(1165, 223)	(117, 22)	62
17:49:41.165	60	45.1147	(1175, 223)	(118, 22)	62
17:49:41.233	59	44.5422	(1185, 223)	(119, 22)	62
17:49:41.295	59	43.8865	(1195, 223)	(120, 22)	62
17:49:41.358	59	43.9116	(1205, 223)	(121, 22)	62
17:49:41.421	60	43.7182	(1215, 223)	(122, 22)	62
17:49:41.483	57	43.2043	(1225, 223)	(123, 22)	62
17:49:41.546	66	42.9153	(1235, 223)	(124, 22)	62
17:49:41.629	65	42.7095	(1245, 223)	(125, 22)	62
17:49:41.701	62	42.4782	(1255, 223)	(126, 22)	62
17:49:41.769	58	42.125	(1265, 224)	(127, 22)	62
17:49:41.831	60	42.1003	(1275, 224)	(128, 22)	62
17:49:41.907	59	41.9905	(1282, 225)	(128, 23)	62
17:49:41.975	58	41.7413	(1285, 225)	(129, 23)	62
17:49:42.042	58	41.4268	(1295, 226)	(130, 23)	62
17:49:42.110	59	41.2059	(1305, 226)	(131, 23)	62
17:49:42.176	56	40.8173	(1316, 228)	(132, 23)	62
17:49:42.234	58	40.3945	(1326, 228)	(133, 23)	62
17:49:42.332	56	39.5618	(1335, 228)	(134, 23)	62
17:49:42.398	54	39.4763	(1345, 229)	(135, 23)	62
17:49:42.458	53	39.2573	(1355, 230)	(136, 23)	62
17:49:42.520	51	38.7566	(1366, 230)	(137, 23)	62
17:49:42.574	52	38.139	(1375, 230)	(138, 23)	62
17:49:42.630	51	37.4489	(1386, 231)	(139, 23)	62
17:49:42.685	60	36.6887	(1395, 231)	(140, 23)	62
17:49:42.752	56	36.5493	(1405, 232)	(141, 23)	62
17:49:42.812	50	35.719	(1415, 232)	(142, 23)	62
17:49:42.867	50	34.7573	(1425, 232)	(143, 23)	62
17:49:42.923	50	34.087	(1435, 233)	(144, 23)	62
17:49:42.978	49	33.4683	(1445, 234)	(145, 23)	62
17:49:43.036	47	32.9739	(1455, 234)	(146, 23)	62
17:49:43.089	47	32.5019	(1465, 234)	(147, 23)	62
17:49:43.146	47	31.5087	(1478, 234)	(148, 23)	62
17:49:43.201	47	31.0373	(1485, 234)	(149, 23)	62
17:49:43.258	46	30.972	(1488, 235)	(149, 24)	62
17:49:43.311	45	30.7265	(1495, 235)	(150, 24)	62
17:49:43.364	48	30.077	(1506, 235)	(151, 24)	62
17:49:43.417	46	29.4876	(1516, 235)	(152, 24)	62
17:49:43.488	44	29.0391	(1526, 236)	(153, 24)	62
17:49:43.534	44	28.8154	(1535, 236)	(154, 24)	62
17:49:43.583	43	28.3444	(1546, 236)	(155, 24)	62
17:49:43.660	44	27.7456	(1556, 237)	(156, 24)	62
17:49:43.709	42	27.4367	(1565, 237)	(157, 24)	62
17:49:43.757	42	26.5584	(1575, 238)	(158, 24)	62
17:49:43.806	40	25.8745	(1585, 238)	(159, 24)	62
17:49:43.855	39	25.008	(1595, 239)	(160, 24)	62
17:49:43.902	39	24.1276	(1605, 239)	(161, 24)	62
17:49:43.944	37	23.2012	(1615, 240)	(162, 24)	62
17:49:43.992	40	22.4585	(1625, 240)	(163, 24)	62
17:49:44.040	40	21.6924	(1636, 241)	(164, 24)	62
17:49:44.086	38	21.0105	(1645, 242)	(165, 24)	62
17:49:44.133	35	20.4083	(1655, 242)	(166, 24)	62
17:49:44.174	34	19.7618	(1666, 243)	(167, 24)	62
17:49:44.216	35	19.2818	(1676, 244)	(168, 24)	62
17:49:44.258	34	19.3684	(1677, 245)	(168, 25)	62
17:49:44.301	33	18.8576	(1686, 245)	(169, 25)	62
17:49:44.340	34	18.4991	(1696, 246)	(170, 25)	62
17:49:44.382	33	18.1086	(1705, 246)	(171, 25)	62
17:49:44.426	33	17.7089	(1715, 248)	(172, 25)	62
17:49:44.466	33	17.3176	(1726, 249)	(173, 25)	62
17:49:44.508	32	16.9628	(1735, 250)	(174, 25)	62
17:49:44.550	31	16.5028	(1745, 251)	(175, 25)	62
17:49:44.585	31	16.0858	(1755, 253)	(176, 25)	62
17:49:44.619	31	15.7107	(1765, 254)	(177, 25)	62
17:49:44.654	30	15.6844	(1768, 255)	(177, 26)	62
17:49:44.689	31	15.3464	(1775, 256)	(178, 26)	62
17:49:44.723	29	15.0462	(1785, 258)	(179, 26)	62
17:49:44.758	29	14.7249	(1795, 260)	(180, 26)	62
17:49:44.793	28	14.3311	(1805, 262)	(181, 26)	62
17:49:44.827	31	14.8292	(1815, 264)	(182, 26)	62
17:49:44.864	30	13.8929	(1817, 265)	(182, 27)	62
17:49:44.904	29	13.6385	(1825, 267)	(183, 27)	62
17:49:44.939	29	13.6819	(1838, 271)	(184, 27)	62
17:49:44.973	29	13.4124	(1845, 273)	(185, 27)	62
17:49:45.010	28	13.3105	(1849, 275)	(185, 28)	62
17:49:45.043	30	13.0999	(1858, 278)	(186, 28)	62
17:49:45.080	29	12.6701	(1865, 280)	(187, 28)	62
17:49:45.115	27	12.5695	(1874, 285)	(187, 29)	62
17:49:45.148	28	12.6096	(1875, 285)	(188, 29)	62
17:49:45.182	28	12.3961	(1885, 289)	(189, 29)	62
17:49:45.217	28	12.2428	(1895, 294)	(190, 29)	62
17:49:45.251	28	12.1354	(1895, 295)	(190, 30)	62
17:49:45.286	27	11.8449	(1905, 299)	(191, 30)	62
17:49:45.321	26	11.8293	(1912, 305)	(191, 31)	62
17:49:45.355	26	11.8108	(1915, 307)	(192, 31)	62
17:49:45.383	34	11.7966	(1925, 314)	(193, 31)	62
17:49:45.425	25	11.3843	(1926, 315)	(193, 32)	62
17:49:45.452	25	11.2803	(1935, 322)	(194, 32)	62
17:49:45.480	26	11.2676	(1937, 325)	(194, 33)	62
17:49:45.508	26	11.115	(1945, 333)	(195, 33)	62
17:49:45.536	25	11.3984	(1947, 335)	(195, 34)	62
17:49:45.563	25	11.0594	(1955, 344)	(196, 34)	62
17:49:45.591	25	11.0849	(1955, 345)	(196, 35)	62
17:49:45.619	25	11.1124	(1963, 355)	(196, 36)	62
17:49:45.647	25	11.2244	(1965, 358)	(197, 36)	62
17:49:45.675	25	11.3689	(1968, 365)	(197, 37)	62
17:49:45.703	25	11.3803	(1973, 375)	(197, 38)	62
17:49:45.730	25	11.4056	(1975, 379)	(198, 38)	62
17:49:45.758	26	11.4788	(1976, 385)	(198, 39)	62
17:49:45.786	27	11.841	(1980, 395)	(198, 40)	62
17:49:45.821	26	12.203	(1982, 405)	(198, 41)	62
17:49:45.849	26	12.3236	(1984, 415)	(198, 42)	62
17:49:45.877	26	12.4753	(1985, 417)	(199, 42)	62
17:49:45.907	26	12.2336	(1985, 425)	(199, 43)	62
17:49:45.939	26	12.2041	(1987, 435)	(199, 44)	62
17:49:45.967	26	12.281	(1988, 445)	(199, 45)	62
17:49:45.994	26	11.8843	(1989, 455)	(199, 46)	62
17:49:46.022	26	12.0681	(1989, 465)	(199, 47)	62
17:49:46.050	26	12.1201	(1989, 475)	(199, 48)	62
17:49:46.078	26	11.889	(1988, 485)	(199, 49)	62
17:49:46.106	25	11.7489	(1985, 495)	(199, 50)	62
17:49:46.134	26	11.7601	(1984, 495)	(198, 50)	62
17:49:46.161	28	11.9224	(1980, 505)	(198, 51)	62
17:49:46.200	31	11.8576	(1972, 516)	(197, 52)	62
17:49:46.244	30	12.1436	(1965, 525)	(197, 53)	62
17:49:46.281	30	12.0314	(1964, 526)	(196, 53)	62
17:49:46.323	26	11.9827	(1954, 534)	(195, 53)	62
17:49:46.356	27	12.0101	(1953, 535)	(195, 54)	62
17:49:46.392	26	11.9859	(1944, 539)	(194, 54)	62
17:49:46.427	26	12.0252	(1937, 545)	(194, 55)	62
17:49:46.461	26	12.095	(1934, 547)	(193, 55)	62
17:49:46.495	28	12.3293	(1924, 555)	(192, 56)	62
17:49:46.530	28	12.6646	(1914, 561)	(191, 56)	62
17:49:46.566	28	12.8659	(1907, 565)	(191, 57)	62
17:49:46.600	28	12.9993	(1904, 567)	(190, 57)	62
17:49:46.634	28	13.3114	(1894, 572)	(189, 57)	62
17:49:46.669	28	13.449	(1890, 575)	(189, 58)	62
17:49:46.706	32	13.6456	(1884, 577)	(188, 58)	62
17:49:46.746	28	14.0714	(1874, 581)	(187, 58)	62
17:49:46.780	28	14.4948	(1866, 585)	(187, 59)	62
17:49:46.817	29	14.557	(1864, 585)	(186, 59)	62
17:49:46.850	29	15.1367	(1854, 590)	(185, 59)	62
17:49:46.885	30	15.6385	(1844, 594)	(184, 59)	62
17:49:46.921	31	15.6446	(1843, 595)	(184, 60)	62
17:49:46.954	31	16.1809	(1834, 597)	(183, 60)	62
17:49:46.989	36	16.6919	(1823, 601)	(182, 60)	62
17:49:47.034	37	17.3276	(1810, 606)	(181, 61)	62
17:49:47.082	36	17.5911	(1804, 609)	(180, 61)	62
17:49:47.133	32	17.9551	(1794, 612)	(179, 61)	62
17:49:47.170	33	18.1794	(1787, 615)	(179, 62)	62
17:49:47.212	32	18.3145	(1784, 616)	(178, 62)	62
17:49:47.246	34	18.6167	(1774, 619)	(177, 62)	62
17:49:47.288	34	19.0394	(1764, 622)	(176, 62)	62
17:49:47.330	33	19.2677	(1758, 625)	(176, 63)	62
17:49:47.372	34	19.4705	(1754, 626)	(175, 63)	62
17:49:47.413	35	19.8704	(1744, 628)	(174, 63)	62
17:49:47.455	37	20.4739	(1734, 631)	(173, 63)	62
17:49:47.497	41	21.1021	(1724, 633)	(172, 63)	62
17:49:47.546	41	21.8244	(1715, 635)	(172, 64)	62
17:49:47.594	38	22.1145	(1714, 635)	(171, 64)	62
17:49:47.636	39	22.905	(1704, 637)	(170, 64)	62
17:49:47.684	40	23.2481	(1694, 638)	(169, 64)	62
17:49:47.733	46	23.8902	(1684, 640)	(168, 64)	62
17:49:47.785	42	24.4003	(1674, 641)	(167, 64)	62
17:49:47.830	40	25.0505	(1664, 642)	(166, 64)	62
17:49:47.872	40	25.7338	(1654, 643)	(165, 64)	62
17:49:47.920	40	26.503	(1644, 644)	(164, 64)	62
17:49:47.962	45	27.7767	(1633, 644)	(163, 64)	62
17:49:48.022	46	28.457	(1624, 644)	(162, 64)	62
17:49:48.075	50	29.9853	(1614, 644)	(161, 64)	62
17:49:48.133	50	30.841	(1604, 644)	(160, 64)	62
17:49:48.194	49	31.7359	(1594, 644)	(159, 64)	62
17:49:48.247	47	32.7246	(1584, 644)	(158, 64)	62
17:49:48.296	56	33.6393	(1574, 644)	(157, 64)	62
17:49:48.389	52	34.2895	(1564, 644)	(156, 64)	62
17:49:48.449	50	34.8643	(1554, 644)	(155, 64)	62
17:49:48.505	58	35.0976	(1548, 645)	(155, 65)	62
17:49:48.570	56	35.2622	(1544, 645)	(154, 65)	62
17:49:48.632	53	35.7702	(1534, 645)	(153, 65)	62
17:49:48.692	60	36.2376	(1524, 646)	(152, 65)	62
17:49:48.764	68	36.5201	(1514, 647)	(151, 65)	62
17:49:48.842	54	37.0225	(1504, 648)	(150, 65)	62
17:49:48.901	54	37.5733	(1494, 649)	(149, 65)	62
17:49:48.964	55	38.112	(1484, 651)	(148, 65)	62
17:49:49.027	56	38.5059	(1474, 652)	(147, 65)	62
17:49:49.089	56	39.0938	(1464, 652)	(146, 65)	62
17:49:49.153	56	39.6199	(1454, 653)	(145, 65)	62
17:49:49.217	54	39.9679	(1444, 654)	(144, 65)	62
17:49:49.278	56	40.6016	(1434, 654)	(143, 65)	62
17:49:49.340	58	42.2667	(1419, 654)	(142, 65)	62
17:49:49.404	59	41.7951	(1414, 654)	(141, 65)	62
17:49:49.472	62	42.4821	(1404, 654)	(140, 65)	62
17:49:49.563	60	42.9271	(1394, 654)	(139, 65)	62
17:49:49.634	58	43.5044	(1384, 654)	(138, 65)	62
17:49:49.693	67	43.9881	(1374, 654)	(137, 65)	62
17:49:49.778	61	44.7342	(1356, 653)	(136, 65)	62
17:49:49.848	60	44.8781	(1354, 653)	(135, 65)	62
17:49:49.916	59	45.3213	(1344, 652)	(134, 65)	62
17:49:49.978	61	45.8114	(1334, 651)	(133, 65)	62
17:49:50.041	61	46.4079	(1323, 651)	(132, 65)	62
17:49:50.104	62	46.8393	(1314, 650)	(131, 65)	62
17:49:50.174	68	47.1776	(1303, 649)	(130, 65)	62
17:49:50.250	68	47.5726	(1294, 648)	(129, 65)	62
17:49:50.327	69	48.2025	(1284, 647)	(128, 65)	62
17:49:50.404	72	48.5953	(1274, 647)	(127, 65)	62
17:49:50.492	67	49.0236	(1264, 646)	(126, 65)	62
17:49:50.563	76	49.6055	(1256, 644)	(126, 64)	62
17:49:50.648	72	49.2927	(1254, 644)	(125, 64)	62
17:49:50.727	68	49.608	(1244, 643)	(124, 64)	62
17:49:50.810	75	49.9812	(1234, 643)	(123, 64)	62
17:49:50.893	73	50.2127	(1224, 641)	(122, 64)	62
17:49:50.973	71	50.6947	(1214, 641)	(121, 64)	62
17:49:51.053	78	50.6787	(1204, 641)	(120, 64)	62
17:49:51.142	68	50.6279	(1194, 640)	(119, 64)	62
17:49:51.215	71	49.9535	(1184, 639)	(118, 64)	62
17:49:51.294	69	49.7117	(1174, 639)	(117, 64)	62
17:49:51.369	73	49.2403	(1164, 637)	(116, 64)	62
17:49:51.460	76	48.5913	(1154, 637)	(115, 64)	62
17:49:51.544	64	48.1676	(1144, 636)	(114, 64)	62
17:49:51.612	69	47.9058	(1134, 636)	(113, 64)	62
17:49:51.694	67	47.7721	(1124, 635)	(112, 64)	62
17:49:51.766	69	47.4224	(1114, 635)	(111, 64)	62
17:49:51.843	65	47.4782	(1110, 634)	(111, 63)	62
17:49:51.912	65	47.5557	(1104, 634)	(110, 63)	62
17:49:51.981	64	48.2856	(1093, 633)	(109, 63)	62
17:49:52.050	67	48.9486	(1084, 632)	(108, 63)	62
17:49:52.120	66	49.7422	(1074, 632)	(107, 63)	62
17:49:52.191	74	50.3193	(1064, 631)	(106, 63)	62
17:49:52.275	76	51.0853	(1051, 631)	(105, 63)	62
17:49:52.359	72	51.8129	(1032, 629)	(103, 63)	62
17:49:52.441	73	52.1788	(1024, 629)	(102, 63)	62
17:49:52.526	83	52.5976	(1014, 629)	(101, 63)	62
17:49:52.617	71	52.7357	(1004, 628)	(100, 63)	62
17:49:52.696	72	53.343	(994, 627)	(99, 63)	62
17:49:52.774	71	53.5739	(984, 627)	(98, 63)	62
17:49:52.849	70	53.6884	(974, 627)	(97, 63)	62
17:49:52.926	80	53.6864	(964, 626)	(96, 63)	62
17:49:53.017	73	53.7984	(954, 626)	(95, 63)	62
17:49:53.094	78	53.5187	(944, 626)	(94, 63)	62
17:49:53.179	75	53.0341	(934, 625)	(93, 63)	62
17:49:53.261	76	52.9818	(927, 624)	(93, 62)	62
17:49:53.351	78	52.9369	(924, 624)	(92, 62)	62
17:49:53.436	68	52.7661	(914, 623)	(91, 62)	62
17:49:53.509	76	52.6935	(904, 622)	(90, 62)	62
17:49:53.596	80	52.325	(894, 621)	(89, 62)	62
17:49:53.685	74	51.9954	(884, 620)	(88, 62)	62
17:49:53.772	78	51.867	(873, 619)	(87, 62)	62
17:49:53.858	70	51.7489	(864, 619)	(86, 62)	62
17:49:53.934	73	51.1881	(854, 619)	(85, 62)	62
17:49:54.021	70	51.0987	(843, 618)	(84, 62)	62
17:49:54.093	68	51.111	(834, 618)	(83, 62)	62
17:49:54.164	76	51.1367	(823, 617)	(82, 62)	62
17:49:54.250	74	50.9944	(814, 617)	(81, 62)	62
17:49:54.331	74	50.5671	(804, 617)	(80, 62)	62
17:49:54.416	73	50.4147	(794, 617)	(79, 62)	62
17:49:54.498	67	50.2892	(784, 616)	(78, 62)	62
17:49:54.574	69	49.9068	(772, 616)	(77, 62)	62
17:49:54.653	74	49.5247	(764, 615)	(76, 62)	62
17:49:54.734	68	49.2628	(754, 615)	(75, 62)	62
17:49:54.811	67	48.336	(744, 615)	(74, 62)	62
17:49:54.888	67	47.9449	(734, 615)	(73, 62)	62
17:49:54.964	65	47.0499	(724, 615)	(72, 62)	62
17:49:55.033	63	47.0181	(714, 615)	(71, 62)	62
17:49:55.103	63	45.4274	(704, 615)	(70, 62)	62
17:49:55.171	64	45.0471	(694, 615)	(69, 62)	62
17:49:55.242	68	44.4618	(684, 615)	(68, 62)	62
17:49:55.327	61	43.9329	(674, 615)	(67, 62)	62
17:49:55.395	63	43.3219	(664, 616)	(66, 62)	62
17:49:55.473	62	42.3821	(654, 617)	(65, 62)	62
17:49:55.543	57	41.6859	(644, 618)	(64, 62)	62
17:49:55.602	54	40.7683	(634, 618)	(63, 62)	62
17:49:55.658	54	39.7172	(624, 619)	(62, 62)	62
17:49:55.713	53	38.6317	(614, 619)	(61, 62)	62
17:49:55.770	57	37.3914	(604, 621)	(60, 62)	62
17:49:55.842	55	36.1859	(594, 621)	(59, 62)	62
17:49:55.903	53	35.2655	(584, 622)	(58, 62)	62
17:49:55.965	50	34.3102	(574, 624)	(57, 62)	62
17:49:56.021	50	33.435	(566, 625)	(57, 63)	62
17:49:56.075	48	33.3021	(564, 625)	(56, 63)	62
17:49:56.131	47	32.4099	(554, 625)	(55, 63)	62
17:49:56.187	55	31.6452	(544, 626)	(54, 63)	62
17:49:56.284	51	30.8847	(534, 628)	(53, 63)	62
17:49:56.341	46	29.9219	(524, 629)	(52, 63)	62
17:49:56.396	50	29.1225	(514, 631)	(51, 63)	62
17:49:56.463	50	28.3367	(504, 633)	(50, 63)	62
17:49:56.529	46	27.6464	(494, 634)	(49, 63)	62
17:49:56.594	44	27.619	(493, 635)	(49, 64)	62
17:49:56.646	46	26.9861	(484, 637)	(48, 64)	62
17:49:56.702	43	25.6769	(467, 641)	(47, 64)	62
17:49:56.750	43	25.4498	(464, 642)	(46, 64)	62
17:49:56.798	42	24.9639	(458, 645)	(46, 65)	62
17:49:56.850	41	24.5573	(454, 646)	(45, 65)	62
17:49:56.896	39	23.7166	(444, 650)	(44, 65)	62
17:49:56.944	43	22.9193	(434, 654)	(43, 65)	62
17:49:56.995	39	22.6064	(432, 655)	(43, 66)	62
17:49:57.041	37	22.0123	(424, 658)	(42, 66)	62
17:49:57.083	35	21.2667	(414, 662)	(41, 66)	62
17:49:57.124	36	20.8184	(409, 665)	(41, 67)	62
17:49:57.167	34	20.357	(404, 667)	(40, 67)	62
17:49:57.209	34	19.3813	(394, 671)	(39, 67)	62
17:49:57.250	33	18.7323	(387, 675)	(39, 68)	62
17:49:57.291	32	18.292	(384, 676)	(38, 68)	62
17:49:57.326	33	17.3327	(374, 680)	(37, 68)	62
17:49:57.363	31	16.7659	(367, 685)	(37, 69)	62
17:49:57.396	32	16.5424	(364, 687)	(36, 69)	62
17:49:57.431	31	15.8739	(356, 695)	(36, 70)	62
17:49:57.466	30	15.725	(354, 695)	(35, 70)	62
17:49:57.500	29	15.036	(344, 704)	(34, 70)	62
17:49:57.535	29	15.0514	(344, 705)	(34, 71)	62
17:49:57.569	34	14.6022	(337, 715)	(34, 72)	62
17:49:57.612	32	14.3359	(335, 725)	(34, 73)	62
17:49:57.653	32	15.0446	(334, 727)	(33, 73)	62
17:49:57.688	30	13.9289	(331, 735)	(33, 74)	62
17:49:57.723	29	13.6927	(329, 746)	(33, 75)	62
17:49:57.758	29	13.6178	(329, 755)	(33, 76)	62
17:49:57.792	31	13.4756	(329, 765)	(33, 77)	62
17:49:57.828	28	13.2959	(329, 775)	(33, 78)	62
17:49:57.863	28	13.1603	(329, 785)	(33, 79)	62
17:49:57.896	27	13.0268	(329, 795)	(33, 80)	62
17:49:57.930	33	12.8561	(329, 805)	(33, 81)	62
17:49:57.971	32	12.5351	(329, 833)	(33, 83)	62
17:49:58.010	29	12.483	(329, 836)	(33, 84)	62
17:49:58.044	27	12.3908	(329, 845)	(33, 85)	62
17:49:58.077	26	12.3184	(329, 855)	(33, 86)	62
17:49:58.112	28	12.9379	(330, 865)	(33, 87)	62
17:49:58.147	26	12.1436	(332, 875)	(33, 88)	62
17:49:58.181	27	12.1587	(335, 883)	(34, 88)	62
17:49:58.216	26	12.153	(335, 885)	(34, 89)	62
17:49:58.250	27	12.0964	(338, 895)	(34, 90)	62
17:49:58.278	26	12.0486	(341, 905)	(34, 91)	62
17:49:58.306	25	12.028	(345, 914)	(35, 91)	62
17:49:58.334	26	12.0524	(346, 915)	(35, 92)	62
17:49:58.368	26	12.0519	(350, 925)	(35, 93)	62
17:49:58.396	33	12.1033	(355, 931)	(36, 93)	62
17:49:58.431	27	12.1307	(357, 935)	(36, 94)	62
17:49:58.459	26	12.1944	(364, 945)	(36, 95)	62
17:49:58.487	26	12.2444	(365, 945)	(37, 95)	62
17:49:58.521	27	12.3745	(373, 955)	(37, 96)	62
17:49:58.550	26	12.4121	(375, 956)	(38, 96)	62
17:49:58.578	26	12.6833	(384, 965)	(38, 97)	62
17:49:58.606	27	12.6988	(385, 966)	(39, 97)	62
17:49:58.641	27	13.0809	(395, 975)	(40, 98)	62
17:49:58.676	27	13.265	(405, 982)	(41, 98)	62
17:49:58.710	27	13.2973	(411, 987)	(41, 99)	62
17:49:58.745	33	13.3784	(415, 989)	(42, 99)	62
17:49:58.789	31	13.4587	(423, 995)	(42, 100)	62
17:49:58.831	29	13.4831	(425, 996)	(43, 100)	62
17:49:58.862	29	13.6776	(435, 1001)	(44, 100)	62
17:49:58.898	28	13.7261	(441, 1005)	(44, 101)	62
17:49:58.932	31	13.8335	(446, 1007)	(45, 101)	62
17:49:58.972	34	13.8591	(455, 1012)	(46, 101)	62
17:49:59.011	31	13.9702	(461, 1015)	(46, 102)	62
17:49:59.054	28	14.0508	(465, 1017)	(47, 102)	62
17:49:59.087	29	14.4462	(475, 1022)	(48, 102)	62
17:49:59.120	32	14.6077	(481, 1025)	(48, 103)	62
17:49:59.155	29	14.7388	(485, 1026)	(49, 103)	62
17:49:59.192	30	14.9123	(495, 1030)	(50, 103)	62
17:49:59.224	30	15.1151	(505, 1034)	(51, 103)	62
17:49:59.260	29	15.079	(506, 1035)	(51, 104)	62
17:49:59.295	30	15.4465	(515, 1037)	(52, 104)	62
17:49:59.328	31	15.6772	(525, 1040)	(53, 104)	62
17:49:59.363	31	15.9852	(540, 1043)	(54, 104)	62
17:49:59.398	30	16.2052	(545, 1044)	(55, 104)	62
17:49:59.433	31	16.2182	(549, 1045)	(55, 105)	62
17:49:59.468	30	16.393	(555, 1046)	(56, 105)	62
17:49:59.503	31	16.9393	(577, 1050)	(58, 105)	62
17:49:59.537	31	17.1596	(585, 1052)	(59, 105)	62
17:49:59.571	32	17.4384	(595, 1053)	(60, 105)	62
17:49:59.607	31	17.7124	(605, 1054)	(61, 105)	62
17:49:59.642	31	17.7215	(608, 1055)	(61, 106)	62
17:49:59.675	33	17.9772	(615, 1056)	(62, 106)	62
17:49:59.710	35	18.3093	(625, 1057)	(63, 106)	62
17:49:59.752	38	18.5673	(635, 1058)	(64, 106)	62
17:49:59.794	38	18.8588	(645, 1059)	(65, 106)	62
17:49:59.837	35	19.1324	(655, 1060)	(66, 106)	62
17:49:59.879	33	19.3544	(665, 1061)	(67, 106)	62
17:49:59.919	37	19.6924	(675, 1061)	(68, 106)	62
17:49:59.964	40	19.7044	(685, 1063)	(69, 106)	62
17:50:00.011	35	19.9766	(695, 1063)	(70, 106)	62
17:50:00.051	35	20.2738	(705, 1064)	(71, 106)	62
17:50:00.092	34	20.4335	(715, 1064)	(72, 106)	62
17:50:00.127	39	20.5111	(719, 1065)	(72, 107)	62
17:50:00.169	43	20.5172	(725, 1065)	(73, 107)	62
17:50:00.219	41	20.7332	(735, 1066)	(74, 107)	62
17:50:00.268	42	21.0268	(745, 1066)	(75, 107)	62
17:50:00.319	38	21.2913	(755, 1066)	(76, 107)	62
17:50:00.364	43	21.619	(765, 1066)	(77, 107)	62
17:50:00.414	45	21.7921	(775, 1067)	(78, 107)	62
17:50:00.470	42	22.0079	(785, 1067)	(79, 107)	62
17:50:00.518	37	22.1993	(795, 1068)	(80, 107)	62
17:50:00.559	37	22.2563	(805, 1069)	(81, 107)	62
17:50:00.600	41	22.4151	(815, 1070)	(82, 107)	62
17:50:00.650	47	22.3084	(825, 1071)	(83, 107)	62
17:50:00.711	41	22.4055	(835, 1072)	(84, 107)	62
17:50:00.760	36	22.3132	(845, 1073)	(85, 107)	62
17:50:00.803	36	22.2567	(856, 1074)	(86, 107)	62
17:50:00.843	40	22.196	(862, 1075)	(86, 108)	62
17:50:00.887	40	22.0892	(865, 1075)	(87, 108)	62
17:50:00.934	37	22.2963	(875, 1075)	(88, 108)	62
17:50:00.976	43	22.4673	(885, 1076)	(89, 108)	62
17:50:01.025	36	22.5154	(895, 1077)	(90, 108)	62
17:50:01.067	36	22.5978	(905, 1078)	(91, 108)	62
17:50:01.108	37	22.7357	(915, 1078)	(92, 108)	62
17:50:01.151	37	22.7547	(925, 1079)	(93, 108)	62
17:50:01.192	35	22.704	(935, 1080)	(94, 108)	62
17:50:01.232	39	22.6794	(945, 1081)	(95, 108)	62
17:50:01.276	41	22.4596	(955, 1082)	(96, 108)	62
17:50:01.326	39	22.4332	(965, 1082)	(97, 108)	62
17:50:01.372	37	22.309	(975, 1083)	(98, 108)	62
17:50:01.415	42	22.1919	(986, 1083)	(99, 108)	62
17:50:01.463	42	22.1776	(995, 1084)	(100, 108)	62
17:50:01.512	42	22.0173	(1005, 1084)	(101, 108)	62
17:50:01.560	39	22.048	(1015, 1084)	(102, 108)	62
17:50:01.601	37	21.9847	(1017, 1085)	(102, 109)	62
17:50:01.644	36	21.9379	(1025, 1085)	(103, 109)	62
17:50:01.687	42	21.9406	(1040, 1085)	(104, 109)	62
17:50:01.737	39	21.8964	(1048, 1085)	(105, 109)	62
17:50:01.782	37	21.8668	(1055, 1086)	(106, 109)	62
17:50:01.825	40	21.8021	(1065, 1086)	(107, 109)	62
17:50:01.875	50	21.6756	(1075, 1086)	(108, 109)	62
17:50:01.931	44	21.587	(1085, 1086)	(109, 109)	62
17:50:01.985	41	21.5594	(1096, 1086)	(110, 109)	62
17:50:02.034	40	21.543	(1105, 1086)	(111, 109)	62
17:50:02.083	40	21.4684	(1115, 1086)	(112, 109)	62
17:50:02.138	38	21.5459	(1126, 1086)	(113, 109)	62
17:50:02.180	36	22.3913	(1135, 1086)	(114, 109)	62
17:50:02.220	36	21.6323	(1146, 1086)	(115, 109)	62
17:50:02.262	42	21.5302	(1155, 1086)	(116, 109)	62
17:50:02.311	41	21.5634	(1166, 1086)	(117, 109)	62
17:50:02.361	38	21.481	(1175, 1086)	(118, 109)	62
17:50:02.401	43	21.4803	(1185, 1085)	(119, 109)	62
17:50:02.449	37	21.5439	(1188, 1084)	(119, 108)	62
17:50:02.491	37	21.5276	(1195, 1084)	(120, 108)	62
17:50:02.533	36	21.5997	(1205, 1082)	(121, 108)	62
17:50:02.575	38	22.7059	(1215, 1081)	(122, 108)	62
17:50:02.617	37	21.7673	(1225, 1081)	(123, 108)	62
17:50:02.659	37	21.8707	(1235, 1081)	(124, 108)	62
17:50:02.700	38	22.0625	(1245, 1080)	(125, 108)	62
17:50:02.763	37	22.071	(1255, 1080)	(126, 108)	62
17:50:02.804	36	22.3324	(1265, 1079)	(127, 108)	62
17:50:02.847	37	22.3698	(1275, 1078)	(128, 108)	62
17:50:02.889	41	22.2662	(1286, 1077)	(129, 108)	62
17:50:02.938	41	22.2313	(1295, 1077)	(130, 108)	62
17:50:03.002	37	22.072	(1305, 1077)	(131, 108)	62
17:50:03.047	37	22.0357	(1315, 1077)	(132, 108)	62
17:50:03.089	37	21.8855	(1325, 1077)	(133, 108)	62
17:50:03.131	37	21.8735	(1335, 1077)	(134, 108)	62
17:50:03.173	36	21.7399	(1345, 1077)	(135, 108)	62
17:50:03.215	36	21.636	(1355, 1077)	(136, 108)	62
17:50:03.256	37	21.3681	(1365, 1079)	(137, 108)	62
17:50:03.298	36	21.2679	(1375, 1080)	(138, 108)	62
17:50:03.339	36	21.1581	(1385, 1081)	(139, 108)	62
17:50:03.381	36	21.076	(1395, 1081)	(140, 108)	62
17:50:03.423	36	20.9354	(1405, 1083)	(141, 108)	62
17:50:03.465	36	20.7458	(1416, 1084)	(142, 108)	62
17:50:03.507	35	20.7569	(1418, 1085)	(142, 109)	62
17:50:03.548	36	20.5879	(1425, 1085)	(143, 109)	62
17:50:03.592	35	20.3539	(1437, 1088)	(144, 109)	62
17:50:03.632	35	20.2216	(1445, 1088)	(145, 109)	62
17:50:03.674	34	20.0553	(1455, 1089)	(146, 109)	62
17:50:03.716	34	20.0237	(1465, 1090)	(147, 109)	62
17:50:03.757	39	19.7739	(1476, 1091)	(148, 109)	62
17:50:03.818	34	19.6544	(1485, 1092)	(149, 109)	62
17:50:03.855	33	19.8799	(1495, 1093)	(150, 109)	62
17:50:03.896	34	20.1259	(1505, 1093)	(151, 109)	62
17:50:03.937	34	20.4821	(1515, 1093)	(152, 109)	62
17:50:03.979	34	20.6056	(1525, 1093)	(153, 109)	62
17:50:04.021	34	20.0081	(1535, 1094)	(154, 109)	62
17:50:04.062	34	19.8502	(1545, 1094)	(155, 109)	62
17:50:04.104	34	19.6461	(1555, 1094)	(156, 109)	62
17:50:04.147	33	19.2803	(1565, 1094)	(157, 109)	62
17:50:04.188	35	19.2526	(1566, 1095)	(157, 110)	62
17:50:04.230	34	19.0196	(1575, 1095)	(158, 110)	62
17:50:04.271	37	18.5772	(1585, 1095)	(159, 110)	62
17:50:04.317	36	18.2527	(1596, 1096)	(160, 110)	62
17:50:04.361	32	18.0332	(1605, 1096)	(161, 110)	62
17:50:04.396	32	17.7721	(1615, 1096)	(162, 110)	62
17:50:04.430	31	17.6639	(1625, 1097)	(163, 110)	62
17:50:04.465	30	17.4004	(1635, 1097)	(164, 110)	62
17:50:04.500	31	17.2988	(1645, 1097)	(165, 110)	62
17:50:04.537	38	17.3191	(1655, 1098)	(166, 110)	62
17:50:04.580	36	17.0853	(1665, 1098)	(167, 110)	62
17:50:04.623	37	16.8726	(1675, 1099)	(168, 110)	62
17:50:04.689	31	17.3853	(1685, 1099)	(169, 110)	62
17:50:04.725	31	17.2379	(1695, 1100)	(170, 110)	62
17:50:04.765	31	17.2031	(1705, 1100)	(171, 110)	62
17:50:04.799	30	16.716	(1715, 1101)	(172, 110)	62
17:50:04.834	31	16.585	(1725, 1101)	(173, 110)	62
17:50:04.870	30	16.3461	(1735, 1103)	(174, 110)	62
17:50:04.903	33	16.144	(1748, 1104)	(175, 110)	62
17:50:04.938	35	16.1055	(1753, 1105)	(175, 111)	62
17:50:04.980	35	16.1984	(1755, 1105)	(176, 111)	62
17:50:05.022	34	15.9576	(1765, 1106)	(177, 111)	62
17:50:05.064	34	15.8622	(1775, 1107)	(178, 111)	62
17:50:05.106	33	15.6564	(1785, 1108)	(179, 111)	62
17:50:05.148	34	15.3588	(1798, 1109)	(180, 111)	62
17:50:05.189	30	15.0796	(1806, 1111)	(181, 111)	62
17:50:05.224	33	14.9207	(1815, 1112)	(182, 111)	62
17:50:05.265	32	14.8391	(1825, 1112)	(183, 111)	62
17:50:05.300	29	14.6507	(1835, 1113)	(184, 111)	62
17:50:05.334	30	14.3804	(1850, 1114)	(185, 111)	62
17:50:05.369	29	14.3016	(1855, 1114)	(186, 111)	62
17:50:05.405	36	14.1153	(1858, 1115)	(186, 112)	62
17:50:05.446	34	13.9284	(1865, 1116)	(187, 112)	62
17:50:05.491	29	13.5391	(1877, 1117)	(188, 112)	62
17:50:05.529	30	13.4656	(1885, 1118)	(189, 112)	62
17:50:05.564	29	12.9369	(1895, 1120)	(190, 112)	62
17:50:05.599	30	12.8136	(1905, 1121)	(191, 112)	62
17:50:05.633	24	6.94044	(0, 0)	(0, 0)	62
EOM

