BOM
Frame extends: 2263, 1306
_ms_area: 10
measurements taken: 585
current rendering method: 2
is mouse replay: 1
Camera settings: Roation Quaternion: ( -0.990111, 0.0250671, -0.110386, -0.0828551), Translationsvektor: ( 0, 0, 1.625).
System_Time	Elapsed_Time_PaintGL	Elapsed_Kernel_Time	Frame_Coordinates	Grid_Position	Manual_Measurement
16:08:41.842	16	6.4803	(318, 226)	(32, 23)	0
16:08:41.871	16	6.48682	(325, 225)	(33, 23)	0
16:08:41.892	16	6.50104	(335, 225)	(34, 23)	0
16:08:41.913	15	6.5243	(345, 225)	(35, 23)	0
16:08:41.934	18	6.54015	(357, 225)	(36, 23)	0
16:08:41.955	20	6.57467	(372, 225)	(37, 23)	0
16:08:41.984	19	6.58859	(375, 225)	(38, 23)	0
16:08:42.011	21	6.59748	(385, 225)	(39, 23)	0
16:08:42.039	15	6.58919	(395, 225)	(40, 23)	0
16:08:42.059	16	6.60222	(405, 225)	(41, 23)	0
16:08:42.080	16	6.63985	(415, 225)	(42, 23)	0
16:08:42.101	15	6.68089	(425, 225)	(43, 23)	0
16:08:42.121	16	6.704	(435, 226)	(44, 23)	0
16:08:42.142	16	6.744	(445, 226)	(45, 23)	0
16:08:42.163	16	6.71126	(455, 226)	(46, 23)	0
16:08:42.184	16	6.73941	(465, 227)	(47, 23)	0
16:08:42.206	16	6.73496	(475, 227)	(48, 23)	0
16:08:42.226	16	6.75081	(485, 228)	(49, 23)	0
16:08:42.247	16	6.80741	(495, 228)	(50, 23)	0
16:08:42.268	15	6.87556	(505, 229)	(51, 23)	0
16:08:42.288	16	6.88341	(515, 229)	(52, 23)	0
16:08:42.309	16	6.91733	(525, 229)	(53, 23)	0
16:08:42.330	17	6.86385	(535, 229)	(54, 23)	0
16:08:42.352	15	6.91348	(545, 229)	(55, 23)	0
16:08:42.372	17	6.95556	(555, 229)	(56, 23)	0
16:08:42.394	17	6.97141	(565, 229)	(57, 23)	0
16:08:42.414	17	6.94993	(575, 229)	(58, 23)	0
16:08:42.435	16	7.03022	(585, 229)	(59, 23)	0
16:08:42.456	16	7.05452	(596, 229)	(60, 23)	0
16:08:42.477	16	7.04578	(605, 230)	(61, 23)	0
16:08:42.497	18	7.0523	(615, 230)	(62, 23)	0
16:08:42.521	16	7.0237	(626, 230)	(63, 23)	0
16:08:42.539	16	7.08385	(635, 230)	(64, 23)	0
16:08:42.559	17	7.07037	(645, 230)	(65, 23)	0
16:08:42.581	16	7.10667	(655, 230)	(66, 23)	0
16:08:42.602	16	7.10118	(665, 230)	(67, 23)	0
16:08:42.623	16	7.12637	(680, 230)	(68, 23)	0
16:08:42.643	16	7.24859	(685, 230)	(69, 23)	0
16:08:42.664	16	7.27985	(695, 230)	(70, 23)	0
16:08:42.684	17	7.36755	(705, 230)	(71, 23)	0
16:08:42.706	17	7.3437	(715, 230)	(72, 23)	0
16:08:42.726	17	7.35763	(725, 230)	(73, 23)	0
16:08:42.748	17	7.39882	(735, 230)	(74, 23)	0
16:08:42.769	16	7.44578	(749, 230)	(75, 23)	0
16:08:42.790	16	7.45837	(756, 230)	(76, 23)	0
16:08:42.811	16	7.38015	(766, 230)	(77, 23)	0
16:08:42.832	16	7.49008	(775, 230)	(78, 23)	0
16:08:42.852	17	7.456	(785, 230)	(79, 23)	0
16:08:42.872	17	7.48074	(796, 229)	(80, 23)	0
16:08:42.894	16	7.46993	(805, 229)	(81, 23)	0
16:08:42.915	17	7.4203	(815, 229)	(82, 23)	0
16:08:42.936	16	7.47111	(825, 228)	(83, 23)	0
16:08:42.957	17	7.45911	(835, 228)	(84, 23)	0
16:08:42.977	17	7.59926	(845, 228)	(85, 23)	0
16:08:42.999	16	7.41007	(855, 228)	(86, 23)	0
16:08:43.019	16	7.43852	(865, 228)	(87, 23)	0
16:08:43.039	16	7.41852	(875, 228)	(88, 23)	0
16:08:43.060	17	7.468	(885, 228)	(89, 23)	0
16:08:43.081	17	7.50193	(895, 228)	(90, 23)	0
16:08:43.102	17	7.49289	(905, 228)	(91, 23)	0
16:08:43.123	16	7.45511	(915, 228)	(92, 23)	0
16:08:43.143	17	7.46741	(925, 228)	(93, 23)	0
16:08:43.164	19	7.4483	(935, 228)	(94, 23)	0
16:08:43.186	20	7.48222	(945, 227)	(95, 23)	0
16:08:43.214	20	7.54089	(957, 227)	(96, 23)	0
16:08:43.241	19	7.43689	(966, 227)	(97, 23)	0
16:08:43.268	17	7.47956	(975, 227)	(98, 23)	0
16:08:43.289	17	7.46326	(985, 227)	(99, 23)	0
16:08:43.310	16	7.51141	(995, 227)	(100, 23)	0
16:08:43.331	18	7.48252	(1005, 227)	(101, 23)	0
16:08:43.352	17	7.47259	(1015, 226)	(102, 23)	0
16:08:43.373	19	7.53141	(1025, 226)	(103, 23)	0
16:08:43.395	20	7.56193	(1035, 226)	(104, 23)	0
16:08:43.422	21	7.47348	(1045, 225)	(105, 23)	0
16:08:43.450	21	7.52311	(1055, 225)	(106, 23)	0
16:08:43.478	21	7.52504	(1065, 225)	(107, 23)	0
16:08:43.506	20	7.48282	(1071, 224)	(107, 22)	0
16:08:43.533	22	7.60667	(1075, 224)	(108, 22)	0
16:08:43.561	20	7.53082	(1085, 224)	(109, 22)	0
16:08:43.589	21	7.54415	(1095, 224)	(110, 22)	0
16:08:43.617	21	7.47437	(1105, 224)	(111, 22)	0
16:08:43.646	20	7.41422	(1115, 224)	(112, 22)	0
16:08:43.673	18	7.40948	(1125, 224)	(113, 22)	0
16:08:43.693	17	7.34741	(1135, 224)	(114, 22)	0
16:08:43.713	18	7.38281	(1146, 223)	(115, 22)	0
16:08:43.734	20	7.40207	(1155, 223)	(116, 22)	0
16:08:43.763	21	7.34756	(1165, 223)	(117, 22)	0
16:08:43.791	20	7.36237	(1175, 223)	(118, 22)	0
16:08:43.819	20	7.45674	(1185, 223)	(119, 22)	0
16:08:43.846	22	7.45882	(1195, 223)	(120, 22)	0
16:08:43.874	19	7.46089	(1205, 223)	(121, 22)	0
16:08:43.901	17	7.43482	(1215, 223)	(122, 22)	0
16:08:43.922	18	7.45704	(1225, 223)	(123, 22)	0
16:08:43.943	18	7.4917	(1235, 223)	(124, 22)	0
16:08:43.964	18	7.38815	(1245, 223)	(125, 22)	0
16:08:43.985	18	7.39644	(1255, 223)	(126, 22)	0
16:08:44.005	18	7.35496	(1265, 224)	(127, 22)	0
16:08:44.026	18	7.38178	(1275, 224)	(128, 22)	0
16:08:44.048	17	7.34889	(1282, 225)	(128, 23)	0
16:08:44.068	18	7.36518	(1285, 225)	(129, 23)	0
16:08:44.089	18	7.30993	(1295, 226)	(130, 23)	0
16:08:44.110	18	7.31985	(1305, 226)	(131, 23)	0
16:08:44.131	17	7.35511	(1316, 228)	(132, 23)	0
16:08:44.151	18	7.30756	(1326, 228)	(133, 23)	0
16:08:44.173	17	7.32741	(1335, 228)	(134, 23)	0
16:08:44.193	18	7.25022	(1345, 229)	(135, 23)	0
16:08:44.214	17	7.27496	(1355, 230)	(136, 23)	0
16:08:44.235	18	7.25393	(1366, 230)	(137, 23)	0
16:08:44.256	18	7.24163	(1375, 230)	(138, 23)	0
16:08:44.277	18	7.23511	(1386, 231)	(139, 23)	0
16:08:44.298	17	7.22059	(1395, 231)	(140, 23)	0
16:08:44.318	18	7.19808	(1405, 232)	(141, 23)	0
16:08:44.340	17	7.20208	(1415, 232)	(142, 23)	0
16:08:44.360	18	7.23941	(1425, 232)	(143, 23)	0
16:08:44.381	18	7.21541	(1435, 233)	(144, 23)	0
16:08:44.402	17	7.19452	(1445, 234)	(145, 23)	0
16:08:44.422	19	7.16904	(1455, 234)	(146, 23)	0
16:08:44.444	17	7.19852	(1465, 234)	(147, 23)	0
16:08:44.464	18	7.20385	(1478, 234)	(148, 23)	0
16:08:44.486	17	7.21393	(1485, 234)	(149, 23)	0
16:08:44.506	18	7.16622	(1488, 235)	(149, 24)	0
16:08:44.527	17	7.208	(1495, 235)	(150, 24)	0
16:08:44.548	18	7.18222	(1506, 235)	(151, 24)	0
16:08:44.569	17	7.19763	(1516, 235)	(152, 24)	0
16:08:44.590	18	7.16563	(1526, 236)	(153, 24)	0
16:08:44.611	17	7.16341	(1535, 236)	(154, 24)	0
16:08:44.631	18	7.20104	(1546, 236)	(155, 24)	0
16:08:44.652	18	7.19496	(1556, 237)	(156, 24)	0
16:08:44.673	18	7.16815	(1565, 237)	(157, 24)	0
16:08:44.694	18	7.12948	(1575, 238)	(158, 24)	0
16:08:44.715	18	7.07052	(1585, 238)	(159, 24)	0
16:08:44.736	16	7.10652	(1595, 239)	(160, 24)	0
16:08:44.756	17	7.04	(1605, 239)	(161, 24)	0
16:08:44.777	17	7.05437	(1615, 240)	(162, 24)	0
16:08:44.798	17	7.03215	(1625, 240)	(163, 24)	0
16:08:44.819	18	7.06978	(1636, 241)	(164, 24)	0
16:08:44.840	18	7.12059	(1645, 242)	(165, 24)	0
16:08:44.861	17	7.07882	(1655, 242)	(166, 24)	0
16:08:44.882	18	7.10311	(1666, 243)	(167, 24)	0
16:08:44.903	16	7.10563	(1676, 244)	(168, 24)	0
16:08:44.923	17	7.09911	(1677, 245)	(168, 25)	0
16:08:44.944	17	7.0723	(1686, 245)	(169, 25)	0
16:08:44.965	17	7.04874	(1696, 246)	(170, 25)	0
16:08:44.986	17	7.09333	(1705, 246)	(171, 25)	0
16:08:45.007	16	7.08844	(1715, 248)	(172, 25)	0
16:08:45.034	18	7.04978	(1726, 249)	(173, 25)	0
16:08:45.055	18	7.08163	(1735, 250)	(174, 25)	0
16:08:45.076	18	7.07689	(1745, 251)	(175, 25)	0
16:08:45.097	18	7.05881	(1755, 253)	(176, 25)	0
16:08:45.118	17	7.02252	(1765, 254)	(177, 25)	0
16:08:45.138	17	7.06489	(1768, 255)	(177, 26)	0
16:08:45.160	17	7.02933	(1775, 256)	(178, 26)	0
16:08:45.181	16	7.04637	(1785, 258)	(179, 26)	0
16:08:45.201	19	7.04133	(1795, 260)	(180, 26)	0
16:08:45.223	19	7.03496	(1805, 262)	(181, 26)	0
16:08:45.251	19	7.00607	(1815, 264)	(182, 26)	0
16:08:45.278	20	7.01704	(1817, 265)	(182, 27)	0
16:08:45.307	19	7.01422	(1825, 267)	(183, 27)	0
16:08:45.334	19	7.00741	(1838, 271)	(184, 27)	0
16:08:45.362	17	6.9917	(1845, 273)	(185, 27)	0
16:08:45.382	18	6.98415	(1849, 275)	(185, 28)	0
16:08:45.403	17	6.91733	(1858, 278)	(186, 28)	0
16:08:45.423	18	6.91822	(1865, 280)	(187, 28)	0
16:08:45.445	18	6.91259	(1874, 285)	(187, 29)	0
16:08:45.466	18	6.92504	(1875, 285)	(188, 29)	0
16:08:45.487	16	6.944	(1885, 289)	(189, 29)	0
16:08:45.507	18	6.852	(1895, 294)	(190, 29)	0
16:08:45.528	19	6.89304	(1895, 295)	(190, 30)	0
16:08:45.549	18	6.86963	(1905, 299)	(191, 30)	0
16:08:45.570	17	6.87511	(1912, 305)	(191, 31)	0
16:08:45.590	18	6.85111	(1915, 307)	(192, 31)	0
16:08:45.611	18	6.83067	(1925, 314)	(193, 31)	0
16:08:45.632	18	6.8003	(1926, 315)	(193, 32)	0
16:08:45.654	17	6.80637	(1935, 322)	(194, 32)	0
16:08:45.675	17	6.79704	(1937, 325)	(194, 33)	0
16:08:45.696	16	6.82919	(1945, 333)	(195, 33)	0
16:08:45.715	18	6.79126	(1947, 335)	(195, 34)	0
16:08:45.736	19	6.77437	(1955, 344)	(196, 34)	0
16:08:45.758	17	6.76652	(1955, 345)	(196, 35)	0
16:08:45.778	18	6.76459	(1963, 355)	(196, 36)	0
16:08:45.800	17	6.73733	(1965, 358)	(197, 36)	0
16:08:45.820	17	6.73748	(1968, 365)	(197, 37)	0
16:08:45.841	18	6.79511	(1973, 375)	(197, 38)	0
16:08:45.864	15	6.74652	(1975, 379)	(198, 38)	0
16:08:45.883	16	6.70785	(1976, 385)	(198, 39)	0
16:08:45.903	19	6.67644	(1980, 395)	(198, 40)	0
16:08:45.925	17	6.61719	(1982, 405)	(198, 41)	0
16:08:45.946	18	6.63467	(1984, 415)	(198, 42)	0
16:08:45.966	17	6.66045	(1985, 417)	(199, 42)	0
16:08:45.987	17	6.6557	(1985, 425)	(199, 43)	0
16:08:46.008	17	6.64163	(1987, 435)	(199, 44)	0
16:08:46.029	17	6.63319	(1988, 445)	(199, 45)	0
16:08:46.049	17	6.6363	(1989, 455)	(199, 46)	0
16:08:46.070	18	6.63867	(1989, 465)	(199, 47)	0
16:08:46.092	16	6.62563	(1989, 475)	(199, 48)	0
16:08:46.112	17	6.6243	(1988, 485)	(199, 49)	0
16:08:46.133	17	6.61081	(1985, 495)	(199, 50)	0
16:08:46.154	17	6.61793	(1984, 495)	(198, 50)	0
16:08:46.174	16	6.66	(1980, 505)	(198, 51)	0
16:08:46.195	15	6.69882	(1972, 516)	(197, 52)	0
16:08:46.216	16	6.81126	(1965, 525)	(197, 53)	0
16:08:46.237	16	6.79511	(1964, 526)	(196, 53)	0
16:08:46.258	16	6.89363	(1954, 534)	(195, 53)	0
16:08:46.279	16	6.81511	(1953, 535)	(195, 54)	0
16:08:46.300	16	6.82385	(1944, 539)	(194, 54)	0
16:08:46.320	16	6.90281	(1937, 545)	(194, 55)	0
16:08:46.341	16	6.87585	(1934, 547)	(193, 55)	0
16:08:46.362	17	6.90652	(1924, 555)	(192, 56)	0
16:08:46.383	16	6.93378	(1914, 561)	(191, 56)	0
16:08:46.404	17	6.94281	(1907, 565)	(191, 57)	0
16:08:46.426	16	6.96874	(1904, 567)	(190, 57)	0
16:08:46.446	17	6.99007	(1894, 572)	(189, 57)	0
16:08:46.467	16	6.98993	(1890, 575)	(189, 58)	0
16:08:46.487	17	6.99244	(1884, 577)	(188, 58)	0
16:08:46.508	16	7.00311	(1874, 581)	(187, 58)	0
16:08:46.529	16	7.04845	(1866, 585)	(187, 59)	0
16:08:46.550	17	7.0283	(1864, 585)	(186, 59)	0
16:08:46.571	17	7.07422	(1854, 590)	(185, 59)	0
16:08:46.592	23	7.09748	(1844, 594)	(184, 59)	0
16:08:46.620	16	7.13689	(1843, 595)	(184, 60)	0
16:08:46.640	17	7.08845	(1834, 597)	(183, 60)	0
16:08:46.661	16	7.13778	(1823, 601)	(182, 60)	0
16:08:46.682	16	7.20208	(1810, 606)	(181, 61)	0
16:08:46.703	17	7.24993	(1804, 609)	(180, 61)	0
16:08:46.724	17	7.29541	(1794, 612)	(179, 61)	0
16:08:46.745	16	7.2843	(1787, 615)	(179, 62)	0
16:08:46.766	16	7.28356	(1784, 616)	(178, 62)	0
16:08:46.786	17	7.29141	(1774, 619)	(177, 62)	0
16:08:46.807	17	7.32889	(1764, 622)	(176, 62)	0
16:08:46.828	17	7.37185	(1758, 625)	(176, 63)	0
16:08:46.849	16	7.35378	(1754, 626)	(175, 63)	0
16:08:46.870	16	7.36504	(1744, 628)	(174, 63)	0
16:08:46.890	18	7.41822	(1734, 631)	(173, 63)	0
16:08:46.912	16	7.44904	(1724, 633)	(172, 63)	0
16:08:46.933	16	7.50415	(1715, 635)	(172, 64)	0
16:08:46.953	18	7.48104	(1714, 635)	(171, 64)	0
16:08:46.974	17	7.49971	(1704, 637)	(170, 64)	0
16:08:46.995	17	7.50489	(1694, 638)	(169, 64)	0
16:08:47.016	16	7.59155	(1684, 640)	(168, 64)	0
16:08:47.036	17	7.56933	(1674, 641)	(167, 64)	0
16:08:47.057	17	7.57037	(1664, 642)	(166, 64)	0
16:08:47.078	17	7.63407	(1654, 643)	(165, 64)	0
16:08:47.099	17	7.61778	(1644, 644)	(164, 64)	0
16:08:47.120	16	7.604	(1633, 644)	(163, 64)	0
16:08:47.141	16	7.61733	(1624, 644)	(162, 64)	0
16:08:47.161	18	7.6157	(1614, 644)	(161, 64)	0
16:08:47.183	17	7.632	(1604, 644)	(160, 64)	0
16:08:47.204	17	7.59956	(1594, 644)	(159, 64)	0
16:08:47.225	16	7.57052	(1584, 644)	(158, 64)	0
16:08:47.245	16	7.55378	(1574, 644)	(157, 64)	0
16:08:47.266	16	7.49304	(1564, 644)	(156, 64)	0
16:08:47.287	17	7.52963	(1554, 644)	(155, 64)	0
16:08:47.308	17	7.45807	(1548, 645)	(155, 65)	0
16:08:47.329	16	7.43304	(1544, 645)	(154, 65)	0
16:08:47.349	17	7.42681	(1534, 645)	(153, 65)	0
16:08:47.370	17	7.47541	(1524, 646)	(152, 65)	0
16:08:47.391	16	7.47037	(1514, 647)	(151, 65)	0
16:08:47.411	17	7.41778	(1504, 648)	(150, 65)	0
16:08:47.433	17	7.3963	(1494, 649)	(149, 65)	0
16:08:47.453	20	7.40578	(1484, 651)	(148, 65)	0
16:08:47.483	19	7.39319	(1474, 652)	(147, 65)	0
16:08:47.510	20	7.37926	(1464, 652)	(146, 65)	0
16:08:47.538	20	7.32415	(1454, 653)	(145, 65)	0
16:08:47.566	20	7.28593	(1444, 654)	(144, 65)	0
16:08:47.594	19	7.30711	(1434, 654)	(143, 65)	0
16:08:47.620	17	7.27289	(1419, 654)	(142, 65)	0
16:08:47.648	17	7.22756	(1414, 654)	(141, 65)	0
16:08:47.669	16	7.22045	(1404, 654)	(140, 65)	0
16:08:47.690	17	7.26637	(1394, 654)	(139, 65)	0
16:08:47.711	17	7.26415	(1384, 654)	(138, 65)	0
16:08:47.732	16	7.27541	(1374, 654)	(137, 65)	0
16:08:47.752	18	7.19689	(1356, 653)	(136, 65)	0
16:08:47.773	16	7.2403	(1354, 653)	(135, 65)	0
16:08:47.794	16	7.1997	(1344, 652)	(134, 65)	0
16:08:47.815	18	7.25304	(1334, 651)	(133, 65)	0
16:08:47.836	17	7.27481	(1323, 651)	(132, 65)	0
16:08:47.857	16	7.24	(1314, 650)	(131, 65)	0
16:08:47.877	17	7.20104	(1303, 649)	(130, 65)	0
16:08:47.898	18	7.20593	(1294, 648)	(129, 65)	0
16:08:47.920	17	7.23481	(1284, 647)	(128, 65)	0
16:08:47.940	17	7.22163	(1274, 647)	(127, 65)	0
16:08:47.961	17	7.22993	(1264, 646)	(126, 65)	0
16:08:47.982	17	7.19378	(1256, 644)	(126, 64)	0
16:08:48.003	17	7.2243	(1254, 644)	(125, 64)	0
16:08:48.024	16	7.27689	(1244, 643)	(124, 64)	0
16:08:48.045	16	7.28948	(1234, 643)	(123, 64)	0
16:08:48.065	17	7.25156	(1224, 641)	(122, 64)	0
16:08:48.086	18	7.23333	(1214, 641)	(121, 64)	0
16:08:48.107	17	7.25985	(1204, 641)	(120, 64)	0
16:08:48.128	17	7.2277	(1194, 640)	(119, 64)	0
16:08:48.149	16	7.2243	(1184, 639)	(118, 64)	0
16:08:48.169	17	7.24948	(1174, 639)	(117, 64)	0
16:08:48.190	18	7.26356	(1164, 637)	(116, 64)	0
16:08:48.212	17	7.28667	(1154, 637)	(115, 64)	0
16:08:48.232	17	7.28874	(1144, 636)	(114, 64)	0
16:08:48.254	16	7.29082	(1134, 636)	(113, 64)	0
16:08:48.274	17	7.31081	(1124, 635)	(112, 64)	0
16:08:48.302	16	7.28415	(1114, 635)	(111, 64)	0
16:08:48.322	17	7.29659	(1110, 634)	(111, 63)	0
16:08:48.343	17	7.26874	(1104, 634)	(110, 63)	0
16:08:48.364	17	7.31141	(1093, 633)	(109, 63)	0
16:08:48.385	20	7.29911	(1084, 632)	(108, 63)	0
16:08:48.414	21	7.33244	(1074, 632)	(107, 63)	0
16:08:48.442	19	7.30785	(1064, 631)	(106, 63)	0
16:08:48.469	18	7.32889	(1051, 631)	(105, 63)	0
16:08:48.490	17	7.29096	(1032, 629)	(103, 63)	0
16:08:48.510	19	7.30993	(1024, 629)	(102, 63)	0
16:08:48.531	17	7.32948	(1014, 629)	(101, 63)	0
16:08:48.552	18	7.32385	(1004, 628)	(100, 63)	0
16:08:48.573	18	7.38563	(994, 627)	(99, 63)	0
16:08:48.593	25	7.36637	(984, 627)	(98, 63)	0
16:08:48.621	19	7.30504	(974, 627)	(97, 63)	0
16:08:48.643	18	7.32741	(964, 626)	(96, 63)	0
16:08:48.664	17	7.36356	(954, 626)	(95, 63)	0
16:08:48.684	18	7.328	(944, 626)	(94, 63)	0
16:08:48.705	18	7.33481	(934, 625)	(93, 63)	0
16:08:48.726	18	7.36044	(927, 624)	(93, 62)	0
16:08:48.747	18	7.37733	(924, 624)	(92, 62)	0
16:08:48.768	18	7.40311	(914, 623)	(91, 62)	0
16:08:48.789	17	7.31304	(904, 622)	(90, 62)	0
16:08:48.809	18	7.31778	(894, 621)	(89, 62)	0
16:08:48.831	17	7.36726	(884, 620)	(88, 62)	0
16:08:48.851	18	7.34904	(873, 619)	(87, 62)	0
16:08:48.872	17	7.41822	(864, 619)	(86, 62)	0
16:08:48.892	19	7.39244	(854, 619)	(85, 62)	0
16:08:48.913	18	7.4083	(843, 618)	(84, 62)	0
16:08:48.934	21	7.53526	(834, 618)	(83, 62)	0
16:08:48.962	18	7.65363	(823, 617)	(82, 62)	0
16:08:48.983	18	7.65541	(814, 617)	(81, 62)	0
16:08:49.004	18	7.71867	(804, 617)	(80, 62)	0
16:08:49.024	20	7.70933	(794, 617)	(79, 62)	0
16:08:49.046	19	7.68356	(784, 616)	(78, 62)	0
16:08:49.067	18	7.72548	(772, 616)	(77, 62)	0
16:08:49.088	16	7.78207	(764, 615)	(76, 62)	0
16:08:49.108	17	7.73467	(754, 615)	(75, 62)	0
16:08:49.129	17	7.74355	(744, 615)	(74, 62)	0
16:08:49.150	16	7.71363	(734, 615)	(73, 62)	0
16:08:49.171	16	7.8083	(724, 615)	(72, 62)	0
16:08:49.191	17	7.73867	(714, 615)	(71, 62)	0
16:08:49.212	17	7.74	(704, 615)	(70, 62)	0
16:08:49.233	17	7.70904	(694, 615)	(69, 62)	0
16:08:49.254	16	7.73645	(684, 615)	(68, 62)	0
16:08:49.275	17	7.70578	(674, 615)	(67, 62)	0
16:08:49.296	17	7.71481	(664, 616)	(66, 62)	0
16:08:49.317	18	7.74415	(654, 617)	(65, 62)	0
16:08:49.338	19	7.71511	(644, 618)	(64, 62)	0
16:08:49.366	20	7.71185	(634, 618)	(63, 62)	0
16:08:49.394	20	7.67748	(624, 619)	(62, 62)	0
16:08:49.422	26	7.67496	(614, 619)	(61, 62)	0
16:08:49.457	19	7.63837	(604, 621)	(60, 62)	0
16:08:49.484	20	7.6117	(594, 621)	(59, 62)	0
16:08:49.512	19	7.55659	(584, 622)	(58, 62)	0
16:08:49.539	20	7.52637	(574, 624)	(57, 62)	0
16:08:49.567	20	7.52578	(566, 625)	(57, 63)	0
16:08:49.595	20	7.53111	(564, 625)	(56, 63)	0
16:08:49.623	20	7.50963	(554, 625)	(55, 63)	0
16:08:49.651	20	7.50015	(544, 626)	(54, 63)	0
16:08:49.678	21	7.41837	(534, 628)	(53, 63)	0
16:08:49.706	18	7.44578	(524, 629)	(52, 63)	0
16:08:49.727	17	7.40593	(514, 631)	(51, 63)	0
16:08:49.748	16	7.34622	(504, 633)	(50, 63)	0
16:08:49.769	17	7.38963	(494, 634)	(49, 63)	0
16:08:49.789	18	7.35422	(493, 635)	(49, 64)	0
16:08:49.811	16	7.348	(484, 637)	(48, 64)	0
16:08:49.831	17	7.08074	(467, 641)	(47, 64)	0
16:08:49.852	18	7.09156	(464, 642)	(46, 64)	0
16:08:49.873	17	6.97748	(458, 645)	(46, 65)	0
16:08:49.894	17	6.95244	(454, 646)	(45, 65)	0
16:08:49.915	16	6.86563	(444, 650)	(44, 65)	0
16:08:49.936	15	6.76563	(434, 654)	(43, 65)	0
16:08:49.956	16	6.75867	(432, 655)	(43, 66)	0
16:08:49.977	17	6.69867	(424, 658)	(42, 66)	0
16:08:49.998	17	6.68667	(414, 662)	(41, 66)	0
16:08:50.020	20	6.67704	(409, 665)	(41, 67)	0
16:08:50.048	19	6.65393	(404, 667)	(40, 67)	0
16:08:50.075	20	6.61319	(394, 671)	(39, 67)	0
16:08:50.103	19	6.58326	(387, 675)	(39, 68)	0
16:08:50.131	17	6.56385	(384, 676)	(38, 68)	0
16:08:50.151	17	6.57245	(374, 680)	(37, 68)	0
16:08:50.172	17	6.5237	(367, 685)	(37, 69)	0
16:08:50.193	17	6.5363	(364, 687)	(36, 69)	0
16:08:50.213	18	6.51081	(356, 695)	(36, 70)	0
16:08:50.234	18	6.49778	(354, 695)	(35, 70)	0
16:08:50.256	17	6.48652	(344, 704)	(34, 70)	0
16:08:50.277	15	6.49393	(344, 705)	(34, 71)	0
16:08:50.297	17	6.50474	(337, 715)	(34, 72)	0
16:08:50.318	18	6.48163	(335, 725)	(34, 73)	0
16:08:50.339	17	6.48015	(334, 727)	(33, 73)	0
16:08:50.360	17	6.47378	(331, 735)	(33, 74)	0
16:08:50.381	15	6.47393	(329, 746)	(33, 75)	0
16:08:50.401	17	6.47393	(329, 755)	(33, 76)	0
16:08:50.422	17	6.48696	(329, 765)	(33, 77)	0
16:08:50.443	17	6.50119	(329, 775)	(33, 78)	0
16:08:50.464	16	6.59911	(329, 785)	(33, 79)	0
16:08:50.484	17	6.63985	(329, 795)	(33, 80)	0
16:08:50.505	18	6.67408	(329, 805)	(33, 81)	0
16:08:50.526	18	6.71719	(329, 833)	(33, 83)	0
16:08:50.547	16	6.68859	(329, 836)	(33, 84)	0
16:08:50.567	16	6.71556	(329, 845)	(33, 85)	0
16:08:50.588	16	6.68874	(329, 855)	(33, 86)	0
16:08:50.609	19	6.71778	(330, 865)	(33, 87)	0
16:08:50.631	20	6.71674	(332, 875)	(33, 88)	0
16:08:50.660	20	6.72267	(335, 883)	(34, 88)	0
16:08:50.687	19	6.71111	(335, 885)	(34, 89)	0
16:08:50.714	22	6.73837	(338, 895)	(34, 90)	0
16:08:50.743	19	6.7597	(341, 905)	(34, 91)	0
16:08:50.770	20	6.83748	(345, 914)	(35, 91)	0
16:08:50.797	16	6.85674	(346, 915)	(35, 92)	0
16:08:50.818	15	6.83704	(350, 925)	(35, 93)	0
16:08:50.839	16	6.86978	(355, 931)	(36, 93)	0
16:08:50.860	20	6.88489	(357, 935)	(36, 94)	0
16:08:50.888	20	6.91718	(364, 945)	(36, 95)	0
16:08:50.916	19	6.93156	(365, 945)	(37, 95)	0
16:08:50.944	19	7.01837	(373, 955)	(37, 96)	0
16:08:50.972	19	7.01185	(375, 956)	(38, 96)	0
16:08:50.999	19	7.09467	(384, 965)	(38, 97)	0
16:08:51.020	18	7.13052	(385, 966)	(39, 97)	0
16:08:51.041	20	7.19244	(395, 975)	(40, 98)	0
16:08:51.069	20	7.25807	(405, 982)	(41, 98)	0
16:08:51.097	21	7.34192	(411, 987)	(41, 99)	0
16:08:51.125	21	7.30208	(415, 989)	(42, 99)	0
16:08:51.153	20	7.35452	(423, 995)	(42, 100)	0
16:08:51.181	20	7.41319	(425, 996)	(43, 100)	0
16:08:51.208	21	7.46133	(435, 1001)	(44, 100)	0
16:08:51.236	20	7.46341	(441, 1005)	(44, 101)	0
16:08:51.264	20	7.48667	(446, 1007)	(45, 101)	0
16:08:51.292	20	7.56	(455, 1012)	(46, 101)	0
16:08:51.319	21	7.54504	(461, 1015)	(46, 102)	0
16:08:51.349	20	7.63748	(465, 1017)	(47, 102)	0
16:08:51.375	20	7.64311	(475, 1022)	(48, 102)	0
16:08:51.403	21	7.65778	(481, 1025)	(48, 103)	0
16:08:51.431	20	7.70667	(485, 1026)	(49, 103)	0
16:08:51.459	20	7.76148	(495, 1030)	(50, 103)	0
16:08:51.486	21	7.824	(505, 1034)	(51, 103)	0
16:08:51.514	21	7.82474	(506, 1035)	(51, 104)	0
16:08:51.542	20	7.87081	(515, 1037)	(52, 104)	0
16:08:51.570	20	7.908	(525, 1040)	(53, 104)	0
16:08:51.598	18	7.93882	(540, 1043)	(54, 104)	0
16:08:51.618	17	7.97126	(545, 1044)	(55, 104)	0
16:08:51.638	18	7.97645	(549, 1045)	(55, 105)	0
16:08:51.660	18	7.98859	(555, 1046)	(56, 105)	0
16:08:51.680	17	8.09526	(577, 1050)	(58, 105)	0
16:08:51.701	19	8.11304	(585, 1052)	(59, 105)	0
16:08:51.722	18	8.12104	(595, 1053)	(60, 105)	0
16:08:51.743	18	8.15022	(605, 1054)	(61, 105)	0
16:08:51.764	18	8.14311	(608, 1055)	(61, 106)	0
16:08:51.785	18	8.16326	(615, 1056)	(62, 106)	0
16:08:51.805	19	8.24489	(625, 1057)	(63, 106)	0
16:08:51.826	19	8.23733	(635, 1058)	(64, 106)	0
16:08:51.847	18	8.19496	(645, 1059)	(65, 106)	0
16:08:51.868	17	8.18445	(655, 1060)	(66, 106)	0
16:08:51.888	19	8.22933	(665, 1061)	(67, 106)	0
16:08:51.910	18	8.16089	(675, 1061)	(68, 106)	0
16:08:51.931	18	8.17082	(685, 1063)	(69, 106)	0
16:08:51.952	18	8.144	(695, 1063)	(70, 106)	0
16:08:51.972	19	8.17185	(705, 1064)	(71, 106)	0
16:08:51.993	18	8.14978	(715, 1064)	(72, 106)	0
16:08:52.014	18	8.11467	(719, 1065)	(72, 107)	0
16:08:52.035	18	8.10859	(725, 1065)	(73, 107)	0
16:08:52.056	18	8.04311	(735, 1066)	(74, 107)	0
16:08:52.076	18	8.08237	(745, 1066)	(75, 107)	0
16:08:52.097	18	8.07733	(755, 1066)	(76, 107)	0
16:08:52.118	18	8.05793	(765, 1066)	(77, 107)	0
16:08:52.139	17	8.03422	(775, 1067)	(78, 107)	0
16:08:52.159	19	7.98963	(785, 1067)	(79, 107)	0
16:08:52.181	18	8.00415	(795, 1068)	(80, 107)	0
16:08:52.202	18	7.98355	(805, 1069)	(81, 107)	0
16:08:52.223	17	7.92074	(815, 1070)	(82, 107)	0
16:08:52.243	18	7.93985	(825, 1071)	(83, 107)	0
16:08:52.264	17	7.92726	(835, 1072)	(84, 107)	0
16:08:52.285	17	7.89911	(845, 1073)	(85, 107)	0
16:08:52.306	17	7.81022	(856, 1074)	(86, 107)	0
16:08:52.327	16	7.79645	(862, 1075)	(86, 108)	0
16:08:52.347	19	7.82015	(865, 1075)	(87, 108)	0
16:08:52.369	16	7.79067	(875, 1075)	(88, 108)	0
16:08:52.390	16	7.77807	(885, 1076)	(89, 108)	0
16:08:52.411	17	7.71733	(895, 1077)	(90, 108)	0
16:08:52.431	17	7.71615	(905, 1078)	(91, 108)	0
16:08:52.452	17	7.73585	(915, 1078)	(92, 108)	0
16:08:52.473	17	7.69141	(925, 1079)	(93, 108)	0
16:08:52.494	17	7.62948	(935, 1080)	(94, 108)	0
16:08:52.515	16	7.64889	(945, 1081)	(95, 108)	0
16:08:52.536	16	7.61244	(955, 1082)	(96, 108)	0
16:08:52.556	18	7.62652	(965, 1082)	(97, 108)	0
16:08:52.577	17	7.59659	(975, 1083)	(98, 108)	0
16:08:52.599	16	7.60963	(986, 1083)	(99, 108)	0
16:08:52.620	17	7.59482	(995, 1084)	(100, 108)	0
16:08:52.639	17	7.58533	(1005, 1084)	(101, 108)	0
16:08:52.661	17	7.5323	(1015, 1084)	(102, 108)	0
16:08:52.682	16	7.56015	(1017, 1085)	(102, 109)	0
16:08:52.702	17	7.56089	(1025, 1085)	(103, 109)	0
16:08:52.723	17	7.53718	(1040, 1085)	(104, 109)	0
16:08:52.744	17	7.51007	(1048, 1085)	(105, 109)	0
16:08:52.765	17	7.49408	(1055, 1086)	(106, 109)	0
16:08:52.786	16	7.54459	(1065, 1086)	(107, 109)	0
16:08:52.807	17	7.54682	(1075, 1086)	(108, 109)	0
16:08:52.827	17	7.52415	(1085, 1086)	(109, 109)	0
16:08:52.848	16	7.48815	(1096, 1086)	(110, 109)	0
16:08:52.869	16	7.51763	(1105, 1086)	(111, 109)	0
16:08:52.889	18	7.51304	(1115, 1086)	(112, 109)	0
16:08:52.911	18	7.51082	(1126, 1086)	(113, 109)	0
16:08:52.932	21	7.50296	(1135, 1086)	(114, 109)	0
16:08:52.960	21	7.51689	(1146, 1086)	(115, 109)	0
16:08:52.987	21	7.52874	(1155, 1086)	(116, 109)	0
16:08:53.016	20	7.516	(1166, 1086)	(117, 109)	0
16:08:53.043	16	7.52756	(1175, 1086)	(118, 109)	0
16:08:53.063	17	7.52978	(1185, 1085)	(119, 109)	0
16:08:53.084	18	7.51837	(1188, 1084)	(119, 108)	0
16:08:53.106	17	7.52282	(1195, 1084)	(120, 108)	0
16:08:53.127	17	7.50681	(1205, 1082)	(121, 108)	0
16:08:53.147	18	7.58356	(1215, 1081)	(122, 108)	0
16:08:53.168	18	7.55437	(1225, 1081)	(123, 108)	0
16:08:53.189	18	7.55585	(1235, 1081)	(124, 108)	0
16:08:53.210	17	7.55393	(1245, 1080)	(125, 108)	0
16:08:53.230	19	7.5203	(1255, 1080)	(126, 108)	0
16:08:53.252	18	7.55807	(1265, 1079)	(127, 108)	0
16:08:53.273	17	7.55793	(1275, 1078)	(128, 108)	0
16:08:53.294	17	7.54607	(1286, 1077)	(129, 108)	0
16:08:53.314	18	7.55304	(1295, 1077)	(130, 108)	0
16:08:53.335	17	7.6277	(1305, 1077)	(131, 108)	0
16:08:53.355	18	7.61081	(1315, 1077)	(132, 108)	0
16:08:53.377	16	7.63704	(1325, 1077)	(133, 108)	0
16:08:53.397	18	7.60622	(1335, 1077)	(134, 108)	0
16:08:53.419	18	7.66163	(1345, 1077)	(135, 108)	0
16:08:53.440	18	7.70785	(1355, 1077)	(136, 108)	0
16:08:53.461	16	7.70963	(1365, 1079)	(137, 108)	0
16:08:53.480	17	7.70089	(1375, 1080)	(138, 108)	0
16:08:53.501	17	7.7677	(1385, 1081)	(139, 108)	0
16:08:53.522	18	7.78444	(1395, 1081)	(140, 108)	0
16:08:53.544	18	7.7763	(1405, 1083)	(141, 108)	0
16:08:53.565	19	7.8243	(1416, 1084)	(142, 108)	0
16:08:53.593	19	7.85096	(1418, 1085)	(142, 109)	0
16:08:53.620	20	7.86993	(1425, 1085)	(143, 109)	0
16:08:53.648	22	7.90474	(1437, 1088)	(144, 109)	0
16:08:53.676	19	7.91289	(1445, 1088)	(145, 109)	0
16:08:53.703	20	7.91837	(1455, 1089)	(146, 109)	0
16:08:53.731	21	8.01304	(1465, 1090)	(147, 109)	0
16:08:53.759	19	8.03407	(1476, 1091)	(148, 109)	0
16:08:53.787	20	8.12267	(1485, 1092)	(149, 109)	0
16:08:53.815	19	8.07259	(1495, 1093)	(150, 109)	0
16:08:53.843	20	8.14756	(1505, 1093)	(151, 109)	0
16:08:53.871	21	8.15689	(1515, 1093)	(152, 109)	0
16:08:53.900	19	8.1957	(1525, 1093)	(153, 109)	0
16:08:53.926	20	8.19867	(1535, 1094)	(154, 109)	0
16:08:53.954	21	8.24415	(1545, 1094)	(155, 109)	0
16:08:53.982	19	8.24874	(1555, 1094)	(156, 109)	0
16:08:54.009	20	8.29985	(1565, 1094)	(157, 109)	0
16:08:54.037	21	8.24696	(1566, 1095)	(157, 110)	0
16:08:54.065	18	8.25067	(1575, 1095)	(158, 110)	0
16:08:54.087	18	8.24978	(1585, 1095)	(159, 110)	0
16:08:54.107	18	8.26963	(1596, 1096)	(160, 110)	0
16:08:54.128	17	8.25407	(1605, 1096)	(161, 110)	0
16:08:54.148	18	8.22059	(1615, 1096)	(162, 110)	0
16:08:54.169	18	8.28252	(1625, 1097)	(163, 110)	0
16:08:54.190	19	8.29348	(1635, 1097)	(164, 110)	0
16:08:54.211	18	8.27437	(1645, 1097)	(165, 110)	0
16:08:54.232	17	8.18963	(1655, 1098)	(166, 110)	0
16:08:54.252	19	8.17259	(1665, 1098)	(167, 110)	0
16:08:54.274	17	8.19215	(1675, 1099)	(168, 110)	0
16:08:54.294	18	8.16563	(1685, 1099)	(169, 110)	0
16:08:54.315	18	8.08148	(1695, 1100)	(170, 110)	0
16:08:54.336	18	8.10207	(1705, 1100)	(171, 110)	0
16:08:54.357	22	8.06785	(1715, 1101)	(172, 110)	0
16:08:54.386	22	8.04459	(1725, 1101)	(173, 110)	0
16:08:54.413	23	7.97022	(1735, 1103)	(174, 110)	0
16:08:54.443	23	7.88015	(1748, 1104)	(175, 110)	0
16:08:54.476	22	7.93422	(1753, 1105)	(175, 111)	0
16:08:54.506	19	7.86089	(1755, 1105)	(176, 111)	0
16:08:54.531	18	7.85659	(1765, 1106)	(177, 111)	0
16:08:54.551	19	7.84222	(1775, 1107)	(178, 111)	0
16:08:54.572	19	7.76563	(1785, 1108)	(179, 111)	0
16:08:54.593	18	7.72415	(1798, 1109)	(180, 111)	0
16:08:54.614	18	7.65926	(1806, 1111)	(181, 111)	0
16:08:54.635	17	7.62919	(1815, 1112)	(182, 111)	0
16:08:54.655	18	7.60563	(1825, 1112)	(183, 111)	0
16:08:54.676	19	7.5403	(1835, 1113)	(184, 111)	0
16:08:54.698	18	7.43911	(1850, 1114)	(185, 111)	0
16:08:54.719	16	7.38963	(1855, 1114)	(186, 111)	0
16:08:54.739	18	7.41526	(1858, 1115)	(186, 112)	0
16:08:54.760	18	7.37259	(1865, 1116)	(187, 112)	0
16:08:54.781	18	7.33067	(1877, 1117)	(188, 112)	0
16:08:54.802	16	7.25393	(1885, 1118)	(189, 112)	0
16:08:54.822	19	7.20193	(1895, 1120)	(190, 112)	0
16:08:54.844	18	7.17881	(1905, 1121)	(191, 112)	0
16:08:54.865	16	6.2003	(0, 0)	(0, 0)	0
EOM

