BOM
Frame extends: 2263, 1306
_ms_area: 10
measurements taken: 585
current rendering method: 1
is mouse replay: 1
Camera settings: Roation Quaternion: ( -0.990111, 0.0250671, -0.110386, -0.0828551), Translationsvektor: ( 0, 0, 1.625).
System_Time	Elapsed_Time_PaintGL	Elapsed_Kernel_Time	Frame_Coordinates	Grid_Position	Manual_Measurement
16:08:11.379	19	3.11615	(318, 226)	(32, 23)	0
16:08:11.403	18	3.16193	(325, 225)	(33, 23)	0
16:08:11.423	23	3.1603	(335, 225)	(34, 23)	0
16:08:11.451	19	3.232	(345, 225)	(35, 23)	0
16:08:11.478	23	3.29526	(357, 225)	(36, 23)	0
16:08:11.507	29	3.28548	(372, 225)	(37, 23)	0
16:08:11.542	22	3.29245	(375, 225)	(38, 23)	0
16:08:11.569	20	3.47807	(385, 225)	(39, 23)	0
16:08:11.596	20	3.392	(395, 225)	(40, 23)	0
16:08:11.617	20	3.42726	(405, 225)	(41, 23)	0
16:08:11.639	21	3.39733	(415, 225)	(42, 23)	0
16:08:11.668	19	3.46474	(425, 225)	(43, 23)	0
16:08:11.696	20	3.55141	(435, 226)	(44, 23)	0
16:08:11.724	20	3.6683	(445, 226)	(45, 23)	0
16:08:11.751	20	3.52074	(455, 226)	(46, 23)	0
16:08:11.778	19	3.64	(465, 227)	(47, 23)	0
16:08:11.806	19	3.67141	(475, 227)	(48, 23)	0
16:08:11.834	21	3.6523	(485, 228)	(49, 23)	0
16:08:11.864	18	3.70978	(495, 228)	(50, 23)	0
16:08:11.890	20	3.79037	(505, 229)	(51, 23)	0
16:08:11.921	20	3.86993	(515, 229)	(52, 23)	0
16:08:11.944	18	4.01274	(525, 229)	(53, 23)	0
16:08:11.966	18	4.03126	(535, 229)	(54, 23)	0
16:08:11.987	18	4.08252	(545, 229)	(55, 23)	0
16:08:12.007	17	4.14578	(555, 229)	(56, 23)	0
16:08:12.028	18	4.22207	(565, 229)	(57, 23)	0
16:08:12.048	18	4.31259	(575, 229)	(58, 23)	0
16:08:12.069	19	4.30652	(585, 229)	(59, 23)	0
16:08:12.090	18	4.36133	(596, 229)	(60, 23)	0
16:08:12.110	20	4.42444	(605, 230)	(61, 23)	0
16:08:12.132	18	4.4637	(615, 230)	(62, 23)	0
16:08:12.154	18	4.45126	(626, 230)	(63, 23)	0
16:08:12.174	18	4.50622	(635, 230)	(64, 23)	0
16:08:12.194	19	4.5	(645, 230)	(65, 23)	0
16:08:12.215	19	4.54904	(655, 230)	(66, 23)	0
16:08:12.236	19	4.58282	(665, 230)	(67, 23)	0
16:08:12.257	18	4.59363	(680, 230)	(68, 23)	0
16:08:12.278	18	4.60089	(685, 230)	(69, 23)	0
16:08:12.299	18	4.62711	(695, 230)	(70, 23)	0
16:08:12.320	19	4.65407	(705, 230)	(71, 23)	0
16:08:12.341	19	4.66296	(715, 230)	(72, 23)	0
16:08:12.361	19	4.65541	(725, 230)	(73, 23)	0
16:08:12.382	19	4.65229	(735, 230)	(74, 23)	0
16:08:12.403	19	4.68593	(749, 230)	(75, 23)	0
16:08:12.424	18	4.66815	(756, 230)	(76, 23)	0
16:08:12.445	18	4.69956	(766, 230)	(77, 23)	0
16:08:12.466	18	4.71541	(775, 230)	(78, 23)	0
16:08:12.486	19	4.70889	(785, 230)	(79, 23)	0
16:08:12.507	19	4.70993	(796, 229)	(80, 23)	0
16:08:12.528	19	4.7	(805, 229)	(81, 23)	0
16:08:12.549	19	4.73496	(815, 229)	(82, 23)	0
16:08:12.570	19	4.71778	(825, 228)	(83, 23)	0
16:08:12.591	19	4.70859	(835, 228)	(84, 23)	0
16:08:12.612	19	4.72341	(845, 228)	(85, 23)	0
16:08:12.632	20	4.708	(855, 228)	(86, 23)	0
16:08:12.654	18	4.75392	(865, 228)	(87, 23)	0
16:08:12.675	19	4.79511	(875, 228)	(88, 23)	0
16:08:12.701	21	4.8477	(885, 228)	(89, 23)	0
16:08:12.723	18	4.85022	(895, 228)	(90, 23)	0
16:08:12.745	19	4.8403	(905, 228)	(91, 23)	0
16:08:12.772	18	4.90133	(915, 228)	(92, 23)	0
16:08:12.792	20	4.91067	(925, 228)	(93, 23)	0
16:08:12.813	20	4.91245	(935, 228)	(94, 23)	0
16:08:12.834	19	4.91259	(945, 227)	(95, 23)	0
16:08:12.855	19	4.9557	(957, 227)	(96, 23)	0
16:08:12.876	18	4.96904	(966, 227)	(97, 23)	0
16:08:12.896	19	4.92207	(975, 227)	(98, 23)	0
16:08:12.917	19	4.93096	(985, 227)	(99, 23)	0
16:08:12.938	19	4.936	(995, 227)	(100, 23)	0
16:08:12.959	19	4.95496	(1005, 227)	(101, 23)	0
16:08:12.979	19	4.94148	(1015, 226)	(102, 23)	0
16:08:13.000	31	4.91215	(1025, 226)	(103, 23)	0
16:08:13.036	19	4.95718	(1035, 226)	(104, 23)	0
16:08:13.057	19	4.93941	(1045, 225)	(105, 23)	0
16:08:13.077	19	4.90074	(1055, 225)	(106, 23)	0
16:08:13.098	19	4.90681	(1065, 225)	(107, 23)	0
16:08:13.119	19	4.90918	(1071, 224)	(107, 22)	0
16:08:13.140	20	4.89081	(1075, 224)	(108, 22)	0
16:08:13.167	19	4.90193	(1085, 224)	(109, 22)	0
16:08:13.188	20	4.88844	(1095, 224)	(110, 22)	0
16:08:13.210	19	4.86415	(1105, 224)	(111, 22)	0
16:08:13.231	18	4.84311	(1115, 224)	(112, 22)	0
16:08:13.251	20	4.82622	(1125, 224)	(113, 22)	0
16:08:13.272	19	4.84074	(1135, 224)	(114, 22)	0
16:08:13.293	18	4.80281	(1146, 223)	(115, 22)	0
16:08:13.313	19	4.79941	(1155, 223)	(116, 22)	0
16:08:13.334	19	4.84074	(1165, 223)	(117, 22)	0
16:08:13.355	19	4.7883	(1175, 223)	(118, 22)	0
16:08:13.376	18	4.796	(1185, 223)	(119, 22)	0
16:08:13.397	19	4.81659	(1195, 223)	(120, 22)	0
16:08:13.418	30	4.78548	(1205, 223)	(121, 22)	0
16:08:13.453	19	4.77852	(1215, 223)	(122, 22)	0
16:08:13.473	19	4.73319	(1225, 223)	(123, 22)	0
16:08:13.494	18	4.75881	(1235, 223)	(124, 22)	0
16:08:13.515	18	4.75126	(1245, 223)	(125, 22)	0
16:08:13.536	19	4.72282	(1255, 223)	(126, 22)	0
16:08:13.557	19	4.72148	(1265, 224)	(127, 22)	0
16:08:13.577	19	4.70045	(1275, 224)	(128, 22)	0
16:08:13.598	20	4.73452	(1282, 225)	(128, 23)	0
16:08:13.620	19	4.72133	(1285, 225)	(129, 23)	0
16:08:13.641	19	4.7443	(1295, 226)	(130, 23)	0
16:08:13.662	18	4.7083	(1305, 226)	(131, 23)	0
16:08:13.682	19	4.70282	(1316, 228)	(132, 23)	0
16:08:13.703	18	4.71393	(1326, 228)	(133, 23)	0
16:08:13.724	19	4.6957	(1335, 228)	(134, 23)	0
16:08:13.745	19	4.68785	(1345, 229)	(135, 23)	0
16:08:13.765	19	4.64948	(1355, 230)	(136, 23)	0
16:08:13.786	18	4.66741	(1366, 230)	(137, 23)	0
16:08:13.807	18	4.65037	(1375, 230)	(138, 23)	0
16:08:13.828	18	4.64163	(1386, 231)	(139, 23)	0
16:08:13.848	20	4.55422	(1395, 231)	(140, 23)	0
16:08:13.870	17	4.56474	(1405, 232)	(141, 23)	0
16:08:13.890	18	4.52089	(1415, 232)	(142, 23)	0
16:08:13.911	18	4.46356	(1425, 232)	(143, 23)	0
16:08:13.932	18	4.46222	(1435, 233)	(144, 23)	0
16:08:13.953	18	4.46607	(1445, 234)	(145, 23)	0
16:08:13.974	19	4.35467	(1455, 234)	(146, 23)	0
16:08:13.995	19	4.32296	(1465, 234)	(147, 23)	0
16:08:14.016	18	4.33674	(1478, 234)	(148, 23)	0
16:08:14.036	18	4.28533	(1485, 234)	(149, 23)	0
16:08:14.057	18	4.31141	(1488, 235)	(149, 24)	0
16:08:14.079	18	4.29733	(1495, 235)	(150, 24)	0
16:08:14.099	19	4.26889	(1506, 235)	(151, 24)	0
16:08:14.120	18	4.29111	(1516, 235)	(152, 24)	0
16:08:14.140	19	4.26889	(1526, 236)	(153, 24)	0
16:08:14.161	20	4.27259	(1535, 236)	(154, 24)	0
16:08:14.183	18	4.28059	(1546, 236)	(155, 24)	0
16:08:14.204	18	4.29304	(1556, 237)	(156, 24)	0
16:08:14.224	18	4.31941	(1565, 237)	(157, 24)	0
16:08:14.245	18	4.35215	(1575, 238)	(158, 24)	0
16:08:14.266	18	4.38119	(1585, 238)	(159, 24)	0
16:08:14.286	19	4.37911	(1595, 239)	(160, 24)	0
16:08:14.307	23	4.39319	(1605, 239)	(161, 24)	0
16:08:14.336	23	4.38267	(1615, 240)	(162, 24)	0
16:08:14.365	21	4.32696	(1625, 240)	(163, 24)	0
16:08:14.392	19	4.37763	(1636, 241)	(164, 24)	0
16:08:14.413	19	4.37289	(1645, 242)	(165, 24)	0
16:08:14.440	20	4.40148	(1655, 242)	(166, 24)	0
16:08:14.468	20	4.38993	(1666, 243)	(167, 24)	0
16:08:14.495	20	4.35452	(1676, 244)	(168, 24)	0
16:08:14.517	19	4.37674	(1677, 245)	(168, 25)	0
16:08:14.544	20	4.3637	(1686, 245)	(169, 25)	0
16:08:14.572	20	4.33422	(1696, 246)	(170, 25)	0
16:08:14.600	18	4.31289	(1705, 246)	(171, 25)	0
16:08:14.620	19	4.28489	(1715, 248)	(172, 25)	0
16:08:14.641	20	4.25882	(1726, 249)	(173, 25)	0
16:08:14.662	19	4.2717	(1735, 250)	(174, 25)	0
16:08:14.683	19	4.24622	(1745, 251)	(175, 25)	0
16:08:14.704	19	4.19082	(1755, 253)	(176, 25)	0
16:08:14.725	19	4.19704	(1765, 254)	(177, 25)	0
16:08:14.746	18	4.19615	(1768, 255)	(177, 26)	0
16:08:14.767	19	4.15304	(1775, 256)	(178, 26)	0
16:08:14.794	18	4.17245	(1785, 258)	(179, 26)	0
16:08:14.815	18	4.144	(1795, 260)	(180, 26)	0
16:08:14.836	18	4.11126	(1805, 262)	(181, 26)	0
16:08:14.856	19	4.07926	(1815, 264)	(182, 26)	0
16:08:14.877	20	4.07896	(1817, 265)	(182, 27)	0
16:08:14.899	18	4.10815	(1825, 267)	(183, 27)	0
16:08:14.920	18	4.08504	(1838, 271)	(184, 27)	0
16:08:14.941	18	4.05333	(1845, 273)	(185, 27)	0
16:08:14.961	18	4.0603	(1849, 275)	(185, 28)	0
16:08:14.982	19	4.068	(1858, 278)	(186, 28)	0
16:08:15.003	18	4.09274	(1865, 280)	(187, 28)	0
16:08:15.024	18	4.09244	(1874, 285)	(187, 29)	0
16:08:15.044	19	4.05437	(1875, 285)	(188, 29)	0
16:08:15.065	19	4.04844	(1885, 289)	(189, 29)	0
16:08:15.086	18	4.05318	(1895, 294)	(190, 29)	0
16:08:15.107	18	4.05911	(1895, 295)	(190, 30)	0
16:08:15.128	18	4.0723	(1905, 299)	(191, 30)	0
16:08:15.149	18	4.10415	(1912, 305)	(191, 31)	0
16:08:15.170	18	4.08993	(1915, 307)	(192, 31)	0
16:08:15.190	19	4.06548	(1925, 314)	(193, 31)	0
16:08:15.211	19	4.06519	(1926, 315)	(193, 32)	0
16:08:15.233	18	4.11304	(1935, 322)	(194, 32)	0
16:08:15.253	18	4.09452	(1937, 325)	(194, 33)	0
16:08:15.274	18	4.09985	(1945, 333)	(195, 33)	0
16:08:15.295	18	4.11259	(1947, 335)	(195, 34)	0
16:08:15.315	19	4.06726	(1955, 344)	(196, 34)	0
16:08:15.336	18	4.07245	(1955, 345)	(196, 35)	0
16:08:15.357	19	4.1077	(1963, 355)	(196, 36)	0
16:08:15.379	18	4.12296	(1965, 358)	(197, 36)	0
16:08:15.400	18	4.13644	(1968, 365)	(197, 37)	0
16:08:15.420	18	4.10785	(1973, 375)	(197, 38)	0
16:08:15.442	18	4.09704	(1975, 379)	(198, 38)	0
16:08:15.462	18	4.15052	(1976, 385)	(198, 39)	0
16:08:15.482	19	4.14015	(1980, 395)	(198, 40)	0
16:08:15.504	18	4.19615	(1982, 405)	(198, 41)	0
16:08:15.524	18	4.26622	(1984, 415)	(198, 42)	0
16:08:15.545	18	4.2523	(1985, 417)	(199, 42)	0
16:08:15.565	19	4.26533	(1985, 425)	(199, 43)	0
16:08:15.587	19	4.27911	(1987, 435)	(199, 44)	0
16:08:15.608	25	4.2917	(1988, 445)	(199, 45)	0
16:08:15.636	18	4.28015	(1989, 455)	(199, 46)	0
16:08:15.656	18	4.30489	(1989, 465)	(199, 47)	0
16:08:15.677	18	4.33437	(1989, 475)	(199, 48)	0
16:08:15.698	19	4.39393	(1988, 485)	(199, 49)	0
16:08:15.719	18	4.40948	(1985, 495)	(199, 50)	0
16:08:15.740	18	4.44237	(1984, 495)	(198, 50)	0
16:08:15.760	18	4.49007	(1980, 505)	(198, 51)	0
16:08:15.782	18	4.57748	(1972, 516)	(197, 52)	0
16:08:15.802	18	4.72919	(1965, 525)	(197, 53)	0
16:08:15.823	19	4.72489	(1964, 526)	(196, 53)	0
16:08:15.844	19	4.83733	(1954, 534)	(195, 53)	0
16:08:15.865	18	4.8763	(1953, 535)	(195, 54)	0
16:08:15.886	18	4.97896	(1944, 539)	(194, 54)	0
16:08:15.906	20	5.03259	(1937, 545)	(194, 55)	0
16:08:15.928	19	5.04104	(1934, 547)	(193, 55)	0
16:08:15.948	19	5.19052	(1924, 555)	(192, 56)	0
16:08:15.969	19	5.31111	(1914, 561)	(191, 56)	0
16:08:15.990	20	5.40341	(1907, 565)	(191, 57)	0
16:08:16.011	19	5.39422	(1904, 567)	(190, 57)	0
16:08:16.032	20	5.50667	(1894, 572)	(189, 57)	0
16:08:16.060	19	5.55141	(1890, 575)	(189, 58)	0
16:08:16.080	20	5.612	(1884, 577)	(188, 58)	0
16:08:16.101	19	5.6803	(1874, 581)	(187, 58)	0
16:08:16.122	20	5.75511	(1866, 585)	(187, 59)	0
16:08:16.150	19	5.77541	(1864, 585)	(186, 59)	0
16:08:16.170	20	5.8677	(1854, 590)	(185, 59)	0
16:08:16.191	21	5.96281	(1844, 594)	(184, 59)	0
16:08:16.213	21	5.98785	(1843, 595)	(184, 60)	0
16:08:16.241	19	6.06341	(1834, 597)	(183, 60)	0
16:08:16.261	21	6.30311	(1823, 601)	(182, 60)	0
16:08:16.289	21	6.52548	(1810, 606)	(181, 61)	0
16:08:16.317	24	6.59452	(1804, 609)	(180, 61)	0
16:08:16.345	25	6.67704	(1794, 612)	(179, 61)	0
16:08:16.373	25	6.80874	(1787, 615)	(179, 62)	0
16:08:16.400	24	6.81644	(1784, 616)	(178, 62)	0
16:08:16.428	21	6.96133	(1774, 619)	(177, 62)	0
16:08:16.456	21	7.07541	(1764, 622)	(176, 62)	0
16:08:16.483	23	7.11822	(1758, 625)	(176, 63)	0
16:08:16.512	28	7.13674	(1754, 626)	(175, 63)	0
16:08:16.547	26	7.23719	(1744, 628)	(174, 63)	0
16:08:16.581	27	7.27956	(1734, 631)	(173, 63)	0
16:08:16.617	26	7.4437	(1724, 633)	(172, 63)	0
16:08:16.651	28	7.5597	(1715, 635)	(172, 64)	0
16:08:16.686	26	7.64578	(1714, 635)	(171, 64)	0
16:08:16.721	25	7.61007	(1704, 637)	(170, 64)	0
16:08:16.748	27	7.72104	(1694, 638)	(169, 64)	0
16:08:16.783	27	7.82341	(1684, 640)	(168, 64)	0
16:08:16.820	26	7.86904	(1674, 641)	(167, 64)	0
16:08:16.853	24	8.04593	(1664, 642)	(166, 64)	0
16:08:16.880	26	8.07645	(1654, 643)	(165, 64)	0
16:08:16.909	27	8.14059	(1644, 644)	(164, 64)	0
16:08:16.943	28	8.19363	(1633, 644)	(163, 64)	0
16:08:16.978	27	8.25704	(1624, 644)	(162, 64)	0
16:08:17.012	29	8.30578	(1614, 644)	(161, 64)	0
16:08:17.048	27	8.35748	(1604, 644)	(160, 64)	0
16:08:17.083	27	8.42104	(1594, 644)	(159, 64)	0
16:08:17.117	28	8.51437	(1584, 644)	(158, 64)	0
16:08:17.152	27	8.65511	(1574, 644)	(157, 64)	0
16:08:17.186	28	8.52948	(1564, 644)	(156, 64)	0
16:08:17.222	27	8.46919	(1554, 644)	(155, 64)	0
16:08:17.256	26	8.48711	(1548, 645)	(155, 65)	0
16:08:17.283	24	8.49882	(1544, 645)	(154, 65)	0
16:08:17.311	24	8.52622	(1534, 645)	(153, 65)	0
16:08:17.339	24	8.53659	(1524, 646)	(152, 65)	0
16:08:17.367	24	8.53096	(1514, 647)	(151, 65)	0
16:08:17.395	24	8.55007	(1504, 648)	(150, 65)	0
16:08:17.423	27	8.57778	(1494, 649)	(149, 65)	0
16:08:17.458	26	8.46948	(1484, 651)	(148, 65)	0
16:08:17.492	26	8.5043	(1474, 652)	(147, 65)	0
16:08:17.527	25	8.52993	(1464, 652)	(146, 65)	0
16:08:17.561	25	8.48578	(1454, 653)	(145, 65)	0
16:08:17.589	26	8.46015	(1444, 654)	(144, 65)	0
16:08:17.618	25	8.58726	(1434, 654)	(143, 65)	0
16:08:17.644	26	8.53215	(1419, 654)	(142, 65)	0
16:08:17.672	23	8.44222	(1414, 654)	(141, 65)	0
16:08:17.700	22	8.43645	(1404, 654)	(140, 65)	0
16:08:17.727	28	8.372	(1394, 654)	(139, 65)	0
16:08:17.757	28	8.22133	(1384, 654)	(138, 65)	0
16:08:17.792	29	8.15274	(1374, 654)	(137, 65)	0
16:08:17.826	29	7.98785	(1356, 653)	(136, 65)	0
16:08:17.861	27	7.9603	(1354, 653)	(135, 65)	0
16:08:17.895	24	8.00311	(1344, 652)	(134, 65)	0
16:08:17.923	22	7.90207	(1334, 651)	(133, 65)	0
16:08:17.950	22	7.84341	(1323, 651)	(132, 65)	0
16:08:17.978	28	7.75926	(1314, 650)	(131, 65)	0
16:08:18.014	25	7.73333	(1303, 649)	(130, 65)	0
16:08:18.041	27	7.69452	(1294, 648)	(129, 65)	0
16:08:18.076	27	7.62237	(1284, 647)	(128, 65)	0
16:08:18.111	25	7.68222	(1274, 647)	(127, 65)	0
16:08:18.138	27	7.56015	(1264, 646)	(126, 65)	0
16:08:18.174	24	7.56356	(1256, 644)	(126, 64)	0
16:08:18.201	26	7.56844	(1254, 644)	(125, 64)	0
16:08:18.229	26	7.46696	(1244, 643)	(124, 64)	0
16:08:18.257	25	7.41393	(1234, 643)	(123, 64)	0
16:08:18.285	24	7.31052	(1224, 641)	(122, 64)	0
16:08:18.312	22	7.18474	(1214, 641)	(121, 64)	0
16:08:18.339	24	7.05111	(1204, 641)	(120, 64)	0
16:08:18.368	25	6.91319	(1194, 640)	(119, 64)	0
16:08:18.396	25	6.74919	(1184, 639)	(118, 64)	0
16:08:18.424	25	6.71319	(1174, 639)	(117, 64)	0
16:08:18.451	25	6.60785	(1164, 637)	(116, 64)	0
16:08:18.479	26	6.55289	(1154, 637)	(115, 64)	0
16:08:18.507	26	6.61808	(1144, 636)	(114, 64)	0
16:08:18.535	25	6.47704	(1134, 636)	(113, 64)	0
16:08:18.563	24	6.48282	(1124, 635)	(112, 64)	0
16:08:18.591	24	6.40281	(1114, 635)	(111, 64)	0
16:08:18.618	25	6.4717	(1110, 634)	(111, 63)	0
16:08:18.647	24	6.49037	(1104, 634)	(110, 63)	0
16:08:18.674	24	6.51644	(1093, 633)	(109, 63)	0
16:08:18.702	24	6.38919	(1084, 632)	(108, 63)	0
16:08:18.729	21	6.41126	(1074, 632)	(107, 63)	0
16:08:18.757	21	6.40578	(1064, 631)	(106, 63)	0
16:08:18.786	27	6.39837	(1051, 631)	(105, 63)	0
16:08:18.820	28	6.48815	(1032, 629)	(103, 63)	0
16:08:18.855	28	6.50059	(1024, 629)	(102, 63)	0
16:08:18.890	30	6.54444	(1014, 629)	(101, 63)	0
16:08:18.926	24	6.66474	(1004, 628)	(100, 63)	0
16:08:18.959	22	6.79807	(994, 627)	(99, 63)	0
16:08:18.987	22	6.89007	(984, 627)	(98, 63)	0
16:08:19.014	23	6.92993	(974, 627)	(97, 63)	0
16:08:19.043	22	6.91541	(964, 626)	(96, 63)	0
16:08:19.070	24	6.93541	(954, 626)	(95, 63)	0
16:08:19.098	24	7.01304	(944, 626)	(94, 63)	0
16:08:19.126	25	7.15985	(934, 625)	(93, 63)	0
16:08:19.154	23	7.12	(927, 624)	(93, 62)	0
16:08:19.181	21	7.1923	(924, 624)	(92, 62)	0
16:08:19.209	21	7.34296	(914, 623)	(91, 62)	0
16:08:19.236	22	7.5163	(904, 622)	(90, 62)	0
16:08:19.264	22	7.64104	(894, 621)	(89, 62)	0
16:08:19.293	27	7.78726	(884, 620)	(88, 62)	0
16:08:19.328	27	7.87304	(873, 619)	(87, 62)	0
16:08:19.362	22	7.9677	(864, 619)	(86, 62)	0
16:08:19.389	21	7.91748	(854, 619)	(85, 62)	0
16:08:19.417	23	8.01985	(843, 618)	(84, 62)	0
16:08:19.446	27	8.05141	(834, 618)	(83, 62)	0
16:08:19.481	26	8.21156	(823, 617)	(82, 62)	0
16:08:19.515	27	8.4123	(814, 617)	(81, 62)	0
16:08:19.550	24	8.42059	(804, 617)	(80, 62)	0
16:08:19.578	22	8.50237	(794, 617)	(79, 62)	0
16:08:19.605	23	8.60459	(784, 616)	(78, 62)	0
16:08:19.633	29	8.64978	(772, 616)	(77, 62)	0
16:08:19.668	29	8.63052	(764, 615)	(76, 62)	0
16:08:19.704	26	8.73541	(754, 615)	(75, 62)	0
16:08:19.738	27	8.7803	(744, 615)	(74, 62)	0
16:08:19.773	27	8.65585	(734, 615)	(73, 62)	0
16:08:19.807	28	8.5163	(724, 615)	(72, 62)	0
16:08:19.842	27	8.56726	(714, 615)	(71, 62)	0
16:08:19.877	26	8.48459	(704, 615)	(70, 62)	0
16:08:19.912	28	8.40963	(694, 615)	(69, 62)	0
16:08:19.947	26	8.42815	(684, 615)	(68, 62)	0
16:08:19.981	24	8.37615	(674, 615)	(67, 62)	0
16:08:20.008	24	8.29585	(664, 616)	(66, 62)	0
16:08:20.036	23	8.2437	(654, 617)	(65, 62)	0
16:08:20.064	23	8.12178	(644, 618)	(64, 62)	0
16:08:20.092	25	8.08785	(634, 618)	(63, 62)	0
16:08:20.120	27	8.03585	(624, 619)	(62, 62)	0
16:08:20.155	28	7.88785	(614, 619)	(61, 62)	0
16:08:20.190	23	7.7837	(604, 621)	(60, 62)	0
16:08:20.217	22	7.71215	(594, 621)	(59, 62)	0
16:08:20.245	23	7.62652	(584, 622)	(58, 62)	0
16:08:20.273	22	7.51941	(574, 624)	(57, 62)	0
16:08:20.301	22	7.47259	(566, 625)	(57, 63)	0
16:08:20.328	23	7.37615	(564, 625)	(56, 63)	0
16:08:20.356	23	7.30059	(554, 625)	(55, 63)	0
16:08:20.384	21	7.20815	(544, 626)	(54, 63)	0
16:08:20.411	23	7.13126	(534, 628)	(53, 63)	0
16:08:20.440	33	6.95481	(524, 629)	(52, 63)	0
16:08:20.482	27	6.86133	(514, 631)	(51, 63)	0
16:08:20.516	26	6.70059	(504, 633)	(50, 63)	0
16:08:20.551	25	6.7157	(494, 634)	(49, 63)	0
16:08:20.579	25	6.62726	(493, 635)	(49, 64)	0
16:08:20.607	26	6.50178	(484, 637)	(48, 64)	0
16:08:20.642	25	6.37926	(467, 641)	(47, 64)	0
16:08:20.669	26	6.27022	(464, 642)	(46, 64)	0
16:08:20.704	26	6.24222	(458, 645)	(46, 65)	0
16:08:20.739	26	6.21778	(454, 646)	(45, 65)	0
16:08:20.774	26	5.97363	(444, 650)	(44, 65)	0
16:08:20.809	22	5.7157	(434, 654)	(43, 65)	0
16:08:20.836	20	5.74296	(432, 655)	(43, 66)	0
16:08:20.863	20	5.54504	(424, 658)	(42, 66)	0
16:08:20.884	20	5.37067	(414, 662)	(41, 66)	0
16:08:20.905	19	5.27437	(409, 665)	(41, 67)	0
16:08:20.926	20	5.21096	(404, 667)	(40, 67)	0
16:08:20.955	24	4.99393	(394, 671)	(39, 67)	0
16:08:20.982	24	4.89333	(387, 675)	(39, 68)	0
16:08:21.010	19	4.88474	(384, 676)	(38, 68)	0
16:08:21.037	20	4.78756	(374, 680)	(37, 68)	0
16:08:21.065	18	4.75556	(367, 685)	(37, 69)	0
16:08:21.085	19	4.72607	(364, 687)	(36, 69)	0
16:08:21.106	19	4.63319	(356, 695)	(36, 70)	0
16:08:21.127	19	4.60267	(354, 695)	(35, 70)	0
16:08:21.149	18	4.4677	(344, 704)	(34, 70)	0
16:08:21.169	19	4.484	(344, 705)	(34, 71)	0
16:08:21.192	18	4.45126	(337, 715)	(34, 72)	0
16:08:21.218	18	4.34222	(335, 725)	(34, 73)	0
16:08:21.239	18	4.36607	(334, 727)	(33, 73)	0
16:08:21.259	19	4.34919	(331, 735)	(33, 74)	0
16:08:21.280	19	4.32874	(329, 746)	(33, 75)	0
16:08:21.301	18	4.33304	(329, 755)	(33, 76)	0
16:08:21.322	20	4.3517	(329, 765)	(33, 77)	0
16:08:21.351	21	4.37155	(329, 775)	(33, 78)	0
16:08:21.378	24	4.36178	(329, 785)	(33, 79)	0
16:08:21.406	23	4.42252	(329, 795)	(33, 80)	0
16:08:21.434	23	4.4923	(329, 805)	(33, 81)	0
16:08:21.462	23	4.43022	(329, 833)	(33, 83)	0
16:08:21.489	27	4.45244	(329, 836)	(33, 84)	0
16:08:21.524	23	4.6037	(329, 845)	(33, 85)	0
16:08:21.552	23	4.65067	(329, 855)	(33, 86)	0
16:08:21.580	24	4.64889	(330, 865)	(33, 87)	0
16:08:21.608	24	4.8037	(332, 875)	(33, 88)	0
16:08:21.636	23	5.11467	(335, 883)	(34, 88)	0
16:08:21.664	23	4.97526	(335, 885)	(34, 89)	0
16:08:21.691	24	5.13215	(338, 895)	(34, 90)	0
16:08:21.719	20	5.35881	(341, 905)	(34, 91)	0
16:08:21.746	20	5.43733	(345, 914)	(35, 91)	0
16:08:21.774	20	5.44681	(346, 915)	(35, 92)	0
16:08:21.802	21	5.5523	(350, 925)	(35, 93)	0
16:08:21.830	21	5.63096	(355, 931)	(36, 93)	0
16:08:21.858	20	5.6723	(357, 935)	(36, 94)	0
16:08:21.886	20	5.83007	(364, 945)	(36, 95)	0
16:08:21.913	21	5.828	(365, 945)	(37, 95)	0
16:08:21.941	21	5.95244	(373, 955)	(37, 96)	0
16:08:21.969	20	5.98859	(375, 956)	(38, 96)	0
16:08:21.996	22	6.10356	(384, 965)	(38, 97)	0
16:08:22.025	27	6.08222	(385, 966)	(39, 97)	0
16:08:22.060	21	6.27733	(395, 975)	(40, 98)	0
16:08:22.087	20	6.37156	(405, 982)	(41, 98)	0
16:08:22.115	20	6.47452	(411, 987)	(41, 99)	0
16:08:22.142	20	6.50119	(415, 989)	(42, 99)	0
16:08:22.163	20	6.66726	(423, 995)	(42, 100)	0
16:08:22.184	20	6.67733	(425, 996)	(43, 100)	0
16:08:22.211	23	6.80519	(435, 1001)	(44, 100)	0
16:08:22.241	25	7.04015	(441, 1005)	(44, 101)	0
16:08:22.269	26	6.9563	(446, 1007)	(45, 101)	0
16:08:22.303	21	7.13956	(455, 1012)	(46, 101)	0
16:08:22.330	22	7.22637	(461, 1015)	(46, 102)	0
16:08:22.359	21	7.34252	(465, 1017)	(47, 102)	0
16:08:22.386	21	7.49378	(475, 1022)	(48, 102)	0
16:08:22.414	21	7.62	(481, 1025)	(48, 103)	0
16:08:22.442	27	7.62104	(485, 1026)	(49, 103)	0
16:08:22.477	26	7.74	(495, 1030)	(50, 103)	0
16:08:22.511	23	7.94919	(505, 1034)	(51, 103)	0
16:08:22.539	23	7.98859	(506, 1035)	(51, 104)	0
16:08:22.567	22	8.07867	(515, 1037)	(52, 104)	0
16:08:22.594	22	8.19674	(525, 1040)	(53, 104)	0
16:08:22.622	24	8.29378	(540, 1043)	(54, 104)	0
16:08:22.650	24	8.25659	(545, 1044)	(55, 104)	0
16:08:22.678	23	8.28015	(549, 1045)	(55, 105)	0
16:08:22.706	23	8.29881	(555, 1046)	(56, 105)	0
16:08:22.733	24	8.36607	(577, 1050)	(58, 105)	0
16:08:22.761	23	8.41541	(585, 1052)	(59, 105)	0
16:08:22.789	37	8.47526	(595, 1053)	(60, 105)	0
16:08:22.831	25	8.51867	(605, 1054)	(61, 105)	0
16:08:22.859	25	8.49763	(608, 1055)	(61, 106)	0
16:08:22.887	25	8.54252	(615, 1056)	(62, 106)	0
16:08:22.915	25	8.62504	(625, 1057)	(63, 106)	0
16:08:22.949	24	8.64193	(635, 1058)	(64, 106)	0
16:08:22.976	25	8.64044	(645, 1059)	(65, 106)	0
16:08:23.005	25	8.71733	(655, 1060)	(66, 106)	0
16:08:23.032	25	8.76	(665, 1061)	(67, 106)	0
16:08:23.060	25	8.76726	(675, 1061)	(68, 106)	0
16:08:23.090	25	8.76889	(685, 1063)	(69, 106)	0
16:08:23.123	25	8.82148	(695, 1063)	(70, 106)	0
16:08:23.151	25	8.84311	(705, 1064)	(71, 106)	0
16:08:23.179	25	8.88415	(715, 1064)	(72, 106)	0
16:08:23.206	25	8.89482	(719, 1065)	(72, 107)	0
16:08:23.234	25	8.85526	(725, 1065)	(73, 107)	0
16:08:23.262	25	8.88341	(735, 1066)	(74, 107)	0
16:08:23.289	26	8.86993	(745, 1066)	(75, 107)	0
16:08:23.318	25	8.848	(755, 1066)	(76, 107)	0
16:08:23.346	25	8.8483	(765, 1066)	(77, 107)	0
16:08:23.374	24	8.85348	(775, 1067)	(78, 107)	0
16:08:23.401	25	8.8723	(785, 1067)	(79, 107)	0
16:08:23.429	25	8.83526	(795, 1068)	(80, 107)	0
16:08:23.457	24	8.79007	(805, 1069)	(81, 107)	0
16:08:23.484	25	8.77378	(815, 1070)	(82, 107)	0
16:08:23.512	25	8.71437	(825, 1071)	(83, 107)	0
16:08:23.540	25	8.71022	(835, 1072)	(84, 107)	0
16:08:23.568	26	8.78133	(845, 1073)	(85, 107)	0
16:08:23.595	25	8.64059	(856, 1074)	(86, 107)	0
16:08:23.624	23	8.59363	(862, 1075)	(86, 108)	0
16:08:23.651	25	8.59748	(865, 1075)	(87, 108)	0
16:08:23.679	25	8.57052	(875, 1075)	(88, 108)	0
16:08:23.708	24	8.488	(885, 1076)	(89, 108)	0
16:08:23.735	24	8.46948	(895, 1077)	(90, 108)	0
16:08:23.763	24	8.39911	(905, 1078)	(91, 108)	0
16:08:23.791	24	8.38	(915, 1078)	(92, 108)	0
16:08:23.818	24	8.24356	(925, 1079)	(93, 108)	0
16:08:23.846	24	8.23185	(935, 1080)	(94, 108)	0
16:08:23.874	24	8.13244	(945, 1081)	(95, 108)	0
16:08:23.902	24	8.0117	(955, 1082)	(96, 108)	0
16:08:23.929	23	7.94519	(965, 1082)	(97, 108)	0
16:08:23.957	21	7.87985	(975, 1083)	(98, 108)	0
16:08:23.985	23	7.73733	(986, 1083)	(99, 108)	0
16:08:24.013	27	7.59556	(995, 1084)	(100, 108)	0
16:08:24.048	26	7.54593	(1005, 1084)	(101, 108)	0
16:08:24.083	26	7.50859	(1015, 1084)	(102, 108)	0
16:08:24.118	23	7.43363	(1017, 1085)	(102, 109)	0
16:08:24.144	23	7.40222	(1025, 1085)	(103, 109)	0
16:08:24.173	23	7.30874	(1040, 1085)	(104, 109)	0
16:08:24.200	23	7.22089	(1048, 1085)	(105, 109)	0
16:08:24.228	22	7.14859	(1055, 1086)	(106, 109)	0
16:08:24.256	22	7.12904	(1065, 1086)	(107, 109)	0
16:08:24.283	24	7.09319	(1075, 1086)	(108, 109)	0
16:08:24.312	21	7.05926	(1085, 1086)	(109, 109)	0
16:08:24.339	22	7.07141	(1096, 1086)	(110, 109)	0
16:08:24.367	23	7.08193	(1105, 1086)	(111, 109)	0
16:08:24.395	22	7.08252	(1115, 1086)	(112, 109)	0
16:08:24.422	22	7.09822	(1126, 1086)	(113, 109)	0
16:08:24.451	23	7.07467	(1135, 1086)	(114, 109)	0
16:08:24.479	22	7.12681	(1146, 1086)	(115, 109)	0
16:08:24.506	23	7.20148	(1155, 1086)	(116, 109)	0
16:08:24.534	23	7.29496	(1166, 1086)	(117, 109)	0
16:08:24.562	23	7.39882	(1175, 1086)	(118, 109)	0
16:08:24.589	29	7.53259	(1185, 1085)	(119, 109)	0
16:08:24.625	33	7.49763	(1188, 1084)	(119, 108)	0
16:08:24.667	32	7.55363	(1195, 1084)	(120, 108)	0
16:08:24.708	28	7.65378	(1205, 1082)	(121, 108)	0
16:08:24.743	25	7.85407	(1215, 1081)	(122, 108)	0
16:08:24.770	29	7.88444	(1225, 1081)	(123, 108)	0
16:08:24.805	27	8.01659	(1235, 1081)	(124, 108)	0
16:08:24.840	28	8.11022	(1245, 1080)	(125, 108)	0
16:08:24.875	28	8.21526	(1255, 1080)	(126, 108)	0
16:08:24.911	28	8.30548	(1265, 1079)	(127, 108)	0
16:08:24.946	26	8.42044	(1275, 1078)	(128, 108)	0
16:08:24.980	23	8.55126	(1286, 1077)	(129, 108)	0
16:08:25.007	24	8.596	(1295, 1077)	(130, 108)	0
16:08:25.034	24	8.67985	(1305, 1077)	(131, 108)	0
16:08:25.062	25	8.76622	(1315, 1077)	(132, 108)	0
16:08:25.090	24	8.82667	(1325, 1077)	(133, 108)	0
16:08:25.117	26	8.90207	(1335, 1077)	(134, 108)	0
16:08:25.146	24	8.92489	(1345, 1077)	(135, 108)	0
16:08:25.174	24	8.98148	(1355, 1077)	(136, 108)	0
16:08:25.201	23	8.97185	(1365, 1079)	(137, 108)	0
16:08:25.229	24	9.01081	(1375, 1080)	(138, 108)	0
16:08:25.257	24	9.02741	(1385, 1081)	(139, 108)	0
16:08:25.285	27	9.0803	(1395, 1081)	(140, 108)	0
16:08:25.320	29	9.04296	(1405, 1083)	(141, 108)	0
16:08:25.354	29	9.07481	(1416, 1084)	(142, 108)	0
16:08:25.390	27	9.08355	(1418, 1085)	(142, 109)	0
16:08:25.424	25	9.09941	(1425, 1085)	(143, 109)	0
16:08:25.451	24	9.15319	(1437, 1088)	(144, 109)	0
16:08:25.479	26	9.18104	(1445, 1088)	(145, 109)	0
16:08:25.508	30	9.11215	(1455, 1089)	(146, 109)	0
16:08:25.543	30	9.09067	(1465, 1090)	(147, 109)	0
16:08:25.578	30	9.0317	(1476, 1091)	(148, 109)	0
16:08:25.615	26	8.984	(1485, 1092)	(149, 109)	0
16:08:25.646	25	8.99393	(1495, 1093)	(150, 109)	0
16:08:25.674	25	8.96681	(1505, 1093)	(151, 109)	0
16:08:25.702	25	8.99896	(1515, 1093)	(152, 109)	0
16:08:25.729	24	8.90163	(1525, 1093)	(153, 109)	0
16:08:25.757	26	8.94978	(1535, 1094)	(154, 109)	0
16:08:25.785	25	8.76474	(1545, 1094)	(155, 109)	0
16:08:25.813	25	8.75778	(1555, 1094)	(156, 109)	0
16:08:25.841	25	8.69422	(1565, 1094)	(157, 109)	0
16:08:25.869	25	8.66637	(1566, 1095)	(157, 110)	0
16:08:25.896	25	8.56993	(1575, 1095)	(158, 110)	0
16:08:25.925	24	8.51141	(1585, 1095)	(159, 110)	0
16:08:25.952	24	8.43422	(1596, 1096)	(160, 110)	0
16:08:25.980	24	8.34682	(1605, 1096)	(161, 110)	0
16:08:26.008	25	8.33793	(1615, 1096)	(162, 110)	0
16:08:26.037	24	8.14089	(1625, 1097)	(163, 110)	0
16:08:26.063	24	8.11022	(1635, 1097)	(164, 110)	0
16:08:26.091	25	8.03585	(1645, 1097)	(165, 110)	0
16:08:26.119	24	7.94222	(1655, 1098)	(166, 110)	0
16:08:26.147	24	7.96474	(1665, 1098)	(167, 110)	0
16:08:26.174	24	7.78193	(1675, 1099)	(168, 110)	0
16:08:26.202	24	7.72533	(1685, 1099)	(169, 110)	0
16:08:26.230	25	7.59082	(1695, 1100)	(170, 110)	0
16:08:26.259	22	7.524	(1705, 1100)	(171, 110)	0
16:08:26.286	24	7.3917	(1715, 1101)	(172, 110)	0
16:08:26.316	31	7.22948	(1725, 1101)	(173, 110)	0
16:08:26.356	31	7.09719	(1735, 1103)	(174, 110)	0
16:08:26.391	30	6.95304	(1748, 1104)	(175, 110)	0
16:08:26.426	30	6.92237	(1753, 1105)	(175, 111)	0
16:08:26.461	23	6.892	(1755, 1105)	(176, 111)	0
16:08:26.488	21	6.8563	(1765, 1106)	(177, 111)	0
16:08:26.515	24	6.76148	(1775, 1107)	(178, 111)	0
16:08:26.544	25	6.66741	(1785, 1108)	(179, 111)	0
16:08:26.571	26	6.556	(1798, 1109)	(180, 111)	0
16:08:26.606	26	6.65778	(1806, 1111)	(181, 111)	0
16:08:26.634	26	6.44563	(1815, 1112)	(182, 111)	0
16:08:26.670	22	6.35244	(1825, 1112)	(183, 111)	0
16:08:26.696	20	6.32089	(1835, 1113)	(184, 111)	0
16:08:26.724	20	6.20133	(1850, 1114)	(185, 111)	0
16:08:26.752	20	6.14667	(1855, 1114)	(186, 111)	0
16:08:26.779	19	6.07245	(1858, 1115)	(186, 112)	0
16:08:26.800	20	6.00859	(1865, 1116)	(187, 112)	0
16:08:26.827	20	5.88948	(1877, 1117)	(188, 112)	0
16:08:26.848	20	5.80933	(1885, 1118)	(189, 112)	0
16:08:26.876	20	5.72889	(1895, 1120)	(190, 112)	0
16:08:26.904	20	5.6043	(1905, 1121)	(191, 112)	0
16:08:26.925	16	1.89763	(0, 0)	(0, 0)	0
EOM

