BOM
Frame extends: 2263, 1306
_ms_area: 10
measurements taken: 585
current rendering method: 0
is mouse replay: 1
Camera settings: Roation Quaternion: ( -0.990111, 0.0250671, -0.110386, -0.0828551), Translationsvektor: ( 0, 0, 1.625).
System_Time	Elapsed_Time_PaintGL	Elapsed_Kernel_Time	Frame_Coordinates	Grid_Position	Manual_Measurement
16:07:28.536	27	19.2692	(-1, -1)	(-1, -1)	0
16:07:28.567	28	19.2751	(-1, -1)	(-1, -1)	0
16:07:28.602	27	19.284	(-1, -1)	(-1, -1)	0
16:07:28.635	27	19.3588	(-1, -1)	(-1, -1)	0
16:07:28.663	27	19.2944	(-1, -1)	(-1, -1)	0
16:07:28.698	28	19.2862	(-1, -1)	(-1, -1)	0
16:07:28.732	30	19.2855	(-1, -1)	(-1, -1)	0
16:07:28.768	27	19.2713	(-1, -1)	(-1, -1)	0
16:07:28.804	29	19.2818	(-1, -1)	(-1, -1)	0
16:07:28.839	27	19.2812	(-1, -1)	(-1, -1)	0
16:07:28.873	25	19.34	(-1, -1)	(-1, -1)	0
16:07:28.907	26	19.2756	(-1, -1)	(-1, -1)	0
16:07:28.943	26	19.2713	(-1, -1)	(-1, -1)	0
16:07:28.976	26	19.3711	(-1, -1)	(-1, -1)	0
16:07:29.007	26	19.2692	(-1, -1)	(-1, -1)	0
16:07:29.040	26	19.2633	(-1, -1)	(-1, -1)	0
16:07:29.073	27	19.369	(-1, -1)	(-1, -1)	0
16:07:29.102	28	19.264	(-1, -1)	(-1, -1)	0
16:07:29.136	26	19.3759	(-1, -1)	(-1, -1)	0
16:07:29.171	25	19.3624	(-1, -1)	(-1, -1)	0
16:07:29.199	26	19.2877	(-1, -1)	(-1, -1)	0
16:07:29.233	27	19.3474	(-1, -1)	(-1, -1)	0
16:07:29.270	27	19.2664	(-1, -1)	(-1, -1)	0
16:07:29.303	25	19.3661	(-1, -1)	(-1, -1)	0
16:07:29.330	27	19.3924	(-1, -1)	(-1, -1)	0
16:07:29.366	30	19.2831	(-1, -1)	(-1, -1)	0
16:07:29.403	31	19.2711	(-1, -1)	(-1, -1)	0
16:07:29.444	31	19.2821	(-1, -1)	(-1, -1)	0
16:07:29.483	28	19.2807	(-1, -1)	(-1, -1)	0
16:07:29.518	29	19.2815	(-1, -1)	(-1, -1)	0
16:07:29.553	28	19.292	(-1, -1)	(-1, -1)	0
16:07:29.587	26	19.3618	(-1, -1)	(-1, -1)	0
16:07:29.615	25	19.3729	(-1, -1)	(-1, -1)	0
16:07:29.643	25	19.3561	(-1, -1)	(-1, -1)	0
16:07:29.670	26	19.3862	(-1, -1)	(-1, -1)	0
16:07:29.698	25	19.3781	(-1, -1)	(-1, -1)	0
16:07:29.726	26	19.3904	(-1, -1)	(-1, -1)	0
16:07:29.762	29	19.2923	(-1, -1)	(-1, -1)	0
16:07:29.798	31	19.2833	(-1, -1)	(-1, -1)	0
16:07:29.833	32	19.2809	(-1, -1)	(-1, -1)	0
16:07:29.873	26	19.3726	(-1, -1)	(-1, -1)	0
16:07:29.907	26	19.3557	(-1, -1)	(-1, -1)	0
16:07:29.935	25	19.3625	(-1, -1)	(-1, -1)	0
16:07:29.963	29	19.2739	(-1, -1)	(-1, -1)	0
16:07:29.999	29	19.2876	(-1, -1)	(-1, -1)	0
16:07:30.033	30	19.2764	(-1, -1)	(-1, -1)	0
16:07:30.068	30	19.2769	(-1, -1)	(-1, -1)	0
16:07:30.102	26	19.3567	(-1, -1)	(-1, -1)	0
16:07:30.137	26	19.339	(-1, -1)	(-1, -1)	0
16:07:30.171	27	19.3864	(-1, -1)	(-1, -1)	0
16:07:30.212	28	19.2775	(-1, -1)	(-1, -1)	0
16:07:30.249	31	19.2801	(-1, -1)	(-1, -1)	0
16:07:30.284	32	19.283	(-1, -1)	(-1, -1)	0
16:07:30.318	26	19.3742	(-1, -1)	(-1, -1)	0
16:07:30.352	27	19.3773	(-1, -1)	(-1, -1)	0
16:07:30.388	31	19.2754	(-1, -1)	(-1, -1)	0
16:07:30.424	30	19.275	(-1, -1)	(-1, -1)	0
16:07:30.464	34	19.2993	(-1, -1)	(-1, -1)	0
16:07:30.509	28	19.2711	(-1, -1)	(-1, -1)	0
16:07:30.540	28	19.293	(-1, -1)	(-1, -1)	0
16:07:30.576	31	19.26	(-1, -1)	(-1, -1)	0
16:07:30.618	32	19.2759	(-1, -1)	(-1, -1)	0
16:07:30.661	31	19.2803	(-1, -1)	(-1, -1)	0
16:07:30.701	32	19.2698	(-1, -1)	(-1, -1)	0
16:07:30.741	27	19.3698	(-1, -1)	(-1, -1)	0
16:07:30.778	31	19.276	(-1, -1)	(-1, -1)	0
16:07:30.812	31	19.2784	(-1, -1)	(-1, -1)	0
16:07:30.855	30	19.279	(-1, -1)	(-1, -1)	0
16:07:30.897	32	19.288	(-1, -1)	(-1, -1)	0
16:07:30.936	26	19.3815	(-1, -1)	(-1, -1)	0
16:07:30.970	29	19.3379	(-1, -1)	(-1, -1)	0
16:07:31.007	32	19.2732	(-1, -1)	(-1, -1)	0
16:07:31.049	31	19.2721	(-1, -1)	(-1, -1)	0
16:07:31.091	30	19.2892	(-1, -1)	(-1, -1)	0
16:07:31.125	27	19.2727	(-1, -1)	(-1, -1)	0
16:07:31.159	26	19.3861	(-1, -1)	(-1, -1)	0
16:07:31.186	27	19.3674	(-1, -1)	(-1, -1)	0
16:07:31.215	30	19.2788	(-1, -1)	(-1, -1)	0
16:07:31.250	30	19.2781	(-1, -1)	(-1, -1)	0
16:07:31.285	30	19.2756	(-1, -1)	(-1, -1)	0
16:07:31.319	31	19.2874	(-1, -1)	(-1, -1)	0
16:07:31.353	26	19.3753	(-1, -1)	(-1, -1)	0
16:07:31.387	26	19.3898	(-1, -1)	(-1, -1)	0
16:07:31.415	26	19.3779	(-1, -1)	(-1, -1)	0
16:07:31.445	30	19.2665	(-1, -1)	(-1, -1)	0
16:07:31.479	31	19.2729	(-1, -1)	(-1, -1)	0
16:07:31.515	29	19.295	(-1, -1)	(-1, -1)	0
16:07:31.549	29	19.2895	(-1, -1)	(-1, -1)	0
16:07:31.582	27	19.2773	(-1, -1)	(-1, -1)	0
16:07:31.617	28	19.377	(-1, -1)	(-1, -1)	0
16:07:31.653	30	19.273	(-1, -1)	(-1, -1)	0
16:07:31.688	31	19.2761	(-1, -1)	(-1, -1)	0
16:07:31.723	29	19.2861	(-1, -1)	(-1, -1)	0
16:07:31.758	30	19.2865	(-1, -1)	(-1, -1)	0
16:07:31.791	26	19.3836	(-1, -1)	(-1, -1)	0
16:07:31.819	27	19.3705	(-1, -1)	(-1, -1)	0
16:07:31.855	32	19.3052	(-1, -1)	(-1, -1)	0
16:07:31.897	31	19.2773	(-1, -1)	(-1, -1)	0
16:07:31.940	30	19.2839	(-1, -1)	(-1, -1)	0
16:07:31.974	27	19.284	(-1, -1)	(-1, -1)	0
16:07:32.007	25	19.3821	(-1, -1)	(-1, -1)	0
16:07:32.035	27	19.357	(-1, -1)	(-1, -1)	0
16:07:32.071	31	19.2776	(-1, -1)	(-1, -1)	0
16:07:32.106	31	19.2735	(-1, -1)	(-1, -1)	0
16:07:32.147	30	19.2833	(-1, -1)	(-1, -1)	0
16:07:32.181	27	19.292	(-1, -1)	(-1, -1)	0
16:07:32.215	28	19.3801	(-1, -1)	(-1, -1)	0
16:07:32.251	31	19.2791	(-1, -1)	(-1, -1)	0
16:07:32.286	32	19.3028	(-1, -1)	(-1, -1)	0
16:07:32.328	33	19.2953	(-1, -1)	(-1, -1)	0
16:07:32.370	32	19.2567	(-1, -1)	(-1, -1)	0
16:07:32.411	28	19.2806	(-1, -1)	(-1, -1)	0
16:07:32.445	30	19.2981	(-1, -1)	(-1, -1)	0
16:07:32.480	29	19.2751	(-1, -1)	(-1, -1)	0
16:07:32.516	31	19.273	(-1, -1)	(-1, -1)	0
16:07:32.557	32	19.2804	(-1, -1)	(-1, -1)	0
16:07:32.599	32	19.2615	(-1, -1)	(-1, -1)	0
16:07:32.639	27	19.261	(-1, -1)	(-1, -1)	0
16:07:32.673	26	19.3643	(-1, -1)	(-1, -1)	0
16:07:32.702	26	19.3696	(-1, -1)	(-1, -1)	0
16:07:32.741	29	19.3028	(-1, -1)	(-1, -1)	0
16:07:32.780	30	19.2825	(-1, -1)	(-1, -1)	0
16:07:32.813	27	19.2723	(-1, -1)	(-1, -1)	0
16:07:32.848	25	19.3723	(-1, -1)	(-1, -1)	0
16:07:32.875	27	19.3674	(-1, -1)	(-1, -1)	0
16:07:32.911	31	19.2665	(-1, -1)	(-1, -1)	0
16:07:32.947	29	19.2837	(-1, -1)	(-1, -1)	0
16:07:32.981	29	19.2908	(-1, -1)	(-1, -1)	0
16:07:33.015	27	19.2782	(-1, -1)	(-1, -1)	0
16:07:33.049	25	19.3646	(-1, -1)	(-1, -1)	0
16:07:33.078	28	19.2867	(-1, -1)	(-1, -1)	0
16:07:33.114	29	19.2686	(-1, -1)	(-1, -1)	0
16:07:33.148	28	19.2724	(-1, -1)	(-1, -1)	0
16:07:33.182	29	19.2742	(-1, -1)	(-1, -1)	0
16:07:33.216	27	19.3609	(-1, -1)	(-1, -1)	0
16:07:33.245	25	19.3711	(-1, -1)	(-1, -1)	0
16:07:33.272	26	19.3859	(-1, -1)	(-1, -1)	0
16:07:33.301	31	19.2705	(-1, -1)	(-1, -1)	0
16:07:33.336	30	19.2905	(-1, -1)	(-1, -1)	0
16:07:33.370	30	19.2822	(-1, -1)	(-1, -1)	0
16:07:33.407	31	19.2759	(-1, -1)	(-1, -1)	0
16:07:33.446	27	19.2818	(-1, -1)	(-1, -1)	0
16:07:33.480	32	19.2839	(-1, -1)	(-1, -1)	0
16:07:33.516	32	19.2859	(-1, -1)	(-1, -1)	0
16:07:33.558	32	19.2716	(-1, -1)	(-1, -1)	0
16:07:33.600	31	19.2647	(-1, -1)	(-1, -1)	0
16:07:33.634	27	19.2821	(-1, -1)	(-1, -1)	0
16:07:33.668	27	19.3719	(-1, -1)	(-1, -1)	0
16:07:33.704	29	19.2956	(-1, -1)	(-1, -1)	0
16:07:33.738	28	19.2938	(-1, -1)	(-1, -1)	0
16:07:33.773	31	19.2862	(-1, -1)	(-1, -1)	0
16:07:33.808	30	19.265	(-1, -1)	(-1, -1)	0
16:07:33.843	30	19.2899	(-1, -1)	(-1, -1)	0
16:07:33.877	26	19.337	(-1, -1)	(-1, -1)	0
16:07:33.911	28	19.3727	(-1, -1)	(-1, -1)	0
16:07:33.948	30	19.2867	(-1, -1)	(-1, -1)	0
16:07:33.982	32	19.2664	(-1, -1)	(-1, -1)	0
16:07:34.024	32	19.2809	(-1, -1)	(-1, -1)	0
16:07:34.064	27	19.3415	(-1, -1)	(-1, -1)	0
16:07:34.099	25	19.3484	(-1, -1)	(-1, -1)	0
16:07:34.126	27	19.3707	(-1, -1)	(-1, -1)	0
16:07:34.163	31	19.2724	(-1, -1)	(-1, -1)	0
16:07:34.198	31	19.2643	(-1, -1)	(-1, -1)	0
16:07:34.233	30	19.2738	(-1, -1)	(-1, -1)	0
16:07:34.266	26	19.3801	(-1, -1)	(-1, -1)	0
16:07:34.294	25	19.3604	(-1, -1)	(-1, -1)	0
16:07:34.321	26	19.3819	(-1, -1)	(-1, -1)	0
16:07:34.349	25	19.3708	(-1, -1)	(-1, -1)	0
16:07:34.377	29	19.2799	(-1, -1)	(-1, -1)	0
16:07:34.413	30	19.284	(-1, -1)	(-1, -1)	0
16:07:34.449	29	19.2739	(-1, -1)	(-1, -1)	0
16:07:34.482	27	19.271	(-1, -1)	(-1, -1)	0
16:07:34.517	27	19.2809	(-1, -1)	(-1, -1)	0
16:07:34.551	27	19.4062	(-1, -1)	(-1, -1)	0
16:07:34.586	27	19.2861	(-1, -1)	(-1, -1)	0
16:07:34.621	32	19.283	(-1, -1)	(-1, -1)	0
16:07:34.665	30	19.2717	(-1, -1)	(-1, -1)	0
16:07:34.698	27	19.2615	(-1, -1)	(-1, -1)	0
16:07:34.732	27	19.2766	(-1, -1)	(-1, -1)	0
16:07:34.766	29	19.2879	(-1, -1)	(-1, -1)	0
16:07:34.803	32	19.2982	(-1, -1)	(-1, -1)	0
16:07:34.845	31	19.2696	(-1, -1)	(-1, -1)	0
16:07:34.887	29	19.2801	(-1, -1)	(-1, -1)	0
16:07:34.920	29	19.2711	(-1, -1)	(-1, -1)	0
16:07:34.957	30	19.2804	(-1, -1)	(-1, -1)	0
16:07:34.993	31	19.2921	(-1, -1)	(-1, -1)	0
16:07:35.032	32	19.2717	(-1, -1)	(-1, -1)	0
16:07:35.077	36	19.2619	(-1, -1)	(-1, -1)	0
16:07:35.121	26	19.3681	(-1, -1)	(-1, -1)	0
16:07:35.156	28	19.3581	(-1, -1)	(-1, -1)	0
16:07:35.192	32	19.2914	(-1, -1)	(-1, -1)	0
16:07:35.226	33	19.2867	(-1, -1)	(-1, -1)	0
16:07:35.272	32	19.2797	(-1, -1)	(-1, -1)	0
16:07:35.311	27	19.297	(-1, -1)	(-1, -1)	0
16:07:35.344	26	19.3837	(-1, -1)	(-1, -1)	0
16:07:35.379	28	19.2757	(-1, -1)	(-1, -1)	0
16:07:35.413	28	19.2751	(-1, -1)	(-1, -1)	0
16:07:35.448	27	19.2707	(-1, -1)	(-1, -1)	0
16:07:35.483	28	19.2788	(-1, -1)	(-1, -1)	0
16:07:35.518	27	19.2868	(-1, -1)	(-1, -1)	0
16:07:35.552	25	19.3578	(-1, -1)	(-1, -1)	0
16:07:35.579	26	19.368	(-1, -1)	(-1, -1)	0
16:07:35.607	26	19.3942	(-1, -1)	(-1, -1)	0
16:07:35.636	31	19.2916	(-1, -1)	(-1, -1)	0
16:07:35.671	30	19.2721	(-1, -1)	(-1, -1)	0
16:07:35.706	26	19.2963	(-1, -1)	(-1, -1)	0
16:07:35.740	26	19.3785	(-1, -1)	(-1, -1)	0
16:07:35.767	26	19.3764	(-1, -1)	(-1, -1)	0
16:07:35.795	25	19.3453	(-1, -1)	(-1, -1)	0
16:07:35.824	28	19.2736	(-1, -1)	(-1, -1)	0
16:07:35.859	28	19.2773	(-1, -1)	(-1, -1)	0
16:07:35.893	30	19.2647	(-1, -1)	(-1, -1)	0
16:07:35.929	28	19.2806	(-1, -1)	(-1, -1)	0
16:07:35.962	26	19.3656	(-1, -1)	(-1, -1)	0
16:07:35.990	27	19.3456	(-1, -1)	(-1, -1)	0
16:07:36.026	29	19.2729	(-1, -1)	(-1, -1)	0
16:07:36.061	32	19.2723	(-1, -1)	(-1, -1)	0
16:07:36.103	31	19.2701	(-1, -1)	(-1, -1)	0
16:07:36.137	28	19.3028	(-1, -1)	(-1, -1)	0
16:07:36.171	26	19.3684	(-1, -1)	(-1, -1)	0
16:07:36.199	31	19.2711	(-1, -1)	(-1, -1)	0
16:07:36.234	27	19.285	(-1, -1)	(-1, -1)	0
16:07:36.268	31	19.2852	(-1, -1)	(-1, -1)	0
16:07:36.313	30	19.2766	(-1, -1)	(-1, -1)	0
16:07:36.353	28	19.2649	(-1, -1)	(-1, -1)	0
16:07:36.387	27	19.2876	(-1, -1)	(-1, -1)	0
16:07:36.422	29	19.3025	(-1, -1)	(-1, -1)	0
16:07:36.457	29	19.2658	(-1, -1)	(-1, -1)	0
16:07:36.492	32	19.2747	(-1, -1)	(-1, -1)	0
16:07:36.550	27	19.2843	(-1, -1)	(-1, -1)	0
16:07:36.581	26	19.3732	(-1, -1)	(-1, -1)	0
16:07:36.616	26	19.3258	(-1, -1)	(-1, -1)	0
16:07:36.653	27	19.2936	(-1, -1)	(-1, -1)	0
16:07:36.687	26	19.4415	(-1, -1)	(-1, -1)	0
16:07:36.736	26	19.428	(-1, -1)	(-1, -1)	0
16:07:36.770	26	19.3911	(-1, -1)	(-1, -1)	0
16:07:36.818	25	19.4539	(-1, -1)	(-1, -1)	0
16:07:36.852	26	19.3953	(-1, -1)	(-1, -1)	0
16:07:36.880	26	19.3553	(-1, -1)	(-1, -1)	0
16:07:36.915	26	19.3579	(-1, -1)	(-1, -1)	0
16:07:36.950	25	19.3729	(-1, -1)	(-1, -1)	0
16:07:36.977	26	19.3849	(-1, -1)	(-1, -1)	0
16:07:37.006	29	19.2821	(-1, -1)	(-1, -1)	0
16:07:37.041	27	19.2634	(-1, -1)	(-1, -1)	0
16:07:37.075	30	19.2761	(-1, -1)	(-1, -1)	0
16:07:37.116	31	19.2847	(-1, -1)	(-1, -1)	0
16:07:37.153	26	19.2615	(-1, -1)	(-1, -1)	0
16:07:37.186	25	19.3655	(-1, -1)	(-1, -1)	0
16:07:37.213	26	19.3604	(-1, -1)	(-1, -1)	0
16:07:37.241	25	19.3824	(-1, -1)	(-1, -1)	0
16:07:37.269	26	19.3809	(-1, -1)	(-1, -1)	0
16:07:37.297	26	19.3988	(-1, -1)	(-1, -1)	0
16:07:37.325	25	19.3867	(-1, -1)	(-1, -1)	0
16:07:37.353	25	19.3887	(-1, -1)	(-1, -1)	0
16:07:37.381	25	19.3794	(-1, -1)	(-1, -1)	0
16:07:37.409	24	19.3747	(-1, -1)	(-1, -1)	0
16:07:37.436	26	19.4105	(-1, -1)	(-1, -1)	0
16:07:37.472	28	19.3367	(-1, -1)	(-1, -1)	0
16:07:37.507	28	19.3065	(-1, -1)	(-1, -1)	0
16:07:37.541	28	19.2987	(-1, -1)	(-1, -1)	0
16:07:37.576	27	19.3194	(-1, -1)	(-1, -1)	0
16:07:37.610	26	19.4092	(-1, -1)	(-1, -1)	0
16:07:37.638	25	19.4366	(-1, -1)	(-1, -1)	0
16:07:37.666	28	19.3074	(-1, -1)	(-1, -1)	0
16:07:37.703	28	19.3201	(-1, -1)	(-1, -1)	0
16:07:37.735	28	19.3791	(-1, -1)	(-1, -1)	0
16:07:37.771	28	19.3012	(-1, -1)	(-1, -1)	0
16:07:37.805	27	19.2813	(-1, -1)	(-1, -1)	0
16:07:37.840	28	19.2812	(-1, -1)	(-1, -1)	0
16:07:37.875	30	19.2782	(-1, -1)	(-1, -1)	0
16:07:37.924	27	19.3431	(-1, -1)	(-1, -1)	0
16:07:37.965	26	19.3049	(-1, -1)	(-1, -1)	0
16:07:38.013	24	19.665	(-1, -1)	(-1, -1)	0
16:07:38.048	26	19.6382	(-1, -1)	(-1, -1)	0
16:07:38.083	25	19.4661	(-1, -1)	(-1, -1)	0
16:07:38.118	25	19.5563	(-1, -1)	(-1, -1)	0
16:07:38.153	26	19.577	(-1, -1)	(-1, -1)	0
16:07:38.187	26	19.7228	(-1, -1)	(-1, -1)	0
16:07:38.235	26	19.6253	(-1, -1)	(-1, -1)	0
16:07:38.271	25	19.6852	(-1, -1)	(-1, -1)	0
16:07:38.298	25	19.4759	(-1, -1)	(-1, -1)	0
16:07:38.333	25	19.5884	(-1, -1)	(-1, -1)	0
16:07:38.368	26	19.7228	(-1, -1)	(-1, -1)	0
16:07:38.403	25	19.6059	(-1, -1)	(-1, -1)	0
16:07:38.430	25	19.5527	(-1, -1)	(-1, -1)	0
16:07:38.465	25	19.4594	(-1, -1)	(-1, -1)	0
16:07:38.499	27	19.3625	(-1, -1)	(-1, -1)	0
16:07:38.538	29	19.2766	(-1, -1)	(-1, -1)	0
16:07:38.570	31	19.2858	(-1, -1)	(-1, -1)	0
16:07:38.606	28	19.2803	(-1, -1)	(-1, -1)	0
16:07:38.639	26	19.4957	(-1, -1)	(-1, -1)	0
16:07:38.667	26	19.6041	(-1, -1)	(-1, -1)	0
16:07:38.702	25	19.5839	(-1, -1)	(-1, -1)	0
16:07:38.736	26	19.4639	(-1, -1)	(-1, -1)	0
16:07:38.764	25	19.4286	(-1, -1)	(-1, -1)	0
16:07:38.798	26	19.3717	(-1, -1)	(-1, -1)	0
16:07:38.826	25	19.3726	(-1, -1)	(-1, -1)	0
16:07:38.854	25	19.3585	(-1, -1)	(-1, -1)	0
16:07:38.883	30	19.2775	(-1, -1)	(-1, -1)	0
16:07:38.918	31	19.284	(-1, -1)	(-1, -1)	0
16:07:38.957	28	19.3947	(-1, -1)	(-1, -1)	0
16:07:38.993	28	19.4978	(-1, -1)	(-1, -1)	0
16:07:39.028	26	19.3739	(-1, -1)	(-1, -1)	0
16:07:39.056	25	19.7249	(-1, -1)	(-1, -1)	0
16:07:39.084	25	19.3858	(-1, -1)	(-1, -1)	0
16:07:39.111	26	19.3658	(-1, -1)	(-1, -1)	0
16:07:39.147	28	19.2624	(-1, -1)	(-1, -1)	0
16:07:39.182	30	19.2806	(-1, -1)	(-1, -1)	0
16:07:39.216	27	19.2702	(-1, -1)	(-1, -1)	0
16:07:39.250	26	19.3784	(-1, -1)	(-1, -1)	0
16:07:39.278	27	19.3704	(-1, -1)	(-1, -1)	0
16:07:39.315	29	19.267	(-1, -1)	(-1, -1)	0
16:07:39.348	29	19.2844	(-1, -1)	(-1, -1)	0
16:07:39.384	28	19.3907	(-1, -1)	(-1, -1)	0
16:07:39.418	26	19.2723	(-1, -1)	(-1, -1)	0
16:07:39.452	25	19.3412	(-1, -1)	(-1, -1)	0
16:07:39.479	27	19.3681	(-1, -1)	(-1, -1)	0
16:07:39.515	29	19.2827	(-1, -1)	(-1, -1)	0
16:07:39.551	30	19.2886	(-1, -1)	(-1, -1)	0
16:07:39.586	30	19.2884	(-1, -1)	(-1, -1)	0
16:07:39.619	26	19.3701	(-1, -1)	(-1, -1)	0
16:07:39.654	29	19.2901	(-1, -1)	(-1, -1)	0
16:07:39.690	27	19.2732	(-1, -1)	(-1, -1)	0
16:07:39.723	26	19.383	(-1, -1)	(-1, -1)	0
16:07:39.758	32	19.2895	(-1, -1)	(-1, -1)	0
16:07:39.794	26	19.2621	(-1, -1)	(-1, -1)	0
16:07:39.830	28	19.2812	(-1, -1)	(-1, -1)	0
16:07:39.864	28	19.2757	(-1, -1)	(-1, -1)	0
16:07:39.900	27	19.283	(-1, -1)	(-1, -1)	0
16:07:39.931	26	19.3821	(-1, -1)	(-1, -1)	0
16:07:39.959	26	19.3759	(-1, -1)	(-1, -1)	0
16:07:39.987	28	19.3776	(-1, -1)	(-1, -1)	0
16:07:40.028	30	19.2956	(-1, -1)	(-1, -1)	0
16:07:40.065	27	19.2827	(-1, -1)	(-1, -1)	0
16:07:40.102	28	19.323	(-1, -1)	(-1, -1)	0
16:07:40.134	25	19.4335	(-1, -1)	(-1, -1)	0
16:07:40.161	25	19.3847	(-1, -1)	(-1, -1)	0
16:07:40.189	26	19.421	(-1, -1)	(-1, -1)	0
16:07:40.217	25	19.4015	(-1, -1)	(-1, -1)	0
16:07:40.244	26	19.3994	(-1, -1)	(-1, -1)	0
16:07:40.272	25	19.4138	(-1, -1)	(-1, -1)	0
16:07:40.302	25	19.3	(-1, -1)	(-1, -1)	0
16:07:40.337	25	19.3031	(-1, -1)	(-1, -1)	0
16:07:40.370	25	19.4071	(-1, -1)	(-1, -1)	0
16:07:40.399	25	19.4274	(-1, -1)	(-1, -1)	0
16:07:40.426	25	19.4033	(-1, -1)	(-1, -1)	0
16:07:40.454	25	19.3979	(-1, -1)	(-1, -1)	0
16:07:40.481	25	19.3729	(-1, -1)	(-1, -1)	0
16:07:40.509	26	19.3818	(-1, -1)	(-1, -1)	0
16:07:40.537	25	19.4073	(-1, -1)	(-1, -1)	0
16:07:40.565	25	19.4076	(-1, -1)	(-1, -1)	0
16:07:40.593	27	19.3655	(-1, -1)	(-1, -1)	0
16:07:40.627	29	19.2747	(-1, -1)	(-1, -1)	0
16:07:40.662	27	19.2895	(-1, -1)	(-1, -1)	0
16:07:40.697	27	19.2773	(-1, -1)	(-1, -1)	0
16:07:40.731	25	19.3791	(-1, -1)	(-1, -1)	0
16:07:40.758	28	19.3591	(-1, -1)	(-1, -1)	0
16:07:40.795	29	19.2793	(-1, -1)	(-1, -1)	0
16:07:40.829	31	19.28	(-1, -1)	(-1, -1)	0
16:07:40.864	30	19.2803	(-1, -1)	(-1, -1)	0
16:07:40.900	29	19.2787	(-1, -1)	(-1, -1)	0
16:07:40.943	30	19.2653	(-1, -1)	(-1, -1)	0
16:07:40.974	28	19.2825	(-1, -1)	(-1, -1)	0
16:07:41.010	27	19.255	(-1, -1)	(-1, -1)	0
16:07:41.045	33	19.2695	(-1, -1)	(-1, -1)	0
16:07:41.089	31	19.2881	(-1, -1)	(-1, -1)	0
16:07:41.132	34	19.2898	(-1, -1)	(-1, -1)	0
16:07:41.172	27	19.2791	(-1, -1)	(-1, -1)	0
16:07:41.204	27	19.3772	(-1, -1)	(-1, -1)	0
16:07:41.240	30	19.2871	(-1, -1)	(-1, -1)	0
16:07:41.275	28	19.277	(-1, -1)	(-1, -1)	0
16:07:41.308	26	19.3834	(-1, -1)	(-1, -1)	0
16:07:41.337	26	19.2714	(-1, -1)	(-1, -1)	0
16:07:41.371	26	19.3606	(-1, -1)	(-1, -1)	0
16:07:41.407	32	19.2916	(-1, -1)	(-1, -1)	0
16:07:41.449	31	19.2948	(-1, -1)	(-1, -1)	0
16:07:41.491	32	19.2787	(-1, -1)	(-1, -1)	0
16:07:41.532	31	19.2701	(-1, -1)	(-1, -1)	0
16:07:41.568	33	19.2711	(-1, -1)	(-1, -1)	0
16:07:41.608	26	19.2606	(-1, -1)	(-1, -1)	0
16:07:41.642	25	19.3726	(-1, -1)	(-1, -1)	0
16:07:41.669	26	19.3756	(-1, -1)	(-1, -1)	0
16:07:41.697	27	19.3596	(-1, -1)	(-1, -1)	0
16:07:41.733	31	19.2807	(-1, -1)	(-1, -1)	0
16:07:41.768	30	19.2721	(-1, -1)	(-1, -1)	0
16:07:41.801	26	19.3673	(-1, -1)	(-1, -1)	0
16:07:41.829	25	19.3745	(-1, -1)	(-1, -1)	0
16:07:41.856	27	19.371	(-1, -1)	(-1, -1)	0
16:07:41.893	30	19.2852	(-1, -1)	(-1, -1)	0
16:07:41.928	29	19.272	(-1, -1)	(-1, -1)	0
16:07:41.962	31	19.2873	(-1, -1)	(-1, -1)	0
16:07:41.998	31	19.2799	(-1, -1)	(-1, -1)	0
16:07:42.038	26	19.364	(-1, -1)	(-1, -1)	0
16:07:42.072	29	19.3892	(-1, -1)	(-1, -1)	0
16:07:42.109	33	19.2852	(-1, -1)	(-1, -1)	0
16:07:42.151	30	19.2877	(-1, -1)	(-1, -1)	0
16:07:42.195	31	19.2719	(-1, -1)	(-1, -1)	0
16:07:42.234	28	19.2735	(-1, -1)	(-1, -1)	0
16:07:42.268	29	19.2856	(-1, -1)	(-1, -1)	0
16:07:42.303	28	19.2738	(-1, -1)	(-1, -1)	0
16:07:42.338	29	19.2921	(-1, -1)	(-1, -1)	0
16:07:42.374	31	19.2902	(-1, -1)	(-1, -1)	0
16:07:42.417	29	19.2714	(-1, -1)	(-1, -1)	0
16:07:42.449	27	19.2849	(-1, -1)	(-1, -1)	0
16:07:42.485	30	19.2827	(-1, -1)	(-1, -1)	0
16:07:42.526	31	19.2714	(-1, -1)	(-1, -1)	0
16:07:42.568	31	19.2861	(-1, -1)	(-1, -1)	0
16:07:42.610	29	19.2775	(-1, -1)	(-1, -1)	0
16:07:42.644	28	19.2738	(-1, -1)	(-1, -1)	0
16:07:42.678	29	19.2767	(-1, -1)	(-1, -1)	0
16:07:42.713	27	19.2862	(-1, -1)	(-1, -1)	0
16:07:42.748	29	19.2603	(-1, -1)	(-1, -1)	0
16:07:42.783	31	19.2704	(-1, -1)	(-1, -1)	0
16:07:42.825	32	19.287	(-1, -1)	(-1, -1)	0
16:07:42.866	28	19.2729	(-1, -1)	(-1, -1)	0
16:07:42.901	31	19.2705	(-1, -1)	(-1, -1)	0
16:07:42.937	31	19.2772	(-1, -1)	(-1, -1)	0
16:07:42.980	30	19.2729	(-1, -1)	(-1, -1)	0
16:07:43.018	31	19.2852	(-1, -1)	(-1, -1)	0
16:07:43.055	32	19.2893	(-1, -1)	(-1, -1)	0
16:07:43.095	26	19.3197	(-1, -1)	(-1, -1)	0
16:07:43.129	25	19.3658	(-1, -1)	(-1, -1)	0
16:07:43.157	26	19.3967	(-1, -1)	(-1, -1)	0
16:07:43.193	32	19.2907	(-1, -1)	(-1, -1)	0
16:07:43.235	31	19.2849	(-1, -1)	(-1, -1)	0
16:07:43.270	34	19.2664	(-1, -1)	(-1, -1)	0
16:07:43.311	27	19.2717	(-1, -1)	(-1, -1)	0
16:07:43.345	25	19.3639	(-1, -1)	(-1, -1)	0
16:07:43.372	27	19.3609	(-1, -1)	(-1, -1)	0
16:07:43.411	31	19.2606	(-1, -1)	(-1, -1)	0
16:07:43.450	32	19.2616	(-1, -1)	(-1, -1)	0
16:07:43.493	28	19.2599	(-1, -1)	(-1, -1)	0
16:07:43.526	26	19.339	(-1, -1)	(-1, -1)	0
16:07:43.560	35	19.2775	(-1, -1)	(-1, -1)	0
16:07:43.604	31	19.2686	(-1, -1)	(-1, -1)	0
16:07:43.646	31	19.2747	(-1, -1)	(-1, -1)	0
16:07:43.689	37	19.2801	(-1, -1)	(-1, -1)	0
16:07:43.734	27	19.2924	(-1, -1)	(-1, -1)	0
16:07:43.769	31	19.2704	(-1, -1)	(-1, -1)	0
16:07:43.806	32	19.2716	(-1, -1)	(-1, -1)	0
16:07:43.847	29	19.2898	(-1, -1)	(-1, -1)	0
16:07:43.881	33	19.2785	(-1, -1)	(-1, -1)	0
16:07:43.923	28	19.2929	(-1, -1)	(-1, -1)	0
16:07:43.957	30	19.2801	(-1, -1)	(-1, -1)	0
16:07:43.993	32	19.293	(-1, -1)	(-1, -1)	0
16:07:44.035	30	19.2701	(-1, -1)	(-1, -1)	0
16:07:44.076	32	19.2858	(-1, -1)	(-1, -1)	0
16:07:44.119	30	19.265	(-1, -1)	(-1, -1)	0
16:07:44.151	28	19.2827	(-1, -1)	(-1, -1)	0
16:07:44.186	29	19.2896	(-1, -1)	(-1, -1)	0
16:07:44.222	28	19.2957	(-1, -1)	(-1, -1)	0
16:07:44.256	28	19.2738	(-1, -1)	(-1, -1)	0
16:07:44.291	28	19.2772	(-1, -1)	(-1, -1)	0
16:07:44.326	29	19.3022	(-1, -1)	(-1, -1)	0
16:07:44.361	26	19.287	(-1, -1)	(-1, -1)	0
16:07:44.395	26	19.3566	(-1, -1)	(-1, -1)	0
16:07:44.431	31	19.2984	(-1, -1)	(-1, -1)	0
16:07:44.472	31	19.2769	(-1, -1)	(-1, -1)	0
16:07:44.515	38	19.2887	(-1, -1)	(-1, -1)	0
16:07:44.562	26	19.3893	(-1, -1)	(-1, -1)	0
16:07:44.596	27	19.268	(-1, -1)	(-1, -1)	0
16:07:44.632	27	19.2772	(-1, -1)	(-1, -1)	0
16:07:44.666	27	19.2696	(-1, -1)	(-1, -1)	0
16:07:44.701	28	19.2791	(-1, -1)	(-1, -1)	0
16:07:44.735	25	19.3828	(-1, -1)	(-1, -1)	0
16:07:44.762	26	19.3696	(-1, -1)	(-1, -1)	0
16:07:44.790	26	19.3881	(-1, -1)	(-1, -1)	0
16:07:44.818	29	19.3831	(-1, -1)	(-1, -1)	0
16:07:44.855	30	19.2825	(-1, -1)	(-1, -1)	0
16:07:44.889	30	19.2646	(-1, -1)	(-1, -1)	0
16:07:44.925	29	19.2754	(-1, -1)	(-1, -1)	0
16:07:44.958	26	19.3616	(-1, -1)	(-1, -1)	0
16:07:44.993	25	19.3446	(-1, -1)	(-1, -1)	0
16:07:45.020	26	19.3899	(-1, -1)	(-1, -1)	0
16:07:45.056	31	19.2732	(-1, -1)	(-1, -1)	0
16:07:45.098	30	19.2656	(-1, -1)	(-1, -1)	0
16:07:45.133	32	19.2713	(-1, -1)	(-1, -1)	0
16:07:45.175	33	19.2773	(-1, -1)	(-1, -1)	0
16:07:45.214	26	19.3668	(-1, -1)	(-1, -1)	0
16:07:45.242	25	19.3735	(-1, -1)	(-1, -1)	0
16:07:45.270	30	19.2664	(-1, -1)	(-1, -1)	0
16:07:45.306	30	19.2806	(-1, -1)	(-1, -1)	0
16:07:45.342	30	19.2556	(-1, -1)	(-1, -1)	0
16:07:45.376	27	19.285	(-1, -1)	(-1, -1)	0
16:07:45.410	26	19.3846	(-1, -1)	(-1, -1)	0
16:07:45.438	25	19.3517	(-1, -1)	(-1, -1)	0
16:07:45.465	27	19.356	(-1, -1)	(-1, -1)	0
16:07:45.501	30	19.2736	(-1, -1)	(-1, -1)	0
16:07:45.537	29	19.283	(-1, -1)	(-1, -1)	0
16:07:45.571	30	19.2781	(-1, -1)	(-1, -1)	0
16:07:45.604	27	19.3757	(-1, -1)	(-1, -1)	0
16:07:45.640	30	19.2827	(-1, -1)	(-1, -1)	0
16:07:45.674	33	19.2794	(-1, -1)	(-1, -1)	0
16:07:45.717	29	19.2791	(-1, -1)	(-1, -1)	0
16:07:45.751	30	19.2947	(-1, -1)	(-1, -1)	0
16:07:45.786	30	19.2945	(-1, -1)	(-1, -1)	0
16:07:45.820	26	19.3833	(-1, -1)	(-1, -1)	0
16:07:45.855	27	19.3889	(-1, -1)	(-1, -1)	0
16:07:45.891	30	19.2892	(-1, -1)	(-1, -1)	0
16:07:45.933	32	19.292	(-1, -1)	(-1, -1)	0
16:07:45.974	32	19.2745	(-1, -1)	(-1, -1)	0
16:07:46.016	30	19.2827	(-1, -1)	(-1, -1)	0
16:07:46.050	28	19.2773	(-1, -1)	(-1, -1)	0
16:07:46.085	31	19.2877	(-1, -1)	(-1, -1)	0
16:07:46.120	31	19.2902	(-1, -1)	(-1, -1)	0
16:07:46.161	32	19.2794	(-1, -1)	(-1, -1)	0
16:07:46.204	30	19.2775	(-1, -1)	(-1, -1)	0
16:07:46.237	26	19.3593	(-1, -1)	(-1, -1)	0
16:07:46.271	26	19.3559	(-1, -1)	(-1, -1)	0
16:07:46.299	26	19.3766	(-1, -1)	(-1, -1)	0
16:07:46.328	29	19.2883	(-1, -1)	(-1, -1)	0
16:07:46.364	30	19.2841	(-1, -1)	(-1, -1)	0
16:07:46.398	31	19.2747	(-1, -1)	(-1, -1)	0
16:07:46.433	28	19.2741	(-1, -1)	(-1, -1)	0
16:07:46.466	26	19.3973	(-1, -1)	(-1, -1)	0
16:07:46.493	26	19.3787	(-1, -1)	(-1, -1)	0
16:07:46.521	28	19.3916	(-1, -1)	(-1, -1)	0
16:07:46.559	30	19.2804	(-1, -1)	(-1, -1)	0
16:07:46.600	32	19.292	(-1, -1)	(-1, -1)	0
16:07:46.642	32	19.2628	(-1, -1)	(-1, -1)	0
16:07:46.682	29	19.2763	(-1, -1)	(-1, -1)	0
16:07:46.717	28	19.2804	(-1, -1)	(-1, -1)	0
16:07:46.753	31	19.2705	(-1, -1)	(-1, -1)	0
16:07:46.795	31	19.2727	(-1, -1)	(-1, -1)	0
16:07:46.841	33	19.2815	(-1, -1)	(-1, -1)	0
16:07:46.876	28	19.283	(-1, -1)	(-1, -1)	0
16:07:46.912	27	19.3679	(-1, -1)	(-1, -1)	0
16:07:46.947	27	19.2656	(-1, -1)	(-1, -1)	0
16:07:46.982	36	19.2772	(-1, -1)	(-1, -1)	0
16:07:47.024	32	19.2721	(-1, -1)	(-1, -1)	0
16:07:47.070	33	19.2664	(-1, -1)	(-1, -1)	0
16:07:47.107	28	19.2732	(-1, -1)	(-1, -1)	0
16:07:47.142	32	19.2801	(-1, -1)	(-1, -1)	0
16:07:47.183	34	19.2747	(-1, -1)	(-1, -1)	0
16:07:47.226	31	19.2738	(-1, -1)	(-1, -1)	0
16:07:47.268	30	19.2726	(-1, -1)	(-1, -1)	0
16:07:47.301	27	19.3372	(-1, -1)	(-1, -1)	0
16:07:47.336	27	19.3984	(-1, -1)	(-1, -1)	0
16:07:47.371	30	19.2714	(-1, -1)	(-1, -1)	0
16:07:47.406	31	19.2751	(-1, -1)	(-1, -1)	0
16:07:47.449	30	19.2953	(-1, -1)	(-1, -1)	0
16:07:47.490	28	19.2883	(-1, -1)	(-1, -1)	0
16:07:47.524	28	19.2766	(-1, -1)	(-1, -1)	0
16:07:47.559	32	19.273	(-1, -1)	(-1, -1)	0
16:07:47.601	30	19.2816	(-1, -1)	(-1, -1)	0
16:07:47.635	33	19.2759	(-1, -1)	(-1, -1)	0
16:07:47.685	30	19.2883	(-1, -1)	(-1, -1)	0
16:07:47.718	26	19.3622	(-1, -1)	(-1, -1)	0
16:07:47.746	25	19.3834	(-1, -1)	(-1, -1)	0
16:07:47.773	26	19.379	(-1, -1)	(-1, -1)	0
16:07:47.810	31	19.2973	(-1, -1)	(-1, -1)	0
16:07:47.851	31	19.2773	(-1, -1)	(-1, -1)	0
16:07:47.893	31	19.2701	(-1, -1)	(-1, -1)	0
16:07:47.926	26	19.3788	(-1, -1)	(-1, -1)	0
16:07:47.961	26	19.3837	(-1, -1)	(-1, -1)	0
16:07:47.995	27	19.3881	(-1, -1)	(-1, -1)	0
16:07:48.024	28	19.2921	(-1, -1)	(-1, -1)	0
16:07:48.059	31	19.2667	(-1, -1)	(-1, -1)	0
16:07:48.097	32	19.2892	(-1, -1)	(-1, -1)	0
16:07:48.135	25	19.3646	(-1, -1)	(-1, -1)	0
16:07:48.163	26	19.3314	(-1, -1)	(-1, -1)	0
16:07:48.197	27	19.2991	(-1, -1)	(-1, -1)	0
16:07:48.232	28	19.3913	(-1, -1)	(-1, -1)	0
16:07:48.268	33	19.295	(-1, -1)	(-1, -1)	0
16:07:48.311	35	19.2791	(-1, -1)	(-1, -1)	0
16:07:48.351	27	19.2849	(-1, -1)	(-1, -1)	0
16:07:48.385	26	19.393	(-1, -1)	(-1, -1)	0
16:07:48.414	27	19.3019	(-1, -1)	(-1, -1)	0
16:07:48.448	29	19.2699	(-1, -1)	(-1, -1)	0
16:07:48.483	29	19.2735	(-1, -1)	(-1, -1)	0
16:07:48.517	27	19.2911	(-1, -1)	(-1, -1)	0
16:07:48.552	25	19.3736	(-1, -1)	(-1, -1)	0
16:07:48.579	28	19.377	(-1, -1)	(-1, -1)	0
16:07:48.616	31	19.2748	(-1, -1)	(-1, -1)	0
16:07:48.658	30	19.2681	(-1, -1)	(-1, -1)	0
16:07:48.697	30	19.2844	(-1, -1)	(-1, -1)	0
16:07:48.734	28	19.2793	(-1, -1)	(-1, -1)	0
16:07:48.769	29	19.2744	(-1, -1)	(-1, -1)	0
16:07:48.803	27	19.2824	(-1, -1)	(-1, -1)	0
16:07:48.838	31	19.2818	(-1, -1)	(-1, -1)	0
16:07:48.873	32	19.2742	(-1, -1)	(-1, -1)	0
16:07:48.915	31	19.2714	(-1, -1)	(-1, -1)	0
16:07:48.960	27	19.2836	(-1, -1)	(-1, -1)	0
16:07:48.990	28	19.2677	(-1, -1)	(-1, -1)	0
16:07:49.026	31	19.2799	(-1, -1)	(-1, -1)	0
EOM

