BOM
Frame extends: 2263, 1306
_ms_area: 10
measurements taken: 585
current rendering method: 2
is mouse replay: 1
Camera settings: Roation Quaternion: ( -0.128692, 0.174975, 0.834231, -0.506828), Translationsvektor: ( 0.00265135, 0.0781012, 0.575).
System_Time	Elapsed_Time_PaintGL	Elapsed_Kernel_Time	Frame_Coordinates	Grid_Position	Manual_Measurement
16:23:28.250	23	13.2424	(318, 226)	(32, 23)	0
16:23:28.280	22	13.24	(325, 225)	(33, 23)	0
16:23:28.308	23	13.2058	(335, 225)	(34, 23)	0
16:23:28.336	23	13.208	(345, 225)	(35, 23)	0
16:23:28.364	24	13.1896	(357, 225)	(36, 23)	0
16:23:28.393	25	13.1954	(372, 225)	(37, 23)	0
16:23:28.420	24	13.1676	(375, 225)	(38, 23)	0
16:23:28.448	24	13.1936	(385, 225)	(39, 23)	0
16:23:28.475	24	13.18	(395, 225)	(40, 23)	0
16:23:28.504	25	13.1581	(405, 225)	(41, 23)	0
16:23:28.532	25	13.1108	(415, 225)	(42, 23)	0
16:23:28.560	27	13.1455	(425, 225)	(43, 23)	0
16:23:28.595	25	13.1284	(435, 226)	(44, 23)	0
16:23:28.623	25	13.0951	(445, 226)	(45, 23)	0
16:23:28.651	24	13.0729	(455, 226)	(46, 23)	0
16:23:28.684	23	13.0847	(465, 227)	(47, 23)	0
16:23:28.712	23	13.0859	(475, 227)	(48, 23)	0
16:23:28.740	26	13.0596	(485, 228)	(49, 23)	0
16:23:28.775	26	13.039	(495, 228)	(50, 23)	0
16:23:28.810	28	13.048	(505, 229)	(51, 23)	0
16:23:28.845	27	13.004	(515, 229)	(52, 23)	0
16:23:28.880	24	13.0317	(525, 229)	(53, 23)	0
16:23:28.906	26	12.9668	(535, 229)	(54, 23)	0
16:23:28.935	25	12.9996	(545, 229)	(55, 23)	0
16:23:28.969	29	13.0018	(555, 229)	(56, 23)	0
16:23:29.005	27	12.9924	(565, 229)	(57, 23)	0
16:23:29.039	27	12.9719	(575, 229)	(58, 23)	0
16:23:29.074	23	12.9908	(585, 229)	(59, 23)	0
16:23:29.101	23	12.985	(596, 229)	(60, 23)	0
16:23:29.129	24	12.9674	(605, 230)	(61, 23)	0
16:23:29.157	23	12.9348	(615, 230)	(62, 23)	0
16:23:29.184	24	12.9886	(626, 230)	(63, 23)	0
16:23:29.212	24	12.953	(635, 230)	(64, 23)	0
16:23:29.241	24	12.9849	(645, 230)	(65, 23)	0
16:23:29.268	24	12.9455	(655, 230)	(66, 23)	0
16:23:29.296	24	12.984	(665, 230)	(67, 23)	0
16:23:29.324	23	13.0086	(680, 230)	(68, 23)	0
16:23:29.351	24	13.0281	(685, 230)	(69, 23)	0
16:23:29.379	25	12.9945	(695, 230)	(70, 23)	0
16:23:29.407	24	13.0434	(705, 230)	(71, 23)	0
16:23:29.435	23	13.0379	(715, 230)	(72, 23)	0
16:23:29.463	21	13.0335	(725, 230)	(73, 23)	0
16:23:29.490	23	13.0409	(735, 230)	(74, 23)	0
16:23:29.518	22	13.0519	(749, 230)	(75, 23)	0
16:23:29.546	24	13.0551	(756, 230)	(76, 23)	0
16:23:29.574	25	13.0508	(766, 230)	(77, 23)	0
16:23:29.602	26	13.0428	(775, 230)	(78, 23)	0
16:23:29.637	25	13.1084	(785, 230)	(79, 23)	0
16:23:29.664	27	13.1396	(796, 229)	(80, 23)	0
16:23:29.699	24	13.1433	(805, 229)	(81, 23)	0
16:23:29.726	22	13.105	(815, 229)	(82, 23)	0
16:23:29.754	25	13.1479	(825, 228)	(83, 23)	0
16:23:29.785	28	13.103	(835, 228)	(84, 23)	0
16:23:29.818	27	13.1893	(845, 228)	(85, 23)	0
16:23:29.853	27	13.1784	(855, 228)	(86, 23)	0
16:23:29.888	27	13.2047	(865, 228)	(87, 23)	0
16:23:29.922	27	13.2194	(875, 228)	(88, 23)	0
16:23:29.957	23	13.2268	(885, 228)	(89, 23)	0
16:23:29.984	21	13.1873	(895, 228)	(90, 23)	0
16:23:30.012	24	13.237	(905, 228)	(91, 23)	0
16:23:30.040	28	13.2561	(915, 228)	(92, 23)	0
16:23:30.075	29	13.2941	(925, 228)	(93, 23)	0
16:23:30.110	28	13.212	(935, 228)	(94, 23)	0
16:23:30.144	24	13.2964	(945, 227)	(95, 23)	0
16:23:30.172	24	13.2957	(957, 227)	(96, 23)	0
16:23:30.199	24	13.2926	(966, 227)	(97, 23)	0
16:23:30.227	25	13.2828	(975, 227)	(98, 23)	0
16:23:30.256	23	13.3335	(985, 227)	(99, 23)	0
16:23:30.284	24	13.3493	(995, 227)	(100, 23)	0
16:23:30.311	25	13.349	(1005, 227)	(101, 23)	0
16:23:30.339	24	13.3701	(1015, 226)	(102, 23)	0
16:23:30.366	24	13.4003	(1025, 226)	(103, 23)	0
16:23:30.395	24	13.4046	(1035, 226)	(104, 23)	0
16:23:30.423	24	13.409	(1045, 225)	(105, 23)	0
16:23:30.450	24	13.4021	(1055, 225)	(106, 23)	0
16:23:30.478	25	13.5246	(1065, 225)	(107, 23)	0
16:23:30.506	24	13.4296	(1071, 224)	(107, 22)	0
16:23:30.534	23	13.4926	(1075, 224)	(108, 22)	0
16:23:30.561	25	13.4979	(1085, 224)	(109, 22)	0
16:23:30.590	24	13.4551	(1095, 224)	(110, 22)	0
16:23:30.617	24	13.4939	(1105, 224)	(111, 22)	0
16:23:30.645	24	13.541	(1115, 224)	(112, 22)	0
16:23:30.673	24	13.5239	(1125, 224)	(113, 22)	0
16:23:30.701	25	13.5378	(1135, 224)	(114, 22)	0
16:23:30.728	23	13.5681	(1146, 223)	(115, 22)	0
16:23:30.756	24	13.6084	(1155, 223)	(116, 22)	0
16:23:30.784	22	13.5867	(1165, 223)	(117, 22)	0
16:23:30.812	28	13.568	(1175, 223)	(118, 22)	0
16:23:30.846	29	13.559	(1185, 223)	(119, 22)	0
16:23:30.883	28	13.553	(1195, 223)	(120, 22)	0
16:23:30.916	25	13.5961	(1205, 223)	(121, 22)	0
16:23:30.943	24	13.5819	(1215, 223)	(122, 22)	0
16:23:30.971	24	13.6055	(1225, 223)	(123, 22)	0
16:23:30.999	24	13.6132	(1235, 223)	(124, 22)	0
16:23:31.027	24	13.6062	(1245, 223)	(125, 22)	0
16:23:31.054	25	13.5867	(1255, 223)	(126, 22)	0
16:23:31.082	24	13.6039	(1265, 224)	(127, 22)	0
16:23:31.110	24	13.5833	(1275, 224)	(128, 22)	0
16:23:31.138	24	13.5745	(1282, 225)	(128, 23)	0
16:23:31.166	25	13.5908	(1285, 225)	(129, 23)	0
16:23:31.201	29	13.603	(1295, 226)	(130, 23)	0
16:23:31.236	29	13.6068	(1305, 226)	(131, 23)	0
16:23:31.271	28	13.6159	(1316, 228)	(132, 23)	0
16:23:31.306	27	13.5541	(1326, 228)	(133, 23)	0
16:23:31.341	24	13.5547	(1335, 228)	(134, 23)	0
16:23:31.367	24	13.5853	(1345, 229)	(135, 23)	0
16:23:31.395	24	13.5231	(1355, 230)	(136, 23)	0
16:23:31.423	24	13.4852	(1366, 230)	(137, 23)	0
16:23:31.451	28	13.4896	(1375, 230)	(138, 23)	0
16:23:31.487	28	13.5345	(1386, 231)	(139, 23)	0
16:23:31.521	26	13.5111	(1395, 231)	(140, 23)	0
16:23:31.556	24	13.4993	(1405, 232)	(141, 23)	0
16:23:31.584	22	13.4449	(1415, 232)	(142, 23)	0
16:23:31.610	23	13.4529	(1425, 232)	(143, 23)	0
16:23:31.638	25	13.4529	(1435, 233)	(144, 23)	0
16:23:31.667	27	13.3975	(1445, 234)	(145, 23)	0
16:23:31.702	25	13.3536	(1455, 234)	(146, 23)	0
16:23:31.730	23	13.3668	(1465, 234)	(147, 23)	0
16:23:31.756	24	13.3163	(1478, 234)	(148, 23)	0
16:23:31.784	24	13.3625	(1485, 234)	(149, 23)	0
16:23:31.812	25	13.3224	(1488, 235)	(149, 24)	0
16:23:31.841	23	13.299	(1495, 235)	(150, 24)	0
16:23:31.868	24	13.3056	(1506, 235)	(151, 24)	0
16:23:31.896	28	13.2873	(1516, 235)	(152, 24)	0
16:23:31.932	29	13.2363	(1526, 236)	(153, 24)	0
16:23:31.966	28	13.216	(1535, 236)	(154, 24)	0
16:23:32.001	28	13.2359	(1546, 236)	(155, 24)	0
16:23:32.036	38	13.2354	(1556, 237)	(156, 24)	0
16:23:32.077	28	13.2287	(1565, 237)	(157, 24)	0
16:23:32.112	27	13.1637	(1575, 238)	(158, 24)	0
16:23:32.147	27	13.1513	(1585, 238)	(159, 24)	0
16:23:32.182	27	13.1618	(1595, 239)	(160, 24)	0
16:23:32.218	27	13.0573	(1605, 239)	(161, 24)	0
16:23:32.251	27	13.1236	(1615, 240)	(162, 24)	0
16:23:32.286	27	13.1276	(1625, 240)	(163, 24)	0
16:23:32.320	27	13.1176	(1636, 241)	(164, 24)	0
16:23:32.355	26	13.1265	(1645, 242)	(165, 24)	0
16:23:32.389	25	13.0975	(1655, 242)	(166, 24)	0
16:23:32.417	25	13.1265	(1666, 243)	(167, 24)	0
16:23:32.445	24	13.1176	(1676, 244)	(168, 24)	0
16:23:32.473	25	13.1476	(1677, 245)	(168, 25)	0
16:23:32.501	25	13.0997	(1686, 245)	(169, 25)	0
16:23:32.529	24	13.0458	(1696, 246)	(170, 25)	0
16:23:32.556	25	13.0604	(1705, 246)	(171, 25)	0
16:23:32.584	24	13.0849	(1715, 248)	(172, 25)	0
16:23:32.613	25	13.0628	(1726, 249)	(173, 25)	0
16:23:32.646	25	13.064	(1735, 250)	(174, 25)	0
16:23:32.674	26	13.0498	(1745, 251)	(175, 25)	0
16:23:32.703	25	13.0745	(1755, 253)	(176, 25)	0
16:23:32.730	25	13.0427	(1765, 254)	(177, 25)	0
16:23:32.759	25	13.0484	(1768, 255)	(177, 26)	0
16:23:32.786	25	13.0061	(1775, 256)	(178, 26)	0
16:23:32.814	25	13.0241	(1785, 258)	(179, 26)	0
16:23:32.842	25	13.059	(1795, 260)	(180, 26)	0
16:23:32.869	25	13.0264	(1805, 262)	(181, 26)	0
16:23:32.897	24	12.9908	(1815, 264)	(182, 26)	0
16:23:32.925	25	13.0579	(1817, 265)	(182, 27)	0
16:23:32.953	25	13.0778	(1825, 267)	(183, 27)	0
16:23:32.980	24	13.0148	(1838, 271)	(184, 27)	0
16:23:33.008	21	13.0356	(1845, 273)	(185, 27)	0
16:23:33.035	22	13.0624	(1849, 275)	(185, 28)	0
16:23:33.064	28	13.0354	(1858, 278)	(186, 28)	0
16:23:33.099	27	13.0258	(1865, 280)	(187, 28)	0
16:23:33.134	27	13.0133	(1874, 285)	(187, 29)	0
16:23:33.168	26	13.0624	(1875, 285)	(188, 29)	0
16:23:33.195	23	13.0544	(1885, 289)	(189, 29)	0
16:23:33.223	23	12.996	(1895, 294)	(190, 29)	0
16:23:33.251	23	13.0281	(1895, 295)	(190, 30)	0
16:23:33.280	25	13.0479	(1905, 299)	(191, 30)	0
16:23:33.307	25	13.0163	(1912, 305)	(191, 31)	0
16:23:33.335	26	13.0631	(1915, 307)	(192, 31)	0
16:23:33.370	25	13.0247	(1925, 314)	(193, 31)	0
16:23:33.398	25	12.9807	(1926, 315)	(193, 32)	0
16:23:33.425	23	12.9889	(1935, 322)	(194, 32)	0
16:23:33.453	25	13.0132	(1937, 325)	(194, 33)	0
16:23:33.481	26	13.013	(1945, 333)	(195, 33)	0
16:23:33.516	25	13.0175	(1947, 335)	(195, 34)	0
16:23:33.543	23	13.0404	(1955, 344)	(196, 34)	0
16:23:33.572	26	13.0277	(1955, 345)	(196, 35)	0
16:23:33.607	27	13.0397	(1963, 355)	(196, 36)	0
16:23:33.641	23	13.0428	(1965, 358)	(197, 36)	0
16:23:33.669	23	13.0142	(1968, 365)	(197, 37)	0
16:23:33.696	23	13.0382	(1973, 375)	(197, 38)	0
16:23:33.724	23	13.0399	(1975, 379)	(198, 38)	0
16:23:33.752	23	13.0216	(1976, 385)	(198, 39)	0
16:23:33.780	23	13.0425	(1980, 395)	(198, 40)	0
16:23:33.807	24	13.0117	(1982, 405)	(198, 41)	0
16:23:33.835	24	13.0459	(1984, 415)	(198, 42)	0
16:23:33.864	24	13.0997	(1985, 417)	(199, 42)	0
16:23:33.891	27	13.1013	(1985, 425)	(199, 43)	0
16:23:33.928	28	13.0099	(1987, 435)	(199, 44)	0
16:23:33.961	29	13.0461	(1988, 445)	(199, 45)	0
16:23:33.996	29	13.0799	(1989, 455)	(199, 46)	0
16:23:34.031	27	13.0843	(1989, 465)	(199, 47)	0
16:23:34.065	24	13.084	(1989, 475)	(199, 48)	0
16:23:34.093	23	13.0584	(1988, 485)	(199, 49)	0
16:23:34.120	24	13.103	(1985, 495)	(199, 50)	0
16:23:34.148	25	13.0673	(1984, 495)	(198, 50)	0
16:23:34.177	24	13.0668	(1980, 505)	(198, 51)	0
16:23:34.204	24	13.1074	(1972, 516)	(197, 52)	0
16:23:34.232	24	13.0446	(1965, 525)	(197, 53)	0
16:23:34.260	24	13.0607	(1964, 526)	(196, 53)	0
16:23:34.287	24	13.0433	(1954, 534)	(195, 53)	0
16:23:34.315	24	13.0569	(1953, 535)	(195, 54)	0
16:23:34.343	27	13.0173	(1944, 539)	(194, 54)	0
16:23:34.379	24	13.0597	(1937, 545)	(194, 55)	0
16:23:34.405	25	13.0382	(1934, 547)	(193, 55)	0
16:23:34.433	25	13.0927	(1924, 555)	(192, 56)	0
16:23:34.462	22	13.0744	(1914, 561)	(191, 56)	0
16:23:34.488	23	13.0861	(1907, 565)	(191, 57)	0
16:23:34.516	24	13.0498	(1904, 567)	(190, 57)	0
16:23:34.544	24	13.0819	(1894, 572)	(189, 57)	0
16:23:34.572	25	13.0864	(1890, 575)	(189, 58)	0
16:23:34.600	25	13.1191	(1884, 577)	(188, 58)	0
16:23:34.628	23	13.0739	(1874, 581)	(187, 58)	0
16:23:34.655	23	13.1105	(1866, 585)	(187, 59)	0
16:23:34.683	23	13.1219	(1864, 585)	(186, 59)	0
16:23:34.711	21	13.0794	(1854, 590)	(185, 59)	0
16:23:34.739	26	13.1296	(1844, 594)	(184, 59)	0
16:23:34.775	25	13.1363	(1843, 595)	(184, 60)	0
16:23:34.809	28	13.1431	(1834, 597)	(183, 60)	0
16:23:34.845	29	13.0745	(1823, 601)	(182, 60)	0
16:23:34.879	25	13.1813	(1810, 606)	(181, 61)	0
16:23:34.906	24	13.2047	(1804, 609)	(180, 61)	0
16:23:34.934	25	13.2329	(1794, 612)	(179, 61)	0
16:23:34.962	27	13.1873	(1787, 615)	(179, 62)	0
16:23:34.997	27	13.1881	(1784, 616)	(178, 62)	0
16:23:35.032	28	13.252	(1774, 619)	(177, 62)	0
16:23:35.067	27	13.2401	(1764, 622)	(176, 62)	0
16:23:35.101	25	13.2433	(1758, 625)	(176, 63)	0
16:23:35.128	27	13.2513	(1754, 626)	(175, 63)	0
16:23:35.164	28	13.2121	(1744, 628)	(174, 63)	0
16:23:35.199	28	13.2249	(1734, 631)	(173, 63)	0
16:23:35.234	27	13.2513	(1724, 633)	(172, 63)	0
16:23:35.269	26	13.2742	(1715, 635)	(172, 64)	0
16:23:35.302	24	13.275	(1714, 635)	(171, 64)	0
16:23:35.330	37	13.2384	(1704, 637)	(170, 64)	0
16:23:35.371	24	13.22	(1694, 638)	(169, 64)	0
16:23:35.399	24	13.2581	(1684, 640)	(168, 64)	0
16:23:35.427	24	13.2719	(1674, 641)	(167, 64)	0
16:23:35.456	24	13.261	(1664, 642)	(166, 64)	0
16:23:35.484	23	13.2399	(1654, 643)	(165, 64)	0
16:23:35.511	24	13.2505	(1644, 644)	(164, 64)	0
16:23:35.538	24	13.2582	(1633, 644)	(163, 64)	0
16:23:35.566	25	13.2166	(1624, 644)	(162, 64)	0
16:23:35.595	23	13.2219	(1614, 644)	(161, 64)	0
16:23:35.622	24	13.2561	(1604, 644)	(160, 64)	0
16:23:35.650	24	13.2596	(1594, 644)	(159, 64)	0
16:23:35.678	24	13.2342	(1584, 644)	(158, 64)	0
16:23:35.706	24	13.249	(1574, 644)	(157, 64)	0
16:23:35.733	24	13.275	(1564, 644)	(156, 64)	0
16:23:35.761	24	13.2887	(1554, 644)	(155, 64)	0
16:23:35.789	24	13.2799	(1548, 645)	(155, 65)	0
16:23:35.817	25	13.2664	(1544, 645)	(154, 65)	0
16:23:35.845	24	13.2757	(1534, 645)	(153, 65)	0
16:23:35.873	23	13.353	(1524, 646)	(152, 65)	0
16:23:35.901	24	13.3458	(1514, 647)	(151, 65)	0
16:23:35.928	21	13.3116	(1504, 648)	(150, 65)	0
16:23:35.956	24	13.3308	(1494, 649)	(149, 65)	0
16:23:35.991	25	13.4021	(1484, 651)	(148, 65)	0
16:23:36.019	26	13.3249	(1474, 652)	(147, 65)	0
16:23:36.053	26	13.3166	(1464, 652)	(146, 65)	0
16:23:36.088	26	13.3073	(1454, 653)	(145, 65)	0
16:23:36.122	24	13.369	(1444, 654)	(144, 65)	0
16:23:36.150	24	13.3895	(1434, 654)	(143, 65)	0
16:23:36.178	22	13.376	(1419, 654)	(142, 65)	0
16:23:36.206	25	13.331	(1414, 654)	(141, 65)	0
16:23:36.235	24	13.368	(1404, 654)	(140, 65)	0
16:23:36.261	24	13.3985	(1394, 654)	(139, 65)	0
16:23:36.289	24	13.3178	(1384, 654)	(138, 65)	0
16:23:36.317	22	13.3276	(1374, 654)	(137, 65)	0
16:23:36.344	24	13.3022	(1356, 653)	(136, 65)	0
16:23:36.373	26	13.3193	(1354, 653)	(135, 65)	0
16:23:36.408	25	13.2761	(1344, 652)	(134, 65)	0
16:23:36.436	25	13.3447	(1334, 651)	(133, 65)	0
16:23:36.470	26	13.3382	(1323, 651)	(132, 65)	0
16:23:36.506	25	13.3633	(1314, 650)	(131, 65)	0
16:23:36.540	26	13.2763	(1303, 649)	(130, 65)	0
16:23:36.575	26	13.2573	(1294, 648)	(129, 65)	0
16:23:36.610	25	13.2794	(1284, 647)	(128, 65)	0
16:23:36.644	25	13.2947	(1274, 647)	(127, 65)	0
16:23:36.672	25	13.2658	(1264, 646)	(126, 65)	0
16:23:36.707	26	13.2684	(1256, 644)	(126, 64)	0
16:23:36.735	23	13.2761	(1254, 644)	(125, 64)	0
16:23:36.762	24	13.3099	(1244, 643)	(124, 64)	0
16:23:36.790	26	13.3467	(1234, 643)	(123, 64)	0
16:23:36.825	26	13.2747	(1224, 641)	(122, 64)	0
16:23:36.860	25	13.2905	(1214, 641)	(121, 64)	0
16:23:36.894	26	13.3243	(1204, 641)	(120, 64)	0
16:23:36.929	24	13.3153	(1194, 640)	(119, 64)	0
16:23:36.956	24	13.2824	(1184, 639)	(118, 64)	0
16:23:36.984	24	13.3064	(1174, 639)	(117, 64)	0
16:23:37.013	23	13.2973	(1164, 637)	(116, 64)	0
16:23:37.040	27	13.3256	(1154, 637)	(115, 64)	0
16:23:37.076	29	13.2905	(1144, 636)	(114, 64)	0
16:23:37.111	30	13.3074	(1134, 636)	(113, 64)	0
16:23:37.145	24	13.4114	(1124, 635)	(112, 64)	0
16:23:37.172	24	13.4188	(1114, 635)	(111, 64)	0
16:23:37.200	24	13.3551	(1110, 634)	(111, 63)	0
16:23:37.228	24	13.3846	(1104, 634)	(110, 63)	0
16:23:37.256	24	13.4753	(1093, 633)	(109, 63)	0
16:23:37.283	24	13.4465	(1084, 632)	(108, 63)	0
16:23:37.311	24	13.5019	(1074, 632)	(107, 63)	0
16:23:37.339	24	13.4591	(1064, 631)	(106, 63)	0
16:23:37.367	24	13.5447	(1051, 631)	(105, 63)	0
16:23:37.394	23	13.5418	(1032, 629)	(103, 63)	0
16:23:37.422	22	13.5508	(1024, 629)	(102, 63)	0
16:23:37.451	25	13.531	(1014, 629)	(101, 63)	0
16:23:37.486	27	13.6107	(1004, 628)	(100, 63)	0
16:23:37.520	28	13.6496	(994, 627)	(99, 63)	0
16:23:37.556	24	13.6209	(984, 627)	(98, 63)	0
16:23:37.582	24	13.6153	(974, 627)	(97, 63)	0
16:23:37.610	22	13.7126	(964, 626)	(96, 63)	0
16:23:37.637	27	13.7341	(954, 626)	(95, 63)	0
16:23:37.674	26	13.7348	(944, 626)	(94, 63)	0
16:23:37.709	26	13.7519	(934, 625)	(93, 63)	0
16:23:37.744	27	13.732	(927, 624)	(93, 62)	0
16:23:37.778	28	13.7896	(924, 624)	(92, 62)	0
16:23:37.812	25	13.777	(914, 623)	(91, 62)	0
16:23:37.840	28	13.7803	(904, 622)	(90, 62)	0
16:23:37.875	28	13.7917	(894, 621)	(89, 62)	0
16:23:37.910	28	13.7957	(884, 620)	(88, 62)	0
16:23:37.944	28	13.7972	(873, 619)	(87, 62)	0
16:23:37.979	28	13.7797	(864, 619)	(86, 62)	0
16:23:38.013	26	13.7836	(854, 619)	(85, 62)	0
16:23:38.042	28	13.809	(843, 618)	(84, 62)	0
16:23:38.076	28	13.7665	(834, 618)	(83, 62)	0
16:23:38.112	29	13.7185	(823, 617)	(82, 62)	0
16:23:38.146	28	13.7147	(814, 617)	(81, 62)	0
16:23:38.181	26	13.7354	(804, 617)	(80, 62)	0
16:23:38.215	24	13.736	(794, 617)	(79, 62)	0
16:23:38.243	24	13.6819	(784, 616)	(78, 62)	0
16:23:38.270	25	13.6908	(772, 616)	(77, 62)	0
16:23:38.298	25	13.7012	(764, 615)	(76, 62)	0
16:23:38.326	25	13.7018	(754, 615)	(75, 62)	0
16:23:38.354	24	13.6299	(744, 615)	(74, 62)	0
16:23:38.388	27	13.8225	(734, 615)	(73, 62)	0
16:23:38.424	23	13.6576	(724, 615)	(72, 62)	0
16:23:38.451	27	13.6299	(714, 615)	(71, 62)	0
16:23:38.488	27	13.5908	(704, 615)	(70, 62)	0
16:23:38.521	28	13.5646	(694, 615)	(69, 62)	0
16:23:38.557	27	13.6058	(684, 615)	(68, 62)	0
16:23:38.591	27	13.5818	(674, 615)	(67, 62)	0
16:23:38.626	25	13.536	(664, 616)	(66, 62)	0
16:23:38.652	24	13.512	(654, 617)	(65, 62)	0
16:23:38.680	24	13.5951	(644, 618)	(64, 62)	0
16:23:38.708	24	13.5329	(634, 618)	(63, 62)	0
16:23:38.738	28	13.5296	(624, 619)	(62, 62)	0
16:23:38.772	28	13.5117	(614, 619)	(61, 62)	0
16:23:38.807	26	13.5199	(604, 621)	(60, 62)	0
16:23:38.841	24	13.5553	(594, 621)	(59, 62)	0
16:23:38.869	23	13.5059	(584, 622)	(58, 62)	0
16:23:38.896	24	13.5511	(574, 624)	(57, 62)	0
16:23:38.924	24	13.5436	(566, 625)	(57, 63)	0
16:23:38.952	23	13.5625	(564, 625)	(56, 63)	0
16:23:38.979	24	13.5754	(554, 625)	(55, 63)	0
16:23:39.007	25	13.5367	(544, 626)	(54, 63)	0
16:23:39.036	23	13.5394	(534, 628)	(53, 63)	0
16:23:39.063	22	13.599	(524, 629)	(52, 63)	0
16:23:39.092	29	13.6179	(514, 631)	(51, 63)	0
16:23:39.127	27	13.6216	(504, 633)	(50, 63)	0
16:23:39.161	28	13.6433	(494, 634)	(49, 63)	0
16:23:39.196	29	13.671	(493, 635)	(49, 64)	0
16:23:39.230	27	13.6661	(484, 637)	(48, 64)	0
16:23:39.265	26	13.6999	(467, 641)	(47, 64)	0
16:23:39.301	28	13.6775	(464, 642)	(46, 64)	0
16:23:39.335	27	13.7182	(458, 645)	(46, 65)	0
16:23:39.369	29	13.7039	(454, 646)	(45, 65)	0
16:23:39.405	28	13.7533	(444, 650)	(44, 65)	0
16:23:39.439	26	13.7603	(434, 654)	(43, 65)	0
16:23:39.473	24	13.7439	(432, 655)	(43, 66)	0
16:23:39.501	24	13.773	(424, 658)	(42, 66)	0
16:23:39.529	24	13.7751	(414, 662)	(41, 66)	0
16:23:39.556	24	13.8111	(409, 665)	(41, 67)	0
16:23:39.585	23	13.8716	(404, 667)	(40, 67)	0
16:23:39.613	27	13.901	(394, 671)	(39, 67)	0
16:23:39.648	25	13.9321	(387, 675)	(39, 68)	0
16:23:39.675	24	13.8542	(384, 676)	(38, 68)	0
16:23:39.703	25	13.8717	(374, 680)	(37, 68)	0
16:23:39.731	23	13.9043	(367, 685)	(37, 69)	0
16:23:39.758	25	13.9431	(364, 687)	(36, 69)	0
16:23:39.786	25	13.9696	(356, 695)	(36, 70)	0
16:23:39.814	26	13.9717	(354, 695)	(35, 70)	0
16:23:39.842	25	13.9862	(344, 704)	(34, 70)	0
16:23:39.870	24	14.001	(344, 705)	(34, 71)	0
16:23:39.897	25	14.0827	(337, 715)	(34, 72)	0
16:23:39.926	24	14.0074	(335, 725)	(34, 73)	0
16:23:39.953	25	14.0141	(334, 727)	(33, 73)	0
16:23:39.980	26	14.075	(331, 735)	(33, 74)	0
16:23:40.009	25	14.0576	(329, 746)	(33, 75)	0
16:23:40.036	26	14.0772	(329, 755)	(33, 76)	0
16:23:40.064	24	14.0394	(329, 765)	(33, 77)	0
16:23:40.092	24	14.077	(329, 775)	(33, 78)	0
16:23:40.119	26	14.085	(329, 785)	(33, 79)	0
16:23:40.148	25	14.0606	(329, 795)	(33, 80)	0
16:23:40.176	25	14.0578	(329, 805)	(33, 81)	0
16:23:40.203	26	14.0748	(329, 833)	(33, 83)	0
16:23:40.231	25	14.0434	(329, 836)	(33, 84)	0
16:23:40.259	24	14.0293	(329, 845)	(33, 85)	0
16:23:40.286	23	14.0713	(329, 855)	(33, 86)	0
16:23:40.314	25	14.0304	(330, 865)	(33, 87)	0
16:23:40.342	24	14.0191	(332, 875)	(33, 88)	0
16:23:40.370	28	13.9797	(335, 883)	(34, 88)	0
16:23:40.404	26	13.9836	(335, 885)	(34, 89)	0
16:23:40.439	27	14.0585	(338, 895)	(34, 90)	0
16:23:40.474	24	14.0287	(341, 905)	(34, 91)	0
16:23:40.502	24	14.0523	(345, 914)	(35, 91)	0
16:23:40.530	24	14.0184	(346, 915)	(35, 92)	0
16:23:40.558	24	13.9538	(350, 925)	(35, 93)	0
16:23:40.586	26	13.9699	(355, 931)	(36, 93)	0
16:23:40.621	28	13.9896	(357, 935)	(36, 94)	0
16:23:40.656	28	14.0058	(364, 945)	(36, 95)	0
16:23:40.690	24	13.9879	(365, 945)	(37, 95)	0
16:23:40.718	24	13.9622	(373, 955)	(37, 96)	0
16:23:40.746	28	13.9493	(375, 956)	(38, 96)	0
16:23:40.781	28	13.9431	(384, 965)	(38, 97)	0
16:23:40.815	29	13.9886	(385, 966)	(39, 97)	0
16:23:40.851	29	13.9667	(395, 975)	(40, 98)	0
16:23:40.885	27	13.935	(405, 982)	(41, 98)	0
16:23:40.919	25	13.9181	(411, 987)	(41, 99)	0
16:23:40.947	25	13.8643	(415, 989)	(42, 99)	0
16:23:40.975	25	13.8271	(423, 995)	(42, 100)	0
16:23:41.003	24	13.8837	(425, 996)	(43, 100)	0
16:23:41.031	26	13.8744	(435, 1001)	(44, 100)	0
16:23:41.066	25	13.8966	(441, 1005)	(44, 101)	0
16:23:41.093	26	13.8439	(446, 1007)	(45, 101)	0
16:23:41.120	26	13.8296	(455, 1012)	(46, 101)	0
16:23:41.155	26	13.8474	(461, 1015)	(46, 102)	0
16:23:41.184	25	13.8563	(465, 1017)	(47, 102)	0
16:23:41.211	24	13.833	(475, 1022)	(48, 102)	0
16:23:41.239	27	13.819	(481, 1025)	(48, 103)	0
16:23:41.275	26	13.871	(485, 1026)	(49, 103)	0
16:23:41.309	26	13.8076	(495, 1030)	(50, 103)	0
16:23:41.337	25	13.8542	(505, 1034)	(51, 103)	0
16:23:41.364	26	13.7923	(506, 1035)	(51, 104)	0
16:23:41.392	25	13.8071	(515, 1037)	(52, 104)	0
16:23:41.420	24	13.8461	(525, 1040)	(53, 104)	0
16:23:41.448	25	13.8049	(540, 1043)	(54, 104)	0
16:23:41.476	24	13.8019	(545, 1044)	(55, 104)	0
16:23:41.505	26	13.8021	(549, 1045)	(55, 105)	0
16:23:41.538	25	13.8314	(555, 1046)	(56, 105)	0
16:23:41.566	24	13.7963	(577, 1050)	(58, 105)	0
16:23:41.594	24	13.7781	(585, 1052)	(59, 105)	0
16:23:41.621	25	13.7613	(595, 1053)	(60, 105)	0
16:23:41.650	26	13.7773	(605, 1054)	(61, 105)	0
16:23:41.684	24	13.7326	(608, 1055)	(61, 106)	0
16:23:41.713	23	13.7253	(615, 1056)	(62, 106)	0
16:23:41.739	23	13.7606	(625, 1057)	(63, 106)	0
16:23:41.769	26	13.7142	(635, 1058)	(64, 106)	0
16:23:41.803	27	13.6947	(645, 1059)	(65, 106)	0
16:23:41.838	27	13.6824	(655, 1060)	(66, 106)	0
16:23:41.872	28	13.7021	(665, 1061)	(67, 106)	0
16:23:41.907	25	13.6991	(675, 1061)	(68, 106)	0
16:23:41.935	23	13.6484	(685, 1063)	(69, 106)	0
16:23:41.962	22	13.5729	(695, 1063)	(70, 106)	0
16:23:41.990	26	13.5978	(705, 1064)	(71, 106)	0
16:23:42.025	28	13.593	(715, 1064)	(72, 106)	0
16:23:42.060	27	13.5628	(719, 1065)	(72, 107)	0
16:23:42.095	27	13.5853	(725, 1065)	(73, 107)	0
16:23:42.129	24	13.4959	(735, 1066)	(74, 107)	0
16:23:42.157	28	13.5305	(745, 1066)	(75, 107)	0
16:23:42.192	28	13.4982	(755, 1066)	(76, 107)	0
16:23:42.227	28	13.4939	(765, 1066)	(77, 107)	0
16:23:42.262	27	13.4505	(775, 1067)	(78, 107)	0
16:23:42.297	28	13.5061	(785, 1067)	(79, 107)	0
16:23:42.331	24	13.4824	(795, 1068)	(80, 107)	0
16:23:42.358	24	13.4969	(805, 1069)	(81, 107)	0
16:23:42.386	33	13.4744	(815, 1070)	(82, 107)	0
16:23:42.422	28	13.5173	(825, 1071)	(83, 107)	0
16:23:42.456	28	13.4856	(835, 1072)	(84, 107)	0
16:23:42.491	29	13.4908	(845, 1073)	(85, 107)	0
16:23:42.526	25	13.38	(856, 1074)	(86, 107)	0
16:23:42.553	24	13.4009	(862, 1075)	(86, 108)	0
16:23:42.581	28	13.4262	(865, 1075)	(87, 108)	0
16:23:42.617	27	13.4194	(875, 1075)	(88, 108)	0
16:23:42.651	28	13.4022	(885, 1076)	(89, 108)	0
16:23:42.686	28	13.3367	(895, 1077)	(90, 108)	0
16:23:42.721	23	13.3541	(905, 1078)	(91, 108)	0
16:23:42.747	24	13.3289	(915, 1078)	(92, 108)	0
16:23:42.775	27	13.3041	(925, 1079)	(93, 108)	0
16:23:42.811	27	13.2926	(935, 1080)	(94, 108)	0
16:23:42.846	36	13.3059	(945, 1081)	(95, 108)	0
16:23:42.887	28	13.2547	(955, 1082)	(96, 108)	0
16:23:42.923	26	13.3073	(965, 1082)	(97, 108)	0
16:23:42.956	24	13.1828	(975, 1083)	(98, 108)	0
16:23:42.984	24	13.1507	(986, 1083)	(99, 108)	0
16:23:43.011	25	13.1846	(995, 1084)	(100, 108)	0
16:23:43.040	24	13.1624	(1005, 1084)	(101, 108)	0
16:23:43.067	25	13.044	(1015, 1084)	(102, 108)	0
16:23:43.095	24	13.0793	(1017, 1085)	(102, 109)	0
16:23:43.123	23	13.0502	(1025, 1085)	(103, 109)	0
16:23:43.150	23	12.9935	(1040, 1085)	(104, 109)	0
16:23:43.178	22	12.9627	(1048, 1085)	(105, 109)	0
16:23:43.206	22	12.9647	(1055, 1086)	(106, 109)	0
16:23:43.235	25	12.9655	(1065, 1086)	(107, 109)	0
16:23:43.269	25	12.9273	(1075, 1086)	(108, 109)	0
16:23:43.297	26	12.9341	(1085, 1086)	(109, 109)	0
16:23:43.325	26	12.9064	(1096, 1086)	(110, 109)	0
16:23:43.353	22	12.8914	(1105, 1086)	(111, 109)	0
16:23:43.380	23	12.8843	(1115, 1086)	(112, 109)	0
16:23:43.408	23	12.8649	(1126, 1086)	(113, 109)	0
16:23:43.436	24	12.8212	(1135, 1086)	(114, 109)	0
16:23:43.464	26	12.8542	(1146, 1086)	(115, 109)	0
16:23:43.498	27	12.8705	(1155, 1086)	(116, 109)	0
16:23:43.534	25	12.8364	(1166, 1086)	(117, 109)	0
16:23:43.568	26	12.8321	(1175, 1086)	(118, 109)	0
16:23:43.603	26	12.8458	(1185, 1085)	(119, 109)	0
16:23:43.638	25	12.8625	(1188, 1084)	(119, 108)	0
16:23:43.666	26	12.8643	(1195, 1084)	(120, 108)	0
16:23:43.701	23	12.8366	(1205, 1082)	(121, 108)	0
16:23:43.728	23	12.8507	(1215, 1081)	(122, 108)	0
16:23:43.755	23	12.8895	(1225, 1081)	(123, 108)	0
16:23:43.784	23	12.8671	(1235, 1081)	(124, 108)	0
16:23:43.811	23	12.8705	(1245, 1080)	(125, 108)	0
16:23:43.839	22	12.8471	(1255, 1080)	(126, 108)	0
16:23:43.867	23	12.8815	(1265, 1079)	(127, 108)	0
16:23:43.895	22	12.8738	(1275, 1078)	(128, 108)	0
16:23:43.922	23	12.8536	(1286, 1077)	(129, 108)	0
16:23:43.950	24	12.8539	(1295, 1077)	(130, 108)	0
16:23:43.978	23	12.8887	(1305, 1077)	(131, 108)	0
16:23:44.006	23	12.903	(1315, 1077)	(132, 108)	0
16:23:44.034	22	12.919	(1325, 1077)	(133, 108)	0
16:23:44.061	24	12.8836	(1335, 1077)	(134, 108)	0
16:23:44.089	24	12.9427	(1345, 1077)	(135, 108)	0
16:23:44.117	22	12.937	(1355, 1077)	(136, 108)	0
16:23:44.144	23	12.9487	(1365, 1079)	(137, 108)	0
16:23:44.172	25	12.9283	(1375, 1080)	(138, 108)	0
16:23:44.200	24	12.9723	(1385, 1081)	(139, 108)	0
16:23:44.229	22	12.9942	(1395, 1081)	(140, 108)	0
16:23:44.256	23	12.965	(1405, 1083)	(141, 108)	0
16:23:44.284	23	12.9879	(1416, 1084)	(142, 108)	0
16:23:44.312	24	13.0052	(1418, 1085)	(142, 109)	0
16:23:44.339	24	13.0201	(1425, 1085)	(143, 109)	0
16:23:44.367	24	13.0258	(1437, 1088)	(144, 109)	0
16:23:44.396	24	13.0444	(1445, 1088)	(145, 109)	0
16:23:44.423	24	13.016	(1455, 1089)	(146, 109)	0
16:23:44.451	27	13.0267	(1465, 1090)	(147, 109)	0
16:23:44.487	29	13.0615	(1476, 1091)	(148, 109)	0
16:23:44.521	30	13.0806	(1485, 1092)	(149, 109)	0
16:23:44.556	29	13.0283	(1495, 1093)	(150, 109)	0
16:23:44.591	29	13.1216	(1505, 1093)	(151, 109)	0
16:23:44.625	26	13.1036	(1515, 1093)	(152, 109)	0
16:23:44.659	22	13.1	(1525, 1093)	(153, 109)	0
16:23:44.686	23	13.1046	(1535, 1094)	(154, 109)	0
16:23:44.714	24	13.1321	(1545, 1094)	(155, 109)	0
16:23:44.743	26	13.1224	(1555, 1094)	(156, 109)	0
16:23:44.778	26	13.1441	(1565, 1094)	(157, 109)	0
16:23:44.813	25	13.1175	(1566, 1095)	(157, 110)	0
16:23:44.840	26	13.1298	(1575, 1095)	(158, 110)	0
16:23:44.876	23	13.1739	(1585, 1095)	(159, 110)	0
16:23:44.903	22	13.169	(1596, 1096)	(160, 110)	0
16:23:44.930	27	13.2099	(1605, 1096)	(161, 110)	0
16:23:44.965	28	13.1664	(1615, 1096)	(162, 110)	0
16:23:45.001	27	13.2499	(1625, 1097)	(163, 110)	0
16:23:45.035	24	13.2453	(1635, 1097)	(164, 110)	0
16:23:45.062	24	13.2726	(1645, 1097)	(165, 110)	0
16:23:45.090	24	13.2079	(1655, 1098)	(166, 110)	0
16:23:45.117	24	13.2299	(1665, 1098)	(167, 110)	0
16:23:45.146	24	13.2504	(1675, 1099)	(168, 110)	0
16:23:45.174	24	13.2625	(1685, 1099)	(169, 110)	0
16:23:45.202	23	13.243	(1695, 1100)	(170, 110)	0
16:23:45.230	23	13.2788	(1705, 1100)	(171, 110)	0
16:23:45.257	28	13.2979	(1715, 1101)	(172, 110)	0
16:23:45.293	29	13.2793	(1725, 1101)	(173, 110)	0
16:23:45.328	29	13.2661	(1735, 1103)	(174, 110)	0
16:23:45.363	29	13.2698	(1748, 1104)	(175, 110)	0
16:23:45.397	29	13.2951	(1753, 1105)	(175, 111)	0
16:23:45.433	27	13.2585	(1755, 1105)	(176, 111)	0
16:23:45.466	25	13.2659	(1765, 1106)	(177, 111)	0
16:23:45.494	25	13.2741	(1775, 1107)	(178, 111)	0
16:23:45.521	26	13.3268	(1785, 1108)	(179, 111)	0
16:23:45.557	29	13.2997	(1798, 1109)	(180, 111)	0
16:23:45.592	32	13.2422	(1806, 1111)	(181, 111)	0
16:23:45.636	31	13.2279	(1815, 1112)	(182, 111)	0
16:23:45.675	25	13.3344	(1825, 1112)	(183, 111)	0
16:23:45.702	25	13.331	(1835, 1113)	(184, 111)	0
16:23:45.732	25	13.2782	(1850, 1114)	(185, 111)	0
16:23:45.769	25	13.2323	(1855, 1114)	(186, 111)	0
16:23:45.803	26	13.2748	(1858, 1115)	(186, 112)	0
16:23:45.836	26	13.3055	(1865, 1116)	(187, 112)	0
16:23:45.873	26	13.2908	(1877, 1117)	(188, 112)	0
16:23:45.906	25	13.3541	(1885, 1118)	(189, 112)	0
16:23:45.941	24	13.3332	(1895, 1120)	(190, 112)	0
16:23:45.975	25	13.3519	(1905, 1121)	(191, 112)	0
16:23:46.010	24	11.908	(0, 0)	(0, 0)	0
EOM

