BOM
Frame extends: 2263, 1306
_ms_area: 10
measurements taken: 585
current rendering method: 1
is mouse replay: 1
Camera settings: Roation Quaternion: ( -0.128692, 0.174975, 0.834231, -0.506828), Translationsvektor: ( 0.00265135, 0.0781012, 0.575).
System_Time	Elapsed_Time_PaintGL	Elapsed_Kernel_Time	Frame_Coordinates	Grid_Position	Manual_Measurement
16:22:53.181	25	8.97437	(318, 226)	(32, 23)	0
16:22:53.209	23	8.90622	(325, 225)	(33, 23)	0
16:22:53.237	23	8.87748	(335, 225)	(34, 23)	0
16:22:53.264	25	8.83081	(345, 225)	(35, 23)	0
16:22:53.293	23	8.77615	(357, 225)	(36, 23)	0
16:22:53.320	24	8.7077	(372, 225)	(37, 23)	0
16:22:53.348	24	8.71318	(375, 225)	(38, 23)	0
16:22:53.376	24	8.67245	(385, 225)	(39, 23)	0
16:22:53.404	23	8.67156	(395, 225)	(40, 23)	0
16:22:53.432	22	8.65348	(405, 225)	(41, 23)	0
16:22:53.459	27	8.60711	(415, 225)	(42, 23)	0
16:22:53.495	31	8.53215	(425, 225)	(43, 23)	0
16:22:53.529	28	8.49585	(435, 226)	(44, 23)	0
16:22:53.564	28	8.48193	(445, 226)	(45, 23)	0
16:22:53.599	25	8.44874	(455, 226)	(46, 23)	0
16:22:53.626	23	8.42933	(465, 227)	(47, 23)	0
16:22:53.654	22	8.36963	(475, 227)	(48, 23)	0
16:22:53.682	23	8.33037	(485, 228)	(49, 23)	0
16:22:53.709	25	8.26089	(495, 228)	(50, 23)	0
16:22:53.739	31	8.15555	(505, 229)	(51, 23)	0
16:22:53.773	29	8.10148	(515, 229)	(52, 23)	0
16:22:53.808	26	8.04859	(525, 229)	(53, 23)	0
16:22:53.843	26	8.04237	(535, 229)	(54, 23)	0
16:22:53.877	27	7.95881	(545, 229)	(55, 23)	0
16:22:53.912	26	7.93407	(555, 229)	(56, 23)	0
16:22:53.940	26	7.83852	(565, 229)	(57, 23)	0
16:22:53.974	26	7.85763	(575, 229)	(58, 23)	0
16:22:54.002	34	7.78519	(585, 229)	(59, 23)	0
16:22:54.043	25	7.80607	(596, 229)	(60, 23)	0
16:22:54.072	29	7.75052	(605, 230)	(61, 23)	0
16:22:54.107	29	7.7437	(615, 230)	(62, 23)	0
16:22:54.142	28	7.74993	(626, 230)	(63, 23)	0
16:22:54.176	30	7.74489	(635, 230)	(64, 23)	0
16:22:54.212	25	7.74326	(645, 230)	(65, 23)	0
16:22:54.245	22	7.76696	(655, 230)	(66, 23)	0
16:22:54.273	22	7.76222	(665, 230)	(67, 23)	0
16:22:54.300	23	7.74844	(680, 230)	(68, 23)	0
16:22:54.328	23	7.74904	(685, 230)	(69, 23)	0
16:22:54.356	27	7.74533	(695, 230)	(70, 23)	0
16:22:54.392	28	7.72252	(705, 230)	(71, 23)	0
16:22:54.427	23	7.77956	(715, 230)	(72, 23)	0
16:22:54.454	22	7.78919	(725, 230)	(73, 23)	0
16:22:54.481	24	7.83467	(735, 230)	(74, 23)	0
16:22:54.509	24	7.86237	(749, 230)	(75, 23)	0
16:22:54.537	24	7.91378	(756, 230)	(76, 23)	0
16:22:54.566	23	7.93348	(766, 230)	(77, 23)	0
16:22:54.592	24	7.98593	(775, 230)	(78, 23)	0
16:22:54.621	23	8.03452	(785, 230)	(79, 23)	0
16:22:54.648	22	8.09052	(796, 229)	(80, 23)	0
16:22:54.675	24	8.132	(805, 229)	(81, 23)	0
16:22:54.705	23	8.18593	(815, 229)	(82, 23)	0
16:22:54.732	24	8.22607	(825, 228)	(83, 23)	0
16:22:54.759	25	8.29541	(835, 228)	(84, 23)	0
16:22:54.788	23	8.31037	(845, 228)	(85, 23)	0
16:22:54.817	23	8.32341	(855, 228)	(86, 23)	0
16:22:54.842	24	8.42045	(865, 228)	(87, 23)	0
16:22:54.870	24	8.4757	(875, 228)	(88, 23)	0
16:22:54.898	22	8.50874	(885, 228)	(89, 23)	0
16:22:54.926	23	8.55378	(895, 228)	(90, 23)	0
16:22:54.954	24	8.58326	(905, 228)	(91, 23)	0
16:22:54.982	24	8.62415	(915, 228)	(92, 23)	0
16:22:55.010	24	8.69037	(925, 228)	(93, 23)	0
16:22:55.037	25	8.73882	(935, 228)	(94, 23)	0
16:22:55.065	26	8.81422	(945, 227)	(95, 23)	0
16:22:55.094	24	8.87867	(957, 227)	(96, 23)	0
16:22:55.121	26	8.96593	(966, 227)	(97, 23)	0
16:22:55.148	25	9.04015	(975, 227)	(98, 23)	0
16:22:55.177	24	9.11615	(985, 227)	(99, 23)	0
16:22:55.204	25	9.24044	(995, 227)	(100, 23)	0
16:22:55.232	26	9.28667	(1005, 227)	(101, 23)	0
16:22:55.260	24	9.38459	(1015, 226)	(102, 23)	0
16:22:55.288	25	9.46356	(1025, 226)	(103, 23)	0
16:22:55.316	24	9.52237	(1035, 226)	(104, 23)	0
16:22:55.344	24	9.61585	(1045, 225)	(105, 23)	0
16:22:55.371	26	9.70415	(1055, 225)	(106, 23)	0
16:22:55.399	25	9.76459	(1065, 225)	(107, 23)	0
16:22:55.428	26	9.77393	(1071, 224)	(107, 22)	0
16:22:55.462	25	9.81689	(1075, 224)	(108, 22)	0
16:22:55.490	25	9.90222	(1085, 224)	(109, 22)	0
16:22:55.517	25	10.0305	(1095, 224)	(110, 22)	0
16:22:55.545	26	10.075	(1105, 224)	(111, 22)	0
16:22:55.573	26	10.1321	(1115, 224)	(112, 22)	0
16:22:55.601	26	10.2169	(1125, 224)	(113, 22)	0
16:22:55.636	25	10.2593	(1135, 224)	(114, 22)	0
16:22:55.663	26	10.3164	(1146, 223)	(115, 22)	0
16:22:55.692	26	10.316	(1155, 223)	(116, 22)	0
16:22:55.726	32	10.4224	(1165, 223)	(117, 22)	0
16:22:55.762	34	10.4259	(1175, 223)	(118, 22)	0
16:22:55.804	33	10.4627	(1185, 223)	(119, 22)	0
16:22:55.845	36	10.5302	(1195, 223)	(120, 22)	0
16:22:55.887	28	10.5372	(1205, 223)	(121, 22)	0
16:22:55.921	26	10.5656	(1215, 223)	(122, 22)	0
16:22:55.957	27	10.5797	(1225, 223)	(123, 22)	0
16:22:55.991	27	10.6062	(1235, 223)	(124, 22)	0
16:22:56.025	27	10.6643	(1245, 223)	(125, 22)	0
16:22:56.060	28	10.6296	(1255, 223)	(126, 22)	0
16:22:56.095	28	11.0191	(1265, 224)	(127, 22)	0
16:22:56.130	28	10.6421	(1275, 224)	(128, 22)	0
16:22:56.164	29	10.9679	(1282, 225)	(128, 23)	0
16:22:56.198	29	10.6133	(1285, 225)	(129, 23)	0
16:22:56.234	34	10.663	(1295, 226)	(130, 23)	0
16:22:56.277	31	10.625	(1305, 226)	(131, 23)	0
16:22:56.310	25	10.6757	(1316, 228)	(132, 23)	0
16:22:56.337	25	10.6938	(1326, 228)	(133, 23)	0
16:22:56.365	28	10.6723	(1335, 228)	(134, 23)	0
16:22:56.401	30	10.9607	(1345, 229)	(135, 23)	0
16:22:56.436	30	10.6327	(1355, 230)	(136, 23)	0
16:22:56.470	29	10.6071	(1366, 230)	(137, 23)	0
16:22:56.504	26	10.6652	(1375, 230)	(138, 23)	0
16:22:56.532	25	10.6745	(1386, 231)	(139, 23)	0
16:22:56.560	25	10.685	(1395, 231)	(140, 23)	0
16:22:56.589	30	10.6726	(1405, 232)	(141, 23)	0
16:22:56.623	30	10.9813	(1415, 232)	(142, 23)	0
16:22:56.660	26	10.64	(1425, 232)	(143, 23)	0
16:22:56.693	24	10.6556	(1435, 233)	(144, 23)	0
16:22:56.720	27	10.7018	(1445, 234)	(145, 23)	0
16:22:56.756	26	10.6526	(1455, 234)	(146, 23)	0
16:22:56.790	26	10.704	(1465, 234)	(147, 23)	0
16:22:56.824	26	10.7542	(1478, 234)	(148, 23)	0
16:22:56.852	25	10.7425	(1485, 234)	(149, 23)	0
16:22:56.880	26	10.7403	(1488, 235)	(149, 24)	0
16:22:56.915	26	10.7834	(1495, 235)	(150, 24)	0
16:22:56.949	29	10.8039	(1506, 235)	(151, 24)	0
16:22:56.986	35	10.7741	(1516, 235)	(152, 24)	0
16:22:57.027	35	10.772	(1526, 236)	(153, 24)	0
16:22:57.069	35	10.7721	(1535, 236)	(154, 24)	0
16:22:57.111	29	10.7714	(1546, 236)	(155, 24)	0
16:22:57.144	27	10.8157	(1556, 237)	(156, 24)	0
16:22:57.179	27	10.8317	(1565, 237)	(157, 24)	0
16:22:57.214	27	10.8403	(1575, 238)	(158, 24)	0
16:22:57.248	27	10.8972	(1585, 238)	(159, 24)	0
16:22:57.284	26	10.8422	(1595, 239)	(160, 24)	0
16:22:57.319	27	11.1456	(1605, 239)	(161, 24)	0
16:22:57.352	28	10.8844	(1615, 240)	(162, 24)	0
16:22:57.388	27	10.8055	(1625, 240)	(163, 24)	0
16:22:57.422	27	10.791	(1636, 241)	(164, 24)	0
16:22:57.457	29	10.7796	(1645, 242)	(165, 24)	0
16:22:57.493	35	10.6978	(1655, 242)	(166, 24)	0
16:22:57.535	29	10.6676	(1666, 243)	(167, 24)	0
16:22:57.568	27	10.6905	(1676, 244)	(168, 24)	0
16:22:57.603	35	10.6458	(1677, 245)	(168, 25)	0
16:22:57.646	34	10.6074	(1686, 245)	(169, 25)	0
16:22:57.688	34	10.5881	(1696, 246)	(170, 25)	0
16:22:57.728	26	10.6016	(1705, 246)	(171, 25)	0
16:22:57.756	26	10.5277	(1715, 248)	(172, 25)	0
16:22:57.783	25	10.4521	(1726, 249)	(173, 25)	0
16:22:57.811	24	10.428	(1735, 250)	(174, 25)	0
16:22:57.839	28	10.3799	(1745, 251)	(175, 25)	0
16:22:57.874	30	10.2502	(1755, 253)	(176, 25)	0
16:22:57.910	30	10.2062	(1765, 254)	(177, 25)	0
16:22:57.944	29	10.1794	(1768, 255)	(177, 26)	0
16:22:57.978	27	10.1625	(1775, 256)	(178, 26)	0
16:22:58.013	24	10.1326	(1785, 258)	(179, 26)	0
16:22:58.040	28	10.1498	(1795, 260)	(180, 26)	0
16:22:58.077	33	10.0698	(1805, 262)	(181, 26)	0
16:22:58.118	31	9.97141	(1815, 264)	(182, 26)	0
16:22:58.153	29	10.008	(1817, 265)	(182, 27)	0
16:22:58.187	30	9.90815	(1825, 267)	(183, 27)	0
16:22:58.222	30	9.79911	(1838, 271)	(184, 27)	0
16:22:58.257	29	9.7643	(1845, 273)	(185, 27)	0
16:22:58.291	31	9.75363	(1849, 275)	(185, 28)	0
16:22:58.326	29	9.71215	(1858, 278)	(186, 28)	0
16:22:58.361	24	9.70933	(1865, 280)	(187, 28)	0
16:22:58.389	24	9.68326	(1874, 285)	(187, 29)	0
16:22:58.416	26	9.73941	(1875, 285)	(188, 29)	0
16:22:58.444	25	9.66282	(1885, 289)	(189, 29)	0
16:22:58.472	24	9.67378	(1895, 294)	(190, 29)	0
16:22:58.499	26	9.65704	(1895, 295)	(190, 30)	0
16:22:58.528	25	9.64133	(1905, 299)	(191, 30)	0
16:22:58.556	25	9.60948	(1912, 305)	(191, 31)	0
16:22:58.583	26	9.62311	(1915, 307)	(192, 31)	0
16:22:58.611	25	9.60578	(1925, 314)	(193, 31)	0
16:22:58.639	26	9.63911	(1926, 315)	(193, 32)	0
16:22:58.667	24	9.56059	(1935, 322)	(194, 32)	0
16:22:58.694	26	9.55111	(1937, 325)	(194, 33)	0
16:22:58.722	25	9.49274	(1945, 333)	(195, 33)	0
16:22:58.750	23	9.51082	(1947, 335)	(195, 34)	0
16:22:58.778	23	9.47452	(1955, 344)	(196, 34)	0
16:22:58.806	29	9.43082	(1955, 345)	(196, 35)	0
16:22:58.841	31	9.39689	(1963, 355)	(196, 36)	0
16:22:58.876	29	9.38208	(1965, 358)	(197, 36)	0
16:22:58.910	28	9.39911	(1968, 365)	(197, 37)	0
16:22:58.945	29	9.38682	(1973, 375)	(197, 38)	0
16:22:58.980	25	9.77837	(1975, 379)	(198, 38)	0
16:22:59.007	23	9.42637	(1976, 385)	(198, 39)	0
16:22:59.035	25	9.45882	(1980, 395)	(198, 40)	0
16:22:59.062	25	9.44889	(1982, 405)	(198, 41)	0
16:22:59.090	25	9.48593	(1984, 415)	(198, 42)	0
16:22:59.118	26	9.52667	(1985, 417)	(199, 42)	0
16:22:59.146	25	9.4957	(1985, 425)	(199, 43)	0
16:22:59.174	24	9.49496	(1987, 435)	(199, 44)	0
16:22:59.201	25	9.50622	(1988, 445)	(199, 45)	0
16:22:59.229	26	9.50252	(1989, 455)	(199, 46)	0
16:22:59.258	25	9.48637	(1989, 465)	(199, 47)	0
16:22:59.286	24	9.516	(1989, 475)	(199, 48)	0
16:22:59.313	24	9.5443	(1988, 485)	(199, 49)	0
16:22:59.341	25	9.54296	(1985, 495)	(199, 50)	0
16:22:59.369	24	9.58415	(1984, 495)	(198, 50)	0
16:22:59.396	23	9.62993	(1980, 505)	(198, 51)	0
16:22:59.424	23	9.67674	(1972, 516)	(197, 52)	0
16:22:59.451	28	9.77615	(1965, 525)	(197, 53)	0
16:22:59.487	29	9.75481	(1964, 526)	(196, 53)	0
16:22:59.522	29	9.82341	(1954, 534)	(195, 53)	0
16:22:59.557	28	9.82311	(1953, 535)	(195, 54)	0
16:22:59.591	30	9.87867	(1944, 539)	(194, 54)	0
16:22:59.628	27	9.9723	(1937, 545)	(194, 55)	0
16:22:59.660	25	10.1228	(1934, 547)	(193, 55)	0
16:22:59.688	24	10.1053	(1924, 555)	(192, 56)	0
16:22:59.716	25	10.1369	(1914, 561)	(191, 56)	0
16:22:59.744	25	10.1892	(1907, 565)	(191, 57)	0
16:22:59.772	25	10.1913	(1904, 567)	(190, 57)	0
16:22:59.800	26	10.2476	(1894, 572)	(189, 57)	0
16:22:59.828	25	10.2917	(1890, 575)	(189, 58)	0
16:22:59.856	25	10.3305	(1884, 577)	(188, 58)	0
16:22:59.883	24	10.3523	(1874, 581)	(187, 58)	0
16:22:59.911	26	10.4385	(1866, 585)	(187, 59)	0
16:22:59.939	25	10.4261	(1864, 585)	(186, 59)	0
16:22:59.966	26	10.4993	(1854, 590)	(185, 59)	0
16:22:59.994	25	10.565	(1844, 594)	(184, 59)	0
16:23:00.022	24	10.5616	(1843, 595)	(184, 60)	0
16:23:00.050	25	10.6013	(1834, 597)	(183, 60)	0
16:23:00.077	26	10.6853	(1823, 601)	(182, 60)	0
16:23:00.105	26	10.7184	(1810, 606)	(181, 61)	0
16:23:00.133	27	10.7363	(1804, 609)	(180, 61)	0
16:23:00.169	25	10.7172	(1794, 612)	(179, 61)	0
16:23:00.196	26	10.7544	(1787, 615)	(179, 62)	0
16:23:00.224	25	10.7904	(1784, 616)	(178, 62)	0
16:23:00.252	25	10.847	(1774, 619)	(177, 62)	0
16:23:00.280	25	10.7724	(1764, 622)	(176, 62)	0
16:23:00.307	26	10.7954	(1758, 625)	(176, 63)	0
16:23:00.342	26	10.8292	(1754, 626)	(175, 63)	0
16:23:00.370	25	10.8373	(1744, 628)	(174, 63)	0
16:23:00.399	27	10.7984	(1734, 631)	(173, 63)	0
16:23:00.433	26	10.8493	(1724, 633)	(172, 63)	0
16:23:00.467	26	10.8519	(1715, 635)	(172, 64)	0
16:23:00.501	26	10.8516	(1714, 635)	(171, 64)	0
16:23:00.530	25	10.8524	(1704, 637)	(170, 64)	0
16:23:00.557	30	10.888	(1694, 638)	(169, 64)	0
16:23:00.593	32	10.8597	(1684, 640)	(168, 64)	0
16:23:00.635	32	10.828	(1674, 641)	(167, 64)	0
16:23:00.669	27	10.8519	(1664, 642)	(166, 64)	0
16:23:00.704	25	10.8434	(1654, 643)	(165, 64)	0
16:23:00.731	26	10.8081	(1644, 644)	(164, 64)	0
16:23:00.766	26	10.8076	(1633, 644)	(163, 64)	0
16:23:00.801	29	10.7563	(1624, 644)	(162, 64)	0
16:23:00.836	30	10.6692	(1614, 644)	(161, 64)	0
16:23:00.871	25	10.6671	(1604, 644)	(160, 64)	0
16:23:00.898	24	10.6053	(1594, 644)	(159, 64)	0
16:23:00.926	26	10.5441	(1584, 644)	(158, 64)	0
16:23:00.961	27	10.4661	(1574, 644)	(157, 64)	0
16:23:00.997	28	10.4258	(1564, 644)	(156, 64)	0
16:23:01.030	27	10.4098	(1554, 644)	(155, 64)	0
16:23:01.065	25	10.3596	(1548, 645)	(155, 65)	0
16:23:01.092	24	10.3818	(1544, 645)	(154, 65)	0
16:23:01.120	24	10.3479	(1534, 645)	(153, 65)	0
16:23:01.148	24	10.3102	(1524, 646)	(152, 65)	0
16:23:01.175	26	10.3127	(1514, 647)	(151, 65)	0
16:23:01.205	28	10.7116	(1504, 648)	(150, 65)	0
16:23:01.239	30	10.3207	(1494, 649)	(149, 65)	0
16:23:01.274	29	10.3142	(1484, 651)	(148, 65)	0
16:23:01.309	28	10.2984	(1474, 652)	(147, 65)	0
16:23:01.343	29	10.2394	(1464, 652)	(146, 65)	0
16:23:01.378	27	10.2661	(1454, 653)	(145, 65)	0
16:23:01.413	29	10.2434	(1444, 654)	(144, 65)	0
16:23:01.448	29	10.1876	(1434, 654)	(143, 65)	0
16:23:01.482	28	10.1858	(1419, 654)	(142, 65)	0
16:23:01.517	29	10.1527	(1414, 654)	(141, 65)	0
16:23:01.552	28	10.1627	(1404, 654)	(140, 65)	0
16:23:01.587	28	10.165	(1394, 654)	(139, 65)	0
16:23:01.622	29	10.105	(1384, 654)	(138, 65)	0
16:23:01.656	30	10.0483	(1374, 654)	(137, 65)	0
16:23:01.692	29	10.0879	(1356, 653)	(136, 65)	0
16:23:01.727	28	10.1098	(1354, 653)	(135, 65)	0
16:23:01.761	29	10.1006	(1344, 652)	(134, 65)	0
16:23:01.795	26	10.1356	(1334, 651)	(133, 65)	0
16:23:01.823	25	10.2243	(1323, 651)	(132, 65)	0
16:23:01.851	25	10.3175	(1314, 650)	(131, 65)	0
16:23:01.879	25	10.3704	(1303, 649)	(130, 65)	0
16:23:01.906	26	10.4182	(1294, 648)	(129, 65)	0
16:23:01.934	25	10.4914	(1284, 647)	(128, 65)	0
16:23:01.961	26	10.5631	(1274, 647)	(127, 65)	0
16:23:01.989	27	10.6047	(1264, 646)	(126, 65)	0
16:23:02.017	26	10.6241	(1256, 644)	(126, 64)	0
16:23:02.045	26	10.6376	(1254, 644)	(125, 64)	0
16:23:02.073	26	10.6849	(1244, 643)	(124, 64)	0
16:23:02.101	26	10.6916	(1234, 643)	(123, 64)	0
16:23:02.129	25	10.7298	(1224, 641)	(122, 64)	0
16:23:02.156	25	10.7477	(1214, 641)	(121, 64)	0
16:23:02.184	25	10.7495	(1204, 641)	(120, 64)	0
16:23:02.211	27	10.7412	(1194, 640)	(119, 64)	0
16:23:02.240	25	10.7397	(1184, 639)	(118, 64)	0
16:23:02.268	25	10.6815	(1174, 639)	(117, 64)	0
16:23:02.295	26	10.7013	(1164, 637)	(116, 64)	0
16:23:02.323	24	10.6302	(1154, 637)	(115, 64)	0
16:23:02.350	27	10.609	(1144, 636)	(114, 64)	0
16:23:02.379	24	10.5819	(1134, 636)	(113, 64)	0
16:23:02.406	26	10.5627	(1124, 635)	(112, 64)	0
16:23:02.434	26	10.5243	(1114, 635)	(111, 64)	0
16:23:02.463	25	10.5239	(1110, 634)	(111, 63)	0
16:23:02.490	25	10.5233	(1104, 634)	(110, 63)	0
16:23:02.518	24	10.465	(1093, 633)	(109, 63)	0
16:23:02.546	27	10.4471	(1084, 632)	(108, 63)	0
16:23:02.581	28	10.3852	(1074, 632)	(107, 63)	0
16:23:02.616	28	10.7194	(1064, 631)	(106, 63)	0
16:23:02.651	27	10.3336	(1051, 631)	(105, 63)	0
16:23:02.685	25	10.3639	(1032, 629)	(103, 63)	0
16:23:02.712	25	10.3579	(1024, 629)	(102, 63)	0
16:23:02.740	24	10.357	(1014, 629)	(101, 63)	0
16:23:02.768	24	10.3481	(1004, 628)	(100, 63)	0
16:23:02.795	25	10.3335	(994, 627)	(99, 63)	0
16:23:02.823	25	10.3233	(984, 627)	(98, 63)	0
16:23:02.851	26	10.3646	(974, 627)	(97, 63)	0
16:23:02.879	25	10.3436	(964, 626)	(96, 63)	0
16:23:02.906	26	10.2956	(954, 626)	(95, 63)	0
16:23:02.935	24	10.2941	(944, 626)	(94, 63)	0
16:23:02.962	25	10.2431	(934, 625)	(93, 63)	0
16:23:02.990	29	10.2473	(927, 624)	(93, 62)	0
16:23:03.025	31	10.2231	(924, 624)	(92, 62)	0
16:23:03.061	29	10.1787	(914, 623)	(91, 62)	0
16:23:03.095	29	10.1788	(904, 622)	(90, 62)	0
16:23:03.130	25	10.2247	(894, 621)	(89, 62)	0
16:23:03.157	30	10.1779	(884, 620)	(88, 62)	0
16:23:03.192	30	10.2481	(873, 619)	(87, 62)	0
16:23:03.227	30	10.2332	(864, 619)	(86, 62)	0
16:23:03.262	31	10.1975	(854, 619)	(85, 62)	0
16:23:03.297	30	10.2104	(843, 618)	(84, 62)	0
16:23:03.332	29	10.2428	(834, 618)	(83, 62)	0
16:23:03.366	30	10.2858	(823, 617)	(82, 62)	0
16:23:03.401	30	10.308	(814, 617)	(81, 62)	0
16:23:03.435	30	10.3218	(804, 617)	(80, 62)	0
16:23:03.471	31	10.3483	(794, 617)	(79, 62)	0
16:23:03.506	27	10.3447	(784, 616)	(78, 62)	0
16:23:03.540	29	10.472	(772, 616)	(77, 62)	0
16:23:03.575	30	10.4681	(764, 615)	(76, 62)	0
16:23:03.610	31	10.5064	(754, 615)	(75, 62)	0
16:23:03.645	30	10.6028	(744, 615)	(74, 62)	0
16:23:03.679	31	10.6197	(734, 615)	(73, 62)	0
16:23:03.715	27	10.6861	(724, 615)	(72, 62)	0
16:23:03.749	26	10.7699	(714, 615)	(71, 62)	0
16:23:03.783	26	10.8321	(704, 615)	(70, 62)	0
16:23:03.811	26	10.9136	(694, 615)	(69, 62)	0
16:23:03.845	27	10.9796	(684, 615)	(68, 62)	0
16:23:03.881	36	10.999	(674, 615)	(67, 62)	0
16:23:03.925	29	11.045	(664, 616)	(66, 62)	0
16:23:03.958	26	11.1622	(654, 617)	(65, 62)	0
16:23:03.991	26	11.2544	(644, 618)	(64, 62)	0
16:23:04.019	26	11.3359	(634, 618)	(63, 62)	0
16:23:04.047	27	11.4283	(624, 619)	(62, 62)	0
16:23:04.082	34	11.488	(614, 619)	(61, 62)	0
16:23:04.123	27	11.5698	(604, 621)	(60, 62)	0
16:23:04.158	26	11.6446	(594, 621)	(59, 62)	0
16:23:04.187	26	11.6976	(584, 622)	(58, 62)	0
16:23:04.220	27	11.7963	(574, 624)	(57, 62)	0
16:23:04.249	26	11.8071	(566, 625)	(57, 63)	0
16:23:04.276	26	11.8055	(564, 625)	(56, 63)	0
16:23:04.304	26	11.8427	(554, 625)	(55, 63)	0
16:23:04.332	27	11.8521	(544, 626)	(54, 63)	0
16:23:04.367	26	11.8821	(534, 628)	(53, 63)	0
16:23:04.394	26	11.9308	(524, 629)	(52, 63)	0
16:23:04.422	29	11.9987	(514, 631)	(51, 63)	0
16:23:04.458	30	12.0707	(504, 633)	(50, 63)	0
16:23:04.492	33	12.0763	(494, 634)	(49, 63)	0
16:23:04.528	31	12.0985	(493, 635)	(49, 64)	0
16:23:04.562	26	12.2028	(484, 637)	(48, 64)	0
16:23:04.598	32	12.2625	(467, 641)	(47, 64)	0
16:23:04.640	32	12.2841	(464, 642)	(46, 64)	0
16:23:04.681	33	12.3474	(458, 645)	(46, 65)	0
16:23:04.722	34	12.3591	(454, 646)	(45, 65)	0
16:23:04.764	31	12.4444	(444, 650)	(44, 65)	0
16:23:04.798	29	12.5308	(434, 654)	(43, 65)	0
16:23:04.833	28	12.5086	(432, 655)	(43, 66)	0
16:23:04.867	32	12.5493	(424, 658)	(42, 66)	0
16:23:04.904	35	12.5504	(414, 662)	(41, 66)	0
16:23:04.945	37	12.581	(409, 665)	(41, 67)	0
16:23:04.988	32	12.5813	(404, 667)	(40, 67)	0
16:23:05.027	30	12.6567	(394, 671)	(39, 67)	0
16:23:05.063	31	12.6452	(387, 675)	(39, 68)	0
16:23:05.098	31	12.9868	(384, 676)	(38, 68)	0
16:23:05.133	37	12.6575	(374, 680)	(37, 68)	0
16:23:05.177	31	12.6822	(367, 685)	(37, 69)	0
16:23:05.215	28	12.7156	(364, 687)	(36, 69)	0
16:23:05.250	36	12.7074	(356, 695)	(36, 70)	0
16:23:05.293	37	12.7172	(354, 695)	(35, 70)	0
16:23:05.335	36	12.696	(344, 704)	(34, 70)	0
16:23:05.376	33	12.6988	(344, 705)	(34, 71)	0
16:23:05.417	27	12.7581	(337, 715)	(34, 72)	0
16:23:05.451	26	12.7683	(335, 725)	(34, 73)	0
16:23:05.479	30	12.765	(334, 727)	(33, 73)	0
16:23:05.514	33	12.7081	(331, 735)	(33, 74)	0
16:23:05.550	31	12.7092	(329, 746)	(33, 75)	0
16:23:05.584	32	12.7061	(329, 755)	(33, 76)	0
16:23:05.618	27	12.8105	(329, 765)	(33, 77)	0
16:23:05.653	27	12.775	(329, 775)	(33, 78)	0
16:23:05.687	29	12.792	(329, 785)	(33, 79)	0
16:23:05.723	32	12.7201	(329, 795)	(33, 80)	0
16:23:05.758	30	12.8003	(329, 805)	(33, 81)	0
16:23:05.792	32	12.8427	(329, 833)	(33, 83)	0
16:23:05.827	30	12.8388	(329, 836)	(33, 84)	0
16:23:05.861	28	12.8439	(329, 845)	(33, 85)	0
16:23:05.896	28	12.8726	(329, 855)	(33, 86)	0
16:23:05.931	28	12.8401	(330, 865)	(33, 87)	0
16:23:05.966	32	12.8754	(332, 875)	(33, 88)	0
16:23:06.002	33	12.7911	(335, 883)	(34, 88)	0
16:23:06.042	28	12.8736	(335, 885)	(34, 89)	0
16:23:06.077	27	12.8975	(338, 895)	(34, 90)	0
16:23:06.112	27	12.9129	(341, 905)	(34, 91)	0
16:23:06.146	30	12.8947	(345, 914)	(35, 91)	0
16:23:06.182	27	12.904	(346, 915)	(35, 92)	0
16:23:06.216	28	12.8858	(350, 925)	(35, 93)	0
16:23:06.251	29	12.9031	(355, 931)	(36, 93)	0
16:23:06.285	30	12.8889	(357, 935)	(36, 94)	0
16:23:06.320	35	12.9102	(364, 945)	(36, 95)	0
16:23:06.364	37	12.847	(365, 945)	(37, 95)	0
16:23:06.405	37	12.851	(373, 955)	(37, 96)	0
16:23:06.446	36	12.8784	(375, 956)	(38, 96)	0
16:23:06.488	29	12.7975	(384, 965)	(38, 97)	0
16:23:06.522	27	12.8271	(385, 966)	(39, 97)	0
16:23:06.556	50	12.8806	(395, 975)	(40, 98)	0
16:23:06.613	30	12.797	(405, 982)	(41, 98)	0
16:23:06.648	29	12.8016	(411, 987)	(41, 99)	0
16:23:06.683	29	12.8264	(415, 989)	(42, 99)	0
16:23:06.717	29	12.811	(423, 995)	(42, 100)	0
16:23:06.752	28	12.7942	(425, 996)	(43, 100)	0
16:23:06.786	31	12.7822	(435, 1001)	(44, 100)	0
16:23:06.822	40	12.7698	(441, 1005)	(44, 101)	0
16:23:06.870	31	12.7716	(446, 1007)	(45, 101)	0
16:23:06.904	26	12.847	(455, 1012)	(46, 101)	0
16:23:06.931	27	12.7677	(461, 1015)	(46, 102)	0
16:23:06.959	26	12.8105	(465, 1017)	(47, 102)	0
16:23:06.987	27	12.7947	(475, 1022)	(48, 102)	0
16:23:07.024	31	12.7012	(481, 1025)	(48, 103)	0
16:23:07.058	31	12.6738	(485, 1026)	(49, 103)	0
16:23:07.092	27	12.6676	(495, 1030)	(50, 103)	0
16:23:07.127	26	12.6292	(505, 1034)	(51, 103)	0
16:23:07.154	30	12.6481	(506, 1035)	(51, 104)	0
16:23:07.191	30	12.5034	(515, 1037)	(52, 104)	0
16:23:07.225	31	12.541	(525, 1040)	(53, 104)	0
16:23:07.259	32	12.4176	(540, 1043)	(54, 104)	0
16:23:07.294	31	12.3956	(545, 1044)	(55, 104)	0
16:23:07.328	27	12.4079	(549, 1045)	(55, 105)	0
16:23:07.363	39	12.379	(555, 1046)	(56, 105)	0
16:23:07.406	36	12.2024	(577, 1050)	(58, 105)	0
16:23:07.448	36	12.1319	(585, 1052)	(59, 105)	0
16:23:07.491	31	12.0622	(595, 1053)	(60, 105)	0
16:23:07.530	28	12.0256	(605, 1054)	(61, 105)	0
16:23:07.565	28	12.0119	(608, 1055)	(61, 106)	0
16:23:07.600	27	11.9237	(615, 1056)	(62, 106)	0
16:23:07.635	27	11.815	(625, 1057)	(63, 106)	0
16:23:07.669	28	11.7055	(635, 1058)	(64, 106)	0
16:23:07.704	27	11.5619	(645, 1059)	(65, 106)	0
16:23:07.739	26	11.4523	(655, 1060)	(66, 106)	0
16:23:07.773	28	11.3141	(665, 1061)	(67, 106)	0
16:23:07.808	27	11.2065	(675, 1061)	(68, 106)	0
16:23:07.843	30	11.06	(685, 1063)	(69, 106)	0
16:23:07.878	35	10.892	(695, 1063)	(70, 106)	0
16:23:07.920	26	10.7102	(705, 1064)	(71, 106)	0
16:23:07.954	25	10.609	(715, 1064)	(72, 106)	0
16:23:07.982	26	10.5323	(719, 1065)	(72, 107)	0
16:23:08.010	26	10.461	(725, 1065)	(73, 107)	0
16:23:08.045	25	10.2596	(735, 1066)	(74, 107)	0
16:23:08.072	26	10.1538	(745, 1066)	(75, 107)	0
16:23:08.100	26	10.029	(755, 1066)	(76, 107)	0
16:23:08.134	28	9.84489	(765, 1066)	(77, 107)	0
16:23:08.171	32	9.69763	(775, 1067)	(78, 107)	0
16:23:08.213	34	9.59111	(785, 1067)	(79, 107)	0
16:23:08.254	34	9.54696	(795, 1068)	(80, 107)	0
16:23:08.296	33	9.50459	(805, 1069)	(81, 107)	0
16:23:08.338	28	9.47882	(815, 1070)	(82, 107)	0
16:23:08.372	26	9.4197	(825, 1071)	(83, 107)	0
16:23:08.407	26	9.42178	(835, 1072)	(84, 107)	0
16:23:08.442	26	9.36415	(845, 1073)	(85, 107)	0
16:23:08.476	27	9.74459	(856, 1074)	(86, 107)	0
16:23:08.511	29	9.37526	(862, 1075)	(86, 108)	0
16:23:08.546	25	9.39555	(865, 1075)	(87, 108)	0
16:23:08.573	23	9.39467	(875, 1075)	(88, 108)	0
16:23:08.600	27	9.35467	(885, 1076)	(89, 108)	0
16:23:08.629	29	9.2517	(895, 1077)	(90, 108)	0
16:23:08.677	25	9.26059	(905, 1078)	(91, 108)	0
16:23:08.705	24	9.228	(915, 1078)	(92, 108)	0
16:23:08.733	24	9.15941	(925, 1079)	(93, 108)	0
16:23:08.761	23	9.0763	(935, 1080)	(94, 108)	0
16:23:08.788	23	9.02133	(945, 1081)	(95, 108)	0
16:23:08.816	26	8.96845	(955, 1082)	(96, 108)	0
16:23:08.844	28	8.84133	(965, 1082)	(97, 108)	0
16:23:08.879	28	8.77422	(975, 1083)	(98, 108)	0
16:23:08.914	28	8.71082	(986, 1083)	(99, 108)	0
16:23:08.949	27	8.64296	(995, 1084)	(100, 108)	0
16:23:08.983	23	8.61585	(1005, 1084)	(101, 108)	0
16:23:09.011	23	8.56741	(1015, 1084)	(102, 108)	0
16:23:09.038	24	8.54193	(1017, 1085)	(102, 109)	0
16:23:09.066	23	8.48148	(1025, 1085)	(103, 109)	0
16:23:09.094	24	8.39052	(1040, 1085)	(104, 109)	0
16:23:09.122	23	8.37289	(1048, 1085)	(105, 109)	0
16:23:09.150	22	8.332	(1055, 1086)	(106, 109)	0
16:23:09.177	25	8.29837	(1065, 1086)	(107, 109)	0
16:23:09.206	22	8.25644	(1075, 1086)	(108, 109)	0
16:23:09.233	23	8.23541	(1085, 1086)	(109, 109)	0
16:23:09.261	27	8.22756	(1096, 1086)	(110, 109)	0
16:23:09.297	29	8.14474	(1105, 1086)	(111, 109)	0
16:23:09.331	28	8.11926	(1115, 1086)	(112, 109)	0
16:23:09.366	28	8.09304	(1126, 1086)	(113, 109)	0
16:23:09.401	24	8.11022	(1135, 1086)	(114, 109)	0
16:23:09.428	24	8.08252	(1146, 1086)	(115, 109)	0
16:23:09.456	24	8.0677	(1155, 1086)	(116, 109)	0
16:23:09.483	25	8.0717	(1166, 1086)	(117, 109)	0
16:23:09.512	25	8.38489	(1175, 1086)	(118, 109)	0
16:23:09.546	30	7.98563	(1185, 1085)	(119, 109)	0
16:23:09.583	27	7.98163	(1188, 1084)	(119, 108)	0
16:23:09.615	25	8.00874	(1195, 1084)	(120, 108)	0
16:23:09.644	23	8.01215	(1205, 1082)	(121, 108)	0
16:23:09.671	25	7.96267	(1215, 1081)	(122, 108)	0
16:23:09.698	25	7.94385	(1225, 1081)	(123, 108)	0
16:23:09.727	23	7.92385	(1235, 1081)	(124, 108)	0
16:23:09.754	25	7.93096	(1245, 1080)	(125, 108)	0
16:23:09.783	24	7.91511	(1255, 1080)	(126, 108)	0
16:23:09.811	23	7.89911	(1265, 1079)	(127, 108)	0
16:23:09.838	24	7.88104	(1275, 1078)	(128, 108)	0
16:23:09.866	24	7.88519	(1286, 1077)	(129, 108)	0
16:23:09.894	24	7.87393	(1295, 1077)	(130, 108)	0
16:23:09.922	24	7.85126	(1305, 1077)	(131, 108)	0
16:23:09.950	23	7.83067	(1315, 1077)	(132, 108)	0
16:23:09.977	23	7.85259	(1325, 1077)	(133, 108)	0
16:23:10.005	23	7.82756	(1335, 1077)	(134, 108)	0
16:23:10.033	21	7.83778	(1345, 1077)	(135, 108)	0
16:23:10.060	23	7.86089	(1355, 1077)	(136, 108)	0
16:23:10.089	27	7.83985	(1365, 1079)	(137, 108)	0
16:23:10.123	28	7.86741	(1375, 1080)	(138, 108)	0
16:23:10.158	29	7.89274	(1385, 1081)	(139, 108)	0
16:23:10.193	31	7.91822	(1395, 1081)	(140, 108)	0
16:23:10.228	22	7.99215	(1405, 1083)	(141, 108)	0
16:23:10.255	22	8.04607	(1416, 1084)	(142, 108)	0
16:23:10.283	26	8.03659	(1418, 1085)	(142, 109)	0
16:23:10.311	28	8.03393	(1425, 1085)	(143, 109)	0
16:23:10.346	28	8.07096	(1437, 1088)	(144, 109)	0
16:23:10.381	28	8.13096	(1445, 1088)	(145, 109)	0
16:23:10.415	24	8.24104	(1455, 1089)	(146, 109)	0
16:23:10.443	22	8.26696	(1465, 1090)	(147, 109)	0
16:23:10.470	24	8.30696	(1476, 1091)	(148, 109)	0
16:23:10.498	25	8.37644	(1485, 1092)	(149, 109)	0
16:23:10.526	24	8.45156	(1495, 1093)	(150, 109)	0
16:23:10.554	25	8.49704	(1505, 1093)	(151, 109)	0
16:23:10.581	26	8.56726	(1515, 1093)	(152, 109)	0
16:23:10.610	24	8.61333	(1525, 1093)	(153, 109)	0
16:23:10.637	26	8.66074	(1535, 1094)	(154, 109)	0
16:23:10.666	24	8.7517	(1545, 1094)	(155, 109)	0
16:23:10.693	24	8.77778	(1555, 1094)	(156, 109)	0
16:23:10.721	23	8.81348	(1565, 1094)	(157, 109)	0
16:23:10.748	25	8.79659	(1566, 1095)	(157, 110)	0
16:23:10.777	24	8.84681	(1575, 1095)	(158, 110)	0
16:23:10.805	24	8.84252	(1585, 1095)	(159, 110)	0
16:23:10.833	24	8.9157	(1596, 1096)	(160, 110)	0
16:23:10.859	26	8.98015	(1605, 1096)	(161, 110)	0
16:23:10.888	25	8.98637	(1615, 1096)	(162, 110)	0
16:23:10.916	25	9.0157	(1625, 1097)	(163, 110)	0
16:23:10.943	25	9.0517	(1635, 1097)	(164, 110)	0
16:23:10.971	23	9.07304	(1645, 1097)	(165, 110)	0
16:23:10.999	24	9.09111	(1655, 1098)	(166, 110)	0
16:23:11.028	24	9.11319	(1665, 1098)	(167, 110)	0
16:23:11.058	24	9.09733	(1675, 1099)	(168, 110)	0
16:23:11.092	25	9.11704	(1685, 1099)	(169, 110)	0
16:23:11.125	23	9.18919	(1695, 1100)	(170, 110)	0
16:23:11.151	25	9.21615	(1705, 1100)	(171, 110)	0
16:23:11.179	25	9.236	(1715, 1101)	(172, 110)	0
16:23:11.208	26	9.19052	(1725, 1101)	(173, 110)	0
16:23:11.243	24	9.22533	(1735, 1103)	(174, 110)	0
16:23:11.270	25	9.22133	(1748, 1104)	(175, 110)	0
16:23:11.298	25	9.21022	(1753, 1105)	(175, 111)	0
16:23:11.326	25	9.20563	(1755, 1105)	(176, 111)	0
16:23:11.353	26	9.20326	(1765, 1106)	(177, 111)	0
16:23:11.382	24	9.19467	(1775, 1107)	(178, 111)	0
16:23:11.410	26	9.53541	(1785, 1108)	(179, 111)	0
16:23:11.445	24	9.2323	(1798, 1109)	(180, 111)	0
16:23:11.472	23	9.17852	(1806, 1111)	(181, 111)	0
16:23:11.499	24	9.17541	(1815, 1112)	(182, 111)	0
16:23:11.527	23	9.18074	(1825, 1112)	(183, 111)	0
16:23:11.555	29	9.11393	(1835, 1113)	(184, 111)	0
16:23:11.591	27	9.07822	(1850, 1114)	(185, 111)	0
16:23:11.625	28	9.08163	(1855, 1114)	(186, 111)	0
16:23:11.660	25	9.03852	(1858, 1115)	(186, 112)	0
16:23:11.687	24	9.06622	(1865, 1116)	(187, 112)	0
16:23:11.715	23	9.03333	(1877, 1117)	(188, 112)	0
16:23:11.742	24	8.99615	(1885, 1118)	(189, 112)	0
16:23:11.771	23	8.98889	(1895, 1120)	(190, 112)	0
16:23:11.798	23	8.95956	(1905, 1121)	(191, 112)	0
16:23:11.826	19	4.99822	(0, 0)	(0, 0)	0
EOM

