BOM
Frame extends: 2263, 1306
_ms_area: 10
measurements taken: 585
current rendering method: 0
is mouse replay: 1
Camera settings: Roation Quaternion: ( -0.128692, 0.174975, 0.834231, -0.506828), Translationsvektor: ( 0.00265135, 0.0781012, 0.575).
System_Time	Elapsed_Time_PaintGL	Elapsed_Kernel_Time	Frame_Coordinates	Grid_Position	Manual_Measurement
16:22:05.707	44	38.0788	(-1, -1)	(-1, -1)	0
16:22:05.756	46	38.071	(-1, -1)	(-1, -1)	0
16:22:05.814	49	38.0207	(-1, -1)	(-1, -1)	0
16:22:05.868	47	38.0545	(-1, -1)	(-1, -1)	0
16:22:05.925	51	38.0074	(-1, -1)	(-1, -1)	0
16:22:05.981	50	38.0286	(-1, -1)	(-1, -1)	0
16:22:06.035	45	38.0816	(-1, -1)	(-1, -1)	0
16:22:06.084	46	38.064	(-1, -1)	(-1, -1)	0
16:22:06.134	52	38.0296	(-1, -1)	(-1, -1)	0
16:22:06.190	50	38.0319	(-1, -1)	(-1, -1)	0
16:22:06.246	51	38.0341	(-1, -1)	(-1, -1)	0
16:22:06.299	48	38.0305	(-1, -1)	(-1, -1)	0
16:22:06.357	50	38.0321	(-1, -1)	(-1, -1)	0
16:22:06.412	50	38.0299	(-1, -1)	(-1, -1)	0
16:22:06.467	53	38.0203	(-1, -1)	(-1, -1)	0
16:22:06.523	46	38.0215	(-1, -1)	(-1, -1)	0
16:22:06.578	52	38.017	(-1, -1)	(-1, -1)	0
16:22:06.634	50	38.0215	(-1, -1)	(-1, -1)	0
16:22:06.689	47	38.0258	(-1, -1)	(-1, -1)	0
16:22:06.744	45	38.0813	(-1, -1)	(-1, -1)	0
16:22:06.794	52	38.048	(-1, -1)	(-1, -1)	0
16:22:06.850	51	38.037	(-1, -1)	(-1, -1)	0
16:22:06.904	49	38.0262	(-1, -1)	(-1, -1)	0
16:22:06.960	51	38.0185	(-1, -1)	(-1, -1)	0
16:22:07.017	51	38.0256	(-1, -1)	(-1, -1)	0
16:22:07.071	47	38.0422	(-1, -1)	(-1, -1)	0
16:22:07.126	45	38.0969	(-1, -1)	(-1, -1)	0
16:22:07.178	47	38.0396	(-1, -1)	(-1, -1)	0
16:22:07.230	47	38.0396	(-1, -1)	(-1, -1)	0
16:22:07.289	49	38.028	(-1, -1)	(-1, -1)	0
16:22:07.343	47	38.0204	(-1, -1)	(-1, -1)	0
16:22:07.401	52	38.0172	(-1, -1)	(-1, -1)	0
16:22:07.464	52	38.0231	(-1, -1)	(-1, -1)	0
16:22:07.525	50	38.0178	(-1, -1)	(-1, -1)	0
16:22:07.579	47	38.0456	(-1, -1)	(-1, -1)	0
16:22:07.635	52	38.0221	(-1, -1)	(-1, -1)	0
16:22:07.699	51	38.0397	(-1, -1)	(-1, -1)	0
16:22:07.761	50	38.0375	(-1, -1)	(-1, -1)	0
16:22:07.816	52	38.0287	(-1, -1)	(-1, -1)	0
16:22:07.872	49	38.0369	(-1, -1)	(-1, -1)	0
16:22:07.928	51	38.0406	(-1, -1)	(-1, -1)	0
16:22:07.982	46	38.0231	(-1, -1)	(-1, -1)	0
16:22:08.038	47	38.0284	(-1, -1)	(-1, -1)	0
16:22:08.094	50	38.0244	(-1, -1)	(-1, -1)	0
16:22:08.150	46	38.0327	(-1, -1)	(-1, -1)	0
16:22:08.204	48	38.0203	(-1, -1)	(-1, -1)	0
16:22:08.261	52	38.0284	(-1, -1)	(-1, -1)	0
16:22:08.325	50	38.0119	(-1, -1)	(-1, -1)	0
16:22:08.381	47	38.0319	(-1, -1)	(-1, -1)	0
16:22:08.435	51	38.0339	(-1, -1)	(-1, -1)	0
16:22:08.497	52	38.0471	(-1, -1)	(-1, -1)	0
16:22:08.560	50	38.02	(-1, -1)	(-1, -1)	0
16:22:08.614	44	38.0742	(-1, -1)	(-1, -1)	0
16:22:08.662	46	38.0747	(-1, -1)	(-1, -1)	0
16:22:08.713	52	38.0256	(-1, -1)	(-1, -1)	0
16:22:08.770	50	38.0261	(-1, -1)	(-1, -1)	0
16:22:08.823	45	38.0776	(-1, -1)	(-1, -1)	0
16:22:08.871	45	38.1044	(-1, -1)	(-1, -1)	0
16:22:08.922	51	38.0319	(-1, -1)	(-1, -1)	0
16:22:08.985	49	38.0025	(-1, -1)	(-1, -1)	0
16:22:09.039	47	38.0227	(-1, -1)	(-1, -1)	0
16:22:09.095	51	38.0324	(-1, -1)	(-1, -1)	0
16:22:09.151	46	38.0523	(-1, -1)	(-1, -1)	0
16:22:09.208	50	38.0394	(-1, -1)	(-1, -1)	0
16:22:09.261	47	38.0104	(-1, -1)	(-1, -1)	0
16:22:09.319	50	38.0121	(-1, -1)	(-1, -1)	0
16:22:09.373	50	38.0191	(-1, -1)	(-1, -1)	0
16:22:09.430	47	38.0222	(-1, -1)	(-1, -1)	0
16:22:09.485	51	38.0364	(-1, -1)	(-1, -1)	0
16:22:09.547	51	38.0231	(-1, -1)	(-1, -1)	0
16:22:09.603	51	38.0273	(-1, -1)	(-1, -1)	0
16:22:09.657	48	38.0279	(-1, -1)	(-1, -1)	0
16:22:09.715	46	38.0369	(-1, -1)	(-1, -1)	0
16:22:09.770	50	38.0425	(-1, -1)	(-1, -1)	0
16:22:09.826	50	38.0323	(-1, -1)	(-1, -1)	0
16:22:09.880	46	38.021	(-1, -1)	(-1, -1)	0
16:22:09.937	52	38.0258	(-1, -1)	(-1, -1)	0
16:22:09.999	50	38.0413	(-1, -1)	(-1, -1)	0
16:22:10.055	47	38.0259	(-1, -1)	(-1, -1)	0
16:22:10.109	46	38.0658	(-1, -1)	(-1, -1)	0
16:22:10.163	51	38.0196	(-1, -1)	(-1, -1)	0
16:22:10.221	46	38.0135	(-1, -1)	(-1, -1)	0
16:22:10.269	44	38.0772	(-1, -1)	(-1, -1)	0
16:22:10.318	49	38.0357	(-1, -1)	(-1, -1)	0
16:22:10.374	51	38.0295	(-1, -1)	(-1, -1)	0
16:22:10.437	57	38.0267	(-1, -1)	(-1, -1)	0
16:22:10.498	47	37.9876	(-1, -1)	(-1, -1)	0
16:22:10.557	52	38.0161	(-1, -1)	(-1, -1)	0
16:22:10.617	51	38.0262	(-1, -1)	(-1, -1)	0
16:22:10.674	48	38.0218	(-1, -1)	(-1, -1)	0
16:22:10.727	47	38.0321	(-1, -1)	(-1, -1)	0
16:22:10.786	50	38.0333	(-1, -1)	(-1, -1)	0
16:22:10.848	51	38.0407	(-1, -1)	(-1, -1)	0
16:22:10.910	51	38.0305	(-1, -1)	(-1, -1)	0
16:22:10.967	60	37.9987	(-1, -1)	(-1, -1)	0
16:22:11.036	49	38.0388	(-1, -1)	(-1, -1)	0
16:22:11.092	50	38.0147	(-1, -1)	(-1, -1)	0
16:22:11.144	46	38.1012	(-1, -1)	(-1, -1)	0
16:22:11.201	51	38.021	(-1, -1)	(-1, -1)	0
16:22:11.256	47	38.0179	(-1, -1)	(-1, -1)	0
16:22:11.312	48	38.0228	(-1, -1)	(-1, -1)	0
16:22:11.368	47	38.0281	(-1, -1)	(-1, -1)	0
16:22:11.424	52	38.0356	(-1, -1)	(-1, -1)	0
16:22:11.488	51	38.0244	(-1, -1)	(-1, -1)	0
16:22:11.541	46	38.0308	(-1, -1)	(-1, -1)	0
16:22:11.589	45	38.0966	(-1, -1)	(-1, -1)	0
16:22:11.638	45	38.0827	(-1, -1)	(-1, -1)	0
16:22:11.687	48	38.0191	(-1, -1)	(-1, -1)	0
16:22:11.742	45	38.0849	(-1, -1)	(-1, -1)	0
16:22:11.791	46	38.0659	(-1, -1)	(-1, -1)	0
16:22:11.840	46	38.0535	(-1, -1)	(-1, -1)	0
16:22:11.898	50	38.0267	(-1, -1)	(-1, -1)	0
16:22:11.951	46	38.0324	(-1, -1)	(-1, -1)	0
16:22:12.000	51	38.0286	(-1, -1)	(-1, -1)	0
16:22:12.056	52	38.0252	(-1, -1)	(-1, -1)	0
16:22:12.112	51	38.0381	(-1, -1)	(-1, -1)	0
16:22:12.167	47	38.0536	(-1, -1)	(-1, -1)	0
16:22:12.227	49	38.031	(-1, -1)	(-1, -1)	0
16:22:12.278	47	38.0274	(-1, -1)	(-1, -1)	0
16:22:12.337	50	38.0259	(-1, -1)	(-1, -1)	0
16:22:12.396	49	38.0166	(-1, -1)	(-1, -1)	0
16:22:12.455	50	38.0156	(-1, -1)	(-1, -1)	0
16:22:12.525	50	38.0184	(-1, -1)	(-1, -1)	0
16:22:12.587	48	38.0256	(-1, -1)	(-1, -1)	0
16:22:12.649	52	38.0342	(-1, -1)	(-1, -1)	0
16:22:12.711	49	38.0246	(-1, -1)	(-1, -1)	0
16:22:12.765	47	38.0293	(-1, -1)	(-1, -1)	0
16:22:12.822	51	38.0301	(-1, -1)	(-1, -1)	0
16:22:12.885	51	38.0138	(-1, -1)	(-1, -1)	0
16:22:12.947	50	38.0253	(-1, -1)	(-1, -1)	0
16:22:13.001	44	38.0461	(-1, -1)	(-1, -1)	0
16:22:13.049	48	38.0338	(-1, -1)	(-1, -1)	0
16:22:13.107	50	38.0329	(-1, -1)	(-1, -1)	0
16:22:13.163	48	38.0181	(-1, -1)	(-1, -1)	0
16:22:13.216	45	38.093	(-1, -1)	(-1, -1)	0
16:22:13.265	48	38.0219	(-1, -1)	(-1, -1)	0
16:22:13.321	49	38.0335	(-1, -1)	(-1, -1)	0
16:22:13.379	50	38.0178	(-1, -1)	(-1, -1)	0
16:22:13.439	47	38.0437	(-1, -1)	(-1, -1)	0
16:22:13.495	51	38.0486	(-1, -1)	(-1, -1)	0
16:22:13.551	52	38.0324	(-1, -1)	(-1, -1)	0
16:22:13.618	47	38.035	(-1, -1)	(-1, -1)	0
16:22:13.669	47	38.0222	(-1, -1)	(-1, -1)	0
16:22:13.724	47	38.0265	(-1, -1)	(-1, -1)	0
16:22:13.784	49	38.0258	(-1, -1)	(-1, -1)	0
16:22:13.843	47	38.0287	(-1, -1)	(-1, -1)	0
16:22:13.897	45	38.0644	(-1, -1)	(-1, -1)	0
16:22:13.945	47	38.0711	(-1, -1)	(-1, -1)	0
16:22:13.996	51	38.0096	(-1, -1)	(-1, -1)	0
16:22:14.053	50	38.0159	(-1, -1)	(-1, -1)	0
16:22:14.106	47	38.139	(-1, -1)	(-1, -1)	0
16:22:14.163	51	38.0342	(-1, -1)	(-1, -1)	0
16:22:14.219	51	38.035	(-1, -1)	(-1, -1)	0
16:22:14.273	47	38.0144	(-1, -1)	(-1, -1)	0
16:22:14.330	51	38.0164	(-1, -1)	(-1, -1)	0
16:22:14.387	51	38.0234	(-1, -1)	(-1, -1)	0
16:22:14.449	49	38.0492	(-1, -1)	(-1, -1)	0
16:22:14.502	45	38.0876	(-1, -1)	(-1, -1)	0
16:22:14.553	50	38.0159	(-1, -1)	(-1, -1)	0
16:22:14.608	50	38.0157	(-1, -1)	(-1, -1)	0
16:22:14.672	50	38.0307	(-1, -1)	(-1, -1)	0
16:22:14.724	45	38.0853	(-1, -1)	(-1, -1)	0
16:22:14.772	45	38.0924	(-1, -1)	(-1, -1)	0
16:22:14.823	51	38.0344	(-1, -1)	(-1, -1)	0
16:22:14.881	51	38.0213	(-1, -1)	(-1, -1)	0
16:22:14.941	45	38.0204	(-1, -1)	(-1, -1)	0
16:22:14.989	44	38.0813	(-1, -1)	(-1, -1)	0
16:22:15.039	50	38.0167	(-1, -1)	(-1, -1)	0
16:22:15.095	49	38.0065	(-1, -1)	(-1, -1)	0
16:22:15.149	46	38.0209	(-1, -1)	(-1, -1)	0
16:22:15.204	49	38.0236	(-1, -1)	(-1, -1)	0
16:22:15.262	49	38.0255	(-1, -1)	(-1, -1)	0
16:22:15.321	50	38.0212	(-1, -1)	(-1, -1)	0
16:22:15.378	47	38.0345	(-1, -1)	(-1, -1)	0
16:22:15.435	52	38.0179	(-1, -1)	(-1, -1)	0
16:22:15.498	50	38.0119	(-1, -1)	(-1, -1)	0
16:22:15.554	51	38.0246	(-1, -1)	(-1, -1)	0
16:22:15.608	47	38.0064	(-1, -1)	(-1, -1)	0
16:22:15.664	52	38.0311	(-1, -1)	(-1, -1)	0
16:22:15.726	46	38.016	(-1, -1)	(-1, -1)	0
16:22:15.774	46	38.0241	(-1, -1)	(-1, -1)	0
16:22:15.823	47	38.0284	(-1, -1)	(-1, -1)	0
16:22:15.880	52	38.0187	(-1, -1)	(-1, -1)	0
16:22:15.943	50	38.0394	(-1, -1)	(-1, -1)	0
16:22:15.998	51	38.0184	(-1, -1)	(-1, -1)	0
16:22:16.053	51	38.0341	(-1, -1)	(-1, -1)	0
16:22:16.110	51	38.0132	(-1, -1)	(-1, -1)	0
16:22:16.173	50	38.0387	(-1, -1)	(-1, -1)	0
16:22:16.226	45	38.0483	(-1, -1)	(-1, -1)	0
16:22:16.275	45	38.0658	(-1, -1)	(-1, -1)	0
16:22:16.325	51	38.024	(-1, -1)	(-1, -1)	0
16:22:16.388	50	38.0259	(-1, -1)	(-1, -1)	0
16:22:16.442	44	38.0867	(-1, -1)	(-1, -1)	0
16:22:16.490	45	38.0745	(-1, -1)	(-1, -1)	0
16:22:16.541	51	38.0304	(-1, -1)	(-1, -1)	0
16:22:16.603	51	38.009	(-1, -1)	(-1, -1)	0
16:22:16.658	46	38.023	(-1, -1)	(-1, -1)	0
16:22:16.706	46	38.083	(-1, -1)	(-1, -1)	0
16:22:16.763	51	38.031	(-1, -1)	(-1, -1)	0
16:22:16.827	48	38.0098	(-1, -1)	(-1, -1)	0
16:22:16.880	46	38.0076	(-1, -1)	(-1, -1)	0
16:22:16.937	51	38.0203	(-1, -1)	(-1, -1)	0
16:22:16.993	51	38.0424	(-1, -1)	(-1, -1)	0
16:22:17.049	49	38.0333	(-1, -1)	(-1, -1)	0
16:22:17.102	47	38.0307	(-1, -1)	(-1, -1)	0
16:22:17.159	49	38.0181	(-1, -1)	(-1, -1)	0
16:22:17.214	52	38.0319	(-1, -1)	(-1, -1)	0
16:22:17.271	47	38.0194	(-1, -1)	(-1, -1)	0
16:22:17.326	50	38.0313	(-1, -1)	(-1, -1)	0
16:22:17.381	52	38.031	(-1, -1)	(-1, -1)	0
16:22:17.438	51	38.027	(-1, -1)	(-1, -1)	0
16:22:17.492	45	38.0757	(-1, -1)	(-1, -1)	0
16:22:17.540	48	38.0074	(-1, -1)	(-1, -1)	0
16:22:17.598	50	38.0366	(-1, -1)	(-1, -1)	0
16:22:17.655	49	38.0113	(-1, -1)	(-1, -1)	0
16:22:17.707	45	38.0881	(-1, -1)	(-1, -1)	0
16:22:17.755	46	38.0701	(-1, -1)	(-1, -1)	0
16:22:17.806	51	38.0332	(-1, -1)	(-1, -1)	0
16:22:17.870	50	38.0333	(-1, -1)	(-1, -1)	0
16:22:17.922	45	38.1039	(-1, -1)	(-1, -1)	0
16:22:17.972	44	38.0836	(-1, -1)	(-1, -1)	0
16:22:18.020	50	38.0284	(-1, -1)	(-1, -1)	0
16:22:18.077	50	38.0333	(-1, -1)	(-1, -1)	0
16:22:18.131	46	38.0607	(-1, -1)	(-1, -1)	0
16:22:18.180	52	38.0321	(-1, -1)	(-1, -1)	0
16:22:18.238	50	38.0317	(-1, -1)	(-1, -1)	0
16:22:18.293	49	38.0359	(-1, -1)	(-1, -1)	0
16:22:18.347	48	38.0201	(-1, -1)	(-1, -1)	0
16:22:18.404	52	38.0404	(-1, -1)	(-1, -1)	0
16:22:18.466	50	38.0215	(-1, -1)	(-1, -1)	0
16:22:18.521	46	38.0403	(-1, -1)	(-1, -1)	0
16:22:18.577	50	38.0332	(-1, -1)	(-1, -1)	0
16:22:18.633	51	38.0268	(-1, -1)	(-1, -1)	0
16:22:18.689	49	38.0504	(-1, -1)	(-1, -1)	0
16:22:18.743	47	38.0167	(-1, -1)	(-1, -1)	0
16:22:18.799	51	38.0166	(-1, -1)	(-1, -1)	0
16:22:18.855	52	38.0204	(-1, -1)	(-1, -1)	0
16:22:18.919	49	38.0471	(-1, -1)	(-1, -1)	0
16:22:18.972	47	38.0279	(-1, -1)	(-1, -1)	0
16:22:19.030	51	38.0136	(-1, -1)	(-1, -1)	0
16:22:19.085	50	38.0216	(-1, -1)	(-1, -1)	0
16:22:19.142	52	38.0185	(-1, -1)	(-1, -1)	0
16:22:19.202	47	38.0167	(-1, -1)	(-1, -1)	0
16:22:19.259	50	38.0323	(-1, -1)	(-1, -1)	0
16:22:19.315	50	38.0407	(-1, -1)	(-1, -1)	0
16:22:19.371	49	38.0375	(-1, -1)	(-1, -1)	0
16:22:19.424	44	38.0919	(-1, -1)	(-1, -1)	0
16:22:19.474	50	38.0181	(-1, -1)	(-1, -1)	0
16:22:19.530	51	38.052	(-1, -1)	(-1, -1)	0
16:22:19.584	45	38.0932	(-1, -1)	(-1, -1)	0
16:22:19.632	45	38.0893	(-1, -1)	(-1, -1)	0
16:22:19.682	50	38.0199	(-1, -1)	(-1, -1)	0
16:22:19.737	48	38.0108	(-1, -1)	(-1, -1)	0
16:22:19.794	47	38.0148	(-1, -1)	(-1, -1)	0
16:22:19.849	48	38.015	(-1, -1)	(-1, -1)	0
16:22:19.905	51	38.0335	(-1, -1)	(-1, -1)	0
16:22:19.961	51	38.0326	(-1, -1)	(-1, -1)	0
16:22:20.016	46	38.027	(-1, -1)	(-1, -1)	0
16:22:20.071	52	38.0314	(-1, -1)	(-1, -1)	0
16:22:20.130	53	38.031	(-1, -1)	(-1, -1)	0
16:22:20.192	51	38.0175	(-1, -1)	(-1, -1)	0
16:22:20.251	48	38.0387	(-1, -1)	(-1, -1)	0
16:22:20.309	49	38.0203	(-1, -1)	(-1, -1)	0
16:22:20.368	50	38.0356	(-1, -1)	(-1, -1)	0
16:22:20.428	52	38.0298	(-1, -1)	(-1, -1)	0
16:22:20.488	47	38.02	(-1, -1)	(-1, -1)	0
16:22:20.545	51	38.041	(-1, -1)	(-1, -1)	0
16:22:20.600	46	38.0133	(-1, -1)	(-1, -1)	0
16:22:20.655	48	38.0052	(-1, -1)	(-1, -1)	0
16:22:20.712	53	38.0064	(-1, -1)	(-1, -1)	0
16:22:20.774	51	38.0373	(-1, -1)	(-1, -1)	0
16:22:20.831	50	38.021	(-1, -1)	(-1, -1)	0
16:22:20.884	45	38.0873	(-1, -1)	(-1, -1)	0
16:22:20.932	45	38.0459	(-1, -1)	(-1, -1)	0
16:22:20.982	52	38.0267	(-1, -1)	(-1, -1)	0
16:22:21.039	50	38.0124	(-1, -1)	(-1, -1)	0
16:22:21.093	46	38.0338	(-1, -1)	(-1, -1)	0
16:22:21.141	45	38.0787	(-1, -1)	(-1, -1)	0
16:22:21.193	51	38.044	(-1, -1)	(-1, -1)	0
16:22:21.254	51	38.0286	(-1, -1)	(-1, -1)	0
16:22:21.308	46	38.0273	(-1, -1)	(-1, -1)	0
16:22:21.357	47	38.0815	(-1, -1)	(-1, -1)	0
16:22:21.414	52	38.0093	(-1, -1)	(-1, -1)	0
16:22:21.476	51	38.0268	(-1, -1)	(-1, -1)	0
16:22:21.530	48	38.0159	(-1, -1)	(-1, -1)	0
16:22:21.588	50	38.0204	(-1, -1)	(-1, -1)	0
16:22:21.642	47	38.0333	(-1, -1)	(-1, -1)	0
16:22:21.698	47	38.0467	(-1, -1)	(-1, -1)	0
16:22:21.753	45	38.1071	(-1, -1)	(-1, -1)	0
16:22:21.802	44	38.0861	(-1, -1)	(-1, -1)	0
16:22:21.851	51	38.0191	(-1, -1)	(-1, -1)	0
16:22:21.907	51	38.031	(-1, -1)	(-1, -1)	0
16:22:21.962	47	38.0281	(-1, -1)	(-1, -1)	0
16:22:22.020	50	38.02	(-1, -1)	(-1, -1)	0
16:22:22.074	52	38.0399	(-1, -1)	(-1, -1)	0
16:22:22.139	49	38.0156	(-1, -1)	(-1, -1)	0
16:22:22.192	47	38.0399	(-1, -1)	(-1, -1)	0
16:22:22.248	50	38.0141	(-1, -1)	(-1, -1)	0
16:22:22.304	50	38.0345	(-1, -1)	(-1, -1)	0
16:22:22.358	44	38.0825	(-1, -1)	(-1, -1)	0
16:22:22.406	45	38.0944	(-1, -1)	(-1, -1)	0
16:22:22.457	50	38.0246	(-1, -1)	(-1, -1)	0
16:22:22.513	51	38.0422	(-1, -1)	(-1, -1)	0
16:22:22.566	45	38.0643	(-1, -1)	(-1, -1)	0
16:22:22.615	44	38.0741	(-1, -1)	(-1, -1)	0
16:22:22.664	50	38.0326	(-1, -1)	(-1, -1)	0
16:22:22.722	50	38.024	(-1, -1)	(-1, -1)	0
16:22:22.775	45	38.0959	(-1, -1)	(-1, -1)	0
16:22:22.824	50	38.0178	(-1, -1)	(-1, -1)	0
16:22:22.881	49	38.039	(-1, -1)	(-1, -1)	0
16:22:22.938	50	38.0181	(-1, -1)	(-1, -1)	0
16:22:22.997	49	38.0366	(-1, -1)	(-1, -1)	0
16:22:23.055	50	38.0219	(-1, -1)	(-1, -1)	0
16:22:23.110	50	38.0247	(-1, -1)	(-1, -1)	0
16:22:23.166	51	38.0416	(-1, -1)	(-1, -1)	0
16:22:23.220	45	38.1076	(-1, -1)	(-1, -1)	0
16:22:23.271	52	38.0264	(-1, -1)	(-1, -1)	0
16:22:23.332	51	38.009	(-1, -1)	(-1, -1)	0
16:22:23.387	48	38.0244	(-1, -1)	(-1, -1)	0
16:22:23.444	50	38.0446	(-1, -1)	(-1, -1)	0
16:22:23.499	51	38.0107	(-1, -1)	(-1, -1)	0
16:22:23.555	52	38.0073	(-1, -1)	(-1, -1)	0
16:22:23.617	46	38.0239	(-1, -1)	(-1, -1)	0
16:22:23.673	52	38.0327	(-1, -1)	(-1, -1)	0
16:22:23.728	47	38.012	(-1, -1)	(-1, -1)	0
16:22:23.788	47	38.0264	(-1, -1)	(-1, -1)	0
16:22:23.838	45	38.077	(-1, -1)	(-1, -1)	0
16:22:23.887	45	38.0686	(-1, -1)	(-1, -1)	0
16:22:23.936	46	38.0812	(-1, -1)	(-1, -1)	0
16:22:23.993	50	38.0276	(-1, -1)	(-1, -1)	0
16:22:24.046	47	38.0751	(-1, -1)	(-1, -1)	0
16:22:24.105	49	38.0299	(-1, -1)	(-1, -1)	0
16:22:24.162	52	38.0258	(-1, -1)	(-1, -1)	0
16:22:24.223	51	38.0213	(-1, -1)	(-1, -1)	0
16:22:24.277	47	38.0207	(-1, -1)	(-1, -1)	0
16:22:24.332	51	38.0153	(-1, -1)	(-1, -1)	0
16:22:24.389	51	38.0215	(-1, -1)	(-1, -1)	0
16:22:24.443	48	38.0201	(-1, -1)	(-1, -1)	0
16:22:24.501	50	38.0354	(-1, -1)	(-1, -1)	0
16:22:24.556	51	38.0378	(-1, -1)	(-1, -1)	0
16:22:24.617	50	38.0255	(-1, -1)	(-1, -1)	0
16:22:24.673	46	38.0132	(-1, -1)	(-1, -1)	0
16:22:24.728	47	38.029	(-1, -1)	(-1, -1)	0
16:22:24.786	62	38.0234	(-1, -1)	(-1, -1)	0
16:22:24.854	47	38.0273	(-1, -1)	(-1, -1)	0
16:22:24.910	50	38.0424	(-1, -1)	(-1, -1)	0
16:22:24.966	52	38.0387	(-1, -1)	(-1, -1)	0
16:22:25.032	50	38.0216	(-1, -1)	(-1, -1)	0
16:22:25.090	47	38.0302	(-1, -1)	(-1, -1)	0
16:22:25.146	51	38.0252	(-1, -1)	(-1, -1)	0
16:22:25.203	51	38.0073	(-1, -1)	(-1, -1)	0
16:22:25.258	48	38.0268	(-1, -1)	(-1, -1)	0
16:22:25.312	46	38.0954	(-1, -1)	(-1, -1)	0
16:22:25.364	51	38.0041	(-1, -1)	(-1, -1)	0
16:22:25.424	51	38.0185	(-1, -1)	(-1, -1)	0
16:22:25.479	45	38.0714	(-1, -1)	(-1, -1)	0
16:22:25.527	46	38.0917	(-1, -1)	(-1, -1)	0
16:22:25.577	51	38.0255	(-1, -1)	(-1, -1)	0
16:22:25.634	51	38.0159	(-1, -1)	(-1, -1)	0
16:22:25.689	47	38.0449	(-1, -1)	(-1, -1)	0
16:22:25.745	51	38.0206	(-1, -1)	(-1, -1)	0
16:22:25.800	46	38.0376	(-1, -1)	(-1, -1)	0
16:22:25.857	51	38.013	(-1, -1)	(-1, -1)	0
16:22:25.919	48	38.0218	(-1, -1)	(-1, -1)	0
16:22:25.974	51	38.0323	(-1, -1)	(-1, -1)	0
16:22:26.037	53	38.0396	(-1, -1)	(-1, -1)	0
16:22:26.101	48	38.0196	(-1, -1)	(-1, -1)	0
16:22:26.154	47	38.0004	(-1, -1)	(-1, -1)	0
16:22:26.210	53	38.0079	(-1, -1)	(-1, -1)	0
16:22:26.274	49	38.0394	(-1, -1)	(-1, -1)	0
16:22:26.328	47	38.0279	(-1, -1)	(-1, -1)	0
16:22:26.384	51	38.0399	(-1, -1)	(-1, -1)	0
16:22:26.441	51	38.0203	(-1, -1)	(-1, -1)	0
16:22:26.503	51	38.0173	(-1, -1)	(-1, -1)	0
16:22:26.557	47	38.0225	(-1, -1)	(-1, -1)	0
16:22:26.616	50	38.0268	(-1, -1)	(-1, -1)	0
16:22:26.676	55	38.0324	(-1, -1)	(-1, -1)	0
16:22:26.738	46	38.0237	(-1, -1)	(-1, -1)	0
16:22:26.786	45	38.0905	(-1, -1)	(-1, -1)	0
16:22:26.836	51	38.0185	(-1, -1)	(-1, -1)	0
16:22:26.891	51	38.0314	(-1, -1)	(-1, -1)	0
16:22:26.946	47	38.0336	(-1, -1)	(-1, -1)	0
16:22:27.002	44	38.0766	(-1, -1)	(-1, -1)	0
16:22:27.051	49	38.0357	(-1, -1)	(-1, -1)	0
16:22:27.107	52	38.024	(-1, -1)	(-1, -1)	0
16:22:27.162	46	38.0396	(-1, -1)	(-1, -1)	0
16:22:27.219	51	38.0298	(-1, -1)	(-1, -1)	0
16:22:27.281	51	38.0185	(-1, -1)	(-1, -1)	0
16:22:27.338	49	38.0566	(-1, -1)	(-1, -1)	0
16:22:27.391	48	38.0237	(-1, -1)	(-1, -1)	0
16:22:27.447	49	38.0397	(-1, -1)	(-1, -1)	0
16:22:27.504	51	38.0301	(-1, -1)	(-1, -1)	0
16:22:27.567	48	38.0139	(-1, -1)	(-1, -1)	0
16:22:27.620	47	38.0178	(-1, -1)	(-1, -1)	0
16:22:27.681	50	38.0193	(-1, -1)	(-1, -1)	0
16:22:27.738	46	38.0213	(-1, -1)	(-1, -1)	0
16:22:27.787	47	38.0247	(-1, -1)	(-1, -1)	0
16:22:27.835	46	38.0693	(-1, -1)	(-1, -1)	0
16:22:27.886	51	38.0255	(-1, -1)	(-1, -1)	0
16:22:27.943	50	38.0182	(-1, -1)	(-1, -1)	0
16:22:28.003	47	38.0356	(-1, -1)	(-1, -1)	0
16:22:28.059	52	38.0201	(-1, -1)	(-1, -1)	0
16:22:28.122	52	38.0311	(-1, -1)	(-1, -1)	0
16:22:28.179	50	38.0209	(-1, -1)	(-1, -1)	0
16:22:28.232	45	38.1114	(-1, -1)	(-1, -1)	0
16:22:28.280	46	38.0833	(-1, -1)	(-1, -1)	0
16:22:28.332	52	38.02	(-1, -1)	(-1, -1)	0
16:22:28.394	50	38.0258	(-1, -1)	(-1, -1)	0
16:22:28.447	45	38.0959	(-1, -1)	(-1, -1)	0
16:22:28.496	45	38.116	(-1, -1)	(-1, -1)	0
16:22:28.547	52	38.044	(-1, -1)	(-1, -1)	0
16:22:28.609	51	38.0281	(-1, -1)	(-1, -1)	0
16:22:28.663	46	38.0686	(-1, -1)	(-1, -1)	0
16:22:28.712	47	38.0256	(-1, -1)	(-1, -1)	0
16:22:28.768	49	38.0191	(-1, -1)	(-1, -1)	0
16:22:28.824	50	38.0281	(-1, -1)	(-1, -1)	0
16:22:28.879	47	38.025	(-1, -1)	(-1, -1)	0
16:22:28.935	50	38.0216	(-1, -1)	(-1, -1)	0
16:22:28.991	52	38.0259	(-1, -1)	(-1, -1)	0
16:22:29.054	52	38.0369	(-1, -1)	(-1, -1)	0
16:22:29.108	47	38.0265	(-1, -1)	(-1, -1)	0
16:22:29.165	49	38.0199	(-1, -1)	(-1, -1)	0
16:22:29.220	51	38.033	(-1, -1)	(-1, -1)	0
16:22:29.274	47	38.032	(-1, -1)	(-1, -1)	0
16:22:29.332	51	38.0084	(-1, -1)	(-1, -1)	0
16:22:29.388	50	38.0233	(-1, -1)	(-1, -1)	0
16:22:29.446	51	38.0225	(-1, -1)	(-1, -1)	0
16:22:29.504	47	38.0036	(-1, -1)	(-1, -1)	0
16:22:29.561	51	38.0193	(-1, -1)	(-1, -1)	0
16:22:29.624	50	38.0283	(-1, -1)	(-1, -1)	0
16:22:29.679	46	38.0276	(-1, -1)	(-1, -1)	0
16:22:29.735	50	38.0113	(-1, -1)	(-1, -1)	0
16:22:29.797	52	38.0113	(-1, -1)	(-1, -1)	0
16:22:29.861	51	38.0327	(-1, -1)	(-1, -1)	0
16:22:29.914	45	38.0902	(-1, -1)	(-1, -1)	0
16:22:29.963	45	38.0696	(-1, -1)	(-1, -1)	0
16:22:30.014	52	38.0373	(-1, -1)	(-1, -1)	0
16:22:30.077	50	38.0161	(-1, -1)	(-1, -1)	0
16:22:30.130	46	38.0277	(-1, -1)	(-1, -1)	0
16:22:30.178	48	38.0276	(-1, -1)	(-1, -1)	0
16:22:30.235	51	38.0166	(-1, -1)	(-1, -1)	0
16:22:30.291	50	38.0262	(-1, -1)	(-1, -1)	0
16:22:30.345	48	38.0354	(-1, -1)	(-1, -1)	0
16:22:30.402	52	38.0344	(-1, -1)	(-1, -1)	0
16:22:30.458	52	38.025	(-1, -1)	(-1, -1)	0
16:22:30.514	49	38.024	(-1, -1)	(-1, -1)	0
16:22:30.567	47	38.0144	(-1, -1)	(-1, -1)	0
16:22:30.625	49	38.0221	(-1, -1)	(-1, -1)	0
16:22:30.680	51	38.0153	(-1, -1)	(-1, -1)	0
16:22:30.734	46	38.0121	(-1, -1)	(-1, -1)	0
16:22:30.785	51	38.0212	(-1, -1)	(-1, -1)	0
16:22:30.847	51	38.008	(-1, -1)	(-1, -1)	0
16:22:30.903	52	38.0283	(-1, -1)	(-1, -1)	0
16:22:30.957	46	38.0999	(-1, -1)	(-1, -1)	0
16:22:31.014	49	38.0105	(-1, -1)	(-1, -1)	0
16:22:31.068	49	38.0305	(-1, -1)	(-1, -1)	0
16:22:31.126	50	38.0256	(-1, -1)	(-1, -1)	0
16:22:31.179	47	38.0058	(-1, -1)	(-1, -1)	0
16:22:31.237	52	38.0284	(-1, -1)	(-1, -1)	0
16:22:31.298	52	38.0373	(-1, -1)	(-1, -1)	0
16:22:31.353	46	38.0281	(-1, -1)	(-1, -1)	0
16:22:31.401	46	38.0696	(-1, -1)	(-1, -1)	0
16:22:31.452	51	38.0339	(-1, -1)	(-1, -1)	0
16:22:31.508	49	38.0299	(-1, -1)	(-1, -1)	0
16:22:31.562	46	38.0132	(-1, -1)	(-1, -1)	0
16:22:31.610	46	38.0907	(-1, -1)	(-1, -1)	0
16:22:31.661	50	38.0184	(-1, -1)	(-1, -1)	0
16:22:31.715	47	38.0215	(-1, -1)	(-1, -1)	0
16:22:31.771	47	38.023	(-1, -1)	(-1, -1)	0
16:22:31.826	49	38.0203	(-1, -1)	(-1, -1)	0
16:22:31.888	50	38.0213	(-1, -1)	(-1, -1)	0
16:22:31.946	49	38.0163	(-1, -1)	(-1, -1)	0
16:22:32.000	46	38.0729	(-1, -1)	(-1, -1)	0
16:22:32.056	53	38.0418	(-1, -1)	(-1, -1)	0
16:22:32.113	51	38.024	(-1, -1)	(-1, -1)	0
16:22:32.169	50	38.0413	(-1, -1)	(-1, -1)	0
16:22:32.223	46	38.0267	(-1, -1)	(-1, -1)	0
16:22:32.279	52	38.0387	(-1, -1)	(-1, -1)	0
16:22:32.342	51	38.011	(-1, -1)	(-1, -1)	0
16:22:32.397	46	38.0326	(-1, -1)	(-1, -1)	0
16:22:32.452	48	38.0209	(-1, -1)	(-1, -1)	0
16:22:32.509	51	38.0197	(-1, -1)	(-1, -1)	0
16:22:32.572	50	38.0234	(-1, -1)	(-1, -1)	0
16:22:32.626	48	38.0076	(-1, -1)	(-1, -1)	0
16:22:32.682	51	38.0219	(-1, -1)	(-1, -1)	0
16:22:32.739	47	38.0436	(-1, -1)	(-1, -1)	0
16:22:32.794	51	38.0077	(-1, -1)	(-1, -1)	0
16:22:32.848	47	38.0141	(-1, -1)	(-1, -1)	0
16:22:32.906	52	38.032	(-1, -1)	(-1, -1)	0
16:22:32.967	50	38.0277	(-1, -1)	(-1, -1)	0
16:22:33.022	46	38.0207	(-1, -1)	(-1, -1)	0
16:22:33.070	45	38.1015	(-1, -1)	(-1, -1)	0
16:22:33.120	52	38.0347	(-1, -1)	(-1, -1)	0
16:22:33.177	51	38.0262	(-1, -1)	(-1, -1)	0
16:22:33.234	49	38.0175	(-1, -1)	(-1, -1)	0
16:22:33.286	44	38.0841	(-1, -1)	(-1, -1)	0
16:22:33.336	51	38.0256	(-1, -1)	(-1, -1)	0
16:22:33.392	50	38.015	(-1, -1)	(-1, -1)	0
16:22:33.448	51	38.0342	(-1, -1)	(-1, -1)	0
16:22:33.502	46	38.1625	(-1, -1)	(-1, -1)	0
16:22:33.558	52	38.0095	(-1, -1)	(-1, -1)	0
16:22:33.621	51	38.0396	(-1, -1)	(-1, -1)	0
16:22:33.683	51	38.0281	(-1, -1)	(-1, -1)	0
16:22:33.741	50	38.0339	(-1, -1)	(-1, -1)	0
16:22:33.802	51	38.0333	(-1, -1)	(-1, -1)	0
16:22:33.869	46	38.0124	(-1, -1)	(-1, -1)	0
16:22:33.918	48	38.031	(-1, -1)	(-1, -1)	0
16:22:33.977	50	38.0215	(-1, -1)	(-1, -1)	0
16:22:34.038	51	38.0345	(-1, -1)	(-1, -1)	0
16:22:34.092	45	38.1107	(-1, -1)	(-1, -1)	0
16:22:34.142	50	38.033	(-1, -1)	(-1, -1)	0
16:22:34.198	50	38.0284	(-1, -1)	(-1, -1)	0
16:22:34.255	50	38.0113	(-1, -1)	(-1, -1)	0
16:22:34.321	52	38.0359	(-1, -1)	(-1, -1)	0
16:22:34.381	52	38.0169	(-1, -1)	(-1, -1)	0
16:22:34.444	50	38.0144	(-1, -1)	(-1, -1)	0
16:22:34.504	47	38.0339	(-1, -1)	(-1, -1)	0
16:22:34.558	49	38.0361	(-1, -1)	(-1, -1)	0
16:22:34.616	50	38.0258	(-1, -1)	(-1, -1)	0
16:22:34.671	50	38.0354	(-1, -1)	(-1, -1)	0
16:22:34.725	46	38.0268	(-1, -1)	(-1, -1)	0
16:22:34.773	46	38.0979	(-1, -1)	(-1, -1)	0
16:22:34.824	51	38.0412	(-1, -1)	(-1, -1)	0
16:22:34.886	50	38.0206	(-1, -1)	(-1, -1)	0
16:22:34.940	45	38.0806	(-1, -1)	(-1, -1)	0
16:22:34.988	46	38.0719	(-1, -1)	(-1, -1)	0
16:22:35.039	49	38.0169	(-1, -1)	(-1, -1)	0
16:22:35.094	48	38.0298	(-1, -1)	(-1, -1)	0
16:22:35.149	46	38.0241	(-1, -1)	(-1, -1)	0
16:22:35.206	50	38.0237	(-1, -1)	(-1, -1)	0
16:22:35.261	52	38.0219	(-1, -1)	(-1, -1)	0
16:22:35.324	50	38.028	(-1, -1)	(-1, -1)	0
16:22:35.379	47	38.0197	(-1, -1)	(-1, -1)	0
16:22:35.435	51	38.0237	(-1, -1)	(-1, -1)	0
16:22:35.491	51	38.011	(-1, -1)	(-1, -1)	0
16:22:35.547	47	38.0178	(-1, -1)	(-1, -1)	0
16:22:35.600	48	38.0366	(-1, -1)	(-1, -1)	0
16:22:35.658	51	38.0253	(-1, -1)	(-1, -1)	0
16:22:35.715	51	38.0324	(-1, -1)	(-1, -1)	0
16:22:35.768	47	38.0406	(-1, -1)	(-1, -1)	0
16:22:35.825	51	38.021	(-1, -1)	(-1, -1)	0
16:22:35.887	60	38.0215	(-1, -1)	(-1, -1)	0
16:22:35.958	52	38.0203	(-1, -1)	(-1, -1)	0
16:22:36.018	46	38.0283	(-1, -1)	(-1, -1)	0
16:22:36.067	46	38.0473	(-1, -1)	(-1, -1)	0
16:22:36.115	47	37.9976	(-1, -1)	(-1, -1)	0
16:22:36.164	46	38.0132	(-1, -1)	(-1, -1)	0
16:22:36.214	51	38.0366	(-1, -1)	(-1, -1)	0
16:22:36.268	47	38.0347	(-1, -1)	(-1, -1)	0
16:22:36.325	50	38.032	(-1, -1)	(-1, -1)	0
16:22:36.382	50	38.0216	(-1, -1)	(-1, -1)	0
16:22:36.435	43	38.091	(-1, -1)	(-1, -1)	0
16:22:36.485	64	38.0062	(-1, -1)	(-1, -1)	0
16:22:36.555	50	38.0145	(-1, -1)	(-1, -1)	0
16:22:36.609	47	38.0286	(-1, -1)	(-1, -1)	0
16:22:36.664	45	38.0911	(-1, -1)	(-1, -1)	0
16:22:36.714	49	38.0259	(-1, -1)	(-1, -1)	0
16:22:36.771	50	38.0293	(-1, -1)	(-1, -1)	0
16:22:36.825	49	38.0231	(-1, -1)	(-1, -1)	0
16:22:36.881	51	38.023	(-1, -1)	(-1, -1)	0
16:22:36.938	50	38.048	(-1, -1)	(-1, -1)	0
16:22:37.000	52	38.0268	(-1, -1)	(-1, -1)	0
16:22:37.060	48	38.0225	(-1, -1)	(-1, -1)	0
16:22:37.117	50	38.0267	(-1, -1)	(-1, -1)	0
16:22:37.171	47	38.1028	(-1, -1)	(-1, -1)	0
16:22:37.222	50	38.0345	(-1, -1)	(-1, -1)	0
16:22:37.277	47	38.0193	(-1, -1)	(-1, -1)	0
16:22:37.334	50	38.0227	(-1, -1)	(-1, -1)	0
16:22:37.389	52	38.0341	(-1, -1)	(-1, -1)	0
16:22:37.443	47	38.0255	(-1, -1)	(-1, -1)	0
16:22:37.499	51	38.0253	(-1, -1)	(-1, -1)	0
16:22:37.556	49	38.0456	(-1, -1)	(-1, -1)	0
16:22:37.611	52	38.0222	(-1, -1)	(-1, -1)	0
16:22:37.675	48	38.023	(-1, -1)	(-1, -1)	0
16:22:37.729	47	38.051	(-1, -1)	(-1, -1)	0
16:22:37.786	49	38.027	(-1, -1)	(-1, -1)	0
16:22:37.840	51	38.0345	(-1, -1)	(-1, -1)	0
16:22:37.895	44	38.079	(-1, -1)	(-1, -1)	0
16:22:37.943	46	38.0984	(-1, -1)	(-1, -1)	0
16:22:37.993	51	38.0259	(-1, -1)	(-1, -1)	0
16:22:38.049	52	38.0172	(-1, -1)	(-1, -1)	0
16:22:38.104	46	38.0292	(-1, -1)	(-1, -1)	0
16:22:38.152	44	38.0745	(-1, -1)	(-1, -1)	0
16:22:38.200	45	38.081	(-1, -1)	(-1, -1)	0
16:22:38.250	50	38.0204	(-1, -1)	(-1, -1)	0
EOM

