BOM
Frame extends: 2263, 1306
_ms_area: 10
measurements taken: 585
current rendering method: 2
is mouse replay: 1
Camera settings: Roation Quaternion: ( 0.694302, 0.485923, 0.501324, 0.174634), Translationsvektor: ( 0, 0, 1.625).
System_Time	Elapsed_Time_PaintGL	Elapsed_Kernel_Time	Frame_Coordinates	Grid_Position	Manual_Measurement
18:16:13.545	51	37.9148	(318, 226)	(32, 23)	49
18:16:13.607	53	37.941	(325, 225)	(33, 23)	49
18:16:13.668	53	38.139	(335, 225)	(34, 23)	49
18:16:13.731	54	38.0754	(345, 225)	(35, 23)	49
18:16:13.793	50	38.1972	(357, 225)	(36, 23)	49
18:16:13.848	51	38.3856	(372, 225)	(37, 23)	49
18:16:13.904	53	38.4477	(375, 225)	(38, 23)	49
18:16:13.967	58	38.8156	(385, 225)	(39, 23)	49
18:16:14.030	51	38.7879	(395, 225)	(40, 23)	49
18:16:14.083	50	38.9825	(405, 225)	(41, 23)	49
18:16:14.141	58	38.9201	(415, 225)	(42, 23)	49
18:16:14.204	58	39.2456	(425, 225)	(43, 23)	49
18:16:14.274	53	39.4505	(435, 226)	(44, 23)	49
18:16:14.334	56	39.3883	(445, 226)	(45, 23)	49
18:16:14.398	57	39.3164	(455, 226)	(46, 23)	49
18:16:14.461	59	39.7572	(465, 227)	(47, 23)	49
18:16:14.529	52	39.7138	(475, 227)	(48, 23)	49
18:16:14.585	59	40.1079	(485, 228)	(49, 23)	49
18:16:14.655	56	40.4099	(495, 228)	(50, 23)	49
18:16:14.716	51	40.4526	(505, 229)	(51, 23)	49
18:16:14.771	50	40.423	(515, 229)	(52, 23)	49
18:16:14.828	54	40.4739	(525, 229)	(53, 23)	49
18:16:14.892	56	40.7505	(535, 229)	(54, 23)	49
18:16:14.953	50	41.0327	(545, 229)	(55, 23)	49
18:16:15.008	60	41.1836	(555, 229)	(56, 23)	49
18:16:15.073	58	41.396	(565, 229)	(57, 23)	49
18:16:15.134	56	41.7776	(575, 229)	(58, 23)	49
18:16:15.197	61	41.9601	(585, 229)	(59, 23)	49
18:16:15.267	60	42.277	(596, 229)	(60, 23)	49
18:16:15.337	55	42.253	(605, 230)	(61, 23)	49
18:16:15.398	58	42.5055	(615, 230)	(62, 23)	49
18:16:15.462	61	42.7098	(626, 230)	(63, 23)	49
18:16:15.531	58	43.0513	(635, 230)	(64, 23)	49
18:16:15.593	60	43.657	(645, 230)	(65, 23)	49
18:16:15.664	61	43.6455	(655, 230)	(66, 23)	49
18:16:15.733	58	43.7975	(665, 230)	(67, 23)	49
18:16:15.793	54	44.0079	(680, 230)	(68, 23)	49
18:16:15.849	60	44.2193	(685, 230)	(69, 23)	49
18:16:15.921	63	44.3058	(695, 230)	(70, 23)	49
18:16:15.990	60	44.5526	(705, 230)	(71, 23)	49
18:16:16.060	64	44.6477	(715, 230)	(72, 23)	49
18:16:16.130	65	45.0994	(725, 230)	(73, 23)	49
18:16:16.205	62	45.7025	(735, 230)	(74, 23)	49
18:16:16.274	60	46.4844	(749, 230)	(75, 23)	49
18:16:16.344	67	46.5708	(756, 230)	(76, 23)	49
18:16:16.413	57	46.7255	(766, 230)	(77, 23)	49
18:16:16.475	63	46.9896	(775, 230)	(78, 23)	49
18:16:16.547	60	47.48	(785, 230)	(79, 23)	49
18:16:16.614	63	47.6273	(796, 229)	(80, 23)	49
18:16:16.685	67	47.5981	(805, 229)	(81, 23)	49
18:16:16.762	66	47.6733	(815, 229)	(82, 23)	49
18:16:16.836	60	48.0443	(825, 228)	(83, 23)	49
18:16:16.900	68	48.385	(835, 228)	(84, 23)	49
18:16:16.977	66	48.98	(845, 228)	(85, 23)	49
18:16:17.046	62	48.6579	(855, 228)	(86, 23)	49
18:16:17.116	68	49.0024	(865, 228)	(87, 23)	49
18:16:17.193	65	49.2399	(875, 228)	(88, 23)	49
18:16:17.261	64	49.1621	(885, 228)	(89, 23)	49
18:16:17.334	68	49.6268	(895, 228)	(90, 23)	49
18:16:17.409	67	49.9055	(905, 228)	(91, 23)	49
18:16:17.484	66	50.109	(915, 228)	(92, 23)	49
18:16:17.561	69	50.1212	(925, 228)	(93, 23)	49
18:16:17.638	66	50.2009	(935, 228)	(94, 23)	49
18:16:17.713	67	50.3801	(945, 227)	(95, 23)	49
18:16:17.791	68	50.5852	(957, 227)	(96, 23)	49
18:16:17.866	59	50.6856	(966, 227)	(97, 23)	49
18:16:17.927	67	51.1286	(975, 227)	(98, 23)	49
18:16:17.999	70	51.7067	(985, 227)	(99, 23)	49
18:16:18.075	65	52.128	(995, 227)	(100, 23)	49
18:16:18.143	61	52.2664	(1005, 227)	(101, 23)	49
18:16:18.205	69	52.2301	(1015, 226)	(102, 23)	49
18:16:18.287	67	52.7092	(1025, 226)	(103, 23)	49
18:16:18.360	68	53.2031	(1035, 226)	(104, 23)	49
18:16:18.437	71	53.3425	(1045, 225)	(105, 23)	49
18:16:18.513	67	53.872	(1055, 225)	(106, 23)	49
18:16:18.590	73	53.9496	(1065, 225)	(107, 23)	49
18:16:18.674	70	54.0022	(1071, 224)	(107, 22)	49
18:16:18.749	70	54.6241	(1075, 224)	(108, 22)	49
18:16:18.826	73	54.6391	(1085, 224)	(109, 22)	49
18:16:18.909	68	54.8972	(1095, 224)	(110, 22)	49
18:16:18.985	71	55.2336	(1105, 224)	(111, 22)	49
18:16:19.064	72	55.1376	(1115, 224)	(112, 22)	49
18:16:19.146	70	55.6372	(1125, 224)	(113, 22)	49
18:16:19.223	73	55.3061	(1135, 224)	(114, 22)	49
18:16:19.306	75	55.5101	(1146, 223)	(115, 22)	49
18:16:19.388	65	55.456	(1155, 223)	(116, 22)	49
18:16:19.457	72	55.5969	(1165, 223)	(117, 22)	49
18:16:19.536	69	55.3956	(1175, 223)	(118, 22)	49
18:16:19.611	71	55.6286	(1185, 223)	(119, 22)	49
18:16:19.688	74	55.7375	(1195, 223)	(120, 22)	49
18:16:19.773	67	55.3956	(1205, 223)	(121, 22)	49
18:16:19.849	72	55.3809	(1215, 223)	(122, 22)	49
18:16:19.932	69	55.3566	(1225, 223)	(123, 22)	49
18:16:20.007	72	55.3428	(1235, 223)	(124, 22)	49
18:16:20.084	75	55.3738	(1245, 223)	(125, 22)	49
18:16:20.168	69	54.7601	(1255, 223)	(126, 22)	49
18:16:20.243	66	54.864	(1265, 224)	(127, 22)	49
18:16:20.314	75	54.8959	(1275, 224)	(128, 22)	49
18:16:20.399	68	54.5705	(1282, 225)	(128, 23)	49
18:16:20.473	70	54.9293	(1285, 225)	(129, 23)	49
18:16:20.550	72	54.4514	(1295, 226)	(130, 23)	49
18:16:20.626	70	54.4218	(1305, 226)	(131, 23)	49
18:16:20.703	75	54.2868	(1316, 228)	(132, 23)	49
18:16:20.789	69	54.0467	(1326, 228)	(133, 23)	49
18:16:20.861	65	53.8996	(1335, 228)	(134, 23)	49
18:16:20.933	72	53.6831	(1345, 229)	(135, 23)	49
18:16:21.007	66	53.3327	(1355, 230)	(136, 23)	49
18:16:21.078	67	52.6963	(1366, 230)	(137, 23)	49
18:16:21.153	69	51.9876	(1375, 230)	(138, 23)	49
18:16:21.234	66	51.7444	(1386, 231)	(139, 23)	49
18:16:21.307	68	51.6159	(1395, 231)	(140, 23)	49
18:16:21.385	70	51.1711	(1405, 232)	(141, 23)	49
18:16:21.461	68	50.1784	(1415, 232)	(142, 23)	49
18:16:21.536	65	49.9317	(1425, 232)	(143, 23)	49
18:16:21.607	70	49.7612	(1435, 233)	(144, 23)	49
18:16:21.685	63	49.3907	(1445, 234)	(145, 23)	49
18:16:21.754	68	49.1074	(1455, 234)	(146, 23)	49
18:16:21.830	64	48.6753	(1465, 234)	(147, 23)	49
18:16:21.898	65	47.8957	(1478, 234)	(148, 23)	49
18:16:21.968	67	47.9391	(1485, 234)	(149, 23)	49
18:16:22.045	64	47.6978	(1488, 235)	(149, 24)	49
18:16:22.114	63	47.4347	(1495, 235)	(150, 24)	49
18:16:22.184	66	47.3016	(1506, 235)	(151, 24)	49
18:16:22.260	62	46.784	(1516, 235)	(152, 24)	49
18:16:22.328	61	46.2991	(1526, 236)	(153, 24)	49
18:16:22.398	65	46.2575	(1535, 236)	(154, 24)	49
18:16:22.469	60	45.6141	(1546, 236)	(155, 24)	49
18:16:22.537	56	45.4993	(1556, 237)	(156, 24)	49
18:16:22.601	60	45.391	(1565, 237)	(157, 24)	49
18:16:22.662	55	44.9117	(1575, 238)	(158, 24)	49
18:16:22.724	57	44.7342	(1585, 238)	(159, 24)	49
18:16:22.789	63	44.5184	(1595, 239)	(160, 24)	49
18:16:22.859	64	44.424	(1605, 239)	(161, 24)	49
18:16:22.929	58	44.1299	(1615, 240)	(162, 24)	49
18:16:22.989	61	44.0913	(1625, 240)	(163, 24)	49
18:16:23.060	65	43.4707	(1636, 241)	(164, 24)	49
18:16:23.130	54	42.7064	(1645, 242)	(165, 24)	49
18:16:23.191	57	41.8899	(1655, 242)	(166, 24)	49
18:16:23.254	58	41.4707	(1666, 243)	(167, 24)	49
18:16:23.317	56	41.3759	(1676, 244)	(168, 24)	49
18:16:23.378	58	41.4591	(1677, 245)	(168, 25)	49
18:16:23.443	60	41.217	(1686, 245)	(169, 25)	49
18:16:23.513	58	40.7806	(1696, 246)	(170, 25)	49
18:16:23.581	52	40.6247	(1705, 246)	(171, 25)	49
18:16:23.635	57	40.5815	(1715, 248)	(172, 25)	49
18:16:23.699	60	40.2877	(1726, 249)	(173, 25)	49
18:16:23.771	56	40.2501	(1735, 250)	(174, 25)	49
18:16:23.831	52	40.2093	(1745, 251)	(175, 25)	49
18:16:23.887	59	40.0059	(1755, 253)	(176, 25)	49
18:16:23.957	54	39.9889	(1765, 254)	(177, 25)	49
18:16:24.018	50	39.8433	(1768, 255)	(177, 26)	49
18:16:24.073	50	39.8873	(1775, 256)	(178, 26)	49
18:16:24.129	55	39.7028	(1785, 258)	(179, 26)	49
18:16:24.193	55	39.5473	(1795, 260)	(180, 26)	49
18:16:24.254	50	39.5551	(1805, 262)	(181, 26)	49
18:16:24.310	52	39.3717	(1815, 264)	(182, 26)	49
18:16:24.366	58	39.3468	(1817, 265)	(182, 27)	49
18:16:24.428	52	39.3415	(1825, 267)	(183, 27)	49
18:16:24.484	56	39.2427	(1838, 271)	(184, 27)	49
18:16:24.548	56	39.317	(1845, 273)	(185, 27)	49
18:16:24.613	55	39.2087	(1849, 275)	(185, 28)	49
18:16:24.672	56	39.3252	(1858, 278)	(186, 28)	49
18:16:24.736	57	39.0289	(1865, 280)	(187, 28)	49
18:16:24.798	52	39.0015	(1874, 285)	(187, 29)	49
18:16:24.852	50	39.0286	(1875, 285)	(188, 29)	49
18:16:24.910	57	38.9766	(1885, 289)	(189, 29)	49
18:16:24.972	57	38.8366	(1895, 294)	(190, 29)	49
18:16:25.037	52	38.836	(1895, 295)	(190, 30)	49
18:16:25.095	53	38.8664	(1905, 299)	(191, 30)	49
18:16:25.151	52	38.9044	(1912, 305)	(191, 31)	49
18:16:25.207	54	38.8086	(1915, 307)	(192, 31)	49
18:16:25.263	48	38.7727	(1925, 314)	(193, 31)	49
18:16:25.318	54	38.6877	(1926, 315)	(193, 32)	49
18:16:25.382	55	38.3612	(1935, 322)	(194, 32)	49
18:16:25.446	51	38.2338	(1937, 325)	(194, 33)	49
18:16:25.505	48	38.24	(1945, 333)	(195, 33)	49
18:16:25.560	55	38.2018	(1947, 335)	(195, 34)	49
18:16:25.625	53	38.0204	(1955, 344)	(196, 34)	49
18:16:25.686	47	38.0145	(1955, 345)	(196, 35)	49
18:16:25.734	54	37.8976	(1963, 355)	(196, 36)	49
18:16:25.799	53	37.9199	(1965, 358)	(197, 36)	49
18:16:25.861	51	37.8441	(1968, 365)	(197, 37)	49
18:16:25.916	55	37.9216	(1973, 375)	(197, 38)	49
18:16:25.981	57	37.8551	(1975, 379)	(198, 38)	49
18:16:26.049	59	37.8504	(1976, 385)	(198, 39)	49
18:16:26.113	50	37.7905	(1980, 395)	(198, 40)	49
18:16:26.165	49	37.8373	(1982, 405)	(198, 41)	49
18:16:26.221	55	37.8406	(1984, 415)	(198, 42)	49
18:16:26.287	55	37.7504	(1985, 417)	(199, 42)	49
18:16:26.347	49	37.8576	(1985, 425)	(199, 43)	49
18:16:26.402	50	38.0123	(1987, 435)	(199, 44)	49
18:16:26.459	54	38.1554	(1988, 445)	(199, 45)	49
18:16:26.522	52	38.0132	(1989, 455)	(199, 46)	49
18:16:26.577	52	38.3923	(1989, 465)	(199, 47)	49
18:16:26.640	58	38.4154	(1989, 475)	(199, 48)	49
18:16:26.703	56	38.4799	(1988, 485)	(199, 49)	49
18:16:26.766	53	38.44	(1985, 495)	(199, 50)	49
18:16:26.827	50	38.4929	(1984, 495)	(198, 50)	49
18:16:26.882	55	38.5086	(1980, 505)	(198, 51)	49
18:16:26.946	54	38.601	(1972, 516)	(197, 52)	49
18:16:27.007	47	38.6559	(1965, 525)	(197, 53)	49
18:16:27.064	65	38.6314	(1964, 526)	(196, 53)	49
18:16:27.134	55	38.6631	(1954, 534)	(195, 53)	49
18:16:27.195	47	38.6708	(1953, 535)	(195, 54)	49
18:16:27.250	50	38.6975	(1944, 539)	(194, 54)	49
18:16:27.306	49	38.8461	(1937, 545)	(194, 55)	49
18:16:27.362	52	38.7273	(1934, 547)	(193, 55)	49
18:16:27.418	56	39.0025	(1924, 555)	(192, 56)	49
18:16:27.482	57	39.1613	(1914, 561)	(191, 56)	49
18:16:27.544	57	39.2633	(1907, 565)	(191, 57)	49
18:16:27.605	50	39.2674	(1904, 567)	(190, 57)	49
18:16:27.660	60	39.6425	(1894, 572)	(189, 57)	49
18:16:27.725	58	39.5022	(1890, 575)	(189, 58)	49
18:16:27.795	54	39.6625	(1884, 577)	(188, 58)	49
18:16:27.855	53	40.0121	(1874, 581)	(187, 58)	49
18:16:27.918	58	40.2159	(1866, 585)	(187, 59)	49
18:16:27.982	59	40.0769	(1864, 585)	(186, 59)	49
18:16:28.051	53	40.4733	(1854, 590)	(185, 59)	49
18:16:28.115	59	40.6973	(1844, 594)	(184, 59)	49
18:16:28.183	57	40.6553	(1843, 595)	(184, 60)	49
18:16:28.245	54	40.8708	(1834, 597)	(183, 60)	49
18:16:28.311	59	41.1496	(1823, 601)	(182, 60)	49
18:16:28.378	61	41.3622	(1810, 606)	(181, 61)	49
18:16:28.448	57	41.5353	(1804, 609)	(180, 61)	49
18:16:28.509	58	41.82	(1794, 612)	(179, 61)	49
18:16:28.573	60	41.7317	(1787, 615)	(179, 62)	49
18:16:28.642	55	42.1979	(1784, 616)	(178, 62)	49
18:16:28.702	58	42.312	(1774, 619)	(177, 62)	49
18:16:28.767	63	42.5884	(1764, 622)	(176, 62)	49
18:16:28.837	58	43.0237	(1758, 625)	(176, 63)	49
18:16:28.898	54	43.2849	(1754, 626)	(175, 63)	49
18:16:28.962	62	43.4787	(1744, 628)	(174, 63)	49
18:16:29.032	59	43.6324	(1734, 631)	(173, 63)	49
18:16:29.100	61	43.9086	(1724, 633)	(172, 63)	49
18:16:29.171	63	44.2413	(1715, 635)	(172, 64)	49
18:16:29.241	56	44.173	(1714, 635)	(171, 64)	49
18:16:29.302	57	44.2978	(1704, 637)	(170, 64)	49
18:16:29.365	64	44.3871	(1694, 638)	(169, 64)	49
18:16:29.435	68	44.8929	(1684, 640)	(168, 64)	49
18:16:29.510	62	45.1219	(1674, 641)	(167, 64)	49
18:16:29.580	65	45.3517	(1664, 642)	(166, 64)	49
18:16:29.658	61	45.7449	(1654, 643)	(165, 64)	49
18:16:29.725	64	46.3578	(1644, 644)	(164, 64)	49
18:16:29.796	65	46.7801	(1633, 644)	(163, 64)	49
18:16:29.865	59	46.9467	(1624, 644)	(162, 64)	49
18:16:29.927	59	47.2507	(1614, 644)	(161, 64)	49
18:16:29.998	66	47.8656	(1604, 644)	(160, 64)	49
18:16:30.074	65	48.3724	(1594, 644)	(159, 64)	49
18:16:30.143	65	49.0799	(1584, 644)	(158, 64)	49
18:16:30.214	67	49.3384	(1574, 644)	(157, 64)	49
18:16:30.290	65	50.1247	(1564, 644)	(156, 64)	49
18:16:30.358	61	50.6732	(1554, 644)	(155, 64)	49
18:16:30.420	68	50.9957	(1548, 645)	(155, 65)	49
18:16:30.498	71	50.8065	(1544, 645)	(154, 65)	49
18:16:30.574	61	51.1921	(1534, 645)	(153, 65)	49
18:16:30.643	67	51.9364	(1524, 646)	(152, 65)	49
18:16:30.721	69	52.3704	(1514, 647)	(151, 65)	49
18:16:30.795	65	52.4879	(1504, 648)	(150, 65)	49
18:16:30.866	70	52.9	(1494, 649)	(149, 65)	49
18:16:30.944	70	53.3114	(1484, 651)	(148, 65)	49
18:16:31.019	69	53.4953	(1474, 652)	(147, 65)	49
18:16:31.099	70	53.7921	(1464, 652)	(146, 65)	49
18:16:31.180	69	53.8333	(1454, 653)	(145, 65)	49
18:16:31.255	72	54.6834	(1444, 654)	(144, 65)	49
18:16:31.334	71	54.8513	(1434, 654)	(143, 65)	49
18:16:31.408	71	55.2644	(1419, 654)	(142, 65)	49
18:16:31.485	74	55.1561	(1414, 654)	(141, 65)	49
18:16:31.569	75	55.624	(1404, 654)	(140, 65)	49
18:16:31.651	69	55.7799	(1394, 654)	(139, 65)	49
18:16:31.730	74	55.6113	(1384, 654)	(138, 65)	49
18:16:31.817	70	55.9437	(1374, 654)	(137, 65)	49
18:16:31.894	73	56.4843	(1356, 653)	(136, 65)	49
18:16:31.972	75	56.3579	(1354, 653)	(135, 65)	49
18:16:32.054	67	56.3759	(1344, 652)	(134, 65)	49
18:16:32.124	71	56.9615	(1334, 651)	(133, 65)	49
18:16:32.202	73	57.0874	(1323, 651)	(132, 65)	49
18:16:32.277	67	57.0689	(1314, 650)	(131, 65)	49
18:16:32.353	71	56.8736	(1303, 649)	(130, 65)	49
18:16:32.430	69	56.8871	(1294, 648)	(129, 65)	49
18:16:32.505	73	57.3289	(1284, 647)	(128, 65)	49
18:16:32.583	74	57.2787	(1274, 647)	(127, 65)	49
18:16:32.663	70	56.8695	(1264, 646)	(126, 65)	49
18:16:32.743	77	56.8624	(1256, 644)	(126, 64)	49
18:16:32.827	73	56.9093	(1254, 644)	(125, 64)	49
18:16:32.903	72	57.2929	(1244, 643)	(124, 64)	49
18:16:32.981	76	57.1659	(1234, 643)	(123, 64)	49
18:16:33.070	72	56.8693	(1224, 641)	(122, 64)	49
18:16:33.145	75	56.8079	(1214, 641)	(121, 64)	49
18:16:33.230	76	56.848	(1204, 641)	(120, 64)	49
18:16:33.313	71	56.9538	(1194, 640)	(119, 64)	49
18:16:33.390	72	56.3319	(1184, 639)	(118, 64)	49
18:16:33.465	71	56.2151	(1174, 639)	(117, 64)	49
18:16:33.541	67	56.3575	(1164, 637)	(116, 64)	49
18:16:33.613	74	56.0624	(1154, 637)	(115, 64)	49
18:16:33.697	68	55.436	(1144, 636)	(114, 64)	49
18:16:33.771	70	55.3213	(1134, 636)	(113, 64)	49
18:16:33.848	69	55.8939	(1124, 635)	(112, 64)	49
18:16:33.925	69	55.9141	(1114, 635)	(111, 64)	49
18:16:34.001	69	55.7256	(1110, 634)	(111, 63)	49
18:16:34.077	74	55.821	(1104, 634)	(110, 63)	49
18:16:34.156	71	56.2502	(1093, 633)	(109, 63)	49
18:16:34.239	75	56.2499	(1084, 632)	(108, 63)	49
18:16:34.322	75	56.3295	(1074, 632)	(107, 63)	49
18:16:34.404	71	55.917	(1064, 631)	(106, 63)	49
18:16:34.481	71	55.8793	(1051, 631)	(105, 63)	49
18:16:34.558	72	55.4201	(1032, 629)	(103, 63)	49
18:16:34.634	70	55.3019	(1024, 629)	(102, 63)	49
18:16:34.711	74	55.4311	(1014, 629)	(101, 63)	49
18:16:34.795	69	55.3132	(1004, 628)	(100, 63)	49
18:16:34.871	74	55.6481	(994, 627)	(99, 63)	49
18:16:34.955	74	55.4234	(984, 627)	(98, 63)	49
18:16:35.036	67	54.9673	(974, 627)	(97, 63)	49
18:16:35.114	74	55.2533	(964, 626)	(96, 63)	49
18:16:35.197	69	54.9876	(954, 626)	(95, 63)	49
18:16:35.272	71	54.664	(944, 626)	(94, 63)	49
18:16:35.351	72	54.1421	(934, 625)	(93, 63)	49
18:16:35.434	70	54.1761	(927, 624)	(93, 62)	49
18:16:35.509	69	54.3474	(924, 624)	(92, 62)	49
18:16:35.587	73	53.7366	(914, 623)	(91, 62)	49
18:16:35.670	68	53.7164	(904, 622)	(90, 62)	49
18:16:35.746	69	53.4593	(894, 621)	(89, 62)	49
18:16:35.824	68	53.2938	(884, 620)	(88, 62)	49
18:16:35.899	69	53.2813	(873, 619)	(87, 62)	49
18:16:35.976	71	52.6612	(864, 619)	(86, 62)	49
18:16:36.054	68	52.4504	(854, 619)	(85, 62)	49
18:16:36.129	71	52.2391	(843, 618)	(84, 62)	49
18:16:36.205	72	52.0203	(834, 618)	(83, 62)	49
18:16:36.282	66	51.1784	(823, 617)	(82, 62)	49
18:16:36.350	68	51.0147	(814, 617)	(81, 62)	49
18:16:36.429	67	50.788	(804, 617)	(80, 62)	49
18:16:36.503	61	50.139	(794, 617)	(79, 62)	49
18:16:36.573	67	49.5982	(784, 616)	(78, 62)	49
18:16:36.643	64	49.5151	(772, 616)	(77, 62)	49
18:16:36.711	59	49.1849	(764, 615)	(76, 62)	49
18:16:36.774	64	48.7224	(754, 615)	(75, 62)	49
18:16:36.844	62	47.6868	(744, 615)	(74, 62)	49
18:16:36.914	62	47.2847	(734, 615)	(73, 62)	49
18:16:36.984	68	47.0281	(724, 615)	(72, 62)	49
18:16:37.061	65	46.1175	(714, 615)	(71, 62)	49
18:16:37.132	60	45.3511	(704, 615)	(70, 62)	49
18:16:37.198	61	44.6945	(694, 615)	(69, 62)	49
18:16:37.269	64	44.3439	(684, 615)	(68, 62)	49
18:16:37.339	60	44.1292	(674, 615)	(67, 62)	49
18:16:37.408	55	43.657	(664, 616)	(66, 62)	49
18:16:37.470	56	42.8354	(654, 617)	(65, 62)	49
18:16:37.532	55	42.3544	(644, 618)	(64, 62)	49
18:16:37.595	60	42.0173	(634, 618)	(63, 62)	49
18:16:37.659	60	41.5024	(624, 619)	(62, 62)	49
18:16:37.728	57	41.2581	(614, 619)	(61, 62)	49
18:16:37.790	58	41.3188	(604, 621)	(60, 62)	49
18:16:37.854	60	40.8068	(594, 621)	(59, 62)	49
18:16:37.923	59	40.4159	(584, 622)	(58, 62)	49
18:16:37.984	50	40.2519	(574, 624)	(57, 62)	49
18:16:38.039	56	40.1514	(566, 625)	(57, 63)	49
18:16:38.103	60	40.1224	(564, 625)	(56, 63)	49
18:16:38.173	54	39.9759	(554, 625)	(55, 63)	49
18:16:38.234	51	39.7107	(544, 626)	(54, 63)	49
18:16:38.291	59	39.672	(534, 628)	(53, 63)	49
18:16:38.354	56	39.3486	(524, 629)	(52, 63)	49
18:16:38.415	50	39.4604	(514, 631)	(51, 63)	49
18:16:38.471	54	39.2169	(504, 633)	(50, 63)	49
18:16:38.534	53	39.2087	(494, 634)	(49, 63)	49
18:16:38.589	48	39.1787	(493, 635)	(49, 64)	49
18:16:38.645	51	39.0264	(484, 637)	(48, 64)	49
18:16:38.700	54	38.9507	(467, 641)	(47, 64)	49
18:16:38.763	54	38.8141	(464, 642)	(46, 64)	49
18:16:38.825	50	38.8267	(458, 645)	(46, 65)	49
18:16:38.880	57	38.7649	(454, 646)	(45, 65)	49
18:16:38.945	58	38.771	(444, 650)	(44, 65)	49
18:16:39.015	54	38.7452	(434, 654)	(43, 65)	49
18:16:39.075	56	38.919	(432, 655)	(43, 66)	49
18:16:39.139	59	38.6273	(424, 658)	(42, 66)	49
18:16:39.203	53	38.5613	(414, 662)	(41, 66)	49
18:16:39.264	54	38.6935	(409, 665)	(41, 67)	49
18:16:39.328	57	38.7287	(404, 667)	(40, 67)	49
18:16:39.390	58	38.4698	(394, 671)	(39, 67)	49
18:16:39.459	50	38.5403	(387, 675)	(39, 68)	49
18:16:39.515	56	38.481	(384, 676)	(38, 68)	49
18:16:39.577	54	38.4093	(374, 680)	(37, 68)	49
18:16:39.638	48	38.391	(367, 685)	(37, 69)	49
18:16:39.693	55	38.4126	(364, 687)	(36, 69)	49
18:16:39.758	49	38.5258	(356, 695)	(36, 70)	49
18:16:39.812	52	38.5483	(354, 695)	(35, 70)	49
18:16:39.869	51	38.5624	(344, 704)	(34, 70)	49
18:16:39.923	55	38.4639	(344, 705)	(34, 71)	49
18:16:39.988	58	38.635	(337, 715)	(34, 72)	49
18:16:40.050	58	38.6102	(335, 725)	(34, 73)	49
18:16:40.112	50	38.7047	(334, 727)	(33, 73)	49
18:16:40.166	57	38.8708	(331, 735)	(33, 74)	49
18:16:40.231	57	38.6207	(329, 746)	(33, 75)	49
18:16:40.293	49	38.8246	(329, 755)	(33, 76)	49
18:16:40.347	56	39.0231	(329, 765)	(33, 77)	49
18:16:40.412	57	38.9394	(329, 775)	(33, 78)	49
18:16:40.475	54	39.0164	(329, 785)	(33, 79)	49
18:16:40.535	53	38.971	(329, 795)	(33, 80)	49
18:16:40.592	54	38.9693	(329, 805)	(33, 81)	49
18:16:40.653	56	38.9114	(329, 833)	(33, 83)	49
18:16:40.717	51	38.9668	(329, 836)	(33, 84)	49
18:16:40.773	54	38.9516	(329, 845)	(33, 85)	49
18:16:40.835	55	38.9022	(329, 855)	(33, 86)	49
18:16:40.901	54	38.7947	(330, 865)	(33, 87)	49
18:16:40.959	53	38.8233	(332, 875)	(33, 88)	49
18:16:41.015	53	38.8801	(335, 883)	(34, 88)	49
18:16:41.071	56	38.8361	(335, 885)	(34, 89)	49
18:16:41.134	54	38.9138	(338, 895)	(34, 90)	49
18:16:41.195	49	38.8964	(341, 905)	(34, 91)	49
18:16:41.252	58	38.8427	(345, 914)	(35, 91)	49
18:16:41.317	56	38.7999	(346, 915)	(35, 92)	49
18:16:41.376	49	38.753	(350, 925)	(35, 93)	49
18:16:41.431	53	38.8874	(355, 931)	(36, 93)	49
18:16:41.489	59	38.8102	(357, 935)	(36, 94)	49
18:16:41.559	53	38.8536	(364, 945)	(36, 95)	49
18:16:41.620	53	38.8363	(365, 945)	(37, 95)	49
18:16:41.682	54	38.8022	(373, 955)	(37, 96)	49
18:16:41.747	53	38.8059	(375, 956)	(38, 96)	49
18:16:41.808	54	38.8161	(384, 965)	(38, 97)	49
18:16:41.871	58	38.6643	(385, 966)	(39, 97)	49
18:16:41.934	54	38.6953	(395, 975)	(40, 98)	49
18:16:41.996	54	38.7704	(405, 982)	(41, 98)	49
18:16:42.058	57	38.6819	(411, 987)	(41, 99)	49
18:16:42.121	58	38.6184	(415, 989)	(42, 99)	49
18:16:42.185	53	38.5391	(423, 995)	(42, 100)	49
18:16:42.245	55	38.5839	(425, 996)	(43, 100)	49
18:16:42.309	56	38.5923	(435, 1001)	(44, 100)	49
18:16:42.372	53	38.5089	(441, 1005)	(44, 101)	49
18:16:42.433	52	38.4634	(446, 1007)	(45, 101)	49
18:16:42.490	57	38.3292	(455, 1012)	(46, 101)	49
18:16:42.553	56	38.3136	(461, 1015)	(46, 102)	49
18:16:42.615	54	38.4213	(465, 1017)	(47, 102)	49
18:16:42.677	50	38.3092	(475, 1022)	(48, 102)	49
18:16:42.732	51	38.4551	(481, 1025)	(48, 103)	49
18:16:42.789	53	38.4601	(485, 1026)	(49, 103)	49
18:16:42.850	48	38.4036	(495, 1030)	(50, 103)	49
18:16:42.907	54	38.4382	(505, 1034)	(51, 103)	49
18:16:42.970	53	38.4816	(506, 1035)	(51, 104)	49
18:16:43.033	51	38.4753	(515, 1037)	(52, 104)	49
18:16:43.086	48	38.4284	(525, 1040)	(53, 104)	49
18:16:43.144	56	38.4073	(540, 1043)	(54, 104)	49
18:16:43.209	54	38.4058	(545, 1044)	(55, 104)	49
18:16:43.268	53	38.46	(549, 1045)	(55, 105)	49
18:16:43.331	58	38.4567	(555, 1046)	(56, 105)	49
18:16:43.394	58	38.5213	(577, 1050)	(58, 105)	49
18:16:43.456	53	38.5354	(585, 1052)	(59, 105)	49
18:16:43.517	51	38.5624	(595, 1053)	(60, 105)	49
18:16:43.575	58	38.6747	(605, 1054)	(61, 105)	49
18:16:43.637	59	38.4772	(608, 1055)	(61, 106)	49
18:16:43.707	51	38.6222	(615, 1056)	(62, 106)	49
18:16:43.761	54	38.8504	(625, 1057)	(63, 106)	49
18:16:43.825	54	38.8566	(635, 1058)	(64, 106)	49
18:16:43.886	51	38.899	(645, 1059)	(65, 106)	49
18:16:43.942	55	38.9702	(655, 1060)	(66, 106)	49
18:16:44.006	57	39.1215	(665, 1061)	(67, 106)	49
18:16:44.068	58	39.2126	(675, 1061)	(68, 106)	49
18:16:44.136	51	39.319	(685, 1063)	(69, 106)	49
18:16:44.193	58	39.3634	(695, 1063)	(70, 106)	49
18:16:44.256	58	39.4764	(705, 1064)	(71, 106)	49
18:16:44.321	57	39.5459	(715, 1064)	(72, 106)	49
18:16:44.386	57	39.72	(719, 1065)	(72, 107)	49
18:16:44.451	58	39.6139	(725, 1065)	(73, 107)	49
18:16:44.514	52	39.7022	(735, 1066)	(74, 107)	49
18:16:44.567	50	39.8495	(745, 1066)	(75, 107)	49
18:16:44.623	53	39.8542	(755, 1066)	(76, 107)	49
18:16:44.686	54	39.8313	(765, 1066)	(77, 107)	49
18:16:44.747	51	39.9973	(775, 1067)	(78, 107)	49
18:16:44.803	51	40.0529	(785, 1067)	(79, 107)	49
18:16:44.861	58	40.185	(795, 1068)	(80, 107)	49
18:16:44.931	53	40.1354	(805, 1069)	(81, 107)	49
18:16:44.991	56	40.1519	(815, 1070)	(82, 107)	49
18:16:45.055	59	40.2618	(825, 1071)	(83, 107)	49
18:16:45.125	55	40.2646	(835, 1072)	(84, 107)	49
18:16:45.186	54	40.3401	(845, 1073)	(85, 107)	49
18:16:45.249	60	40.281	(856, 1074)	(86, 107)	49
18:16:45.314	59	40.3293	(862, 1075)	(86, 108)	49
18:16:45.383	59	40.3993	(865, 1075)	(87, 108)	49
18:16:45.451	59	40.5964	(875, 1075)	(88, 108)	49
18:16:45.522	59	40.4207	(885, 1076)	(89, 108)	49
18:16:45.591	54	40.4441	(895, 1077)	(90, 108)	49
18:16:45.651	57	40.6462	(905, 1078)	(91, 108)	49
18:16:45.715	61	40.7156	(915, 1078)	(92, 108)	49
18:16:45.786	53	40.8791	(925, 1079)	(93, 108)	49
18:16:45.846	51	40.6806	(935, 1080)	(94, 108)	49
18:16:45.904	65	40.6864	(945, 1081)	(95, 108)	49
18:16:45.973	60	40.5197	(955, 1082)	(96, 108)	49
18:16:46.042	54	40.5102	(965, 1082)	(97, 108)	49
18:16:46.103	55	40.467	(975, 1083)	(98, 108)	49
18:16:46.167	60	40.3961	(986, 1083)	(99, 108)	49
18:16:46.236	53	40.2793	(995, 1084)	(100, 108)	49
18:16:46.292	56	40.3289	(1005, 1084)	(101, 108)	49
18:16:46.355	58	40.1019	(1015, 1084)	(102, 108)	49
18:16:46.418	56	40.1831	(1017, 1085)	(102, 109)	49
18:16:46.479	56	40.2166	(1025, 1085)	(103, 109)	49
18:16:46.543	59	40.0727	(1040, 1085)	(104, 109)	49
18:16:46.612	59	40.2559	(1048, 1085)	(105, 109)	49
18:16:46.681	53	40.0849	(1055, 1086)	(106, 109)	49
18:16:46.743	55	40.1255	(1065, 1086)	(107, 109)	49
18:16:46.806	51	40.032	(1075, 1086)	(108, 109)	49
18:16:46.861	56	40.0333	(1085, 1086)	(109, 109)	49
18:16:46.925	60	40.0329	(1096, 1086)	(110, 109)	49
18:16:46.994	59	40.0487	(1105, 1086)	(111, 109)	49
18:16:47.065	66	40.0559	(1115, 1086)	(112, 109)	49
18:16:47.140	54	40.1058	(1126, 1086)	(113, 109)	49
18:16:47.203	59	40.0535	(1135, 1086)	(114, 109)	49
18:16:47.273	55	40.2781	(1146, 1086)	(115, 109)	49
18:16:47.335	56	40.2284	(1155, 1086)	(116, 109)	49
18:16:47.400	60	40.2831	(1166, 1086)	(117, 109)	49
18:16:47.467	55	40.2287	(1175, 1086)	(118, 109)	49
18:16:47.528	50	40.4727	(1185, 1085)	(119, 109)	49
18:16:47.586	60	40.3959	(1188, 1084)	(119, 108)	49
18:16:47.655	60	40.4222	(1195, 1084)	(120, 108)	49
18:16:47.725	52	40.5061	(1205, 1082)	(121, 108)	49
18:16:47.785	52	40.687	(1215, 1081)	(122, 108)	49
18:16:47.841	58	40.789	(1225, 1081)	(123, 108)	49
18:16:47.906	53	40.8121	(1235, 1081)	(124, 108)	49
18:16:47.966	57	40.8926	(1245, 1080)	(125, 108)	49
18:16:48.031	60	40.6841	(1255, 1080)	(126, 108)	49
18:16:48.101	56	40.7542	(1265, 1079)	(127, 108)	49
18:16:48.162	53	40.8356	(1275, 1078)	(128, 108)	49
18:16:48.225	61	40.7	(1286, 1077)	(129, 108)	49
18:16:48.296	58	40.7067	(1295, 1077)	(130, 108)	49
18:16:48.363	55	40.8001	(1305, 1077)	(131, 108)	49
18:16:48.426	54	40.8809	(1315, 1077)	(132, 108)	49
18:16:48.488	58	40.8514	(1325, 1077)	(133, 108)	49
18:16:48.551	53	40.6994	(1335, 1077)	(134, 108)	49
18:16:48.614	59	40.7302	(1345, 1077)	(135, 108)	49
18:16:48.684	61	40.7836	(1355, 1077)	(136, 108)	49
18:16:48.754	55	40.7378	(1365, 1079)	(137, 108)	49
18:16:48.815	52	40.6621	(1375, 1080)	(138, 108)	49
18:16:48.871	57	40.5957	(1385, 1081)	(139, 108)	49
18:16:48.935	58	40.6673	(1395, 1081)	(140, 108)	49
18:16:48.995	50	40.4388	(1405, 1083)	(141, 108)	49
18:16:49.050	56	40.3689	(1416, 1084)	(142, 108)	49
18:16:49.115	59	40.3496	(1418, 1085)	(142, 109)	49
18:16:49.184	54	40.6104	(1425, 1085)	(143, 109)	49
18:16:49.245	52	40.3914	(1437, 1088)	(144, 109)	49
18:16:49.303	59	40.2908	(1445, 1088)	(145, 109)	49
18:16:49.372	55	40.2801	(1455, 1089)	(146, 109)	49
18:16:49.433	56	40.1947	(1465, 1090)	(147, 109)	49
18:16:49.497	59	40.235	(1476, 1091)	(148, 109)	49
18:16:49.567	57	40.2187	(1485, 1092)	(149, 109)	49
18:16:49.629	52	40.0833	(1495, 1093)	(150, 109)	49
18:16:49.684	53	40.1593	(1505, 1093)	(151, 109)	49
18:16:49.747	56	40.06	(1515, 1093)	(152, 109)	49
18:16:49.812	54	39.9467	(1525, 1093)	(153, 109)	49
18:16:49.872	51	40.0378	(1535, 1094)	(154, 109)	49
18:16:49.929	59	39.9167	(1545, 1094)	(155, 109)	49
18:16:49.998	55	39.8041	(1555, 1094)	(156, 109)	49
18:16:50.060	52	39.7327	(1565, 1094)	(157, 109)	49
18:16:50.115	53	39.7178	(1566, 1095)	(157, 110)	49
18:16:50.179	60	39.6247	(1575, 1095)	(158, 110)	49
18:16:50.248	53	39.5668	(1585, 1095)	(159, 110)	49
18:16:50.309	56	39.6025	(1596, 1096)	(160, 110)	49
18:16:50.373	58	39.5077	(1605, 1096)	(161, 110)	49
18:16:50.437	53	39.3366	(1615, 1096)	(162, 110)	49
18:16:50.497	49	39.3754	(1625, 1097)	(163, 110)	49
18:16:50.554	55	39.2914	(1635, 1097)	(164, 110)	49
18:16:50.616	57	39.2677	(1645, 1097)	(165, 110)	49
18:16:50.679	52	38.9545	(1655, 1098)	(166, 110)	49
18:16:50.733	49	38.9055	(1665, 1098)	(167, 110)	49
18:16:50.789	53	38.8495	(1675, 1099)	(168, 110)	49
18:16:50.846	50	38.9147	(1685, 1099)	(169, 110)	49
18:16:50.900	55	38.6354	(1695, 1100)	(170, 110)	49
18:16:50.964	58	38.5479	(1705, 1100)	(171, 110)	49
18:16:51.026	59	38.6114	(1715, 1101)	(172, 110)	49
18:16:51.090	50	38.5643	(1725, 1101)	(173, 110)	49
18:16:51.144	54	38.4809	(1735, 1103)	(174, 110)	49
18:16:51.212	60	38.3785	(1748, 1104)	(175, 110)	49
18:16:51.277	56	38.4615	(1753, 1105)	(175, 111)	49
18:16:51.338	52	38.5053	(1755, 1105)	(176, 111)	49
18:16:51.398	57	38.2044	(1765, 1106)	(177, 111)	49
18:16:51.465	56	38.1713	(1775, 1107)	(178, 111)	49
18:16:51.527	56	38.0994	(1785, 1108)	(179, 111)	49
18:16:51.591	56	38.1732	(1798, 1109)	(180, 111)	49
18:16:51.653	56	38.0957	(1806, 1111)	(181, 111)	49
18:16:51.715	51	38.0545	(1815, 1112)	(182, 111)	49
18:16:51.769	53	38.2034	(1825, 1112)	(183, 111)	49
18:16:51.833	57	37.9988	(1835, 1113)	(184, 111)	49
18:16:51.897	53	38.1127	(1850, 1114)	(185, 111)	49
18:16:51.956	55	38.0347	(1855, 1114)	(186, 111)	49
18:16:52.021	58	37.8944	(1858, 1115)	(186, 112)	49
18:16:52.084	58	37.9551	(1865, 1116)	(187, 112)	49
18:16:52.145	48	37.7319	(1877, 1117)	(188, 112)	49
18:16:52.200	54	37.6932	(1885, 1118)	(189, 112)	49
18:16:52.264	56	37.5277	(1895, 1120)	(190, 112)	49
18:16:52.327	52	37.5433	(1905, 1121)	(191, 112)	49
18:16:52.388	46	36.9858	(0, 0)	(0, 0)	49
EOM

