BOM
Frame extends: 2263, 1306
_ms_area: 10
measurements taken: 585
current rendering method: 1
is mouse replay: 1
Camera settings: Roation Quaternion: ( 0.694302, 0.485923, 0.501324, 0.174634), Translationsvektor: ( 0, 0, 1.625).
System_Time	Elapsed_Time_PaintGL	Elapsed_Kernel_Time	Frame_Coordinates	Grid_Position	Manual_Measurement
18:15:31.104	33	15.4563	(318, 226)	(32, 23)	49
18:15:31.144	30	15.6593	(325, 225)	(33, 23)	49
18:15:31.178	34	16.1185	(335, 225)	(34, 23)	49
18:15:31.221	40	16.4545	(345, 225)	(35, 23)	49
18:15:31.271	41	17.18	(357, 225)	(36, 23)	49
18:15:31.335	34	17.796	(372, 225)	(37, 23)	49
18:15:31.372	32	17.9474	(375, 225)	(38, 23)	49
18:15:31.407	33	18.3557	(385, 225)	(39, 23)	49
18:15:31.442	34	18.6847	(395, 225)	(40, 23)	49
18:15:31.485	34	19.2173	(405, 225)	(41, 23)	49
18:15:31.527	36	19.748	(415, 225)	(42, 23)	49
18:15:31.567	35	20.4024	(425, 225)	(43, 23)	49
18:15:31.608	36	21.1914	(435, 226)	(44, 23)	49
18:15:31.650	41	21.7754	(445, 226)	(45, 23)	49
18:15:31.699	45	22.3153	(455, 226)	(46, 23)	49
18:15:31.749	40	23.2587	(465, 227)	(47, 23)	49
18:15:31.796	39	24.0788	(475, 227)	(48, 23)	49
18:15:31.838	43	24.7166	(485, 228)	(49, 23)	49
18:15:31.887	51	25.5064	(495, 228)	(50, 23)	49
18:15:31.944	46	26.2556	(505, 229)	(51, 23)	49
18:15:31.999	47	26.8745	(515, 229)	(52, 23)	49
18:15:32.054	47	27.7864	(525, 229)	(53, 23)	49
18:15:32.109	50	28.3975	(535, 229)	(54, 23)	49
18:15:32.166	49	29.1468	(545, 229)	(55, 23)	49
18:15:32.221	44	29.8508	(555, 229)	(56, 23)	49
18:15:32.269	52	30.6757	(565, 229)	(57, 23)	49
18:15:32.326	58	31.4313	(575, 229)	(58, 23)	49
18:15:32.396	51	32.1191	(585, 229)	(59, 23)	49
18:15:32.449	56	32.8419	(596, 229)	(60, 23)	49
18:15:32.514	62	33.4281	(605, 230)	(61, 23)	49
18:15:32.582	52	34.3439	(615, 230)	(62, 23)	49
18:15:32.637	56	34.8588	(626, 230)	(63, 23)	49
18:15:32.701	59	35.3237	(635, 230)	(64, 23)	49
18:15:32.764	55	35.9513	(645, 230)	(65, 23)	49
18:15:32.825	52	36.771	(655, 230)	(66, 23)	49
18:15:32.881	66	37.6816	(665, 230)	(67, 23)	49
18:15:32.952	71	39.12	(680, 230)	(68, 23)	49
18:15:33.029	55	39.5501	(685, 230)	(69, 23)	49
18:15:33.089	62	40.4883	(695, 230)	(70, 23)	49
18:15:33.162	67	41.3959	(705, 230)	(71, 23)	49
18:15:33.237	59	42.2307	(715, 230)	(72, 23)	49
18:15:33.297	67	43.3033	(725, 230)	(73, 23)	49
18:15:33.376	70	44.1119	(735, 230)	(74, 23)	49
18:15:33.452	65	45.3766	(749, 230)	(75, 23)	49
18:15:33.522	72	46.0527	(756, 230)	(76, 23)	49
18:15:33.599	74	46.9081	(766, 230)	(77, 23)	49
18:15:33.683	74	47.9683	(775, 230)	(78, 23)	49
18:15:33.765	77	48.7784	(785, 230)	(79, 23)	49
18:15:33.848	73	49.7156	(796, 229)	(80, 23)	49
18:15:33.925	78	50.6653	(805, 229)	(81, 23)	49
18:15:34.009	77	51.5221	(815, 229)	(82, 23)	49
18:15:34.091	77	52.0044	(825, 228)	(83, 23)	49
18:15:34.175	80	52.737	(835, 228)	(84, 23)	49
18:15:34.268	74	53.1751	(845, 228)	(85, 23)	49
18:15:34.348	78	54.051	(855, 228)	(86, 23)	49
18:15:34.433	79	54.1859	(865, 228)	(87, 23)	49
18:15:34.515	78	54.6434	(875, 228)	(88, 23)	49
18:15:34.599	82	55.1339	(885, 228)	(89, 23)	49
18:15:34.692	75	55.964	(895, 228)	(90, 23)	49
18:15:34.771	79	56.3215	(905, 228)	(91, 23)	49
18:15:34.857	75	56.5541	(915, 228)	(92, 23)	49
18:15:34.938	80	57.1279	(925, 228)	(93, 23)	49
18:15:35.023	84	57.5394	(935, 228)	(94, 23)	49
18:15:35.115	77	57.8951	(945, 227)	(95, 23)	49
18:15:35.198	87	58.7713	(957, 227)	(96, 23)	49
18:15:35.295	81	59.0587	(966, 227)	(97, 23)	49
18:15:35.384	85	59.5652	(975, 227)	(98, 23)	49
18:15:35.475	88	60.5606	(985, 227)	(99, 23)	49
18:15:35.574	85	61.0456	(995, 227)	(100, 23)	49
18:15:35.663	89	61.9972	(1005, 227)	(101, 23)	49
18:15:35.760	85	62.0243	(1015, 226)	(102, 23)	49
18:15:35.850	89	62.2797	(1025, 226)	(103, 23)	49
18:15:35.947	82	62.7281	(1035, 226)	(104, 23)	49
18:15:36.038	86	62.4613	(1045, 225)	(105, 23)	49
18:15:36.129	85	62.4627	(1055, 225)	(106, 23)	49
18:15:36.217	86	63.0212	(1065, 225)	(107, 23)	49
18:15:36.309	91	63.4194	(1071, 224)	(107, 22)	49
18:15:36.407	82	62.8782	(1075, 224)	(108, 22)	49
18:15:36.495	85	63.785	(1085, 224)	(109, 22)	49
18:15:36.588	95	63.3951	(1095, 224)	(110, 22)	49
18:15:36.692	91	63.6628	(1105, 224)	(111, 22)	49
18:15:36.789	85	63.799	(1115, 224)	(112, 22)	49
18:15:36.879	89	63.6901	(1125, 224)	(113, 22)	49
18:15:36.976	83	63.1527	(1135, 224)	(114, 22)	49
18:15:37.066	87	62.8695	(1146, 223)	(115, 22)	49
18:15:37.158	88	62.8859	(1155, 223)	(116, 22)	49
18:15:37.256	89	62.8514	(1165, 223)	(117, 22)	49
18:15:37.352	89	62.4861	(1175, 223)	(118, 22)	49
18:15:37.449	78	62.4963	(1185, 223)	(119, 22)	49
18:15:37.531	84	62.4342	(1195, 223)	(120, 22)	49
18:15:37.624	85	62.3443	(1205, 223)	(121, 22)	49
18:15:37.712	86	62.0132	(1215, 223)	(122, 22)	49
18:15:37.804	81	62.0234	(1225, 223)	(123, 22)	49
18:15:37.892	85	61.6284	(1235, 223)	(124, 22)	49
18:15:37.985	88	61.3474	(1245, 223)	(125, 22)	49
18:15:38.081	76	61.0304	(1255, 223)	(126, 22)	49
18:15:38.165	85	60.6917	(1265, 224)	(127, 22)	49
18:15:38.256	79	60.1899	(1275, 224)	(128, 22)	49
18:15:38.338	85	60.5865	(1282, 225)	(128, 23)	49
18:15:38.429	84	60.4868	(1285, 225)	(129, 23)	49
18:15:38.519	84	60.1544	(1295, 226)	(130, 23)	49
18:15:38.611	88	60.192	(1305, 226)	(131, 23)	49
18:15:38.710	85	60.0938	(1316, 228)	(132, 23)	49
18:15:38.805	89	59.7721	(1326, 228)	(133, 23)	49
18:15:38.906	85	59.1707	(1335, 228)	(134, 23)	49
18:15:39.000	86	58.9834	(1345, 229)	(135, 23)	49
18:15:39.099	79	59.0378	(1355, 230)	(136, 23)	49
18:15:39.187	83	58.8117	(1366, 230)	(137, 23)	49
18:15:39.278	85	58.3139	(1375, 230)	(138, 23)	49
18:15:39.367	83	57.9286	(1386, 231)	(139, 23)	49
18:15:39.459	85	57.6467	(1395, 231)	(140, 23)	49
18:15:39.549	77	57.099	(1405, 232)	(141, 23)	49
18:15:39.631	79	56.4615	(1415, 232)	(142, 23)	49
18:15:39.716	78	55.8151	(1425, 232)	(143, 23)	49
18:15:39.798	71	55.3973	(1435, 233)	(144, 23)	49
18:15:39.875	81	55.0924	(1445, 234)	(145, 23)	49
18:15:39.968	73	52.8929	(1455, 234)	(146, 23)	49
18:15:40.048	70	52.0658	(1465, 234)	(147, 23)	49
18:15:40.125	69	50.6256	(1478, 234)	(148, 23)	49
18:15:40.201	74	50.0516	(1485, 234)	(149, 23)	49
18:15:40.288	76	49.8302	(1488, 235)	(149, 24)	49
18:15:40.369	68	49.3594	(1495, 235)	(150, 24)	49
18:15:40.444	62	48.3945	(1506, 235)	(151, 24)	49
18:15:40.513	64	47.5166	(1516, 235)	(152, 24)	49
18:15:40.583	66	46.8203	(1526, 236)	(153, 24)	49
18:15:40.653	70	45.7403	(1535, 236)	(154, 24)	49
18:15:40.732	72	45.1726	(1546, 236)	(155, 24)	49
18:15:40.814	67	44.7667	(1556, 237)	(156, 24)	49
18:15:40.889	68	44.0916	(1565, 237)	(157, 24)	49
18:15:40.967	71	43.2219	(1575, 238)	(158, 24)	49
18:15:41.042	61	43.6182	(1585, 238)	(159, 24)	49
18:15:41.112	64	42.0695	(1595, 239)	(160, 24)	49
18:15:41.185	63	41.448	(1605, 239)	(161, 24)	49
18:15:41.250	56	41.0237	(1615, 240)	(162, 24)	49
18:15:41.313	62	40.545	(1625, 240)	(163, 24)	49
18:15:41.384	66	39.7836	(1636, 241)	(164, 24)	49
18:15:41.461	54	39.0704	(1645, 242)	(165, 24)	49
18:15:41.521	61	38.3345	(1655, 242)	(166, 24)	49
18:15:41.593	65	37.3366	(1666, 243)	(167, 24)	49
18:15:41.663	55	36.5413	(1676, 244)	(168, 24)	49
18:15:41.724	63	36.5938	(1677, 245)	(168, 25)	49
18:15:41.794	64	35.787	(1686, 245)	(169, 25)	49
18:15:41.863	53	34.8698	(1696, 246)	(170, 25)	49
18:15:41.918	58	33.6262	(1705, 246)	(171, 25)	49
18:15:41.982	60	32.7473	(1715, 248)	(172, 25)	49
18:15:42.052	53	31.6916	(1726, 249)	(173, 25)	49
18:15:42.113	51	30.9127	(1735, 250)	(174, 25)	49
18:15:42.169	57	30.0222	(1745, 251)	(175, 25)	49
18:15:42.232	57	29.0121	(1755, 253)	(176, 25)	49
18:15:42.295	47	27.9794	(1765, 254)	(177, 25)	49
18:15:42.349	46	27.7727	(1768, 255)	(177, 26)	49
18:15:42.407	54	27.0181	(1775, 256)	(178, 26)	49
18:15:42.469	48	26.1607	(1785, 258)	(179, 26)	49
18:15:42.523	44	25.6222	(1795, 260)	(180, 26)	49
18:15:42.571	51	24.8305	(1805, 262)	(181, 26)	49
18:15:42.629	51	24.2684	(1815, 264)	(182, 26)	49
18:15:42.692	42	24.1833	(1817, 265)	(182, 27)	49
18:15:42.738	39	23.7539	(1825, 267)	(183, 27)	49
18:15:42.780	42	23.0653	(1838, 271)	(184, 27)	49
18:15:42.831	45	22.6914	(1845, 273)	(185, 27)	49
18:15:42.878	42	22.5652	(1849, 275)	(185, 28)	49
18:15:42.927	39	22.1	(1858, 278)	(186, 28)	49
18:15:42.967	37	21.7393	(1865, 280)	(187, 28)	49
18:15:43.009	39	21.3744	(1874, 285)	(187, 29)	49
18:15:43.051	43	21.3364	(1875, 285)	(188, 29)	49
18:15:43.100	41	21.0207	(1885, 289)	(189, 29)	49
18:15:43.148	35	20.6815	(1895, 294)	(190, 29)	49
18:15:43.189	39	20.776	(1895, 295)	(190, 30)	49
18:15:43.232	43	20.2514	(1905, 299)	(191, 30)	49
18:15:43.282	44	19.9627	(1912, 305)	(191, 31)	49
18:15:43.330	39	19.7495	(1915, 307)	(192, 31)	49
18:15:43.378	37	19.368	(1925, 314)	(193, 31)	49
18:15:43.419	37	19.3148	(1926, 315)	(193, 32)	49
18:15:43.461	35	18.883	(1935, 322)	(194, 32)	49
18:15:43.504	41	19.9701	(1937, 325)	(194, 33)	49
18:15:43.555	39	18.5767	(1945, 333)	(195, 33)	49
18:15:43.601	36	18.5807	(1947, 335)	(195, 34)	49
18:15:43.642	37	18.1874	(1955, 344)	(196, 34)	49
18:15:43.685	44	18.2265	(1955, 345)	(196, 35)	49
18:15:43.734	50	18.1301	(1963, 355)	(196, 36)	49
18:15:43.790	38	18.0593	(1965, 358)	(197, 36)	49
18:15:43.830	35	18.0378	(1968, 365)	(197, 37)	49
18:15:43.872	48	18.1104	(1973, 375)	(197, 38)	49
18:15:43.928	44	18.0296	(1975, 379)	(198, 38)	49
18:15:43.981	35	18.064	(1976, 385)	(198, 39)	49
18:15:44.024	39	18.1504	(1980, 395)	(198, 40)	49
18:15:44.068	40	18.1468	(1982, 405)	(198, 41)	49
18:15:44.115	43	18.0877	(1984, 415)	(198, 42)	49
18:15:44.165	37	18.0222	(1985, 417)	(199, 42)	49
18:15:44.205	33	18.0693	(1985, 425)	(199, 43)	49
18:15:44.239	32	18.1055	(1987, 435)	(199, 44)	49
18:15:44.274	35	18.1206	(1988, 445)	(199, 45)	49
18:15:44.316	33	18.125	(1989, 455)	(199, 46)	49
18:15:44.351	36	18.1037	(1989, 465)	(199, 47)	49
18:15:44.394	33	18.163	(1989, 475)	(199, 48)	49
18:15:44.435	32	18.2933	(1988, 485)	(199, 49)	49
18:15:44.469	37	18.5099	(1985, 495)	(199, 50)	49
18:15:44.511	40	18.5938	(1984, 495)	(198, 50)	49
18:15:44.561	40	18.9292	(1980, 505)	(198, 51)	49
18:15:44.609	36	19.5813	(1972, 516)	(197, 52)	49
18:15:44.650	36	20.3828	(1965, 525)	(197, 53)	49
18:15:44.691	37	20.485	(1964, 526)	(196, 53)	49
18:15:44.734	44	21.4726	(1954, 534)	(195, 53)	49
18:15:44.784	47	21.6401	(1953, 535)	(195, 54)	49
18:15:44.838	39	22.411	(1944, 539)	(194, 54)	49
18:15:44.879	43	23.0538	(1937, 545)	(194, 55)	49
18:15:44.928	45	23.2234	(1934, 547)	(193, 55)	49
18:15:44.977	50	23.9721	(1924, 555)	(192, 56)	49
18:15:45.033	46	24.9456	(1914, 561)	(191, 56)	49
18:15:45.089	50	25.5563	(1907, 565)	(191, 57)	49
18:15:45.145	48	25.7674	(1904, 567)	(190, 57)	49
18:15:45.201	49	26.6892	(1894, 572)	(189, 57)	49
18:15:45.255	47	27.1554	(1890, 575)	(189, 58)	49
18:15:45.311	48	27.6308	(1884, 577)	(188, 58)	49
18:15:45.367	54	28.8044	(1874, 581)	(187, 58)	49
18:15:45.430	52	29.5385	(1866, 585)	(187, 59)	49
18:15:45.485	50	29.8243	(1864, 585)	(186, 59)	49
18:15:45.541	54	30.6326	(1854, 590)	(185, 59)	49
18:15:45.604	59	31.4704	(1844, 594)	(184, 59)	49
18:15:45.667	52	31.5587	(1843, 595)	(184, 60)	49
18:15:45.728	46	32.3839	(1834, 597)	(183, 60)	49
18:15:45.776	55	33.4778	(1823, 601)	(182, 60)	49
18:15:45.841	53	34.4689	(1810, 606)	(181, 61)	49
18:15:45.901	50	35.2335	(1804, 609)	(180, 61)	49
18:15:45.957	58	35.9679	(1794, 612)	(179, 61)	49
18:15:46.022	63	36.5073	(1787, 615)	(179, 62)	49
18:15:46.094	56	36.8538	(1784, 616)	(178, 62)	49
18:15:46.159	61	37.8044	(1774, 619)	(177, 62)	49
18:15:46.230	58	38.4951	(1764, 622)	(176, 62)	49
18:15:46.291	55	39.0511	(1758, 625)	(176, 63)	49
18:15:46.353	61	39.4144	(1754, 626)	(175, 63)	49
18:15:46.425	67	40.1375	(1744, 628)	(174, 63)	49
18:15:46.501	61	41.1407	(1734, 631)	(173, 63)	49
18:15:46.569	65	41.8449	(1724, 633)	(172, 63)	49
18:15:46.640	70	42.7483	(1715, 635)	(172, 64)	49
18:15:46.720	64	42.9079	(1714, 635)	(171, 64)	49
18:15:46.792	64	43.8401	(1704, 637)	(170, 64)	49
18:15:46.862	72	44.8622	(1694, 638)	(169, 64)	49
18:15:46.939	68	45.8624	(1684, 640)	(168, 64)	49
18:15:47.014	72	47.9237	(1674, 641)	(167, 64)	49
18:15:47.091	70	47.6987	(1664, 642)	(166, 64)	49
18:15:47.167	66	48.612	(1654, 643)	(165, 64)	49
18:15:47.238	73	49.3729	(1644, 644)	(164, 64)	49
18:15:47.320	67	50.5436	(1633, 644)	(163, 64)	49
18:15:47.389	73	51.3101	(1624, 644)	(162, 64)	49
18:15:47.467	81	52.3982	(1614, 644)	(161, 64)	49
18:15:47.557	76	53.1936	(1604, 644)	(160, 64)	49
18:15:47.640	79	54.0945	(1594, 644)	(159, 64)	49
18:15:47.724	79	55.0473	(1584, 644)	(158, 64)	49
18:15:47.807	77	55.6619	(1574, 644)	(157, 64)	49
18:15:47.890	82	56.279	(1564, 644)	(156, 64)	49
18:15:47.981	78	57.0039	(1554, 644)	(155, 64)	49
18:15:48.063	82	57.3227	(1548, 645)	(155, 65)	49
18:15:48.155	85	57.4769	(1544, 645)	(154, 65)	49
18:15:48.244	82	57.9077	(1534, 645)	(153, 65)	49
18:15:48.334	85	58.6431	(1524, 646)	(152, 65)	49
18:15:48.425	78	59.0529	(1514, 647)	(151, 65)	49
18:15:48.508	85	59.6481	(1504, 648)	(150, 65)	49
18:15:48.601	78	59.8357	(1494, 649)	(149, 65)	49
18:15:48.682	83	60.2039	(1484, 651)	(148, 65)	49
18:15:48.774	83	60.2422	(1474, 652)	(147, 65)	49
18:15:48.863	76	60.7898	(1464, 652)	(146, 65)	49
18:15:48.946	83	60.9244	(1454, 653)	(145, 65)	49
18:15:49.038	89	61.132	(1444, 654)	(144, 65)	49
18:15:49.134	87	61.4603	(1434, 654)	(143, 65)	49
18:15:49.226	85	61.8404	(1419, 654)	(142, 65)	49
18:15:49.317	85	61.7984	(1414, 654)	(141, 65)	49
18:15:49.414	89	61.8203	(1404, 654)	(140, 65)	49
18:15:49.509	85	62.1764	(1394, 654)	(139, 65)	49
18:15:49.602	89	62.4031	(1384, 654)	(138, 65)	49
18:15:49.700	90	62.7378	(1374, 654)	(137, 65)	49
18:15:49.797	80	63.4259	(1356, 653)	(136, 65)	49
18:15:49.885	77	63.4173	(1354, 653)	(135, 65)	49
18:15:49.968	83	63.8418	(1344, 652)	(134, 65)	49
18:15:50.060	86	64.1841	(1334, 651)	(133, 65)	49
18:15:50.149	88	64.3916	(1323, 651)	(132, 65)	49
18:15:50.248	86	64.6794	(1314, 650)	(131, 65)	49
18:15:50.337	82	66.2047	(1303, 649)	(130, 65)	49
18:15:50.426	90	65.548	(1294, 648)	(129, 65)	49
18:15:50.525	88	65.5707	(1284, 647)	(128, 65)	49
18:15:50.623	94	65.7144	(1274, 647)	(127, 65)	49
18:15:50.729	92	65.6705	(1264, 646)	(126, 65)	49
18:15:50.834	92	65.8404	(1256, 644)	(126, 64)	49
18:15:50.936	86	65.7919	(1254, 644)	(125, 64)	49
18:15:51.025	90	65.5641	(1244, 643)	(124, 64)	49
18:15:51.124	87	65.3154	(1234, 643)	(123, 64)	49
18:15:51.213	89	65.2613	(1224, 641)	(122, 64)	49
18:15:51.311	89	65.3093	(1214, 641)	(121, 64)	49
18:15:51.407	87	65.0425	(1204, 641)	(120, 64)	49
18:15:51.499	92	65.0801	(1194, 640)	(119, 64)	49
18:15:51.596	91	64.7538	(1184, 639)	(118, 64)	49
18:15:51.694	92	64.2407	(1174, 639)	(117, 64)	49
18:15:51.792	83	64.1544	(1164, 637)	(116, 64)	49
18:15:51.880	86	63.8264	(1154, 637)	(115, 64)	49
18:15:51.971	84	63.5286	(1144, 636)	(114, 64)	49
18:15:52.060	86	63.4573	(1134, 636)	(113, 64)	49
18:15:52.153	87	63.1483	(1124, 635)	(112, 64)	49
18:15:52.249	89	63.3631	(1114, 635)	(111, 64)	49
18:15:52.351	91	63.3113	(1110, 634)	(111, 63)	49
18:15:52.450	88	63.6283	(1104, 634)	(110, 63)	49
18:15:52.549	93	64.1607	(1093, 633)	(109, 63)	49
18:15:52.652	90	64.555	(1084, 632)	(108, 63)	49
18:15:52.750	92	64.9993	(1074, 632)	(107, 63)	49
18:15:52.851	91	65.2154	(1064, 631)	(106, 63)	49
18:15:52.952	92	65.5409	(1051, 631)	(105, 63)	49
18:15:53.049	90	66.0119	(1032, 629)	(103, 63)	49
18:15:53.147	92	65.7009	(1024, 629)	(102, 63)	49
18:15:53.244	85	65.553	(1014, 629)	(101, 63)	49
18:15:53.333	87	65.671	(1004, 628)	(100, 63)	49
18:15:53.424	84	65.3569	(994, 627)	(99, 63)	49
18:15:53.513	87	65.2241	(984, 627)	(98, 63)	49
18:15:53.605	91	64.992	(974, 627)	(97, 63)	49
18:15:53.702	87	64.5126	(964, 626)	(96, 63)	49
18:15:53.800	89	64.0019	(954, 626)	(95, 63)	49
18:15:53.898	96	63.3298	(944, 626)	(94, 63)	49
18:15:54.001	87	64.4899	(934, 625)	(93, 63)	49
18:15:54.099	85	62.9947	(927, 624)	(93, 62)	49
18:15:54.188	87	62.987	(924, 624)	(92, 62)	49
18:15:54.279	88	62.1707	(914, 623)	(91, 62)	49
18:15:54.376	87	61.6333	(904, 622)	(90, 62)	49
18:15:54.468	80	61.1585	(894, 621)	(89, 62)	49
18:15:54.557	91	60.7521	(884, 620)	(88, 62)	49
18:15:54.656	87	60.1138	(873, 619)	(87, 62)	49
18:15:54.752	75	59.5827	(864, 619)	(86, 62)	49
18:15:54.834	82	59.1221	(854, 619)	(85, 62)	49
18:15:54.926	78	58.4726	(843, 618)	(84, 62)	49
18:15:55.008	81	58.093	(834, 618)	(83, 62)	49
18:15:55.094	84	57.496	(823, 617)	(82, 62)	49
18:15:55.183	76	56.979	(814, 617)	(81, 62)	49
18:15:55.267	84	56.5347	(804, 617)	(80, 62)	49
18:15:55.358	78	56.0581	(794, 617)	(79, 62)	49
18:15:55.441	80	55.344	(784, 616)	(78, 62)	49
18:15:55.531	71	54.672	(772, 616)	(77, 62)	49
18:15:55.606	68	54.3129	(764, 615)	(76, 62)	49
18:15:55.675	76	53.8164	(754, 615)	(75, 62)	49
18:15:55.760	78	53.1037	(744, 615)	(74, 62)	49
18:15:55.843	77	53.7236	(734, 615)	(73, 62)	49
18:15:55.927	80	51.9637	(724, 615)	(72, 62)	49
18:15:56.017	72	50.9713	(714, 615)	(71, 62)	49
18:15:56.093	76	49.9557	(704, 615)	(70, 62)	49
18:15:56.178	76	49.36	(694, 615)	(69, 62)	49
18:15:56.260	63	48.559	(684, 615)	(68, 62)	49
18:15:56.329	68	47.676	(674, 615)	(67, 62)	49
18:15:56.407	69	46.8366	(664, 616)	(66, 62)	49
18:15:56.482	61	45.6767	(654, 617)	(65, 62)	49
18:15:56.552	67	44.4473	(644, 618)	(64, 62)	49
18:15:56.629	64	43.2279	(634, 618)	(63, 62)	49
18:15:56.698	67	42.1567	(624, 619)	(62, 62)	49
18:15:56.775	69	41.1121	(614, 619)	(61, 62)	49
18:15:56.852	57	39.4547	(604, 621)	(60, 62)	49
18:15:56.913	59	38.1948	(594, 621)	(59, 62)	49
18:15:56.976	58	36.8465	(584, 622)	(58, 62)	49
18:15:57.039	59	35.3253	(574, 624)	(57, 62)	49
18:15:57.101	53	34.1627	(566, 625)	(57, 63)	49
18:15:57.165	61	33.9244	(564, 625)	(56, 63)	49
18:15:57.235	62	32.8505	(554, 625)	(55, 63)	49
18:15:57.303	50	31.9181	(544, 626)	(54, 63)	49
18:15:57.358	55	30.7816	(534, 628)	(53, 63)	49
18:15:57.422	55	29.9387	(524, 629)	(52, 63)	49
18:15:57.484	51	28.912	(514, 631)	(51, 63)	49
18:15:57.539	53	28.0047	(504, 633)	(50, 63)	49
18:15:57.595	51	27.2942	(494, 634)	(49, 63)	49
18:15:57.651	56	27.1738	(493, 635)	(49, 64)	49
18:15:57.716	46	26.4221	(484, 637)	(48, 64)	49
18:15:57.769	44	25.0319	(467, 641)	(47, 64)	49
18:15:57.817	42	24.7313	(464, 642)	(46, 64)	49
18:15:57.866	45	24.2187	(458, 645)	(46, 65)	49
18:15:57.923	44	23.8727	(454, 646)	(45, 65)	49
18:15:57.970	37	23.0064	(444, 650)	(44, 65)	49
18:15:58.011	38	22.3043	(434, 654)	(43, 65)	49
18:15:58.053	47	22.031	(432, 655)	(43, 66)	49
18:15:58.103	41	21.3019	(424, 658)	(42, 66)	49
18:15:58.152	36	20.4911	(414, 662)	(41, 66)	49
18:15:58.192	34	20.1559	(409, 665)	(41, 67)	49
18:15:58.234	38	19.837	(404, 667)	(40, 67)	49
18:15:58.276	37	19.0799	(394, 671)	(39, 67)	49
18:15:58.317	39	18.5815	(387, 675)	(39, 68)	49
18:15:58.359	38	18.3342	(384, 676)	(38, 68)	49
18:15:58.401	37	17.6766	(374, 680)	(37, 68)	49
18:15:58.443	37	17.2132	(367, 685)	(37, 69)	49
18:15:58.484	36	16.989	(364, 687)	(36, 69)	49
18:15:58.526	37	16.5803	(356, 695)	(36, 70)	49
18:15:58.569	35	16.4616	(354, 695)	(35, 70)	49
18:15:58.610	35	16.107	(344, 704)	(34, 70)	49
18:15:58.653	42	16.1147	(344, 705)	(34, 71)	49
18:15:58.701	43	15.9179	(337, 715)	(34, 72)	49
18:15:58.750	37	15.9575	(335, 725)	(34, 73)	49
18:15:58.790	33	16.0813	(334, 727)	(33, 73)	49
18:15:58.832	33	16.1652	(331, 735)	(33, 74)	49
18:15:58.873	33	16.4027	(329, 746)	(33, 75)	49
18:15:58.916	34	17.4114	(329, 755)	(33, 76)	49
18:15:58.958	33	16.2881	(329, 765)	(33, 77)	49
18:15:58.999	33	16.3292	(329, 775)	(33, 78)	49
18:15:59.040	34	16.303	(329, 785)	(33, 79)	49
18:15:59.082	38	16.2326	(329, 795)	(33, 80)	49
18:15:59.125	42	16.1157	(329, 805)	(33, 81)	49
18:15:59.175	34	16.335	(329, 833)	(33, 83)	49
18:15:59.214	32	16.3239	(329, 836)	(33, 84)	49
18:15:59.248	36	16.3532	(329, 845)	(33, 85)	49
18:15:59.291	36	16.3039	(329, 855)	(33, 86)	49
18:15:59.333	36	16.2926	(330, 865)	(33, 87)	49
18:15:59.375	35	16.2538	(332, 875)	(33, 88)	49
18:15:59.417	32	16.2523	(335, 883)	(34, 88)	49
18:15:59.457	32	16.2564	(335, 885)	(34, 89)	49
18:15:59.492	32	16.2193	(338, 895)	(34, 90)	49
18:15:59.528	37	16.1397	(341, 905)	(34, 91)	49
18:15:59.570	34	16.0599	(345, 914)	(35, 91)	49
18:15:59.610	31	16.0976	(346, 915)	(35, 92)	49
18:15:59.645	30	16.1641	(350, 925)	(35, 93)	49
18:15:59.679	30	16.1553	(355, 931)	(36, 93)	49
18:15:59.714	30	16.1582	(357, 935)	(36, 94)	49
18:15:59.749	30	16.1738	(364, 945)	(36, 95)	49
18:15:59.784	30	16.1667	(365, 945)	(37, 95)	49
18:15:59.818	31	16.1732	(373, 955)	(37, 96)	49
18:15:59.853	30	16.2021	(375, 956)	(38, 96)	49
18:15:59.888	30	16.2498	(384, 965)	(38, 97)	49
18:15:59.923	30	16.2684	(385, 966)	(39, 97)	49
18:15:59.957	31	16.3653	(395, 975)	(40, 98)	49
18:15:59.992	32	16.488	(405, 982)	(41, 98)	49
18:16:00.027	30	16.5643	(411, 987)	(41, 99)	49
18:16:00.062	31	16.6053	(415, 989)	(42, 99)	49
18:16:00.097	31	16.6215	(423, 995)	(42, 100)	49
18:16:00.131	31	16.6166	(425, 996)	(43, 100)	49
18:16:00.166	31	16.688	(435, 1001)	(44, 100)	49
18:16:00.201	31	16.6969	(441, 1005)	(44, 101)	49
18:16:00.236	32	16.7373	(446, 1007)	(45, 101)	49
18:16:00.270	31	16.7862	(455, 1012)	(46, 101)	49
18:16:00.305	31	16.8216	(461, 1015)	(46, 102)	49
18:16:00.340	35	16.7578	(465, 1017)	(47, 102)	49
18:16:00.382	31	16.7394	(475, 1022)	(48, 102)	49
18:16:00.416	31	16.6794	(481, 1025)	(48, 103)	49
18:16:00.451	31	16.6347	(485, 1026)	(49, 103)	49
18:16:00.486	30	16.4613	(495, 1030)	(50, 103)	49
18:16:00.520	35	16.3748	(505, 1034)	(51, 103)	49
18:16:00.563	37	16.3003	(506, 1035)	(51, 104)	49
18:16:00.605	38	16.2976	(515, 1037)	(52, 104)	49
18:16:00.647	33	16.4083	(525, 1040)	(53, 104)	49
18:16:00.688	32	16.8265	(540, 1043)	(54, 104)	49
18:16:00.723	33	17.0164	(545, 1044)	(55, 104)	49
18:16:00.765	41	17.0824	(549, 1045)	(55, 105)	49
18:16:00.814	38	17.2486	(555, 1046)	(56, 105)	49
18:16:00.856	38	18.016	(577, 1050)	(58, 105)	49
18:16:00.896	32	18.327	(585, 1052)	(59, 105)	49
18:16:00.931	35	18.6704	(595, 1053)	(60, 105)	49
18:16:00.974	44	18.935	(605, 1054)	(61, 105)	49
18:16:01.022	43	19.0007	(608, 1055)	(61, 106)	49
18:16:01.071	37	19.1736	(615, 1056)	(62, 106)	49
18:16:01.112	33	19.4588	(625, 1057)	(63, 106)	49
18:16:01.153	41	19.6844	(635, 1058)	(64, 106)	49
18:16:01.203	43	19.8987	(645, 1059)	(65, 106)	49
18:16:01.251	45	20.1039	(655, 1060)	(66, 106)	49
18:16:01.300	39	20.2329	(665, 1061)	(67, 106)	49
18:16:01.341	36	20.4281	(675, 1061)	(68, 106)	49
18:16:01.383	35	20.4604	(685, 1063)	(69, 106)	49
18:16:01.425	42	20.5524	(695, 1063)	(70, 106)	49
18:16:01.475	53	20.6628	(705, 1064)	(71, 106)	49
18:16:01.536	37	20.7479	(715, 1064)	(72, 106)	49
18:16:01.577	37	20.7316	(719, 1065)	(72, 107)	49
18:16:01.619	44	20.8222	(725, 1065)	(73, 107)	49
18:16:01.669	45	20.8963	(735, 1066)	(74, 107)	49
18:16:01.717	38	21.064	(745, 1066)	(75, 107)	49
18:16:01.758	38	21.184	(755, 1066)	(76, 107)	49
18:16:01.800	38	21.2225	(765, 1066)	(77, 107)	49
18:16:01.842	40	21.6353	(775, 1067)	(78, 107)	49
18:16:01.890	38	21.3253	(785, 1067)	(79, 107)	49
18:16:01.932	35	21.3873	(795, 1068)	(80, 107)	49
18:16:01.973	40	21.3477	(805, 1069)	(81, 107)	49
18:16:02.016	42	21.3607	(815, 1070)	(82, 107)	49
18:16:02.065	42	21.3559	(825, 1071)	(83, 107)	49
18:16:02.114	42	21.4419	(835, 1072)	(84, 107)	49
18:16:02.162	45	21.5416	(845, 1073)	(85, 107)	49
18:16:02.218	50	21.872	(856, 1074)	(86, 107)	49
18:16:02.275	48	21.8717	(862, 1075)	(86, 108)	49
18:16:02.332	42	22.0384	(865, 1075)	(87, 108)	49
18:16:02.376	36	22.432	(875, 1075)	(88, 108)	49
18:16:02.418	42	22.6394	(885, 1076)	(89, 108)	49
18:16:02.468	40	22.655	(895, 1077)	(90, 108)	49
18:16:02.516	39	22.8464	(905, 1078)	(91, 108)	49
18:16:02.558	39	23.059	(915, 1078)	(92, 108)	49
18:16:02.599	40	23.2213	(925, 1079)	(93, 108)	49
18:16:02.642	39	23.4172	(935, 1080)	(94, 108)	49
18:16:02.691	41	23.5585	(945, 1081)	(95, 108)	49
18:16:02.739	40	23.6796	(955, 1082)	(96, 108)	49
18:16:02.788	40	23.8495	(965, 1082)	(97, 108)	49
18:16:02.836	40	23.8612	(975, 1083)	(98, 108)	49
18:16:02.886	51	23.8941	(986, 1083)	(99, 108)	49
18:16:02.943	46	23.9665	(995, 1084)	(100, 108)	49
18:16:02.997	45	24.0345	(1005, 1084)	(101, 108)	49
18:16:03.046	50	24.0465	(1015, 1084)	(102, 108)	49
18:16:03.101	52	23.9684	(1017, 1085)	(102, 109)	49
18:16:03.165	46	23.9889	(1025, 1085)	(103, 109)	49
18:16:03.219	48	25.255	(1040, 1085)	(104, 109)	49
18:16:03.276	51	24.139	(1048, 1085)	(105, 109)	49
18:16:03.338	53	24.1293	(1055, 1086)	(106, 109)	49
18:16:03.400	44	24.2501	(1065, 1086)	(107, 109)	49
18:16:03.448	44	24.3182	(1075, 1086)	(108, 109)	49
18:16:03.496	44	24.2686	(1085, 1086)	(109, 109)	49
18:16:03.545	45	24.3224	(1096, 1086)	(110, 109)	49
18:16:03.594	44	24.3907	(1105, 1086)	(111, 109)	49
18:16:03.644	49	24.5049	(1115, 1086)	(112, 109)	49
18:16:03.699	49	24.6572	(1126, 1086)	(113, 109)	49
18:16:03.755	55	24.8099	(1135, 1086)	(114, 109)	49
18:16:03.816	40	24.947	(1146, 1086)	(115, 109)	49
18:16:03.858	38	25.0107	(1155, 1086)	(116, 109)	49
18:16:03.899	48	24.977	(1166, 1086)	(117, 109)	49
18:16:03.957	51	25.047	(1175, 1086)	(118, 109)	49
18:16:04.019	42	25.235	(1185, 1085)	(119, 109)	49
18:16:04.066	40	25.3653	(1188, 1084)	(119, 108)	49
18:16:04.107	47	25.4277	(1195, 1084)	(120, 108)	49
18:16:04.165	53	25.7508	(1205, 1082)	(121, 108)	49
18:16:04.228	45	25.8652	(1215, 1081)	(122, 108)	49
18:16:04.275	44	25.8733	(1225, 1081)	(123, 108)	49
18:16:04.324	49	25.9339	(1235, 1081)	(124, 108)	49
18:16:04.382	53	26.1677	(1245, 1080)	(125, 108)	49
18:16:04.445	46	26.1966	(1255, 1080)	(126, 108)	49
18:16:04.497	48	26.3382	(1265, 1079)	(127, 108)	49
18:16:04.554	54	26.511	(1275, 1078)	(128, 108)	49
18:16:04.617	55	26.4979	(1286, 1077)	(129, 108)	49
18:16:04.680	46	26.3716	(1295, 1077)	(130, 108)	49
18:16:04.734	48	26.3637	(1305, 1077)	(131, 108)	49
18:16:04.791	50	26.163	(1315, 1077)	(132, 108)	49
18:16:04.845	48	25.888	(1325, 1077)	(133, 108)	49
18:16:04.901	41	25.6444	(1335, 1077)	(134, 108)	49
18:16:04.949	50	25.4793	(1345, 1077)	(135, 108)	49
18:16:05.006	50	25.3326	(1355, 1077)	(136, 108)	49
18:16:05.061	48	25.1264	(1365, 1079)	(137, 108)	49
18:16:05.117	44	25.1019	(1375, 1080)	(138, 108)	49
18:16:05.165	45	24.9207	(1385, 1081)	(139, 108)	49
18:16:05.214	47	24.9643	(1395, 1081)	(140, 108)	49
18:16:05.271	45	24.5721	(1405, 1083)	(141, 108)	49
18:16:05.324	39	24.484	(1416, 1084)	(142, 108)	49
18:16:05.365	41	24.3201	(1418, 1085)	(142, 109)	49
18:16:05.409	45	24.2687	(1425, 1085)	(143, 109)	49
18:16:05.464	46	23.9487	(1437, 1088)	(144, 109)	49
18:16:05.513	42	23.9101	(1445, 1088)	(145, 109)	49
18:16:05.562	39	23.7547	(1455, 1089)	(146, 109)	49
18:16:05.603	43	23.7274	(1465, 1090)	(147, 109)	49
18:16:05.652	44	23.4711	(1476, 1091)	(148, 109)	49
18:16:05.700	45	23.3464	(1485, 1092)	(149, 109)	49
18:16:05.751	43	23.1659	(1495, 1093)	(150, 109)	49
18:16:05.799	51	23.0073	(1505, 1093)	(151, 109)	49
18:16:05.853	47	22.9089	(1515, 1093)	(152, 109)	49
18:16:05.910	49	22.7606	(1525, 1093)	(153, 109)	49
18:16:05.966	41	22.453	(1535, 1094)	(154, 109)	49
18:16:06.012	45	22.2548	(1545, 1094)	(155, 109)	49
18:16:06.063	50	21.8868	(1555, 1094)	(156, 109)	49
18:16:06.119	45	21.6335	(1565, 1094)	(157, 109)	49
18:16:06.166	38	21.5227	(1566, 1095)	(157, 110)	49
18:16:06.209	42	21.2646	(1575, 1095)	(158, 110)	49
18:16:06.258	44	21.0484	(1585, 1095)	(159, 110)	49
18:16:06.306	44	20.7839	(1596, 1096)	(160, 110)	49
18:16:06.354	38	20.573	(1605, 1096)	(161, 110)	49
18:16:06.394	42	20.4496	(1615, 1096)	(162, 110)	49
18:16:06.445	47	20.112	(1625, 1097)	(163, 110)	49
18:16:06.501	43	19.9636	(1635, 1097)	(164, 110)	49
18:16:06.549	41	19.8329	(1645, 1097)	(165, 110)	49
18:16:06.597	40	19.5868	(1655, 1098)	(166, 110)	49
18:16:06.646	44	19.433	(1665, 1098)	(167, 110)	49
18:16:06.695	44	19.2425	(1675, 1099)	(168, 110)	49
18:16:06.743	43	19.115	(1685, 1099)	(169, 110)	49
18:16:06.791	34	18.8887	(1695, 1100)	(170, 110)	49
18:16:06.832	33	18.7316	(1705, 1100)	(171, 110)	49
18:16:06.867	37	18.4679	(1715, 1101)	(172, 110)	49
18:16:06.911	39	18.1677	(1725, 1101)	(173, 110)	49
18:16:06.960	37	17.7679	(1735, 1103)	(174, 110)	49
18:16:07.000	31	17.4052	(1748, 1104)	(175, 110)	49
18:16:07.034	32	17.1747	(1753, 1105)	(175, 111)	49
18:16:07.069	35	17.1237	(1755, 1105)	(176, 111)	49
18:16:07.111	39	16.7585	(1765, 1106)	(177, 111)	49
18:16:07.154	38	16.4462	(1775, 1107)	(178, 111)	49
18:16:07.195	34	16.1984	(1785, 1108)	(179, 111)	49
18:16:07.237	35	15.8579	(1798, 1109)	(180, 111)	49
18:16:07.280	42	15.5499	(1806, 1111)	(181, 111)	49
18:16:07.328	41	15.281	(1815, 1112)	(182, 111)	49
18:16:07.377	44	15.0913	(1825, 1112)	(183, 111)	49
18:16:07.425	33	14.8679	(1835, 1113)	(184, 111)	49
18:16:07.466	34	14.5253	(1850, 1114)	(185, 111)	49
18:16:07.508	38	14.3966	(1855, 1114)	(186, 111)	49
18:16:07.551	41	14.2951	(1858, 1115)	(186, 112)	49
18:16:07.601	36	14.1335	(1865, 1116)	(187, 112)	49
18:16:07.640	30	13.8588	(1877, 1117)	(188, 112)	49
18:16:07.674	29	13.7175	(1885, 1118)	(189, 112)	49
18:16:07.709	29	13.5062	(1895, 1120)	(190, 112)	49
18:16:07.744	35	13.2679	(1905, 1121)	(191, 112)	49
18:16:07.788	29	8.17926	(0, 0)	(0, 0)	49
EOM

