BOM
Frame extends: 2263, 1306
_ms_area: 10
measurements taken: 585
current rendering method: 0
is mouse replay: 1
Camera settings: Roation Quaternion: ( 0.694302, 0.485923, 0.501324, 0.174634), Translationsvektor: ( 0, 0, 1.625).
System_Time	Elapsed_Time_PaintGL	Elapsed_Kernel_Time	Frame_Coordinates	Grid_Position	Manual_Measurement
18:14:01.327	115	108.396	(-1, -1)	(-1, -1)	49
18:14:01.454	119	108.502	(-1, -1)	(-1, -1)	49
18:14:01.577	115	108.445	(-1, -1)	(-1, -1)	49
18:14:01.703	120	108.399	(-1, -1)	(-1, -1)	49
18:14:01.827	114	108.418	(-1, -1)	(-1, -1)	49
18:14:01.945	117	108.451	(-1, -1)	(-1, -1)	49
18:14:02.073	122	108.474	(-1, -1)	(-1, -1)	49
18:14:02.205	121	108.45	(-1, -1)	(-1, -1)	49
18:14:02.337	120	108.386	(-1, -1)	(-1, -1)	49
18:14:02.469	119	108.35	(-1, -1)	(-1, -1)	49
18:14:02.591	118	108.386	(-1, -1)	(-1, -1)	49
18:14:02.720	118	108.459	(-1, -1)	(-1, -1)	49
18:14:02.842	117	108.432	(-1, -1)	(-1, -1)	49
18:14:02.971	120	108.375	(-1, -1)	(-1, -1)	49
18:14:03.101	119	108.439	(-1, -1)	(-1, -1)	49
18:14:03.224	117	108.389	(-1, -1)	(-1, -1)	49
18:14:03.351	119	108.352	(-1, -1)	(-1, -1)	49
18:14:03.474	115	108.46	(-1, -1)	(-1, -1)	49
18:14:03.594	122	108.443	(-1, -1)	(-1, -1)	49
18:14:03.727	119	108.349	(-1, -1)	(-1, -1)	49
18:14:03.850	117	108.641	(-1, -1)	(-1, -1)	49
18:14:03.976	121	108.373	(-1, -1)	(-1, -1)	49
18:14:04.110	120	108.435	(-1, -1)	(-1, -1)	49
18:14:04.243	121	108.417	(-1, -1)	(-1, -1)	49
18:14:04.373	121	108.344	(-1, -1)	(-1, -1)	49
18:14:04.503	118	108.442	(-1, -1)	(-1, -1)	49
18:14:04.630	121	108.381	(-1, -1)	(-1, -1)	49
18:14:04.754	117	108.417	(-1, -1)	(-1, -1)	49
18:14:04.880	122	108.439	(-1, -1)	(-1, -1)	49
18:14:05.012	120	108.419	(-1, -1)	(-1, -1)	49
18:14:05.136	117	108.438	(-1, -1)	(-1, -1)	49
18:14:05.263	119	108.375	(-1, -1)	(-1, -1)	49
18:14:05.387	118	108.301	(-1, -1)	(-1, -1)	49
18:14:05.513	122	108.375	(-1, -1)	(-1, -1)	49
18:14:05.645	120	108.403	(-1, -1)	(-1, -1)	49
18:14:05.772	120	108.434	(-1, -1)	(-1, -1)	49
18:14:05.902	120	108.342	(-1, -1)	(-1, -1)	49
18:14:06.027	121	108.394	(-1, -1)	(-1, -1)	49
18:14:06.153	121	108.492	(-1, -1)	(-1, -1)	49
18:14:06.285	120	108.448	(-1, -1)	(-1, -1)	49
18:14:06.411	121	108.425	(-1, -1)	(-1, -1)	49
18:14:06.542	118	108.421	(-1, -1)	(-1, -1)	49
18:14:06.665	116	108.437	(-1, -1)	(-1, -1)	49
18:14:06.784	115	108.436	(-1, -1)	(-1, -1)	49
18:14:06.902	114	108.519	(-1, -1)	(-1, -1)	49
18:14:07.020	115	108.359	(-1, -1)	(-1, -1)	49
18:14:07.140	119	108.37	(-1, -1)	(-1, -1)	49
18:14:07.263	115	108.531	(-1, -1)	(-1, -1)	49
18:14:07.382	122	108.404	(-1, -1)	(-1, -1)	49
18:14:07.515	122	108.365	(-1, -1)	(-1, -1)	49
18:14:07.647	118	108.416	(-1, -1)	(-1, -1)	49
18:14:07.773	120	108.42	(-1, -1)	(-1, -1)	49
18:14:07.895	117	108.585	(-1, -1)	(-1, -1)	49
18:14:08.014	116	108.407	(-1, -1)	(-1, -1)	49
18:14:08.134	120	108.428	(-1, -1)	(-1, -1)	49
18:14:08.259	120	108.39	(-1, -1)	(-1, -1)	49
18:14:08.384	120	108.407	(-1, -1)	(-1, -1)	49
18:14:08.508	116	108.48	(-1, -1)	(-1, -1)	49
18:14:08.635	120	108.359	(-1, -1)	(-1, -1)	49
18:14:08.758	118	108.403	(-1, -1)	(-1, -1)	49
18:14:08.886	121	108.404	(-1, -1)	(-1, -1)	49
18:14:09.015	117	108.357	(-1, -1)	(-1, -1)	49
18:14:09.142	120	108.427	(-1, -1)	(-1, -1)	49
18:14:09.267	118	108.463	(-1, -1)	(-1, -1)	49
18:14:09.391	121	108.471	(-1, -1)	(-1, -1)	49
18:14:09.517	121	108.411	(-1, -1)	(-1, -1)	49
18:14:09.650	120	108.391	(-1, -1)	(-1, -1)	49
18:14:09.773	114	108.475	(-1, -1)	(-1, -1)	49
18:14:09.891	116	108.489	(-1, -1)	(-1, -1)	49
18:14:10.011	121	108.382	(-1, -1)	(-1, -1)	49
18:14:10.147	119	108.334	(-1, -1)	(-1, -1)	49
18:14:10.275	119	108.443	(-1, -1)	(-1, -1)	49
18:14:10.399	118	108.507	(-1, -1)	(-1, -1)	49
18:14:10.526	119	108.425	(-1, -1)	(-1, -1)	49
18:14:10.649	119	108.461	(-1, -1)	(-1, -1)	49
18:14:10.776	120	108.455	(-1, -1)	(-1, -1)	49
18:14:10.908	120	108.486	(-1, -1)	(-1, -1)	49
18:14:11.031	119	108.396	(-1, -1)	(-1, -1)	49
18:14:11.158	119	108.431	(-1, -1)	(-1, -1)	49
18:14:11.281	118	108.469	(-1, -1)	(-1, -1)	49
18:14:11.408	119	108.361	(-1, -1)	(-1, -1)	49
18:14:11.533	118	108.387	(-1, -1)	(-1, -1)	49
18:14:11.656	118	108.352	(-1, -1)	(-1, -1)	49
18:14:11.784	118	108.411	(-1, -1)	(-1, -1)	49
18:14:11.907	119	108.38	(-1, -1)	(-1, -1)	49
18:14:12.034	121	108.39	(-1, -1)	(-1, -1)	49
18:14:12.166	120	108.381	(-1, -1)	(-1, -1)	49
18:14:12.289	116	108.394	(-1, -1)	(-1, -1)	49
18:14:12.416	119	108.408	(-1, -1)	(-1, -1)	49
18:14:12.540	117	108.4	(-1, -1)	(-1, -1)	49
18:14:12.666	127	108.448	(-1, -1)	(-1, -1)	49
18:14:12.798	119	108.381	(-1, -1)	(-1, -1)	49
18:14:12.922	117	108.399	(-1, -1)	(-1, -1)	49
18:14:13.049	119	108.457	(-1, -1)	(-1, -1)	49
18:14:13.174	120	108.402	(-1, -1)	(-1, -1)	49
18:14:13.300	121	108.377	(-1, -1)	(-1, -1)	49
18:14:13.431	120	108.481	(-1, -1)	(-1, -1)	49
18:14:13.556	119	108.339	(-1, -1)	(-1, -1)	49
18:14:13.681	119	108.397	(-1, -1)	(-1, -1)	49
18:14:13.805	117	108.594	(-1, -1)	(-1, -1)	49
18:14:13.931	120	108.439	(-1, -1)	(-1, -1)	49
18:14:14.055	116	108.492	(-1, -1)	(-1, -1)	49
18:14:14.173	115	108.448	(-1, -1)	(-1, -1)	49
18:14:14.293	120	108.298	(-1, -1)	(-1, -1)	49
18:14:14.417	116	108.447	(-1, -1)	(-1, -1)	49
18:14:14.543	121	108.407	(-1, -1)	(-1, -1)	49
18:14:14.669	120	108.404	(-1, -1)	(-1, -1)	49
18:14:14.793	117	108.425	(-1, -1)	(-1, -1)	49
18:14:14.918	120	108.442	(-1, -1)	(-1, -1)	49
18:14:15.042	117	108.503	(-1, -1)	(-1, -1)	49
18:14:15.169	119	108.409	(-1, -1)	(-1, -1)	49
18:14:15.294	121	108.398	(-1, -1)	(-1, -1)	49
18:14:15.419	119	108.462	(-1, -1)	(-1, -1)	49
18:14:15.545	118	108.376	(-1, -1)	(-1, -1)	49
18:14:15.667	116	108.398	(-1, -1)	(-1, -1)	49
18:14:15.794	120	108.339	(-1, -1)	(-1, -1)	49
18:14:15.917	117	108.41	(-1, -1)	(-1, -1)	49
18:14:16.045	121	108.395	(-1, -1)	(-1, -1)	49
18:14:16.170	120	108.412	(-1, -1)	(-1, -1)	49
18:14:16.295	120	108.454	(-1, -1)	(-1, -1)	49
18:14:16.420	121	108.446	(-1, -1)	(-1, -1)	49
18:14:16.545	121	108.418	(-1, -1)	(-1, -1)	49
18:14:16.681	120	108.378	(-1, -1)	(-1, -1)	49
18:14:16.810	121	108.351	(-1, -1)	(-1, -1)	49
18:14:16.934	118	108.359	(-1, -1)	(-1, -1)	49
18:14:17.059	119	108.512	(-1, -1)	(-1, -1)	49
18:14:17.183	114	108.513	(-1, -1)	(-1, -1)	49
18:14:17.302	117	108.312	(-1, -1)	(-1, -1)	49
18:14:17.428	120	108.444	(-1, -1)	(-1, -1)	49
18:14:17.552	117	108.473	(-1, -1)	(-1, -1)	49
18:14:17.678	118	108.438	(-1, -1)	(-1, -1)	49
18:14:17.804	121	108.394	(-1, -1)	(-1, -1)	49
18:14:17.936	121	108.397	(-1, -1)	(-1, -1)	49
18:14:18.068	119	108.359	(-1, -1)	(-1, -1)	49
18:14:18.192	116	108.343	(-1, -1)	(-1, -1)	49
18:14:18.316	117	108.358	(-1, -1)	(-1, -1)	49
18:14:18.434	116	108.496	(-1, -1)	(-1, -1)	49
18:14:18.561	121	108.428	(-1, -1)	(-1, -1)	49
18:14:18.687	119	108.455	(-1, -1)	(-1, -1)	49
18:14:18.810	116	108.539	(-1, -1)	(-1, -1)	49
18:14:18.936	120	108.377	(-1, -1)	(-1, -1)	49
18:14:19.060	117	108.404	(-1, -1)	(-1, -1)	49
18:14:19.188	121	108.499	(-1, -1)	(-1, -1)	49
18:14:19.320	120	108.386	(-1, -1)	(-1, -1)	49
18:14:19.443	116	108.413	(-1, -1)	(-1, -1)	49
18:14:19.570	120	108.428	(-1, -1)	(-1, -1)	49
18:14:19.702	119	108.393	(-1, -1)	(-1, -1)	49
18:14:19.827	118	108.318	(-1, -1)	(-1, -1)	49
18:14:19.950	121	108.386	(-1, -1)	(-1, -1)	49
18:14:20.076	116	108.493	(-1, -1)	(-1, -1)	49
18:14:20.202	119	108.427	(-1, -1)	(-1, -1)	49
18:14:20.325	115	108.475	(-1, -1)	(-1, -1)	49
18:14:20.445	121	108.392	(-1, -1)	(-1, -1)	49
18:14:20.577	119	108.401	(-1, -1)	(-1, -1)	49
18:14:20.703	121	108.372	(-1, -1)	(-1, -1)	49
18:14:20.835	120	108.445	(-1, -1)	(-1, -1)	49
18:14:20.966	121	108.464	(-1, -1)	(-1, -1)	49
18:14:21.090	117	108.426	(-1, -1)	(-1, -1)	49
18:14:21.217	120	108.438	(-1, -1)	(-1, -1)	49
18:14:21.341	116	108.487	(-1, -1)	(-1, -1)	49
18:14:21.465	118	108.58	(-1, -1)	(-1, -1)	49
18:14:21.593	118	108.4	(-1, -1)	(-1, -1)	49
18:14:21.718	119	108.433	(-1, -1)	(-1, -1)	49
18:14:21.842	116	108.436	(-1, -1)	(-1, -1)	49
18:14:21.966	116	108.511	(-1, -1)	(-1, -1)	49
18:14:22.093	119	108.341	(-1, -1)	(-1, -1)	49
18:14:22.216	116	108.449	(-1, -1)	(-1, -1)	49
18:14:22.343	119	108.415	(-1, -1)	(-1, -1)	49
18:14:22.468	118	108.475	(-1, -1)	(-1, -1)	49
18:14:22.592	117	108.448	(-1, -1)	(-1, -1)	49
18:14:22.718	120	108.423	(-1, -1)	(-1, -1)	49
18:14:22.843	121	108.421	(-1, -1)	(-1, -1)	49
18:14:22.969	121	108.376	(-1, -1)	(-1, -1)	49
18:14:23.101	120	108.425	(-1, -1)	(-1, -1)	49
18:14:23.225	116	108.451	(-1, -1)	(-1, -1)	49
18:14:23.351	119	108.481	(-1, -1)	(-1, -1)	49
18:14:23.474	115	108.375	(-1, -1)	(-1, -1)	49
18:14:23.594	119	108.429	(-1, -1)	(-1, -1)	49
18:14:23.718	115	108.431	(-1, -1)	(-1, -1)	49
18:14:23.838	121	108.445	(-1, -1)	(-1, -1)	49
18:14:23.970	121	108.397	(-1, -1)	(-1, -1)	49
18:14:24.093	117	108.46	(-1, -1)	(-1, -1)	49
18:14:24.220	120	108.448	(-1, -1)	(-1, -1)	49
18:14:24.345	120	108.385	(-1, -1)	(-1, -1)	49
18:14:24.470	121	108.44	(-1, -1)	(-1, -1)	49
18:14:24.595	120	108.393	(-1, -1)	(-1, -1)	49
18:14:24.719	119	108.395	(-1, -1)	(-1, -1)	49
18:14:24.845	116	108.402	(-1, -1)	(-1, -1)	49
18:14:24.969	116	108.439	(-1, -1)	(-1, -1)	49
18:14:25.099	120	108.381	(-1, -1)	(-1, -1)	49
18:14:25.228	120	108.362	(-1, -1)	(-1, -1)	49
18:14:25.352	117	108.452	(-1, -1)	(-1, -1)	49
18:14:25.478	119	108.423	(-1, -1)	(-1, -1)	49
18:14:25.604	120	108.418	(-1, -1)	(-1, -1)	49
18:14:25.730	121	108.383	(-1, -1)	(-1, -1)	49
18:14:25.860	121	108.392	(-1, -1)	(-1, -1)	49
18:14:25.985	116	108.485	(-1, -1)	(-1, -1)	49
18:14:26.111	118	108.405	(-1, -1)	(-1, -1)	49
18:14:26.235	116	108.515	(-1, -1)	(-1, -1)	49
18:14:26.361	120	108.412	(-1, -1)	(-1, -1)	49
18:14:26.486	121	108.322	(-1, -1)	(-1, -1)	49
18:14:26.610	116	108.447	(-1, -1)	(-1, -1)	49
18:14:26.738	121	108.429	(-1, -1)	(-1, -1)	49
18:14:26.867	115	108.467	(-1, -1)	(-1, -1)	49
18:14:26.988	121	108.439	(-1, -1)	(-1, -1)	49
18:14:27.119	121	108.448	(-1, -1)	(-1, -1)	49
18:14:27.250	117	108.318	(-1, -1)	(-1, -1)	49
18:14:27.377	119	108.312	(-1, -1)	(-1, -1)	49
18:14:27.501	118	108.382	(-1, -1)	(-1, -1)	49
18:14:27.629	118	108.495	(-1, -1)	(-1, -1)	49
18:14:27.752	120	108.393	(-1, -1)	(-1, -1)	49
18:14:27.876	116	108.48	(-1, -1)	(-1, -1)	49
18:14:28.002	120	108.401	(-1, -1)	(-1, -1)	49
18:14:28.127	120	108.389	(-1, -1)	(-1, -1)	49
18:14:28.253	119	108.45	(-1, -1)	(-1, -1)	49
18:14:28.375	117	108.517	(-1, -1)	(-1, -1)	49
18:14:28.495	118	108.475	(-1, -1)	(-1, -1)	49
18:14:28.621	119	108.491	(-1, -1)	(-1, -1)	49
18:14:28.746	120	108.442	(-1, -1)	(-1, -1)	49
18:14:28.870	122	108.423	(-1, -1)	(-1, -1)	49
18:14:29.003	120	108.339	(-1, -1)	(-1, -1)	49
18:14:29.128	118	108.365	(-1, -1)	(-1, -1)	49
18:14:29.253	119	108.369	(-1, -1)	(-1, -1)	49
18:14:29.378	121	108.416	(-1, -1)	(-1, -1)	49
18:14:29.503	121	108.38	(-1, -1)	(-1, -1)	49
18:14:29.628	120	108.357	(-1, -1)	(-1, -1)	49
18:14:29.753	118	108.339	(-1, -1)	(-1, -1)	49
18:14:29.879	122	108.477	(-1, -1)	(-1, -1)	49
18:14:30.002	116	108.451	(-1, -1)	(-1, -1)	49
18:14:30.122	122	108.419	(-1, -1)	(-1, -1)	49
18:14:30.255	121	108.436	(-1, -1)	(-1, -1)	49
18:14:30.387	119	108.444	(-1, -1)	(-1, -1)	49
18:14:30.511	120	108.492	(-1, -1)	(-1, -1)	49
18:14:30.635	116	108.542	(-1, -1)	(-1, -1)	49
18:14:30.753	116	108.428	(-1, -1)	(-1, -1)	49
18:14:30.880	120	108.391	(-1, -1)	(-1, -1)	49
18:14:31.005	121	108.34	(-1, -1)	(-1, -1)	49
18:14:31.137	119	108.426	(-1, -1)	(-1, -1)	49
18:14:31.261	116	108.615	(-1, -1)	(-1, -1)	49
18:14:31.388	119	108.472	(-1, -1)	(-1, -1)	49
18:14:31.510	117	108.556	(-1, -1)	(-1, -1)	49
18:14:31.638	119	108.404	(-1, -1)	(-1, -1)	49
18:14:31.761	118	108.456	(-1, -1)	(-1, -1)	49
18:14:31.887	118	108.51	(-1, -1)	(-1, -1)	49
18:14:32.013	120	108.392	(-1, -1)	(-1, -1)	49
18:14:32.137	116	108.398	(-1, -1)	(-1, -1)	49
18:14:32.264	120	108.407	(-1, -1)	(-1, -1)	49
18:14:32.387	118	108.361	(-1, -1)	(-1, -1)	49
18:14:32.514	119	108.4	(-1, -1)	(-1, -1)	49
18:14:32.638	120	108.334	(-1, -1)	(-1, -1)	49
18:14:32.764	121	108.408	(-1, -1)	(-1, -1)	49
18:14:32.889	121	108.352	(-1, -1)	(-1, -1)	49
18:14:33.021	120	108.377	(-1, -1)	(-1, -1)	49
18:14:33.145	119	108.35	(-1, -1)	(-1, -1)	49
18:14:33.272	119	108.367	(-1, -1)	(-1, -1)	49
18:14:33.394	117	108.419	(-1, -1)	(-1, -1)	49
18:14:33.522	120	108.427	(-1, -1)	(-1, -1)	49
18:14:33.654	121	108.423	(-1, -1)	(-1, -1)	49
18:14:33.786	117	108.4	(-1, -1)	(-1, -1)	49
18:14:33.912	119	108.435	(-1, -1)	(-1, -1)	49
18:14:34.035	117	108.395	(-1, -1)	(-1, -1)	49
18:14:34.162	121	108.345	(-1, -1)	(-1, -1)	49
18:14:34.293	120	108.488	(-1, -1)	(-1, -1)	49
18:14:34.417	118	108.352	(-1, -1)	(-1, -1)	49
18:14:34.543	120	108.358	(-1, -1)	(-1, -1)	49
18:14:34.667	116	108.457	(-1, -1)	(-1, -1)	49
18:14:34.794	120	108.515	(-1, -1)	(-1, -1)	49
18:14:34.917	114	108.513	(-1, -1)	(-1, -1)	49
18:14:35.035	115	108.548	(-1, -1)	(-1, -1)	49
18:14:35.155	120	108.36	(-1, -1)	(-1, -1)	49
18:14:35.279	118	108.442	(-1, -1)	(-1, -1)	49
18:14:35.405	120	108.42	(-1, -1)	(-1, -1)	49
18:14:35.530	117	108.409	(-1, -1)	(-1, -1)	49
18:14:35.656	119	108.433	(-1, -1)	(-1, -1)	49
18:14:35.782	119	108.375	(-1, -1)	(-1, -1)	49
18:14:35.904	118	108.423	(-1, -1)	(-1, -1)	49
18:14:36.031	119	108.326	(-1, -1)	(-1, -1)	49
18:14:36.156	120	108.357	(-1, -1)	(-1, -1)	49
18:14:36.282	122	108.472	(-1, -1)	(-1, -1)	49
18:14:36.414	118	108.461	(-1, -1)	(-1, -1)	49
18:14:36.537	118	108.418	(-1, -1)	(-1, -1)	49
18:14:36.663	121	108.307	(-1, -1)	(-1, -1)	49
18:14:36.788	117	108.518	(-1, -1)	(-1, -1)	49
18:14:36.914	122	108.36	(-1, -1)	(-1, -1)	49
18:14:37.046	120	108.423	(-1, -1)	(-1, -1)	49
18:14:37.170	117	108.455	(-1, -1)	(-1, -1)	49
18:14:37.296	121	108.387	(-1, -1)	(-1, -1)	49
18:14:37.422	120	108.355	(-1, -1)	(-1, -1)	49
18:14:37.554	119	108.385	(-1, -1)	(-1, -1)	49
18:14:37.679	120	108.423	(-1, -1)	(-1, -1)	49
18:14:37.809	118	108.363	(-1, -1)	(-1, -1)	49
18:14:37.936	120	108.421	(-1, -1)	(-1, -1)	49
18:14:38.059	118	108.401	(-1, -1)	(-1, -1)	49
18:14:38.186	120	108.337	(-1, -1)	(-1, -1)	49
18:14:38.310	115	108.482	(-1, -1)	(-1, -1)	49
18:14:38.429	118	108.38	(-1, -1)	(-1, -1)	49
18:14:38.555	119	108.391	(-1, -1)	(-1, -1)	49
18:14:38.679	117	108.381	(-1, -1)	(-1, -1)	49
18:14:38.805	121	108.45	(-1, -1)	(-1, -1)	49
18:14:38.931	119	108.469	(-1, -1)	(-1, -1)	49
18:14:39.054	117	108.376	(-1, -1)	(-1, -1)	49
18:14:39.180	120	108.331	(-1, -1)	(-1, -1)	49
18:14:39.304	117	108.432	(-1, -1)	(-1, -1)	49
18:14:39.430	120	108.431	(-1, -1)	(-1, -1)	49
18:14:39.554	116	108.473	(-1, -1)	(-1, -1)	49
18:14:39.674	120	108.432	(-1, -1)	(-1, -1)	49
18:14:39.799	119	108.421	(-1, -1)	(-1, -1)	49
18:14:39.923	118	108.449	(-1, -1)	(-1, -1)	49
18:14:40.050	119	108.405	(-1, -1)	(-1, -1)	49
18:14:40.174	121	108.386	(-1, -1)	(-1, -1)	49
18:14:40.306	121	108.473	(-1, -1)	(-1, -1)	49
18:14:40.438	120	108.386	(-1, -1)	(-1, -1)	49
18:14:40.562	117	108.414	(-1, -1)	(-1, -1)	49
18:14:40.689	121	108.337	(-1, -1)	(-1, -1)	49
18:14:40.814	121	108.385	(-1, -1)	(-1, -1)	49
18:14:40.939	120	108.436	(-1, -1)	(-1, -1)	49
18:14:41.064	119	108.386	(-1, -1)	(-1, -1)	49
18:14:41.187	115	108.467	(-1, -1)	(-1, -1)	49
18:14:41.307	119	108.435	(-1, -1)	(-1, -1)	49
18:14:41.431	115	108.486	(-1, -1)	(-1, -1)	49
18:14:41.558	120	108.43	(-1, -1)	(-1, -1)	49
18:14:41.691	121	108.329	(-1, -1)	(-1, -1)	49
18:14:41.821	117	108.385	(-1, -1)	(-1, -1)	49
18:14:41.947	121	108.345	(-1, -1)	(-1, -1)	49
18:14:42.072	122	108.398	(-1, -1)	(-1, -1)	49
18:14:42.204	120	108.399	(-1, -1)	(-1, -1)	49
18:14:42.330	120	108.411	(-1, -1)	(-1, -1)	49
18:14:42.453	118	108.415	(-1, -1)	(-1, -1)	49
18:14:42.579	121	108.356	(-1, -1)	(-1, -1)	49
18:14:42.704	122	108.323	(-1, -1)	(-1, -1)	49
18:14:42.837	120	108.447	(-1, -1)	(-1, -1)	49
18:14:42.962	118	108.415	(-1, -1)	(-1, -1)	49
18:14:43.085	115	108.479	(-1, -1)	(-1, -1)	49
18:14:43.204	116	108.431	(-1, -1)	(-1, -1)	49
18:14:43.328	116	108.531	(-1, -1)	(-1, -1)	49
18:14:43.449	120	108.427	(-1, -1)	(-1, -1)	49
18:14:43.574	120	108.365	(-1, -1)	(-1, -1)	49
18:14:43.699	121	108.475	(-1, -1)	(-1, -1)	49
18:14:43.824	121	108.499	(-1, -1)	(-1, -1)	49
18:14:43.948	116	108.409	(-1, -1)	(-1, -1)	49
18:14:44.074	120	108.334	(-1, -1)	(-1, -1)	49
18:14:44.199	121	108.362	(-1, -1)	(-1, -1)	49
18:14:44.324	120	108.425	(-1, -1)	(-1, -1)	49
18:14:44.448	114	108.554	(-1, -1)	(-1, -1)	49
18:14:44.567	117	108.457	(-1, -1)	(-1, -1)	49
18:14:44.693	120	108.408	(-1, -1)	(-1, -1)	49
18:14:44.818	120	108.333	(-1, -1)	(-1, -1)	49
18:14:44.943	121	108.445	(-1, -1)	(-1, -1)	49
18:14:45.068	121	108.415	(-1, -1)	(-1, -1)	49
18:14:45.200	120	108.312	(-1, -1)	(-1, -1)	49
18:14:45.326	120	108.435	(-1, -1)	(-1, -1)	49
18:14:45.449	125	108.367	(-1, -1)	(-1, -1)	49
18:14:45.584	121	108.421	(-1, -1)	(-1, -1)	49
18:14:45.714	120	108.481	(-1, -1)	(-1, -1)	49
18:14:45.839	116	108.436	(-1, -1)	(-1, -1)	49
18:14:45.965	120	108.373	(-1, -1)	(-1, -1)	49
18:14:46.089	114	108.453	(-1, -1)	(-1, -1)	49
18:14:46.209	122	108.45	(-1, -1)	(-1, -1)	49
18:14:46.341	120	108.422	(-1, -1)	(-1, -1)	49
18:14:46.465	117	108.343	(-1, -1)	(-1, -1)	49
18:14:46.591	119	108.358	(-1, -1)	(-1, -1)	49
18:14:46.716	123	108.414	(-1, -1)	(-1, -1)	49
18:14:46.851	121	108.388	(-1, -1)	(-1, -1)	49
18:14:46.980	121	108.427	(-1, -1)	(-1, -1)	49
18:14:47.104	117	108.401	(-1, -1)	(-1, -1)	49
18:14:47.231	119	108.372	(-1, -1)	(-1, -1)	49
18:14:47.354	117	108.503	(-1, -1)	(-1, -1)	49
18:14:47.481	120	108.432	(-1, -1)	(-1, -1)	49
18:14:47.604	117	108.441	(-1, -1)	(-1, -1)	49
18:14:47.731	116	108.44	(-1, -1)	(-1, -1)	49
18:14:47.856	120	108.41	(-1, -1)	(-1, -1)	49
18:14:47.980	118	108.411	(-1, -1)	(-1, -1)	49
18:14:48.106	121	108.379	(-1, -1)	(-1, -1)	49
18:14:48.239	120	108.441	(-1, -1)	(-1, -1)	49
18:14:48.362	118	108.363	(-1, -1)	(-1, -1)	49
18:14:48.490	118	108.499	(-1, -1)	(-1, -1)	49
18:14:48.612	118	108.415	(-1, -1)	(-1, -1)	49
18:14:48.739	119	108.421	(-1, -1)	(-1, -1)	49
18:14:48.863	117	108.394	(-1, -1)	(-1, -1)	49
18:14:48.989	119	108.403	(-1, -1)	(-1, -1)	49
18:14:49.115	119	108.421	(-1, -1)	(-1, -1)	49
18:14:49.238	116	108.374	(-1, -1)	(-1, -1)	49
18:14:49.364	120	108.447	(-1, -1)	(-1, -1)	49
18:14:49.489	121	108.398	(-1, -1)	(-1, -1)	49
18:14:49.617	117	108.433	(-1, -1)	(-1, -1)	49
18:14:49.738	119	108.385	(-1, -1)	(-1, -1)	49
18:14:49.864	117	108.481	(-1, -1)	(-1, -1)	49
18:14:49.991	119	108.422	(-1, -1)	(-1, -1)	49
18:14:50.115	120	108.31	(-1, -1)	(-1, -1)	49
18:14:50.241	122	108.396	(-1, -1)	(-1, -1)	49
18:14:50.373	119	108.449	(-1, -1)	(-1, -1)	49
18:14:50.496	115	108.419	(-1, -1)	(-1, -1)	49
18:14:50.623	120	108.42	(-1, -1)	(-1, -1)	49
18:14:50.746	115	108.548	(-1, -1)	(-1, -1)	49
18:14:50.865	118	108.384	(-1, -1)	(-1, -1)	49
18:14:50.991	121	108.36	(-1, -1)	(-1, -1)	49
18:14:51.117	120	108.475	(-1, -1)	(-1, -1)	49
18:14:51.249	120	108.389	(-1, -1)	(-1, -1)	49
18:14:51.374	119	108.433	(-1, -1)	(-1, -1)	49
18:14:51.498	118	108.373	(-1, -1)	(-1, -1)	49
18:14:51.624	119	108.431	(-1, -1)	(-1, -1)	49
18:14:51.748	117	108.457	(-1, -1)	(-1, -1)	49
18:14:51.874	119	108.386	(-1, -1)	(-1, -1)	49
18:14:51.999	121	108.431	(-1, -1)	(-1, -1)	49
18:14:52.125	121	108.458	(-1, -1)	(-1, -1)	49
18:14:52.259	120	108.393	(-1, -1)	(-1, -1)	49
18:14:52.386	117	108.44	(-1, -1)	(-1, -1)	49
18:14:52.514	120	108.361	(-1, -1)	(-1, -1)	49
18:14:52.638	118	108.43	(-1, -1)	(-1, -1)	49
18:14:52.765	124	108.422	(-1, -1)	(-1, -1)	49
18:14:52.896	121	108.382	(-1, -1)	(-1, -1)	49
18:14:53.028	121	108.365	(-1, -1)	(-1, -1)	49
18:14:53.161	119	108.413	(-1, -1)	(-1, -1)	49
18:14:53.286	121	108.397	(-1, -1)	(-1, -1)	49
18:14:53.418	122	108.461	(-1, -1)	(-1, -1)	49
18:14:53.550	120	108.43	(-1, -1)	(-1, -1)	49
18:14:53.673	117	108.494	(-1, -1)	(-1, -1)	49
18:14:53.800	121	108.381	(-1, -1)	(-1, -1)	49
18:14:53.925	120	108.436	(-1, -1)	(-1, -1)	49
18:14:54.054	118	108.333	(-1, -1)	(-1, -1)	49
18:14:54.183	119	108.458	(-1, -1)	(-1, -1)	49
18:14:54.306	118	108.388	(-1, -1)	(-1, -1)	49
18:14:54.432	120	108.326	(-1, -1)	(-1, -1)	49
18:14:54.557	120	108.463	(-1, -1)	(-1, -1)	49
18:14:54.683	120	108.447	(-1, -1)	(-1, -1)	49
18:14:54.807	121	108.449	(-1, -1)	(-1, -1)	49
18:14:54.933	121	108.407	(-1, -1)	(-1, -1)	49
18:14:55.065	119	108.487	(-1, -1)	(-1, -1)	49
18:14:55.190	120	108.369	(-1, -1)	(-1, -1)	49
18:14:55.317	120	108.373	(-1, -1)	(-1, -1)	49
18:14:55.447	119	108.366	(-1, -1)	(-1, -1)	49
18:14:55.571	115	108.415	(-1, -1)	(-1, -1)	49
18:14:55.689	117	108.452	(-1, -1)	(-1, -1)	49
18:14:55.818	121	108.403	(-1, -1)	(-1, -1)	49
18:14:55.949	117	108.423	(-1, -1)	(-1, -1)	49
18:14:56.073	122	108.373	(-1, -1)	(-1, -1)	49
18:14:56.205	119	108.334	(-1, -1)	(-1, -1)	49
18:14:56.331	121	108.372	(-1, -1)	(-1, -1)	49
18:14:56.462	120	108.435	(-1, -1)	(-1, -1)	49
18:14:56.586	116	108.493	(-1, -1)	(-1, -1)	49
18:14:56.711	119	108.384	(-1, -1)	(-1, -1)	49
18:14:56.837	117	108.408	(-1, -1)	(-1, -1)	49
18:14:56.963	119	108.404	(-1, -1)	(-1, -1)	49
18:14:57.086	115	108.587	(-1, -1)	(-1, -1)	49
18:14:57.208	119	108.467	(-1, -1)	(-1, -1)	49
18:14:57.331	119	108.347	(-1, -1)	(-1, -1)	49
18:14:57.455	117	108.407	(-1, -1)	(-1, -1)	49
18:14:57.581	120	108.431	(-1, -1)	(-1, -1)	49
18:14:57.710	121	108.414	(-1, -1)	(-1, -1)	49
18:14:57.838	119	108.462	(-1, -1)	(-1, -1)	49
18:14:57.964	120	108.483	(-1, -1)	(-1, -1)	49
18:14:58.088	118	108.446	(-1, -1)	(-1, -1)	49
18:14:58.214	120	108.375	(-1, -1)	(-1, -1)	49
18:14:58.339	121	108.355	(-1, -1)	(-1, -1)	49
18:14:58.464	121	108.37	(-1, -1)	(-1, -1)	49
18:14:58.590	119	108.403	(-1, -1)	(-1, -1)	49
18:14:58.713	116	108.488	(-1, -1)	(-1, -1)	49
18:14:58.840	123	108.365	(-1, -1)	(-1, -1)	49
18:14:58.971	117	108.336	(-1, -1)	(-1, -1)	49
18:14:59.101	119	108.428	(-1, -1)	(-1, -1)	49
18:14:59.229	120	108.405	(-1, -1)	(-1, -1)	49
18:14:59.353	117	108.427	(-1, -1)	(-1, -1)	49
18:14:59.479	119	108.415	(-1, -1)	(-1, -1)	49
18:14:59.603	116	108.513	(-1, -1)	(-1, -1)	49
18:14:59.730	123	108.4	(-1, -1)	(-1, -1)	49
18:14:59.859	115	108.502	(-1, -1)	(-1, -1)	49
18:14:59.978	118	108.434	(-1, -1)	(-1, -1)	49
18:15:00.105	119	108.378	(-1, -1)	(-1, -1)	49
18:15:00.229	118	108.442	(-1, -1)	(-1, -1)	49
18:15:00.355	122	108.522	(-1, -1)	(-1, -1)	49
18:15:00.488	119	108.45	(-1, -1)	(-1, -1)	49
18:15:00.612	116	108.508	(-1, -1)	(-1, -1)	49
18:15:00.739	118	108.31	(-1, -1)	(-1, -1)	49
18:15:00.861	116	108.462	(-1, -1)	(-1, -1)	49
18:15:00.989	121	108.408	(-1, -1)	(-1, -1)	49
18:15:01.120	120	108.412	(-1, -1)	(-1, -1)	49
18:15:01.245	122	108.41	(-1, -1)	(-1, -1)	49
18:15:01.377	119	108.433	(-1, -1)	(-1, -1)	49
18:15:01.500	116	108.447	(-1, -1)	(-1, -1)	49
18:15:01.621	121	108.487	(-1, -1)	(-1, -1)	49
18:15:01.753	119	108.444	(-1, -1)	(-1, -1)	49
18:15:01.876	116	108.524	(-1, -1)	(-1, -1)	49
18:15:02.003	119	108.54	(-1, -1)	(-1, -1)	49
18:15:02.127	117	108.475	(-1, -1)	(-1, -1)	49
18:15:02.253	119	108.323	(-1, -1)	(-1, -1)	49
18:15:02.378	121	108.467	(-1, -1)	(-1, -1)	49
18:15:02.503	122	108.436	(-1, -1)	(-1, -1)	49
18:15:02.635	119	108.519	(-1, -1)	(-1, -1)	49
18:15:02.759	116	108.369	(-1, -1)	(-1, -1)	49
18:15:02.884	118	108.404	(-1, -1)	(-1, -1)	49
18:15:03.010	118	108.467	(-1, -1)	(-1, -1)	49
18:15:03.135	120	108.413	(-1, -1)	(-1, -1)	49
18:15:03.261	121	108.337	(-1, -1)	(-1, -1)	49
18:15:03.392	116	108.489	(-1, -1)	(-1, -1)	49
18:15:03.518	120	108.35	(-1, -1)	(-1, -1)	49
18:15:03.642	118	108.371	(-1, -1)	(-1, -1)	49
18:15:03.769	120	108.361	(-1, -1)	(-1, -1)	49
18:15:03.893	122	108.406	(-1, -1)	(-1, -1)	49
18:15:04.021	118	108.463	(-1, -1)	(-1, -1)	49
18:15:04.145	118	108.412	(-1, -1)	(-1, -1)	49
18:15:04.267	117	108.435	(-1, -1)	(-1, -1)	49
18:15:04.394	119	108.431	(-1, -1)	(-1, -1)	49
18:15:04.517	117	108.458	(-1, -1)	(-1, -1)	49
18:15:04.648	117	108.456	(-1, -1)	(-1, -1)	49
18:15:04.769	120	108.377	(-1, -1)	(-1, -1)	49
18:15:04.894	116	108.399	(-1, -1)	(-1, -1)	49
18:15:05.019	122	108.455	(-1, -1)	(-1, -1)	49
18:15:05.146	118	108.403	(-1, -1)	(-1, -1)	49
18:15:05.277	121	108.49	(-1, -1)	(-1, -1)	49
18:15:05.402	121	108.447	(-1, -1)	(-1, -1)	49
18:15:05.526	118	108.389	(-1, -1)	(-1, -1)	49
18:15:05.653	119	108.481	(-1, -1)	(-1, -1)	49
18:15:05.778	120	108.331	(-1, -1)	(-1, -1)	49
18:15:05.903	119	108.324	(-1, -1)	(-1, -1)	49
18:15:06.027	116	108.556	(-1, -1)	(-1, -1)	49
18:15:06.151	118	108.369	(-1, -1)	(-1, -1)	49
18:15:06.278	120	108.313	(-1, -1)	(-1, -1)	49
18:15:06.401	116	108.405	(-1, -1)	(-1, -1)	49
18:15:06.528	120	108.416	(-1, -1)	(-1, -1)	49
18:15:06.653	121	108.458	(-1, -1)	(-1, -1)	49
18:15:06.779	119	108.439	(-1, -1)	(-1, -1)	49
18:15:06.905	118	108.309	(-1, -1)	(-1, -1)	49
18:15:07.028	117	108.443	(-1, -1)	(-1, -1)	49
18:15:07.154	122	108.399	(-1, -1)	(-1, -1)	49
18:15:07.286	121	108.3	(-1, -1)	(-1, -1)	49
18:15:07.411	117	108.332	(-1, -1)	(-1, -1)	49
18:15:07.536	121	108.453	(-1, -1)	(-1, -1)	49
18:15:07.663	120	108.407	(-1, -1)	(-1, -1)	49
18:15:07.794	120	108.399	(-1, -1)	(-1, -1)	49
18:15:07.917	115	108.546	(-1, -1)	(-1, -1)	49
18:15:08.036	118	108.395	(-1, -1)	(-1, -1)	49
18:15:08.162	120	108.362	(-1, -1)	(-1, -1)	49
18:15:08.286	117	108.343	(-1, -1)	(-1, -1)	49
18:15:08.412	120	108.337	(-1, -1)	(-1, -1)	49
18:15:08.537	120	108.403	(-1, -1)	(-1, -1)	49
18:15:08.663	120	108.44	(-1, -1)	(-1, -1)	49
18:15:08.788	119	108.45	(-1, -1)	(-1, -1)	49
18:15:08.911	118	108.49	(-1, -1)	(-1, -1)	49
18:15:09.037	121	108.394	(-1, -1)	(-1, -1)	49
18:15:09.163	121	108.474	(-1, -1)	(-1, -1)	49
18:15:09.296	119	108.413	(-1, -1)	(-1, -1)	49
18:15:09.419	119	108.386	(-1, -1)	(-1, -1)	49
18:15:09.543	117	108.484	(-1, -1)	(-1, -1)	49
18:15:09.671	121	108.421	(-1, -1)	(-1, -1)	49
18:15:09.802	120	108.37	(-1, -1)	(-1, -1)	49
18:15:09.930	121	108.477	(-1, -1)	(-1, -1)	49
18:15:10.060	120	108.379	(-1, -1)	(-1, -1)	49
18:15:10.184	116	108.497	(-1, -1)	(-1, -1)	49
18:15:10.312	120	108.45	(-1, -1)	(-1, -1)	49
18:15:10.443	119	108.441	(-1, -1)	(-1, -1)	49
18:15:10.566	119	108.43	(-1, -1)	(-1, -1)	49
18:15:10.693	120	108.412	(-1, -1)	(-1, -1)	49
18:15:10.816	118	108.338	(-1, -1)	(-1, -1)	49
18:15:10.942	120	108.295	(-1, -1)	(-1, -1)	49
18:15:11.065	116	108.466	(-1, -1)	(-1, -1)	49
18:15:11.186	119	108.484	(-1, -1)	(-1, -1)	49
18:15:11.310	122	108.428	(-1, -1)	(-1, -1)	49
18:15:11.435	116	108.509	(-1, -1)	(-1, -1)	49
18:15:11.562	119	108.445	(-1, -1)	(-1, -1)	49
18:15:11.685	116	108.437	(-1, -1)	(-1, -1)	49
18:15:11.819	120	108.446	(-1, -1)	(-1, -1)	49
18:15:11.944	120	108.431	(-1, -1)	(-1, -1)	49
18:15:12.068	117	108.319	(-1, -1)	(-1, -1)	49
18:15:12.194	119	108.448	(-1, -1)	(-1, -1)	49
18:15:12.318	115	108.43	(-1, -1)	(-1, -1)	49
18:15:12.445	119	108.447	(-1, -1)	(-1, -1)	49
18:15:12.568	116	108.449	(-1, -1)	(-1, -1)	49
18:15:12.693	118	108.373	(-1, -1)	(-1, -1)	49
18:15:12.819	121	108.413	(-1, -1)	(-1, -1)	49
18:15:12.944	116	108.592	(-1, -1)	(-1, -1)	49
18:15:13.070	120	108.323	(-1, -1)	(-1, -1)	49
18:15:13.195	122	108.38	(-1, -1)	(-1, -1)	49
18:15:13.327	118	108.359	(-1, -1)	(-1, -1)	49
18:15:13.452	119	108.427	(-1, -1)	(-1, -1)	49
18:15:13.577	117	108.355	(-1, -1)	(-1, -1)	49
18:15:13.703	118	108.367	(-1, -1)	(-1, -1)	49
18:15:13.826	116	108.521	(-1, -1)	(-1, -1)	49
18:15:13.953	121	108.41	(-1, -1)	(-1, -1)	49
18:15:14.076	114	108.553	(-1, -1)	(-1, -1)	49
18:15:14.194	117	108.407	(-1, -1)	(-1, -1)	49
18:15:14.322	119	108.386	(-1, -1)	(-1, -1)	49
18:15:14.445	118	108.42	(-1, -1)	(-1, -1)	49
18:15:14.572	120	108.386	(-1, -1)	(-1, -1)	49
18:15:14.696	121	108.419	(-1, -1)	(-1, -1)	49
18:15:14.827	117	108.359	(-1, -1)	(-1, -1)	49
EOM

