BOM
Frame extends: 2263, 1306
_ms_area: 10
measurements taken: 585
current rendering method: 2
is mouse replay: 1
Camera settings: Roation Quaternion: ( -0.166211, 0.78287, 0.580329, 0.150691), Translationsvektor: ( 0, 0, 2.075).
System_Time	Elapsed_Time_PaintGL	Elapsed_Kernel_Time	Frame_Coordinates	Grid_Position	Manual_Measurement
18:10:02.598	27	17.6047	(318, 226)	(32, 23)	49
18:10:02.631	27	17.625	(325, 225)	(33, 23)	49
18:10:02.666	31	17.6399	(335, 225)	(34, 23)	49
18:10:02.702	34	17.6831	(345, 225)	(35, 23)	49
18:10:02.743	32	17.6557	(357, 225)	(36, 23)	49
18:10:02.777	28	17.6895	(372, 225)	(37, 23)	49
18:10:02.812	26	17.6961	(375, 225)	(38, 23)	49
18:10:02.839	31	17.7499	(385, 225)	(39, 23)	49
18:10:02.876	30	17.9089	(395, 225)	(40, 23)	49
18:10:02.911	31	17.8083	(405, 225)	(41, 23)	49
18:10:02.945	32	17.9841	(415, 225)	(42, 23)	49
18:10:02.980	29	18.1639	(425, 225)	(43, 23)	49
18:10:03.014	27	18.2276	(435, 226)	(44, 23)	49
18:10:03.048	30	18.1942	(445, 226)	(45, 23)	49
18:10:03.084	30	18.2145	(455, 226)	(46, 23)	49
18:10:03.118	33	18.5486	(465, 227)	(47, 23)	49
18:10:03.153	32	18.5067	(475, 227)	(48, 23)	49
18:10:03.188	30	18.5953	(485, 228)	(49, 23)	49
18:10:03.222	32	18.6281	(495, 228)	(50, 23)	49
18:10:03.258	34	19.1181	(505, 229)	(51, 23)	49
18:10:03.299	33	19.035	(515, 229)	(52, 23)	49
18:10:03.341	34	19.1326	(525, 229)	(53, 23)	49
18:10:03.384	34	19.1407	(535, 229)	(54, 23)	49
18:10:03.424	30	19.1161	(545, 229)	(55, 23)	49
18:10:03.459	38	19.0104	(555, 229)	(56, 23)	49
18:10:03.500	34	19.2056	(565, 229)	(57, 23)	49
18:10:03.537	33	19.2904	(575, 229)	(58, 23)	49
18:10:03.578	34	19.3664	(585, 229)	(59, 23)	49
18:10:03.620	34	19.6852	(596, 229)	(60, 23)	49
18:10:03.661	36	20.1585	(605, 230)	(61, 23)	49
18:10:03.702	37	20.2631	(615, 230)	(62, 23)	49
18:10:03.745	35	20.2704	(626, 230)	(63, 23)	49
18:10:03.786	35	20.7047	(635, 230)	(64, 23)	49
18:10:03.828	32	20.6215	(645, 230)	(65, 23)	49
18:10:03.869	31	20.6825	(655, 230)	(66, 23)	49
18:10:03.905	38	20.8387	(665, 230)	(67, 23)	49
18:10:03.953	38	21.1993	(680, 230)	(68, 23)	49
18:10:03.995	37	21.447	(685, 230)	(69, 23)	49
18:10:04.037	33	21.451	(695, 230)	(70, 23)	49
18:10:04.077	37	21.5736	(705, 230)	(71, 23)	49
18:10:04.119	34	21.9502	(715, 230)	(72, 23)	49
18:10:04.162	35	21.9938	(725, 230)	(73, 23)	49
18:10:04.203	36	22.0994	(735, 230)	(74, 23)	49
18:10:04.246	35	22.3751	(749, 230)	(75, 23)	49
18:10:04.286	32	22.5582	(756, 230)	(76, 23)	49
18:10:04.321	33	22.587	(766, 230)	(77, 23)	49
18:10:04.364	39	22.9249	(775, 230)	(78, 23)	49
18:10:04.413	38	22.9013	(785, 230)	(79, 23)	49
18:10:04.453	36	22.9764	(796, 229)	(80, 23)	49
18:10:04.495	35	23.3246	(805, 229)	(81, 23)	49
18:10:04.537	39	23.4218	(815, 229)	(82, 23)	49
18:10:04.587	39	23.3751	(825, 228)	(83, 23)	49
18:10:04.635	39	23.5102	(835, 228)	(84, 23)	49
18:10:04.684	41	24.7179	(845, 228)	(85, 23)	49
18:10:04.732	41	24.4784	(855, 228)	(86, 23)	49
18:10:04.781	41	25.0889	(865, 228)	(87, 23)	49
18:10:04.829	41	25.0606	(875, 228)	(88, 23)	49
18:10:04.878	40	25.1979	(885, 228)	(89, 23)	49
18:10:04.926	41	25.289	(895, 228)	(90, 23)	49
18:10:04.977	45	25.5092	(905, 228)	(91, 23)	49
18:10:05.032	45	25.577	(915, 228)	(92, 23)	49
18:10:05.087	42	25.8594	(925, 228)	(93, 23)	49
18:10:05.134	40	25.925	(935, 228)	(94, 23)	49
18:10:05.183	40	25.9876	(945, 227)	(95, 23)	49
18:10:05.232	41	27.0747	(957, 227)	(96, 23)	49
18:10:05.280	41	26.9436	(966, 227)	(97, 23)	49
18:10:05.330	40	26.8582	(975, 227)	(98, 23)	49
18:10:05.379	41	27.0135	(985, 227)	(99, 23)	49
18:10:05.427	41	26.9585	(995, 227)	(100, 23)	49
18:10:05.477	41	27.3267	(1005, 227)	(101, 23)	49
18:10:05.524	39	27.3834	(1015, 226)	(102, 23)	49
18:10:05.566	36	27.1286	(1025, 226)	(103, 23)	49
18:10:05.607	40	27.5641	(1035, 226)	(104, 23)	49
18:10:05.657	42	27.1139	(1045, 225)	(105, 23)	49
18:10:05.709	40	26.8987	(1055, 225)	(106, 23)	49
18:10:05.753	38	26.8781	(1065, 225)	(107, 23)	49
18:10:05.794	38	26.6723	(1071, 224)	(107, 22)	49
18:10:05.837	38	27.0483	(1075, 224)	(108, 22)	49
18:10:05.878	40	26.867	(1085, 224)	(109, 22)	49
18:10:05.928	39	26.9416	(1095, 224)	(110, 22)	49
18:10:05.976	39	26.4444	(1105, 224)	(111, 22)	49
18:10:06.017	40	26.4733	(1115, 224)	(112, 22)	49
18:10:06.066	39	26.7228	(1125, 224)	(113, 22)	49
18:10:06.108	38	26.113	(1135, 224)	(114, 22)	49
18:10:06.149	39	26.1828	(1146, 223)	(115, 22)	49
18:10:06.191	41	26.0157	(1155, 223)	(116, 22)	49
18:10:06.241	44	25.8742	(1165, 223)	(117, 22)	49
18:10:06.290	44	25.7784	(1175, 223)	(118, 22)	49
18:10:06.345	41	25.827	(1185, 223)	(119, 22)	49
18:10:06.392	40	26.1566	(1195, 223)	(120, 22)	49
18:10:06.435	39	25.7538	(1205, 223)	(121, 22)	49
18:10:06.483	40	25.4603	(1215, 223)	(122, 22)	49
18:10:06.532	40	25.4321	(1225, 223)	(123, 22)	49
18:10:06.581	39	25.3033	(1235, 223)	(124, 22)	49
18:10:06.622	39	25.2976	(1245, 223)	(125, 22)	49
18:10:06.678	39	24.9554	(1255, 223)	(126, 22)	49
18:10:06.727	37	24.9747	(1265, 224)	(127, 22)	49
18:10:06.768	36	24.7951	(1275, 224)	(128, 22)	49
18:10:06.809	36	24.957	(1282, 225)	(128, 23)	49
18:10:06.852	39	24.8049	(1285, 225)	(129, 23)	49
18:10:06.902	43	24.8018	(1295, 226)	(130, 23)	49
18:10:06.950	44	24.2121	(1305, 226)	(131, 23)	49
18:10:06.998	34	23.5513	(1316, 228)	(132, 23)	49
18:10:07.039	32	23.3455	(1326, 228)	(133, 23)	49
18:10:07.073	32	23.0729	(1335, 228)	(134, 23)	49
18:10:07.108	36	22.5259	(1345, 229)	(135, 23)	49
18:10:07.151	39	22.7637	(1355, 230)	(136, 23)	49
18:10:07.201	33	22.1927	(1366, 230)	(137, 23)	49
18:10:07.240	31	21.9699	(1375, 230)	(138, 23)	49
18:10:07.275	31	21.9689	(1386, 231)	(139, 23)	49
18:10:07.310	31	21.7578	(1395, 231)	(140, 23)	49
18:10:07.344	36	21.8239	(1405, 232)	(141, 23)	49
18:10:07.388	38	21.8185	(1415, 232)	(142, 23)	49
18:10:07.436	35	21.425	(1425, 232)	(143, 23)	49
18:10:07.477	33	20.9628	(1435, 233)	(144, 23)	49
18:10:07.519	32	20.6416	(1445, 234)	(145, 23)	49
18:10:07.553	32	20.5616	(1455, 234)	(146, 23)	49
18:10:07.588	35	20.3944	(1465, 234)	(147, 23)	49
18:10:07.630	32	20.1785	(1478, 234)	(148, 23)	49
18:10:07.665	32	20.1933	(1485, 234)	(149, 23)	49
18:10:07.699	32	20.1173	(1488, 235)	(149, 24)	49
18:10:07.734	33	20.0957	(1495, 235)	(150, 24)	49
18:10:07.770	32	19.7154	(1506, 235)	(151, 24)	49
18:10:07.813	31	19.596	(1516, 235)	(152, 24)	49
18:10:07.852	31	19.5159	(1526, 236)	(153, 24)	49
18:10:07.887	35	19.5175	(1535, 236)	(154, 24)	49
18:10:07.930	36	19.3489	(1546, 236)	(155, 24)	49
18:10:07.971	37	19.345	(1556, 237)	(156, 24)	49
18:10:08.013	36	19.1585	(1565, 237)	(157, 24)	49
18:10:08.054	31	19.2036	(1575, 238)	(158, 24)	49
18:10:08.089	32	19.1966	(1585, 238)	(159, 24)	49
18:10:08.124	31	19.0593	(1595, 239)	(160, 24)	49
18:10:08.159	33	18.9607	(1605, 239)	(161, 24)	49
18:10:08.201	35	18.9175	(1615, 240)	(162, 24)	49
18:10:08.243	33	18.9056	(1625, 240)	(163, 24)	49
18:10:08.283	30	18.701	(1636, 241)	(164, 24)	49
18:10:08.318	35	18.4911	(1645, 242)	(165, 24)	49
18:10:08.361	39	18.6003	(1655, 242)	(166, 24)	49
18:10:08.410	38	18.4579	(1666, 243)	(167, 24)	49
18:10:08.462	31	18.4376	(1676, 244)	(168, 24)	49
18:10:08.499	27	18.6661	(1677, 245)	(168, 25)	49
18:10:08.533	34	18.5917	(1686, 245)	(169, 25)	49
18:10:08.577	37	18.4921	(1696, 246)	(170, 25)	49
18:10:08.618	37	18.576	(1705, 246)	(171, 25)	49
18:10:08.662	34	18.5584	(1715, 248)	(172, 25)	49
18:10:08.700	27	18.5944	(1726, 249)	(173, 25)	49
18:10:08.734	30	18.5631	(1735, 250)	(174, 25)	49
18:10:08.772	35	18.5104	(1745, 251)	(175, 25)	49
18:10:08.813	35	18.4363	(1755, 253)	(176, 25)	49
18:10:08.854	30	18.336	(1765, 254)	(177, 25)	49
18:10:08.889	29	18.2502	(1768, 255)	(177, 26)	49
18:10:08.923	29	18.2876	(1775, 256)	(178, 26)	49
18:10:08.958	29	18.0573	(1785, 258)	(179, 26)	49
18:10:08.992	29	17.8973	(1795, 260)	(180, 26)	49
18:10:09.027	29	17.855	(1805, 262)	(181, 26)	49
18:10:09.062	30	17.8007	(1815, 264)	(182, 26)	49
18:10:09.097	28	17.6914	(1817, 265)	(182, 27)	49
18:10:09.131	35	17.6228	(1825, 267)	(183, 27)	49
18:10:09.175	36	17.5539	(1838, 271)	(184, 27)	49
18:10:09.216	37	17.4904	(1845, 273)	(185, 27)	49
18:10:09.258	34	17.4399	(1849, 275)	(185, 28)	49
18:10:09.298	32	17.5406	(1858, 278)	(186, 28)	49
18:10:09.333	33	17.623	(1865, 280)	(187, 28)	49
18:10:09.375	31	17.6079	(1874, 285)	(187, 29)	49
18:10:09.410	30	17.5516	(1875, 285)	(188, 29)	49
18:10:09.444	32	17.5514	(1885, 289)	(189, 29)	49
18:10:09.480	32	17.5627	(1895, 294)	(190, 29)	49
18:10:09.514	26	17.4856	(1895, 295)	(190, 30)	49
18:10:09.541	27	17.5444	(1905, 299)	(191, 30)	49
18:10:09.569	26	17.4779	(1912, 305)	(191, 31)	49
18:10:09.597	27	17.52	(1915, 307)	(192, 31)	49
18:10:09.632	28	17.515	(1925, 314)	(193, 31)	49
18:10:09.667	26	17.4959	(1926, 315)	(193, 32)	49
18:10:09.694	28	17.6624	(1935, 322)	(194, 32)	49
18:10:09.729	27	17.5178	(1937, 325)	(194, 33)	49
18:10:09.764	26	17.5987	(1945, 333)	(195, 33)	49
18:10:09.792	26	17.5016	(1947, 335)	(195, 34)	49
18:10:09.819	27	17.5249	(1955, 344)	(196, 34)	49
18:10:09.854	26	17.491	(1955, 345)	(196, 35)	49
18:10:09.882	26	17.5181	(1963, 355)	(196, 36)	49
18:10:09.910	26	17.4572	(1965, 358)	(197, 36)	49
18:10:09.945	27	17.5996	(1968, 365)	(197, 37)	49
18:10:09.979	27	17.54	(1973, 375)	(197, 38)	49
18:10:10.014	27	17.5702	(1975, 379)	(198, 38)	49
18:10:10.048	28	17.4873	(1976, 385)	(198, 39)	49
18:10:10.083	27	17.6028	(1980, 395)	(198, 40)	49
18:10:10.118	26	17.4865	(1982, 405)	(198, 41)	49
18:10:10.146	26	17.5653	(1984, 415)	(198, 42)	49
18:10:10.173	27	17.5079	(1985, 417)	(199, 42)	49
18:10:10.208	27	17.5307	(1985, 425)	(199, 43)	49
18:10:10.243	26	17.5665	(1987, 435)	(199, 44)	49
18:10:10.271	26	17.5071	(1988, 445)	(199, 45)	49
18:10:10.299	26	17.5655	(1989, 455)	(199, 46)	49
18:10:10.326	27	17.5206	(1989, 465)	(199, 47)	49
18:10:10.361	27	17.5354	(1989, 475)	(199, 48)	49
18:10:10.396	26	17.5892	(1988, 485)	(199, 49)	49
18:10:10.424	26	17.5399	(1985, 495)	(199, 50)	49
18:10:10.451	27	17.5194	(1984, 495)	(198, 50)	49
18:10:10.479	27	17.5655	(1980, 505)	(198, 51)	49
18:10:10.514	27	17.6114	(1972, 516)	(197, 52)	49
18:10:10.549	27	17.5535	(1965, 525)	(197, 53)	49
18:10:10.584	26	17.5761	(1964, 526)	(196, 53)	49
18:10:10.611	27	17.5308	(1954, 534)	(195, 53)	49
18:10:10.639	27	17.5917	(1953, 535)	(195, 54)	49
18:10:10.674	28	17.6219	(1944, 539)	(194, 54)	49
18:10:10.709	26	17.6559	(1937, 545)	(194, 55)	49
18:10:10.736	27	17.529	(1934, 547)	(193, 55)	49
18:10:10.764	28	17.6139	(1924, 555)	(192, 56)	49
18:10:10.800	26	17.5929	(1914, 561)	(191, 56)	49
18:10:10.834	27	17.5877	(1907, 565)	(191, 57)	49
18:10:10.869	30	17.6569	(1904, 567)	(190, 57)	49
18:10:10.906	29	17.6271	(1894, 572)	(189, 57)	49
18:10:10.939	28	17.6775	(1890, 575)	(189, 58)	49
18:10:10.973	29	17.611	(1884, 577)	(188, 58)	49
18:10:11.009	28	17.701	(1874, 581)	(187, 58)	49
18:10:11.044	28	17.6581	(1866, 585)	(187, 59)	49
18:10:11.078	28	17.6538	(1864, 585)	(186, 59)	49
18:10:11.113	28	17.6827	(1854, 590)	(185, 59)	49
18:10:11.147	28	17.681	(1844, 594)	(184, 59)	49
18:10:11.182	28	17.7296	(1843, 595)	(184, 60)	49
18:10:11.217	27	17.6459	(1834, 597)	(183, 60)	49
18:10:11.252	26	17.7068	(1823, 601)	(182, 60)	49
18:10:11.279	27	17.761	(1810, 606)	(181, 61)	49
18:10:11.316	31	17.7326	(1804, 609)	(180, 61)	49
18:10:11.349	32	17.7702	(1794, 612)	(179, 61)	49
18:10:11.384	29	17.7046	(1787, 615)	(179, 62)	49
18:10:11.418	28	17.8347	(1784, 616)	(178, 62)	49
18:10:11.453	27	17.8071	(1774, 619)	(177, 62)	49
18:10:11.488	30	18.2573	(1764, 622)	(176, 62)	49
18:10:11.523	31	18.5804	(1758, 625)	(176, 63)	49
18:10:11.557	31	18.5338	(1754, 626)	(175, 63)	49
18:10:11.592	29	18.3806	(1744, 628)	(174, 63)	49
18:10:11.626	29	18.433	(1734, 631)	(173, 63)	49
18:10:11.661	29	18.4443	(1724, 633)	(172, 63)	49
18:10:11.697	30	18.3967	(1715, 635)	(172, 64)	49
18:10:11.732	34	18.436	(1714, 635)	(171, 64)	49
18:10:11.774	33	18.451	(1704, 637)	(170, 64)	49
18:10:11.817	31	18.3868	(1694, 638)	(169, 64)	49
18:10:11.856	30	18.8957	(1684, 640)	(168, 64)	49
18:10:11.891	37	18.76	(1674, 641)	(167, 64)	49
18:10:11.935	37	18.8856	(1664, 642)	(166, 64)	49
18:10:11.983	39	19.1418	(1654, 643)	(165, 64)	49
18:10:12.032	37	19.2304	(1644, 644)	(164, 64)	49
18:10:12.073	31	19.4241	(1633, 644)	(163, 64)	49
18:10:12.107	33	19.4751	(1624, 644)	(162, 64)	49
18:10:12.149	32	19.6557	(1614, 644)	(161, 64)	49
18:10:12.184	33	20.0264	(1604, 644)	(160, 64)	49
18:10:12.229	33	19.9944	(1594, 644)	(159, 64)	49
18:10:12.267	32	20.2121	(1584, 644)	(158, 64)	49
18:10:12.309	39	20.4683	(1574, 644)	(157, 64)	49
18:10:12.359	39	20.7471	(1564, 644)	(156, 64)	49
18:10:12.407	45	21.3215	(1554, 644)	(155, 64)	49
18:10:12.455	34	21.5724	(1548, 645)	(155, 65)	49
18:10:12.496	35	21.5668	(1544, 645)	(154, 65)	49
18:10:12.538	34	21.6757	(1534, 645)	(153, 65)	49
18:10:12.580	35	22.0573	(1524, 646)	(152, 65)	49
18:10:12.622	34	22.1572	(1514, 647)	(151, 65)	49
18:10:12.663	33	22.3545	(1504, 648)	(150, 65)	49
18:10:12.704	34	22.8127	(1494, 649)	(149, 65)	49
18:10:12.747	34	23.0542	(1484, 651)	(148, 65)	49
18:10:12.790	36	23.4141	(1474, 652)	(147, 65)	49
18:10:12.830	34	23.5526	(1464, 652)	(146, 65)	49
18:10:12.871	34	23.7736	(1454, 653)	(145, 65)	49
18:10:12.912	36	23.9609	(1444, 654)	(144, 65)	49
18:10:12.955	36	24.0964	(1434, 654)	(143, 65)	49
18:10:12.996	38	24.2476	(1419, 654)	(142, 65)	49
18:10:13.039	36	24.3827	(1414, 654)	(141, 65)	49
18:10:13.080	34	24.6713	(1404, 654)	(140, 65)	49
18:10:13.121	34	24.5561	(1394, 654)	(139, 65)	49
18:10:13.164	33	24.7154	(1384, 654)	(138, 65)	49
18:10:13.209	41	24.8544	(1374, 654)	(137, 65)	49
18:10:13.255	40	25.1801	(1356, 653)	(136, 65)	49
18:10:13.303	37	25.0581	(1354, 653)	(135, 65)	49
18:10:13.344	36	25.0233	(1344, 652)	(134, 65)	49
18:10:13.386	38	25.3114	(1334, 651)	(133, 65)	49
18:10:13.428	41	25.6538	(1323, 651)	(132, 65)	49
18:10:13.480	42	25.5056	(1314, 650)	(131, 65)	49
18:10:13.525	39	25.5541	(1303, 649)	(130, 65)	49
18:10:13.575	47	25.5591	(1294, 648)	(129, 65)	49
18:10:13.631	44	25.6462	(1284, 647)	(128, 65)	49
18:10:13.687	41	25.7587	(1274, 647)	(127, 65)	49
18:10:13.734	37	25.7087	(1264, 646)	(126, 65)	49
18:10:13.777	45	25.7727	(1256, 644)	(126, 64)	49
18:10:13.833	44	25.6361	(1254, 644)	(125, 64)	49
18:10:13.888	45	26.0839	(1244, 643)	(124, 64)	49
18:10:13.935	39	26.0741	(1234, 643)	(123, 64)	49
18:10:13.985	48	26.0726	(1224, 641)	(122, 64)	49
18:10:14.041	43	26.213	(1214, 641)	(121, 64)	49
18:10:14.090	44	26.4287	(1204, 641)	(120, 64)	49
18:10:14.137	38	26.3597	(1194, 640)	(119, 64)	49
18:10:14.178	39	26.1476	(1184, 639)	(118, 64)	49
18:10:14.220	39	26.1763	(1174, 639)	(117, 64)	49
18:10:14.262	39	26.1388	(1164, 637)	(116, 64)	49
18:10:14.304	39	26.1735	(1154, 637)	(115, 64)	49
18:10:14.345	36	25.9296	(1144, 636)	(114, 64)	49
18:10:14.387	35	25.9047	(1134, 636)	(113, 64)	49
18:10:14.429	38	25.8821	(1124, 635)	(112, 64)	49
18:10:14.471	42	25.9683	(1114, 635)	(111, 64)	49
18:10:14.521	41	25.8827	(1110, 634)	(111, 63)	49
18:10:14.568	37	26.0216	(1104, 634)	(110, 63)	49
18:10:14.609	36	26.0159	(1093, 633)	(109, 63)	49
18:10:14.651	40	26.1015	(1084, 632)	(108, 63)	49
18:10:14.700	42	26.2615	(1074, 632)	(107, 63)	49
18:10:14.751	40	26.1824	(1064, 631)	(106, 63)	49
18:10:14.797	38	26.4151	(1051, 631)	(105, 63)	49
18:10:14.846	38	26.4874	(1032, 629)	(103, 63)	49
18:10:14.888	43	26.6788	(1024, 629)	(102, 63)	49
18:10:14.937	43	26.9123	(1014, 629)	(101, 63)	49
18:10:14.986	41	27.1167	(1004, 628)	(100, 63)	49
18:10:15.034	41	27.6856	(994, 627)	(99, 63)	49
18:10:15.083	46	27.6441	(984, 627)	(98, 63)	49
18:10:15.139	44	27.321	(974, 627)	(97, 63)	49
18:10:15.187	39	28.0077	(964, 626)	(96, 63)	49
18:10:15.235	36	27.827	(954, 626)	(95, 63)	49
18:10:15.276	43	27.8043	(944, 626)	(94, 63)	49
18:10:15.325	39	27.7287	(934, 625)	(93, 63)	49
18:10:15.382	41	27.5492	(927, 624)	(93, 62)	49
18:10:15.429	37	27.7837	(924, 624)	(92, 62)	49
18:10:15.471	36	27.6966	(914, 623)	(91, 62)	49
18:10:15.514	43	27.4151	(904, 622)	(90, 62)	49
18:10:15.561	38	27.472	(894, 621)	(89, 62)	49
18:10:15.603	37	27.6887	(884, 620)	(88, 62)	49
18:10:15.644	51	27.6643	(873, 619)	(87, 62)	49
18:10:15.723	43	27.3324	(864, 619)	(86, 62)	49
18:10:15.770	36	27.4711	(854, 619)	(85, 62)	49
18:10:15.811	37	27.0796	(843, 618)	(84, 62)	49
18:10:15.853	36	26.9696	(834, 618)	(83, 62)	49
18:10:15.895	35	26.8959	(823, 617)	(82, 62)	49
18:10:15.936	36	26.7584	(814, 617)	(81, 62)	49
18:10:15.978	37	26.4281	(804, 617)	(80, 62)	49
18:10:16.020	35	26.3114	(794, 617)	(79, 62)	49
18:10:16.061	35	26.1932	(784, 616)	(78, 62)	49
18:10:16.103	35	25.9939	(772, 616)	(77, 62)	49
18:10:16.145	35	25.8683	(764, 615)	(76, 62)	49
18:10:16.187	36	25.8625	(754, 615)	(75, 62)	49
18:10:16.228	35	25.417	(744, 615)	(74, 62)	49
18:10:16.270	34	25.1655	(734, 615)	(73, 62)	49
18:10:16.312	34	25.2917	(724, 615)	(72, 62)	49
18:10:16.353	35	24.8959	(714, 615)	(71, 62)	49
18:10:16.397	34	24.5474	(704, 615)	(70, 62)	49
18:10:16.438	35	24.3292	(694, 615)	(69, 62)	49
18:10:16.479	33	24.0887	(684, 615)	(68, 62)	49
18:10:16.514	32	23.8173	(674, 615)	(67, 62)	49
18:10:16.549	32	23.4431	(664, 616)	(66, 62)	49
18:10:16.584	33	23.1772	(654, 617)	(65, 62)	49
18:10:16.625	32	23.1007	(644, 618)	(64, 62)	49
18:10:16.660	32	22.8473	(634, 618)	(63, 62)	49
18:10:16.695	31	22.3776	(624, 619)	(62, 62)	49
18:10:16.730	31	22.1348	(614, 619)	(61, 62)	49
18:10:16.764	34	21.8919	(604, 621)	(60, 62)	49
18:10:16.807	34	21.4822	(594, 621)	(59, 62)	49
18:10:16.848	31	20.9668	(584, 622)	(58, 62)	49
18:10:16.883	30	20.6721	(574, 624)	(57, 62)	49
18:10:16.917	31	20.4129	(566, 625)	(57, 63)	49
18:10:16.953	37	20.2339	(564, 625)	(56, 63)	49
18:10:16.996	36	20.0999	(554, 625)	(55, 63)	49
18:10:17.037	32	19.516	(544, 626)	(54, 63)	49
18:10:17.078	34	19.3338	(534, 628)	(53, 63)	49
18:10:17.121	38	19.2043	(524, 629)	(52, 63)	49
18:10:17.169	37	18.9207	(514, 631)	(51, 63)	49
18:10:17.211	38	18.8092	(504, 633)	(50, 63)	49
18:10:17.258	27	18.7887	(494, 634)	(49, 63)	49
18:10:17.292	31	18.6496	(493, 635)	(49, 64)	49
18:10:17.328	33	18.6864	(484, 637)	(48, 64)	49
18:10:17.370	33	18.4723	(467, 641)	(47, 64)	49
18:10:17.412	32	18.3258	(464, 642)	(46, 64)	49
18:10:17.453	30	18.3449	(458, 645)	(46, 65)	49
18:10:17.487	28	18.2807	(454, 646)	(45, 65)	49
18:10:17.523	31	18.0553	(444, 650)	(44, 65)	49
18:10:17.557	33	18.0997	(434, 654)	(43, 65)	49
18:10:17.599	33	18.0858	(432, 655)	(43, 66)	49
18:10:17.641	33	18.0316	(424, 658)	(42, 66)	49
18:10:17.674	30	18.0406	(414, 662)	(41, 66)	49
18:10:17.710	33	17.9132	(409, 665)	(41, 67)	49
18:10:17.753	35	17.6446	(404, 667)	(40, 67)	49
18:10:17.794	34	17.6253	(394, 671)	(39, 67)	49
18:10:17.836	32	17.7157	(387, 675)	(39, 68)	49
18:10:17.870	29	17.681	(384, 676)	(38, 68)	49
18:10:17.904	29	17.673	(374, 680)	(37, 68)	49
18:10:17.939	30	17.619	(367, 685)	(37, 69)	49
18:10:17.975	29	17.6364	(364, 687)	(36, 69)	49
18:10:18.010	31	17.6759	(356, 695)	(36, 70)	49
18:10:18.044	30	17.683	(354, 695)	(35, 70)	49
18:10:18.079	30	17.6041	(344, 704)	(34, 70)	49
18:10:18.114	29	17.6207	(344, 705)	(34, 71)	49
18:10:18.148	30	17.6616	(337, 715)	(34, 72)	49
18:10:18.183	30	17.6412	(335, 725)	(34, 73)	49
18:10:18.218	30	17.5591	(334, 727)	(33, 73)	49
18:10:18.253	28	17.6102	(331, 735)	(33, 74)	49
18:10:18.287	28	17.6547	(329, 746)	(33, 75)	49
18:10:18.322	28	17.6871	(329, 755)	(33, 76)	49
18:10:18.357	35	17.5841	(329, 765)	(33, 77)	49
18:10:18.400	35	17.5335	(329, 775)	(33, 78)	49
18:10:18.442	38	17.5643	(329, 785)	(33, 79)	49
18:10:18.489	30	17.5719	(329, 795)	(33, 80)	49
18:10:18.523	29	17.6511	(329, 805)	(33, 81)	49
18:10:18.559	30	17.5212	(329, 833)	(33, 83)	49
18:10:18.594	30	17.5339	(329, 836)	(33, 84)	49
18:10:18.628	31	17.5956	(329, 845)	(33, 85)	49
18:10:18.663	31	17.517	(329, 855)	(33, 86)	49
18:10:18.698	30	17.5286	(330, 865)	(33, 87)	49
18:10:18.732	31	17.5647	(332, 875)	(33, 88)	49
18:10:18.767	31	17.5024	(335, 883)	(34, 88)	49
18:10:18.802	30	17.508	(335, 885)	(34, 89)	49
18:10:18.836	32	17.5366	(338, 895)	(34, 90)	49
18:10:18.871	30	17.5364	(341, 905)	(34, 91)	49
18:10:18.906	27	17.5671	(345, 914)	(35, 91)	49
18:10:18.940	27	17.5727	(346, 915)	(35, 92)	49
18:10:18.975	30	17.528	(350, 925)	(35, 93)	49
18:10:19.010	30	17.5884	(355, 931)	(36, 93)	49
18:10:19.045	31	17.519	(357, 935)	(36, 94)	49
18:10:19.080	30	17.5804	(364, 945)	(36, 95)	49
18:10:19.114	30	17.5576	(365, 945)	(37, 95)	49
18:10:19.148	36	17.573	(373, 955)	(37, 96)	49
18:10:19.190	27	17.5622	(375, 956)	(38, 96)	49
18:10:19.225	26	17.5733	(384, 965)	(38, 97)	49
18:10:19.252	30	17.5767	(385, 966)	(39, 97)	49
18:10:19.288	29	17.5905	(395, 975)	(40, 98)	49
18:10:19.324	30	17.625	(405, 982)	(41, 98)	49
18:10:19.358	31	17.5641	(411, 987)	(41, 99)	49
18:10:19.394	29	17.6067	(415, 989)	(42, 99)	49
18:10:19.427	30	17.6147	(423, 995)	(42, 100)	49
18:10:19.462	29	17.6081	(425, 996)	(43, 100)	49
18:10:19.496	34	17.7036	(435, 1001)	(44, 100)	49
18:10:19.539	34	17.5566	(441, 1005)	(44, 101)	49
18:10:19.580	29	17.5572	(446, 1007)	(45, 101)	49
18:10:19.615	32	17.6065	(455, 1012)	(46, 101)	49
18:10:19.650	31	17.601	(461, 1015)	(46, 102)	49
18:10:19.685	30	17.7301	(465, 1017)	(47, 102)	49
18:10:19.719	31	17.7933	(475, 1022)	(48, 102)	49
18:10:19.755	28	17.7741	(481, 1025)	(48, 103)	49
18:10:19.788	28	17.797	(485, 1026)	(49, 103)	49
18:10:19.823	28	17.887	(495, 1030)	(50, 103)	49
18:10:19.857	29	18.0794	(505, 1034)	(51, 103)	49
18:10:19.893	28	18.0031	(506, 1035)	(51, 104)	49
18:10:19.928	29	18.0401	(515, 1037)	(52, 104)	49
18:10:19.962	28	18.0419	(525, 1040)	(53, 104)	49
18:10:19.997	27	18.2649	(540, 1043)	(54, 104)	49
18:10:20.031	31	18.5372	(545, 1044)	(55, 104)	49
18:10:20.067	31	18.3736	(549, 1045)	(55, 105)	49
18:10:20.102	30	18.3363	(555, 1046)	(56, 105)	49
18:10:20.136	30	18.3228	(577, 1050)	(58, 105)	49
18:10:20.171	29	18.3424	(585, 1052)	(59, 105)	49
18:10:20.205	30	18.4037	(595, 1053)	(60, 105)	49
18:10:20.240	32	18.4233	(605, 1054)	(61, 105)	49
18:10:20.275	32	18.4597	(608, 1055)	(61, 106)	49
18:10:20.310	32	18.7252	(615, 1056)	(62, 106)	49
18:10:20.345	32	18.9683	(625, 1057)	(63, 106)	49
18:10:20.380	29	18.8859	(635, 1058)	(64, 106)	49
18:10:20.414	28	19.1753	(645, 1059)	(65, 106)	49
18:10:20.449	28	19.1714	(655, 1060)	(66, 106)	49
18:10:20.483	33	19.5953	(665, 1061)	(67, 106)	49
18:10:20.519	34	19.5098	(675, 1061)	(68, 106)	49
18:10:20.562	38	19.4233	(685, 1063)	(69, 106)	49
18:10:20.611	30	19.5554	(695, 1063)	(70, 106)	49
18:10:20.644	31	19.4981	(705, 1064)	(71, 106)	49
18:10:20.678	29	19.72	(715, 1064)	(72, 106)	49
18:10:20.713	32	19.4379	(719, 1065)	(72, 107)	49
18:10:20.756	37	19.628	(725, 1065)	(73, 107)	49
18:10:20.800	33	19.6068	(735, 1066)	(74, 107)	49
18:10:20.838	31	19.587	(745, 1066)	(75, 107)	49
18:10:20.873	31	19.4821	(755, 1066)	(76, 107)	49
18:10:20.908	29	19.5686	(765, 1066)	(77, 107)	49
18:10:20.943	34	19.6828	(775, 1067)	(78, 107)	49
18:10:20.985	36	19.78	(785, 1067)	(79, 107)	49
18:10:21.027	33	19.8033	(795, 1068)	(80, 107)	49
18:10:21.068	34	19.7225	(805, 1069)	(81, 107)	49
18:10:21.111	39	19.6927	(815, 1070)	(82, 107)	49
18:10:21.160	39	19.8043	(825, 1071)	(83, 107)	49
18:10:21.210	37	19.903	(835, 1072)	(84, 107)	49
18:10:21.258	31	19.9415	(845, 1073)	(85, 107)	49
18:10:21.297	34	19.8433	(856, 1074)	(86, 107)	49
18:10:21.340	32	19.8317	(862, 1075)	(86, 108)	49
18:10:21.374	35	19.9108	(865, 1075)	(87, 108)	49
18:10:21.416	36	20.0662	(875, 1075)	(88, 108)	49
18:10:21.460	31	20.0679	(885, 1076)	(89, 108)	49
18:10:21.499	32	20.2481	(895, 1077)	(90, 108)	49
18:10:21.534	32	20.3803	(905, 1078)	(91, 108)	49
18:10:21.575	32	20.3887	(915, 1078)	(92, 108)	49
18:10:21.610	32	20.2364	(925, 1079)	(93, 108)	49
18:10:21.652	32	20.371	(935, 1080)	(94, 108)	49
18:10:21.686	32	20.3889	(945, 1081)	(95, 108)	49
18:10:21.722	39	20.2031	(955, 1082)	(96, 108)	49
18:10:21.771	40	20.1566	(965, 1082)	(97, 108)	49
18:10:21.820	36	20.1295	(975, 1083)	(98, 108)	49
18:10:21.861	33	20.2471	(986, 1083)	(99, 108)	49
18:10:21.902	36	20.1462	(995, 1084)	(100, 108)	49
18:10:21.945	38	19.988	(1005, 1084)	(101, 108)	49
18:10:21.993	39	19.8516	(1015, 1084)	(102, 108)	49
18:10:22.042	40	19.8902	(1017, 1085)	(102, 109)	49
18:10:22.090	30	19.756	(1025, 1085)	(103, 109)	49
18:10:22.124	28	19.7751	(1040, 1085)	(104, 109)	49
18:10:22.159	31	19.7496	(1048, 1085)	(105, 109)	49
18:10:22.194	33	19.8538	(1055, 1086)	(106, 109)	49
18:10:22.236	33	19.7938	(1065, 1086)	(107, 109)	49
18:10:22.278	31	19.7098	(1075, 1086)	(108, 109)	49
18:10:22.312	30	19.7687	(1085, 1086)	(109, 109)	49
18:10:22.346	31	19.689	(1096, 1086)	(110, 109)	49
18:10:22.381	31	19.8052	(1105, 1086)	(111, 109)	49
18:10:22.417	35	19.7461	(1115, 1086)	(112, 109)	49
18:10:22.461	32	19.5495	(1126, 1086)	(113, 109)	49
18:10:22.500	34	19.6138	(1135, 1086)	(114, 109)	49
18:10:22.542	33	19.6636	(1146, 1086)	(115, 109)	49
18:10:22.583	33	19.6159	(1155, 1086)	(116, 109)	49
18:10:22.625	32	19.6113	(1166, 1086)	(117, 109)	49
18:10:22.660	32	19.5927	(1175, 1086)	(118, 109)	49
18:10:22.694	31	19.6443	(1185, 1085)	(119, 109)	49
18:10:22.728	31	19.6037	(1188, 1084)	(119, 108)	49
18:10:22.764	33	19.6298	(1195, 1084)	(120, 108)	49
18:10:22.807	34	19.7013	(1205, 1082)	(121, 108)	49
18:10:22.847	32	19.6822	(1215, 1081)	(122, 108)	49
18:10:22.882	32	19.6668	(1225, 1081)	(123, 108)	49
18:10:22.917	30	19.7397	(1235, 1081)	(124, 108)	49
18:10:22.951	31	19.6274	(1245, 1080)	(125, 108)	49
18:10:22.987	30	19.4847	(1255, 1080)	(126, 108)	49
18:10:23.021	31	19.3679	(1265, 1079)	(127, 108)	49
18:10:23.056	30	19.372	(1275, 1078)	(128, 108)	49
18:10:23.091	31	19.3745	(1286, 1077)	(129, 108)	49
18:10:23.126	30	19.3514	(1295, 1077)	(130, 108)	49
18:10:23.160	31	19.3644	(1305, 1077)	(131, 108)	49
18:10:23.196	40	19.1953	(1315, 1077)	(132, 108)	49
18:10:23.245	38	19.1356	(1325, 1077)	(133, 108)	49
18:10:23.290	38	19.1969	(1335, 1077)	(134, 108)	49
18:10:23.336	34	19.1799	(1345, 1077)	(135, 108)	49
18:10:23.375	30	19.1753	(1355, 1077)	(136, 108)	49
18:10:23.410	34	19.1717	(1365, 1079)	(137, 108)	49
18:10:23.453	34	19.1985	(1375, 1080)	(138, 108)	49
18:10:23.494	36	19.2521	(1385, 1081)	(139, 108)	49
18:10:23.537	32	19.3145	(1395, 1081)	(140, 108)	49
18:10:23.577	30	19.109	(1405, 1083)	(141, 108)	49
18:10:23.613	31	19.3161	(1416, 1084)	(142, 108)	49
18:10:23.647	31	19.0815	(1418, 1085)	(142, 109)	49
18:10:23.682	30	19.1124	(1425, 1085)	(143, 109)	49
18:10:23.716	31	19.2169	(1437, 1088)	(144, 109)	49
18:10:23.751	30	19.1292	(1445, 1088)	(145, 109)	49
18:10:23.785	29	19.1024	(1455, 1089)	(146, 109)	49
18:10:23.820	30	19.2157	(1465, 1090)	(147, 109)	49
18:10:23.855	31	19.0791	(1476, 1091)	(148, 109)	49
18:10:23.891	32	19.169	(1485, 1092)	(149, 109)	49
18:10:23.932	33	18.94	(1495, 1093)	(150, 109)	49
18:10:23.975	34	19.0545	(1505, 1093)	(151, 109)	49
18:10:24.016	35	19.0647	(1515, 1093)	(152, 109)	49
18:10:24.058	33	19.0561	(1525, 1093)	(153, 109)	49
18:10:24.099	33	19.1554	(1535, 1094)	(154, 109)	49
18:10:24.141	34	19.0938	(1545, 1094)	(155, 109)	49
18:10:24.182	35	19.0649	(1555, 1094)	(156, 109)	49
18:10:24.224	35	19.115	(1565, 1094)	(157, 109)	49
18:10:24.266	33	19.1126	(1566, 1095)	(157, 110)	49
18:10:24.309	32	19.0612	(1575, 1095)	(158, 110)	49
18:10:24.350	33	19.0228	(1585, 1095)	(159, 110)	49
18:10:24.393	31	19.045	(1596, 1096)	(160, 110)	49
18:10:24.433	31	18.9733	(1605, 1096)	(161, 110)	49
18:10:24.474	33	19.1197	(1615, 1096)	(162, 110)	49
18:10:24.518	32	18.9902	(1625, 1097)	(163, 110)	49
18:10:24.558	34	19.1563	(1635, 1097)	(164, 110)	49
18:10:24.601	32	19.1001	(1645, 1097)	(165, 110)	49
18:10:24.641	32	19.1493	(1655, 1098)	(166, 110)	49
18:10:24.683	31	19.1361	(1665, 1098)	(167, 110)	49
18:10:24.718	31	19.1145	(1675, 1099)	(168, 110)	49
18:10:24.752	32	19.2336	(1685, 1099)	(169, 110)	49
18:10:24.787	30	19.1286	(1695, 1100)	(170, 110)	49
18:10:24.821	36	19.0542	(1705, 1100)	(171, 110)	49
18:10:24.863	31	19.2006	(1715, 1101)	(172, 110)	49
18:10:24.898	32	19.0409	(1725, 1101)	(173, 110)	49
18:10:24.940	32	19.1587	(1735, 1103)	(174, 110)	49
18:10:24.982	31	18.9913	(1748, 1104)	(175, 110)	49
18:10:25.016	33	19.1539	(1753, 1105)	(175, 111)	49
18:10:25.058	32	19.1076	(1755, 1105)	(176, 111)	49
18:10:25.099	33	19.1084	(1765, 1106)	(177, 111)	49
18:10:25.144	31	19.0425	(1775, 1107)	(178, 111)	49
18:10:25.185	31	19.0201	(1785, 1108)	(179, 111)	49
18:10:25.219	29	19.0246	(1798, 1109)	(180, 111)	49
18:10:25.254	28	18.9884	(1806, 1111)	(181, 111)	49
18:10:25.287	28	18.8985	(1815, 1112)	(182, 111)	49
18:10:25.325	32	18.8612	(1825, 1112)	(183, 111)	49
18:10:25.367	33	18.9182	(1835, 1113)	(184, 111)	49
18:10:25.409	32	18.7581	(1850, 1114)	(185, 111)	49
18:10:25.448	28	18.8052	(1855, 1114)	(186, 111)	49
18:10:25.482	28	18.7046	(1858, 1115)	(186, 112)	49
18:10:25.517	28	18.7628	(1865, 1116)	(187, 112)	49
18:10:25.552	28	18.7585	(1877, 1117)	(188, 112)	49
18:10:25.587	29	18.6772	(1885, 1118)	(189, 112)	49
18:10:25.621	27	18.5276	(1895, 1120)	(190, 112)	49
18:10:25.656	28	18.6102	(1905, 1121)	(191, 112)	49
18:10:25.690	30	17.4037	(0, 0)	(0, 0)	49
EOM

