BOM
Frame extends: 2263, 1306
_ms_area: 10
measurements taken: 585
current rendering method: 0
is mouse replay: 1
Camera settings: Roation Quaternion: ( -0.166211, 0.78287, 0.580329, 0.150691), Translationsvektor: ( 0, 0, 2.075).
System_Time	Elapsed_Time_PaintGL	Elapsed_Kernel_Time	Frame_Coordinates	Grid_Position	Manual_Measurement
18:08:52.045	53	45.6514	(-1, -1)	(-1, -1)	49
18:08:52.107	56	45.6988	(-1, -1)	(-1, -1)	49
18:08:52.169	58	45.6489	(-1, -1)	(-1, -1)	49
18:08:52.232	56	45.5785	(-1, -1)	(-1, -1)	49
18:08:52.294	54	45.6618	(-1, -1)	(-1, -1)	49
18:08:52.358	58	45.604	(-1, -1)	(-1, -1)	49
18:08:52.421	56	45.6526	(-1, -1)	(-1, -1)	49
18:08:52.482	55	45.5905	(-1, -1)	(-1, -1)	49
18:08:52.545	58	45.5655	(-1, -1)	(-1, -1)	49
18:08:52.608	58	45.5637	(-1, -1)	(-1, -1)	49
18:08:52.671	56	45.5683	(-1, -1)	(-1, -1)	49
18:08:52.732	54	45.6514	(-1, -1)	(-1, -1)	49
18:08:52.796	57	45.6416	(-1, -1)	(-1, -1)	49
18:08:52.857	57	45.5637	(-1, -1)	(-1, -1)	49
18:08:52.921	53	45.5641	(-1, -1)	(-1, -1)	49
18:08:52.984	58	45.5727	(-1, -1)	(-1, -1)	49
18:08:53.046	59	45.6003	(-1, -1)	(-1, -1)	49
18:08:53.117	64	45.5865	(-1, -1)	(-1, -1)	49
18:08:53.184	54	45.5767	(-1, -1)	(-1, -1)	49
18:08:53.248	59	45.5856	(-1, -1)	(-1, -1)	49
18:08:53.317	55	45.6344	(-1, -1)	(-1, -1)	49
18:08:53.378	53	45.7484	(-1, -1)	(-1, -1)	49
18:08:53.442	59	45.561	(-1, -1)	(-1, -1)	49
18:08:53.512	55	45.5923	(-1, -1)	(-1, -1)	49
18:08:53.573	53	45.604	(-1, -1)	(-1, -1)	49
18:08:53.637	59	45.5843	(-1, -1)	(-1, -1)	49
18:08:53.706	56	45.6333	(-1, -1)	(-1, -1)	49
18:08:53.767	53	45.6727	(-1, -1)	(-1, -1)	49
18:08:53.823	55	45.6188	(-1, -1)	(-1, -1)	49
18:08:53.887	59	45.5649	(-1, -1)	(-1, -1)	49
18:08:53.950	56	45.6247	(-1, -1)	(-1, -1)	49
18:08:54.012	53	45.6239	(-1, -1)	(-1, -1)	49
18:08:54.075	58	45.6283	(-1, -1)	(-1, -1)	49
18:08:54.144	58	45.5753	(-1, -1)	(-1, -1)	49
18:08:54.207	53	45.601	(-1, -1)	(-1, -1)	49
18:08:54.268	56	45.5456	(-1, -1)	(-1, -1)	49
18:08:54.332	58	45.649	(-1, -1)	(-1, -1)	49
18:08:54.394	56	45.5853	(-1, -1)	(-1, -1)	49
18:08:54.458	57	45.5873	(-1, -1)	(-1, -1)	49
18:08:54.522	59	45.6074	(-1, -1)	(-1, -1)	49
18:08:54.591	57	45.62	(-1, -1)	(-1, -1)	49
18:08:54.651	53	45.6191	(-1, -1)	(-1, -1)	49
18:08:54.707	52	45.6434	(-1, -1)	(-1, -1)	49
18:08:54.763	61	45.6212	(-1, -1)	(-1, -1)	49
18:08:54.832	53	45.6185	(-1, -1)	(-1, -1)	49
18:08:54.893	54	45.7224	(-1, -1)	(-1, -1)	49
18:08:54.951	58	45.6068	(-1, -1)	(-1, -1)	49
18:08:55.015	55	45.6575	(-1, -1)	(-1, -1)	49
18:08:55.074	53	45.6956	(-1, -1)	(-1, -1)	49
18:08:55.135	56	45.5837	(-1, -1)	(-1, -1)	49
18:08:55.201	57	45.5754	(-1, -1)	(-1, -1)	49
18:08:55.262	52	45.605	(-1, -1)	(-1, -1)	49
18:08:55.317	54	45.6719	(-1, -1)	(-1, -1)	49
18:08:55.382	57	45.6541	(-1, -1)	(-1, -1)	49
18:08:55.444	57	45.5879	(-1, -1)	(-1, -1)	49
18:08:55.505	56	45.6096	(-1, -1)	(-1, -1)	49
18:08:55.569	58	45.6233	(-1, -1)	(-1, -1)	49
18:08:55.632	58	45.5387	(-1, -1)	(-1, -1)	49
18:08:55.694	55	45.5796	(-1, -1)	(-1, -1)	49
18:08:55.758	58	45.5221	(-1, -1)	(-1, -1)	49
18:08:55.827	59	45.5874	(-1, -1)	(-1, -1)	49
18:08:55.896	56	45.5819	(-1, -1)	(-1, -1)	49
18:08:55.963	57	45.5665	(-1, -1)	(-1, -1)	49
18:08:56.029	57	45.6721	(-1, -1)	(-1, -1)	49
18:08:56.090	53	45.7302	(-1, -1)	(-1, -1)	49
18:08:56.153	58	45.5702	(-1, -1)	(-1, -1)	49
18:08:56.216	57	45.6804	(-1, -1)	(-1, -1)	49
18:08:56.279	55	45.5929	(-1, -1)	(-1, -1)	49
18:08:56.340	58	45.5982	(-1, -1)	(-1, -1)	49
18:08:56.404	58	45.6216	(-1, -1)	(-1, -1)	49
18:08:56.466	58	45.6184	(-1, -1)	(-1, -1)	49
18:08:56.528	53	45.6692	(-1, -1)	(-1, -1)	49
18:08:56.592	58	45.7191	(-1, -1)	(-1, -1)	49
18:08:56.654	57	45.6041	(-1, -1)	(-1, -1)	49
18:08:56.715	54	45.6074	(-1, -1)	(-1, -1)	49
18:08:56.770	54	45.6641	(-1, -1)	(-1, -1)	49
18:08:56.827	58	45.595	(-1, -1)	(-1, -1)	49
18:08:56.891	57	45.6643	(-1, -1)	(-1, -1)	49
18:08:56.951	53	45.604	(-1, -1)	(-1, -1)	49
18:08:57.009	57	45.5873	(-1, -1)	(-1, -1)	49
18:08:57.071	58	45.5741	(-1, -1)	(-1, -1)	49
18:08:57.133	54	45.5704	(-1, -1)	(-1, -1)	49
18:08:57.196	60	45.5834	(-1, -1)	(-1, -1)	49
18:08:57.266	58	45.603	(-1, -1)	(-1, -1)	49
18:08:57.329	55	45.6357	(-1, -1)	(-1, -1)	49
18:08:57.390	54	45.5613	(-1, -1)	(-1, -1)	49
18:08:57.454	57	45.6459	(-1, -1)	(-1, -1)	49
18:08:57.516	57	45.5853	(-1, -1)	(-1, -1)	49
18:08:57.577	55	45.6267	(-1, -1)	(-1, -1)	49
18:08:57.641	58	45.6502	(-1, -1)	(-1, -1)	49
18:08:57.704	59	45.5684	(-1, -1)	(-1, -1)	49
18:08:57.776	57	45.6267	(-1, -1)	(-1, -1)	49
18:08:57.842	54	45.673	(-1, -1)	(-1, -1)	49
18:08:57.905	58	45.5714	(-1, -1)	(-1, -1)	49
18:08:57.968	57	45.6015	(-1, -1)	(-1, -1)	49
18:08:58.029	54	45.7324	(-1, -1)	(-1, -1)	49
18:08:58.093	58	45.6074	(-1, -1)	(-1, -1)	49
18:08:58.155	54	45.5975	(-1, -1)	(-1, -1)	49
18:08:58.218	59	45.6076	(-1, -1)	(-1, -1)	49
18:08:58.287	58	45.5782	(-1, -1)	(-1, -1)	49
18:08:58.350	57	45.6068	(-1, -1)	(-1, -1)	49
18:08:58.411	52	45.6099	(-1, -1)	(-1, -1)	49
18:08:58.466	55	45.6234	(-1, -1)	(-1, -1)	49
18:08:58.531	57	45.5655	(-1, -1)	(-1, -1)	49
18:08:58.592	52	45.6689	(-1, -1)	(-1, -1)	49
18:08:58.648	56	45.5828	(-1, -1)	(-1, -1)	49
18:08:58.712	57	45.6102	(-1, -1)	(-1, -1)	49
18:08:58.782	57	45.5627	(-1, -1)	(-1, -1)	49
18:08:58.842	55	45.5296	(-1, -1)	(-1, -1)	49
18:08:58.907	59	45.5719	(-1, -1)	(-1, -1)	49
18:08:58.976	58	45.5887	(-1, -1)	(-1, -1)	49
18:08:59.038	53	45.6084	(-1, -1)	(-1, -1)	49
18:08:59.100	58	45.604	(-1, -1)	(-1, -1)	49
18:08:59.163	54	45.5959	(-1, -1)	(-1, -1)	49
18:08:59.227	57	45.6443	(-1, -1)	(-1, -1)	49
18:08:59.287	54	45.5687	(-1, -1)	(-1, -1)	49
18:08:59.351	59	45.6102	(-1, -1)	(-1, -1)	49
18:08:59.415	57	45.7021	(-1, -1)	(-1, -1)	49
18:08:59.476	56	45.6093	(-1, -1)	(-1, -1)	49
18:08:59.539	58	45.5456	(-1, -1)	(-1, -1)	49
18:08:59.602	57	45.6169	(-1, -1)	(-1, -1)	49
18:08:59.665	57	45.6535	(-1, -1)	(-1, -1)	49
18:08:59.726	55	45.5763	(-1, -1)	(-1, -1)	49
18:08:59.789	58	45.5674	(-1, -1)	(-1, -1)	49
18:08:59.851	54	45.6255	(-1, -1)	(-1, -1)	49
18:08:59.912	54	45.736	(-1, -1)	(-1, -1)	49
18:08:59.970	58	45.5693	(-1, -1)	(-1, -1)	49
18:09:00.032	52	45.6446	(-1, -1)	(-1, -1)	49
18:09:00.087	51	45.6154	(-1, -1)	(-1, -1)	49
18:09:00.142	53	45.6673	(-1, -1)	(-1, -1)	49
18:09:00.199	57	45.6618	(-1, -1)	(-1, -1)	49
18:09:00.264	55	45.5449	(-1, -1)	(-1, -1)	49
18:09:00.323	55	45.6324	(-1, -1)	(-1, -1)	49
18:09:00.387	59	45.656	(-1, -1)	(-1, -1)	49
18:09:00.450	57	45.5739	(-1, -1)	(-1, -1)	49
18:09:00.512	54	45.5923	(-1, -1)	(-1, -1)	49
18:09:00.575	57	45.5573	(-1, -1)	(-1, -1)	49
18:09:00.637	58	45.6419	(-1, -1)	(-1, -1)	49
18:09:00.700	55	45.5821	(-1, -1)	(-1, -1)	49
18:09:00.761	56	45.5741	(-1, -1)	(-1, -1)	49
18:09:00.825	59	45.56	(-1, -1)	(-1, -1)	49
18:09:00.895	58	45.6572	(-1, -1)	(-1, -1)	49
18:09:00.956	55	45.6859	(-1, -1)	(-1, -1)	49
18:09:01.020	52	45.5539	(-1, -1)	(-1, -1)	49
18:09:01.082	57	45.6717	(-1, -1)	(-1, -1)	49
18:09:01.144	61	45.6068	(-1, -1)	(-1, -1)	49
18:09:01.215	56	45.5735	(-1, -1)	(-1, -1)	49
18:09:01.276	56	45.6449	(-1, -1)	(-1, -1)	49
18:09:01.339	55	45.5711	(-1, -1)	(-1, -1)	49
18:09:01.401	52	45.6901	(-1, -1)	(-1, -1)	49
18:09:01.458	58	45.5581	(-1, -1)	(-1, -1)	49
18:09:01.527	57	45.6113	(-1, -1)	(-1, -1)	49
18:09:01.588	53	45.599	(-1, -1)	(-1, -1)	49
18:09:01.643	53	45.6159	(-1, -1)	(-1, -1)	49
18:09:01.701	58	45.5806	(-1, -1)	(-1, -1)	49
18:09:01.764	58	45.6067	(-1, -1)	(-1, -1)	49
18:09:01.825	53	45.6785	(-1, -1)	(-1, -1)	49
18:09:01.889	59	45.6058	(-1, -1)	(-1, -1)	49
18:09:01.961	57	45.5735	(-1, -1)	(-1, -1)	49
18:09:02.027	54	45.5759	(-1, -1)	(-1, -1)	49
18:09:02.090	58	45.6187	(-1, -1)	(-1, -1)	49
18:09:02.153	59	45.6431	(-1, -1)	(-1, -1)	49
18:09:02.214	54	45.5499	(-1, -1)	(-1, -1)	49
18:09:02.278	54	45.6102	(-1, -1)	(-1, -1)	49
18:09:02.341	58	45.711	(-1, -1)	(-1, -1)	49
18:09:02.404	58	45.6193	(-1, -1)	(-1, -1)	49
18:09:02.473	57	45.589	(-1, -1)	(-1, -1)	49
18:09:02.536	58	45.6321	(-1, -1)	(-1, -1)	49
18:09:02.605	56	45.6145	(-1, -1)	(-1, -1)	49
18:09:02.666	55	45.6136	(-1, -1)	(-1, -1)	49
18:09:02.730	57	45.6907	(-1, -1)	(-1, -1)	49
18:09:02.792	59	45.5521	(-1, -1)	(-1, -1)	49
18:09:02.854	52	45.6567	(-1, -1)	(-1, -1)	49
18:09:02.910	58	45.5724	(-1, -1)	(-1, -1)	49
18:09:02.973	57	45.5724	(-1, -1)	(-1, -1)	49
18:09:03.034	53	45.5424	(-1, -1)	(-1, -1)	49
18:09:03.089	54	45.6341	(-1, -1)	(-1, -1)	49
18:09:03.148	57	45.6117	(-1, -1)	(-1, -1)	49
18:09:03.217	58	45.5956	(-1, -1)	(-1, -1)	49
18:09:03.277	52	45.6505	(-1, -1)	(-1, -1)	49
18:09:03.334	59	45.5578	(-1, -1)	(-1, -1)	49
18:09:03.398	57	45.607	(-1, -1)	(-1, -1)	49
18:09:03.465	54	45.5369	(-1, -1)	(-1, -1)	49
18:09:03.530	56	45.6018	(-1, -1)	(-1, -1)	49
18:09:03.592	56	45.6271	(-1, -1)	(-1, -1)	49
18:09:03.654	58	45.5615	(-1, -1)	(-1, -1)	49
18:09:03.716	54	45.6553	(-1, -1)	(-1, -1)	49
18:09:03.780	58	45.5868	(-1, -1)	(-1, -1)	49
18:09:03.848	55	45.5772	(-1, -1)	(-1, -1)	49
18:09:03.911	59	45.5474	(-1, -1)	(-1, -1)	49
18:09:03.974	59	45.5756	(-1, -1)	(-1, -1)	49
18:09:04.044	58	45.5938	(-1, -1)	(-1, -1)	49
18:09:04.105	55	45.6486	(-1, -1)	(-1, -1)	49
18:09:04.168	58	45.5921	(-1, -1)	(-1, -1)	49
18:09:04.231	59	45.5683	(-1, -1)	(-1, -1)	49
18:09:04.293	53	45.548	(-1, -1)	(-1, -1)	49
18:09:04.357	58	45.6687	(-1, -1)	(-1, -1)	49
18:09:04.426	58	45.6301	(-1, -1)	(-1, -1)	49
18:09:04.490	57	45.6	(-1, -1)	(-1, -1)	49
18:09:04.550	55	45.6036	(-1, -1)	(-1, -1)	49
18:09:04.614	58	45.6154	(-1, -1)	(-1, -1)	49
18:09:04.676	58	45.5767	(-1, -1)	(-1, -1)	49
18:09:04.738	53	45.5973	(-1, -1)	(-1, -1)	49
18:09:04.793	53	45.6997	(-1, -1)	(-1, -1)	49
18:09:04.851	58	45.6439	(-1, -1)	(-1, -1)	49
18:09:04.920	55	45.5873	(-1, -1)	(-1, -1)	49
18:09:04.981	52	45.6289	(-1, -1)	(-1, -1)	49
18:09:05.036	54	45.7055	(-1, -1)	(-1, -1)	49
18:09:05.100	59	45.5967	(-1, -1)	(-1, -1)	49
18:09:05.162	54	45.5742	(-1, -1)	(-1, -1)	49
18:09:05.218	53	45.5978	(-1, -1)	(-1, -1)	49
18:09:05.287	53	45.6594	(-1, -1)	(-1, -1)	49
18:09:05.342	52	45.6526	(-1, -1)	(-1, -1)	49
18:09:05.398	55	45.5766	(-1, -1)	(-1, -1)	49
18:09:05.462	58	45.6256	(-1, -1)	(-1, -1)	49
18:09:05.526	56	45.6246	(-1, -1)	(-1, -1)	49
18:09:05.586	51	45.6757	(-1, -1)	(-1, -1)	49
18:09:05.642	58	45.5947	(-1, -1)	(-1, -1)	49
18:09:05.705	59	45.5987	(-1, -1)	(-1, -1)	49
18:09:05.775	55	45.5895	(-1, -1)	(-1, -1)	49
18:09:05.836	54	45.5834	(-1, -1)	(-1, -1)	49
18:09:05.901	57	45.5759	(-1, -1)	(-1, -1)	49
18:09:05.969	56	45.6544	(-1, -1)	(-1, -1)	49
18:09:06.030	57	45.5916	(-1, -1)	(-1, -1)	49
18:09:06.094	59	45.6873	(-1, -1)	(-1, -1)	49
18:09:06.157	57	45.5348	(-1, -1)	(-1, -1)	49
18:09:06.218	53	45.5594	(-1, -1)	(-1, -1)	49
18:09:06.273	54	45.7215	(-1, -1)	(-1, -1)	49
18:09:06.331	57	45.5658	(-1, -1)	(-1, -1)	49
18:09:06.392	52	45.7914	(-1, -1)	(-1, -1)	49
18:09:06.447	52	45.6521	(-1, -1)	(-1, -1)	49
18:09:06.505	58	45.605	(-1, -1)	(-1, -1)	49
18:09:06.567	59	45.6327	(-1, -1)	(-1, -1)	49
18:09:06.630	54	45.5625	(-1, -1)	(-1, -1)	49
18:09:06.692	59	45.591	(-1, -1)	(-1, -1)	49
18:09:06.755	58	45.6228	(-1, -1)	(-1, -1)	49
18:09:06.819	59	45.584	(-1, -1)	(-1, -1)	49
18:09:06.886	53	45.7363	(-1, -1)	(-1, -1)	49
18:09:06.949	59	45.5757	(-1, -1)	(-1, -1)	49
18:09:07.019	58	45.6003	(-1, -1)	(-1, -1)	49
18:09:07.081	54	45.6247	(-1, -1)	(-1, -1)	49
18:09:07.143	54	45.5572	(-1, -1)	(-1, -1)	49
18:09:07.211	57	45.5951	(-1, -1)	(-1, -1)	49
18:09:07.277	58	45.621	(-1, -1)	(-1, -1)	49
18:09:07.347	57	45.593	(-1, -1)	(-1, -1)	49
18:09:07.408	56	45.5948	(-1, -1)	(-1, -1)	49
18:09:07.471	54	45.5713	(-1, -1)	(-1, -1)	49
18:09:07.534	56	45.5279	(-1, -1)	(-1, -1)	49
18:09:07.596	60	45.5898	(-1, -1)	(-1, -1)	49
18:09:07.668	57	45.6556	(-1, -1)	(-1, -1)	49
18:09:07.727	53	45.6933	(-1, -1)	(-1, -1)	49
18:09:07.791	59	45.5501	(-1, -1)	(-1, -1)	49
18:09:07.861	56	45.643	(-1, -1)	(-1, -1)	49
18:09:07.921	52	45.6904	(-1, -1)	(-1, -1)	49
18:09:07.976	54	45.8339	(-1, -1)	(-1, -1)	49
18:09:08.035	59	45.5859	(-1, -1)	(-1, -1)	49
18:09:08.105	56	45.6446	(-1, -1)	(-1, -1)	49
18:09:08.165	53	45.6717	(-1, -1)	(-1, -1)	49
18:09:08.229	63	45.6687	(-1, -1)	(-1, -1)	49
18:09:08.299	58	45.6301	(-1, -1)	(-1, -1)	49
18:09:08.360	55	45.581	(-1, -1)	(-1, -1)	49
18:09:08.423	57	45.601	(-1, -1)	(-1, -1)	49
18:09:08.485	54	45.6828	(-1, -1)	(-1, -1)	49
18:09:08.549	56	45.591	(-1, -1)	(-1, -1)	49
18:09:08.610	59	45.6978	(-1, -1)	(-1, -1)	49
18:09:08.674	58	45.6224	(-1, -1)	(-1, -1)	49
18:09:08.743	58	45.6022	(-1, -1)	(-1, -1)	49
18:09:08.804	55	45.6529	(-1, -1)	(-1, -1)	49
18:09:08.868	59	45.6597	(-1, -1)	(-1, -1)	49
18:09:08.938	57	45.6178	(-1, -1)	(-1, -1)	49
18:09:08.999	55	45.6953	(-1, -1)	(-1, -1)	49
18:09:09.063	57	45.6443	(-1, -1)	(-1, -1)	49
18:09:09.125	58	45.5601	(-1, -1)	(-1, -1)	49
18:09:09.188	58	45.5668	(-1, -1)	(-1, -1)	49
18:09:09.249	54	45.6763	(-1, -1)	(-1, -1)	49
18:09:09.313	59	45.6108	(-1, -1)	(-1, -1)	49
18:09:09.383	55	45.6296	(-1, -1)	(-1, -1)	49
18:09:09.444	51	45.6105	(-1, -1)	(-1, -1)	49
18:09:09.499	53	45.6001	(-1, -1)	(-1, -1)	49
18:09:09.557	58	45.6194	(-1, -1)	(-1, -1)	49
18:09:09.618	54	45.589	(-1, -1)	(-1, -1)	49
18:09:09.682	56	45.6433	(-1, -1)	(-1, -1)	49
18:09:09.744	58	45.5775	(-1, -1)	(-1, -1)	49
18:09:09.807	64	45.6868	(-1, -1)	(-1, -1)	49
18:09:09.876	58	45.5858	(-1, -1)	(-1, -1)	49
18:09:09.939	57	45.6031	(-1, -1)	(-1, -1)	49
18:09:10.000	53	45.5957	(-1, -1)	(-1, -1)	49
18:09:10.056	53	45.6935	(-1, -1)	(-1, -1)	49
18:09:10.120	58	45.62	(-1, -1)	(-1, -1)	49
18:09:10.183	57	45.5767	(-1, -1)	(-1, -1)	49
18:09:10.245	69	45.583	(-1, -1)	(-1, -1)	49
18:09:10.320	57	45.588	(-1, -1)	(-1, -1)	49
18:09:10.384	58	45.5972	(-1, -1)	(-1, -1)	49
18:09:10.447	57	45.5625	(-1, -1)	(-1, -1)	49
18:09:10.507	54	45.6284	(-1, -1)	(-1, -1)	49
18:09:10.571	58	45.6465	(-1, -1)	(-1, -1)	49
18:09:10.634	57	45.6662	(-1, -1)	(-1, -1)	49
18:09:10.695	53	45.7147	(-1, -1)	(-1, -1)	49
18:09:10.751	55	45.6277	(-1, -1)	(-1, -1)	49
18:09:10.815	56	45.5972	(-1, -1)	(-1, -1)	49
18:09:10.876	53	45.5779	(-1, -1)	(-1, -1)	49
18:09:10.938	54	45.6804	(-1, -1)	(-1, -1)	49
18:09:11.003	58	45.5899	(-1, -1)	(-1, -1)	49
18:09:11.066	56	45.6516	(-1, -1)	(-1, -1)	49
18:09:11.127	53	45.7661	(-1, -1)	(-1, -1)	49
18:09:11.191	58	45.6751	(-1, -1)	(-1, -1)	49
18:09:11.260	59	45.6653	(-1, -1)	(-1, -1)	49
18:09:11.321	55	45.5548	(-1, -1)	(-1, -1)	49
18:09:11.385	57	45.5607	(-1, -1)	(-1, -1)	49
18:09:11.447	58	45.6351	(-1, -1)	(-1, -1)	49
18:09:11.511	57	45.5649	(-1, -1)	(-1, -1)	49
18:09:11.571	54	45.6084	(-1, -1)	(-1, -1)	49
18:09:11.635	57	45.6351	(-1, -1)	(-1, -1)	49
18:09:11.698	57	45.6741	(-1, -1)	(-1, -1)	49
18:09:11.760	53	45.5932	(-1, -1)	(-1, -1)	49
18:09:11.823	59	45.624	(-1, -1)	(-1, -1)	49
18:09:11.892	58	45.6041	(-1, -1)	(-1, -1)	49
18:09:11.954	55	45.5782	(-1, -1)	(-1, -1)	49
18:09:12.018	57	45.5601	(-1, -1)	(-1, -1)	49
18:09:12.080	57	45.6079	(-1, -1)	(-1, -1)	49
18:09:12.142	59	45.5724	(-1, -1)	(-1, -1)	49
18:09:12.205	54	45.6129	(-1, -1)	(-1, -1)	49
18:09:12.267	59	45.6126	(-1, -1)	(-1, -1)	49
18:09:12.337	57	45.5796	(-1, -1)	(-1, -1)	49
18:09:12.397	52	45.6323	(-1, -1)	(-1, -1)	49
18:09:12.456	58	45.5963	(-1, -1)	(-1, -1)	49
18:09:12.524	56	45.5902	(-1, -1)	(-1, -1)	49
18:09:12.586	53	45.6729	(-1, -1)	(-1, -1)	49
18:09:12.641	53	45.6944	(-1, -1)	(-1, -1)	49
18:09:12.698	57	45.5705	(-1, -1)	(-1, -1)	49
18:09:12.760	54	45.7369	(-1, -1)	(-1, -1)	49
18:09:12.824	57	45.563	(-1, -1)	(-1, -1)	49
18:09:12.886	59	45.6215	(-1, -1)	(-1, -1)	49
18:09:12.949	57	45.5821	(-1, -1)	(-1, -1)	49
18:09:13.010	55	45.5711	(-1, -1)	(-1, -1)	49
18:09:13.074	64	45.688	(-1, -1)	(-1, -1)	49
18:09:13.144	57	45.5959	(-1, -1)	(-1, -1)	49
18:09:13.205	54	45.6276	(-1, -1)	(-1, -1)	49
18:09:13.261	53	45.6972	(-1, -1)	(-1, -1)	49
18:09:13.316	57	45.5674	(-1, -1)	(-1, -1)	49
18:09:13.381	57	45.5627	(-1, -1)	(-1, -1)	49
18:09:13.442	53	45.597	(-1, -1)	(-1, -1)	49
18:09:13.497	55	45.6422	(-1, -1)	(-1, -1)	49
18:09:13.561	56	45.6277	(-1, -1)	(-1, -1)	49
18:09:13.621	54	45.6341	(-1, -1)	(-1, -1)	49
18:09:13.679	58	45.5504	(-1, -1)	(-1, -1)	49
18:09:13.742	57	45.5658	(-1, -1)	(-1, -1)	49
18:09:13.803	54	45.6329	(-1, -1)	(-1, -1)	49
18:09:13.864	53	45.6757	(-1, -1)	(-1, -1)	49
18:09:13.921	58	45.5819	(-1, -1)	(-1, -1)	49
18:09:13.985	57	45.5787	(-1, -1)	(-1, -1)	49
18:09:14.047	54	45.6271	(-1, -1)	(-1, -1)	49
18:09:14.108	53	45.7056	(-1, -1)	(-1, -1)	49
18:09:14.165	59	45.6151	(-1, -1)	(-1, -1)	49
18:09:14.233	58	45.553	(-1, -1)	(-1, -1)	49
18:09:14.296	55	45.5987	(-1, -1)	(-1, -1)	49
18:09:14.360	59	45.5639	(-1, -1)	(-1, -1)	49
18:09:14.434	57	45.5618	(-1, -1)	(-1, -1)	49
18:09:14.497	52	45.6018	(-1, -1)	(-1, -1)	49
18:09:14.554	59	45.6092	(-1, -1)	(-1, -1)	49
18:09:14.618	58	45.6209	(-1, -1)	(-1, -1)	49
18:09:14.679	55	45.5612	(-1, -1)	(-1, -1)	49
18:09:14.743	57	45.571	(-1, -1)	(-1, -1)	49
18:09:14.805	57	45.6612	(-1, -1)	(-1, -1)	49
18:09:14.867	53	45.5741	(-1, -1)	(-1, -1)	49
18:09:14.928	55	45.6599	(-1, -1)	(-1, -1)	49
18:09:14.993	57	45.6881	(-1, -1)	(-1, -1)	49
18:09:15.055	57	45.56	(-1, -1)	(-1, -1)	49
18:09:15.116	55	45.5655	(-1, -1)	(-1, -1)	49
18:09:15.182	56	45.6279	(-1, -1)	(-1, -1)	49
18:09:15.243	57	45.688	(-1, -1)	(-1, -1)	49
18:09:15.304	54	45.5884	(-1, -1)	(-1, -1)	49
18:09:15.366	52	45.6492	(-1, -1)	(-1, -1)	49
18:09:15.424	58	45.6988	(-1, -1)	(-1, -1)	49
18:09:15.493	57	45.6428	(-1, -1)	(-1, -1)	49
18:09:15.554	53	45.6911	(-1, -1)	(-1, -1)	49
18:09:15.618	59	45.5861	(-1, -1)	(-1, -1)	49
18:09:15.681	57	45.5407	(-1, -1)	(-1, -1)	49
18:09:15.742	54	45.5599	(-1, -1)	(-1, -1)	49
18:09:15.806	58	45.6458	(-1, -1)	(-1, -1)	49
18:09:15.868	56	45.6179	(-1, -1)	(-1, -1)	49
18:09:15.932	53	45.5973	(-1, -1)	(-1, -1)	49
18:09:15.994	58	45.6135	(-1, -1)	(-1, -1)	49
18:09:16.056	58	45.6236	(-1, -1)	(-1, -1)	49
18:09:16.120	56	45.5695	(-1, -1)	(-1, -1)	49
18:09:16.180	55	45.5265	(-1, -1)	(-1, -1)	49
18:09:16.244	57	45.6024	(-1, -1)	(-1, -1)	49
18:09:16.306	62	45.6243	(-1, -1)	(-1, -1)	49
18:09:16.376	57	45.5982	(-1, -1)	(-1, -1)	49
18:09:16.438	56	45.6058	(-1, -1)	(-1, -1)	49
18:09:16.501	59	45.6061	(-1, -1)	(-1, -1)	49
18:09:16.563	55	45.6556	(-1, -1)	(-1, -1)	49
18:09:16.626	54	45.5739	(-1, -1)	(-1, -1)	49
18:09:16.689	57	45.6068	(-1, -1)	(-1, -1)	49
18:09:16.750	52	45.6646	(-1, -1)	(-1, -1)	49
18:09:16.806	51	45.6347	(-1, -1)	(-1, -1)	49
18:09:16.861	57	45.581	(-1, -1)	(-1, -1)	49
18:09:16.925	58	45.5981	(-1, -1)	(-1, -1)	49
18:09:16.988	58	45.5756	(-1, -1)	(-1, -1)	49
18:09:17.057	58	45.5833	(-1, -1)	(-1, -1)	49
18:09:17.120	58	45.6612	(-1, -1)	(-1, -1)	49
18:09:17.183	57	45.6255	(-1, -1)	(-1, -1)	49
18:09:17.244	54	45.6323	(-1, -1)	(-1, -1)	49
18:09:17.308	59	45.6236	(-1, -1)	(-1, -1)	49
18:09:17.377	59	45.671	(-1, -1)	(-1, -1)	49
18:09:17.439	54	45.5979	(-1, -1)	(-1, -1)	49
18:09:17.502	58	45.6476	(-1, -1)	(-1, -1)	49
18:09:17.565	57	45.6053	(-1, -1)	(-1, -1)	49
18:09:17.627	54	45.5695	(-1, -1)	(-1, -1)	49
18:09:17.692	58	45.5757	(-1, -1)	(-1, -1)	49
18:09:17.761	54	45.6311	(-1, -1)	(-1, -1)	49
18:09:17.821	52	45.5908	(-1, -1)	(-1, -1)	49
18:09:17.876	54	45.7305	(-1, -1)	(-1, -1)	49
18:09:17.940	58	45.5828	(-1, -1)	(-1, -1)	49
18:09:18.003	57	45.6431	(-1, -1)	(-1, -1)	49
18:09:18.064	54	45.6579	(-1, -1)	(-1, -1)	49
18:09:18.128	58	45.6292	(-1, -1)	(-1, -1)	49
18:09:18.192	57	45.6652	(-1, -1)	(-1, -1)	49
18:09:18.252	53	45.6084	(-1, -1)	(-1, -1)	49
18:09:18.307	53	45.6464	(-1, -1)	(-1, -1)	49
18:09:18.364	58	45.6708	(-1, -1)	(-1, -1)	49
18:09:18.427	57	45.6079	(-1, -1)	(-1, -1)	49
18:09:18.488	52	45.7006	(-1, -1)	(-1, -1)	49
18:09:18.545	58	45.5751	(-1, -1)	(-1, -1)	49
18:09:18.607	58	45.561	(-1, -1)	(-1, -1)	49
18:09:18.670	57	45.6234	(-1, -1)	(-1, -1)	49
18:09:18.731	54	45.68	(-1, -1)	(-1, -1)	49
18:09:18.796	58	45.6135	(-1, -1)	(-1, -1)	49
18:09:18.859	55	45.5988	(-1, -1)	(-1, -1)	49
18:09:18.919	54	45.6302	(-1, -1)	(-1, -1)	49
18:09:18.983	59	45.5649	(-1, -1)	(-1, -1)	49
18:09:19.053	58	45.5607	(-1, -1)	(-1, -1)	49
18:09:19.113	54	45.681	(-1, -1)	(-1, -1)	49
18:09:19.170	54	45.6044	(-1, -1)	(-1, -1)	49
18:09:19.234	57	45.5714	(-1, -1)	(-1, -1)	49
18:09:19.295	54	45.6201	(-1, -1)	(-1, -1)	49
18:09:19.358	58	45.6824	(-1, -1)	(-1, -1)	49
18:09:19.421	58	45.6095	(-1, -1)	(-1, -1)	49
18:09:19.484	59	45.5359	(-1, -1)	(-1, -1)	49
18:09:19.553	56	45.6141	(-1, -1)	(-1, -1)	49
18:09:19.616	67	45.6074	(-1, -1)	(-1, -1)	49
18:09:19.694	57	45.6633	(-1, -1)	(-1, -1)	49
18:09:19.753	53	45.6862	(-1, -1)	(-1, -1)	49
18:09:19.819	56	45.5406	(-1, -1)	(-1, -1)	49
18:09:19.878	53	45.7502	(-1, -1)	(-1, -1)	49
18:09:19.935	53	45.6354	(-1, -1)	(-1, -1)	49
18:09:19.996	53	45.6102	(-1, -1)	(-1, -1)	49
18:09:20.054	58	45.5987	(-1, -1)	(-1, -1)	49
18:09:20.123	56	45.5938	(-1, -1)	(-1, -1)	49
18:09:20.184	53	45.6239	(-1, -1)	(-1, -1)	49
18:09:20.248	58	45.5801	(-1, -1)	(-1, -1)	49
18:09:20.311	58	45.5744	(-1, -1)	(-1, -1)	49
18:09:20.374	56	45.6439	(-1, -1)	(-1, -1)	49
18:09:20.434	55	45.6236	(-1, -1)	(-1, -1)	49
18:09:20.498	58	45.5521	(-1, -1)	(-1, -1)	49
18:09:20.561	57	45.6361	(-1, -1)	(-1, -1)	49
18:09:20.623	54	45.6196	(-1, -1)	(-1, -1)	49
18:09:20.686	58	45.6548	(-1, -1)	(-1, -1)	49
18:09:20.748	57	45.541	(-1, -1)	(-1, -1)	49
18:09:20.810	53	45.6987	(-1, -1)	(-1, -1)	49
18:09:20.873	57	45.6156	(-1, -1)	(-1, -1)	49
18:09:20.936	57	45.5711	(-1, -1)	(-1, -1)	49
18:09:20.999	54	45.6926	(-1, -1)	(-1, -1)	49
18:09:21.060	62	45.5775	(-1, -1)	(-1, -1)	49
18:09:21.133	57	45.5873	(-1, -1)	(-1, -1)	49
18:09:21.205	56	45.6831	(-1, -1)	(-1, -1)	49
18:09:21.269	58	45.6926	(-1, -1)	(-1, -1)	49
18:09:21.333	58	45.5639	(-1, -1)	(-1, -1)	49
18:09:21.396	56	45.5917	(-1, -1)	(-1, -1)	49
18:09:21.456	52	45.6409	(-1, -1)	(-1, -1)	49
18:09:21.514	58	45.5727	(-1, -1)	(-1, -1)	49
18:09:21.576	57	45.6265	(-1, -1)	(-1, -1)	49
18:09:21.638	54	45.5951	(-1, -1)	(-1, -1)	49
18:09:21.700	53	45.6594	(-1, -1)	(-1, -1)	49
18:09:21.765	57	45.6683	(-1, -1)	(-1, -1)	49
18:09:21.827	59	45.5837	(-1, -1)	(-1, -1)	49
18:09:21.894	54	45.6732	(-1, -1)	(-1, -1)	49
18:09:21.961	58	45.5591	(-1, -1)	(-1, -1)	49
18:09:22.028	59	45.6215	(-1, -1)	(-1, -1)	49
18:09:22.090	56	45.557	(-1, -1)	(-1, -1)	49
18:09:22.154	56	45.5625	(-1, -1)	(-1, -1)	49
18:09:22.215	58	45.6185	(-1, -1)	(-1, -1)	49
18:09:22.278	57	45.6018	(-1, -1)	(-1, -1)	49
18:09:22.339	56	45.6316	(-1, -1)	(-1, -1)	49
18:09:22.404	57	45.584	(-1, -1)	(-1, -1)	49
18:09:22.466	56	45.5677	(-1, -1)	(-1, -1)	49
18:09:22.526	55	45.689	(-1, -1)	(-1, -1)	49
18:09:22.591	58	45.5733	(-1, -1)	(-1, -1)	49
18:09:22.654	58	45.6735	(-1, -1)	(-1, -1)	49
18:09:22.715	55	45.6193	(-1, -1)	(-1, -1)	49
18:09:22.779	58	45.6181	(-1, -1)	(-1, -1)	49
18:09:22.849	56	45.6959	(-1, -1)	(-1, -1)	49
18:09:22.910	54	45.5936	(-1, -1)	(-1, -1)	49
18:09:22.971	54	45.7393	(-1, -1)	(-1, -1)	49
18:09:23.036	59	45.6387	(-1, -1)	(-1, -1)	49
18:09:23.099	55	45.607	(-1, -1)	(-1, -1)	49
18:09:23.160	52	45.6853	(-1, -1)	(-1, -1)	49
18:09:23.216	58	45.583	(-1, -1)	(-1, -1)	49
18:09:23.280	57	45.5862	(-1, -1)	(-1, -1)	49
18:09:23.341	55	45.568	(-1, -1)	(-1, -1)	49
18:09:23.404	58	45.5852	(-1, -1)	(-1, -1)	49
18:09:23.467	59	45.5649	(-1, -1)	(-1, -1)	49
18:09:23.530	57	45.6279	(-1, -1)	(-1, -1)	49
18:09:23.591	54	45.5898	(-1, -1)	(-1, -1)	49
18:09:23.655	57	45.6567	(-1, -1)	(-1, -1)	49
18:09:23.717	58	45.607	(-1, -1)	(-1, -1)	49
18:09:23.779	55	45.5727	(-1, -1)	(-1, -1)	49
18:09:23.842	57	45.643	(-1, -1)	(-1, -1)	49
18:09:23.905	59	45.6394	(-1, -1)	(-1, -1)	49
18:09:23.973	53	45.5975	(-1, -1)	(-1, -1)	49
18:09:24.028	53	45.6744	(-1, -1)	(-1, -1)	49
18:09:24.092	57	45.5751	(-1, -1)	(-1, -1)	49
18:09:24.153	53	45.6658	(-1, -1)	(-1, -1)	49
18:09:24.209	52	45.6815	(-1, -1)	(-1, -1)	49
18:09:24.266	58	45.5679	(-1, -1)	(-1, -1)	49
18:09:24.348	59	45.5889	(-1, -1)	(-1, -1)	49
18:09:24.411	53	45.6098	(-1, -1)	(-1, -1)	49
18:09:24.468	59	45.6113	(-1, -1)	(-1, -1)	49
18:09:24.579	53	45.6041	(-1, -1)	(-1, -1)	49
18:09:24.640	51	45.6791	(-1, -1)	(-1, -1)	49
18:09:24.695	52	45.7009	(-1, -1)	(-1, -1)	49
18:09:24.754	56	45.6287	(-1, -1)	(-1, -1)	49
18:09:24.816	54	45.5911	(-1, -1)	(-1, -1)	49
18:09:24.879	56	45.643	(-1, -1)	(-1, -1)	49
18:09:24.940	59	45.5923	(-1, -1)	(-1, -1)	49
18:09:25.023	53	45.6347	(-1, -1)	(-1, -1)	49
18:09:25.174	54	45.5692	(-1, -1)	(-1, -1)	49
18:09:25.231	52	45.7388	(-1, -1)	(-1, -1)	49
18:09:25.291	52	45.624	(-1, -1)	(-1, -1)	49
18:09:25.350	55	45.5902	(-1, -1)	(-1, -1)	49
18:09:25.414	56	45.5705	(-1, -1)	(-1, -1)	49
18:09:25.475	52	45.6627	(-1, -1)	(-1, -1)	49
18:09:25.531	57	45.6499	(-1, -1)	(-1, -1)	49
18:09:25.594	58	45.612	(-1, -1)	(-1, -1)	49
18:09:25.655	54	45.6246	(-1, -1)	(-1, -1)	49
18:09:25.711	60	45.6787	(-1, -1)	(-1, -1)	49
18:09:25.775	57	45.5277	(-1, -1)	(-1, -1)	49
18:09:25.838	57	45.6896	(-1, -1)	(-1, -1)	49
18:09:25.899	54	45.5738	(-1, -1)	(-1, -1)	49
18:09:25.963	58	45.5699	(-1, -1)	(-1, -1)	49
18:09:26.025	56	45.5674	(-1, -1)	(-1, -1)	49
18:09:26.086	53	45.5674	(-1, -1)	(-1, -1)	49
18:09:26.141	54	45.7756	(-1, -1)	(-1, -1)	49
18:09:26.199	58	45.5867	(-1, -1)	(-1, -1)	49
18:09:26.261	57	45.68	(-1, -1)	(-1, -1)	49
18:09:26.322	53	45.6853	(-1, -1)	(-1, -1)	49
18:09:26.379	57	45.5778	(-1, -1)	(-1, -1)	49
18:09:26.442	56	45.5719	(-1, -1)	(-1, -1)	49
18:09:26.504	55	45.6978	(-1, -1)	(-1, -1)	49
18:09:26.567	57	45.5834	(-1, -1)	(-1, -1)	49
18:09:26.630	57	45.6317	(-1, -1)	(-1, -1)	49
18:09:26.693	57	45.6363	(-1, -1)	(-1, -1)	49
18:09:26.754	55	45.6265	(-1, -1)	(-1, -1)	49
18:09:26.821	55	45.5695	(-1, -1)	(-1, -1)	49
18:09:26.879	53	45.5467	(-1, -1)	(-1, -1)	49
18:09:26.943	58	45.5865	(-1, -1)	(-1, -1)	49
18:09:27.005	59	45.5879	(-1, -1)	(-1, -1)	49
18:09:27.068	57	45.5963	(-1, -1)	(-1, -1)	49
18:09:27.129	53	45.7305	(-1, -1)	(-1, -1)	49
18:09:27.193	58	45.5679	(-1, -1)	(-1, -1)	49
18:09:27.256	58	45.6236	(-1, -1)	(-1, -1)	49
18:09:27.320	58	45.6071	(-1, -1)	(-1, -1)	49
18:09:27.380	60	45.581	(-1, -1)	(-1, -1)	49
18:09:27.450	59	45.6196	(-1, -1)	(-1, -1)	49
18:09:27.521	57	45.6086	(-1, -1)	(-1, -1)	49
18:09:27.581	53	45.617	(-1, -1)	(-1, -1)	49
18:09:27.638	57	45.6179	(-1, -1)	(-1, -1)	49
18:09:27.699	52	45.636	(-1, -1)	(-1, -1)	49
18:09:27.755	52	45.728	(-1, -1)	(-1, -1)	49
18:09:27.810	55	45.5941	(-1, -1)	(-1, -1)	49
18:09:27.873	53	45.6625	(-1, -1)	(-1, -1)	49
18:09:27.929	54	45.6508	(-1, -1)	(-1, -1)	49
18:09:27.991	55	45.6108	(-1, -1)	(-1, -1)	49
18:09:28.055	58	45.5702	(-1, -1)	(-1, -1)	49
18:09:28.117	58	45.5985	(-1, -1)	(-1, -1)	49
18:09:28.179	55	45.5809	(-1, -1)	(-1, -1)	49
18:09:28.242	62	45.6271	(-1, -1)	(-1, -1)	49
18:09:28.312	59	45.6256	(-1, -1)	(-1, -1)	49
18:09:28.383	58	45.5819	(-1, -1)	(-1, -1)	49
18:09:28.443	54	45.5416	(-1, -1)	(-1, -1)	49
18:09:28.507	58	45.5964	(-1, -1)	(-1, -1)	49
18:09:28.569	57	45.5708	(-1, -1)	(-1, -1)	49
18:09:28.630	53	45.7113	(-1, -1)	(-1, -1)	49
18:09:28.687	59	45.5993	(-1, -1)	(-1, -1)	49
18:09:28.750	58	45.5415	(-1, -1)	(-1, -1)	49
EOM

