BOM
Frame extends: 2263, 1306
_ms_area: 10
measurements taken: 585
current rendering method: 1
is mouse replay: 1
Camera settings: Roation Quaternion: ( -0.166211, 0.78287, 0.580329, 0.150691), Translationsvektor: ( 0, 0, 2.075).
System_Time	Elapsed_Time_PaintGL	Elapsed_Kernel_Time	Frame_Coordinates	Grid_Position	Manual_Measurement
18:09:32.589	26	7.78874	(318, 226)	(32, 23)	49
18:09:32.620	23	7.90178	(325, 225)	(33, 23)	49
18:09:32.648	24	8.19881	(335, 225)	(34, 23)	49
18:09:32.676	24	8.36533	(345, 225)	(35, 23)	49
18:09:32.705	23	8.68667	(357, 225)	(36, 23)	49
18:09:32.732	24	9.10593	(372, 225)	(37, 23)	49
18:09:32.760	24	9.22148	(375, 225)	(38, 23)	49
18:09:32.794	25	9.53185	(385, 225)	(39, 23)	49
18:09:32.822	26	9.82267	(395, 225)	(40, 23)	49
18:09:32.851	24	10.2766	(405, 225)	(41, 23)	49
18:09:32.878	25	10.5696	(415, 225)	(42, 23)	49
18:09:32.905	27	10.9846	(425, 225)	(43, 23)	49
18:09:32.934	26	11.4356	(435, 226)	(44, 23)	49
18:09:32.968	27	11.6707	(445, 226)	(45, 23)	49
18:09:33.004	27	12.1268	(455, 226)	(46, 23)	49
18:09:33.038	27	12.5246	(465, 227)	(47, 23)	49
18:09:33.073	33	12.9902	(475, 227)	(48, 23)	49
18:09:33.115	35	13.4059	(485, 228)	(49, 23)	49
18:09:33.157	35	13.888	(495, 228)	(50, 23)	49
18:09:33.199	32	14.3159	(505, 229)	(51, 23)	49
18:09:33.240	31	14.8421	(515, 229)	(52, 23)	49
18:09:33.274	32	15.5356	(525, 229)	(53, 23)	49
18:09:33.309	37	15.8687	(535, 229)	(54, 23)	49
18:09:33.352	47	16.0787	(545, 229)	(55, 23)	49
18:09:33.408	49	16.5825	(555, 229)	(56, 23)	49
18:09:33.462	33	16.7844	(565, 229)	(57, 23)	49
18:09:33.504	33	17.3259	(575, 229)	(58, 23)	49
18:09:33.545	41	17.8397	(585, 229)	(59, 23)	49
18:09:33.596	49	18.396	(596, 229)	(60, 23)	49
18:09:33.651	39	19.0121	(605, 230)	(61, 23)	49
18:09:33.699	35	19.6773	(615, 230)	(62, 23)	49
18:09:33.740	36	20.4231	(626, 230)	(63, 23)	49
18:09:33.783	48	21.0813	(635, 230)	(64, 23)	49
18:09:33.839	41	21.6033	(645, 230)	(65, 23)	49
18:09:33.886	38	22.4433	(655, 230)	(66, 23)	49
18:09:33.927	38	23.0133	(665, 230)	(67, 23)	49
18:09:33.970	48	23.9196	(680, 230)	(68, 23)	49
18:09:34.026	49	24.2772	(685, 230)	(69, 23)	49
18:09:34.081	41	24.6775	(695, 230)	(70, 23)	49
18:09:34.129	45	25.3301	(705, 230)	(71, 23)	49
18:09:34.180	52	25.8212	(715, 230)	(72, 23)	49
18:09:34.242	49	26.608	(725, 230)	(73, 23)	49
18:09:34.296	42	26.8999	(735, 230)	(74, 23)	49
18:09:34.345	48	27.6268	(749, 230)	(75, 23)	49
18:09:34.402	55	27.949	(756, 230)	(76, 23)	49
18:09:34.465	51	28.2225	(766, 230)	(77, 23)	49
18:09:34.519	48	28.628	(775, 230)	(78, 23)	49
18:09:34.576	56	28.9511	(785, 230)	(79, 23)	49
18:09:34.638	57	29.3296	(796, 229)	(80, 23)	49
18:09:34.701	51	29.5908	(805, 229)	(81, 23)	49
18:09:34.755	48	29.8203	(815, 229)	(82, 23)	49
18:09:34.811	49	30.0453	(825, 228)	(83, 23)	49
18:09:34.866	50	30.0361	(835, 228)	(84, 23)	49
18:09:34.922	49	30.3886	(845, 228)	(85, 23)	49
18:09:34.978	53	30.9055	(855, 228)	(86, 23)	49
18:09:35.042	58	31.0984	(865, 228)	(87, 23)	49
18:09:35.105	54	31.2747	(875, 228)	(88, 23)	49
18:09:35.165	62	32.1012	(885, 228)	(89, 23)	49
18:09:35.236	60	32.6879	(895, 228)	(90, 23)	49
18:09:35.306	50	33.304	(905, 228)	(91, 23)	49
18:09:35.360	48	33.599	(915, 228)	(92, 23)	49
18:09:35.416	54	33.5978	(925, 228)	(93, 23)	49
18:09:35.479	58	33.8089	(935, 228)	(94, 23)	49
18:09:35.542	53	33.9161	(945, 227)	(95, 23)	49
18:09:35.603	57	33.9464	(957, 227)	(96, 23)	49
18:09:35.667	61	34.0093	(966, 227)	(97, 23)	49
18:09:35.737	55	34.1951	(975, 227)	(98, 23)	49
18:09:35.797	57	34.3759	(985, 227)	(99, 23)	49
18:09:35.863	58	34.607	(995, 227)	(100, 23)	49
18:09:35.931	59	34.9406	(1005, 227)	(101, 23)	49
18:09:35.993	54	34.7396	(1015, 226)	(102, 23)	49
18:09:36.055	60	35.0972	(1025, 226)	(103, 23)	49
18:09:36.120	61	35.0059	(1035, 226)	(104, 23)	49
18:09:36.188	52	35.0493	(1045, 225)	(105, 23)	49
18:09:36.244	60	35.0307	(1055, 225)	(106, 23)	49
18:09:36.314	57	34.9544	(1065, 225)	(107, 23)	49
18:09:36.375	53	34.7144	(1071, 224)	(107, 22)	49
18:09:36.438	60	34.4169	(1075, 224)	(108, 22)	49
18:09:36.508	60	34.2529	(1085, 224)	(109, 22)	49
18:09:36.578	59	34.0001	(1095, 224)	(110, 22)	49
18:09:36.640	55	33.8566	(1105, 224)	(111, 22)	49
18:09:36.704	60	33.1852	(1115, 224)	(112, 22)	49
18:09:36.773	56	33.4939	(1125, 224)	(113, 22)	49
18:09:36.835	49	33.212	(1135, 224)	(114, 22)	49
18:09:36.889	53	33.1244	(1146, 223)	(115, 22)	49
18:09:36.947	60	32.6676	(1155, 223)	(116, 22)	49
18:09:37.016	53	32.3483	(1165, 223)	(117, 22)	49
18:09:37.077	51	32.1138	(1175, 223)	(118, 22)	49
18:09:37.133	57	31.7304	(1185, 223)	(119, 22)	49
18:09:37.197	53	31.4853	(1195, 223)	(120, 22)	49
18:09:37.258	55	31.5104	(1205, 223)	(121, 22)	49
18:09:37.322	58	31.1101	(1215, 223)	(122, 22)	49
18:09:37.392	52	30.7597	(1225, 223)	(123, 22)	49
18:09:37.452	45	30.6188	(1235, 223)	(124, 22)	49
18:09:37.500	52	30.1471	(1245, 223)	(125, 22)	49
18:09:37.559	57	29.3477	(1255, 223)	(126, 22)	49
18:09:37.620	51	29.2951	(1265, 224)	(127, 22)	49
18:09:37.675	44	28.7287	(1275, 224)	(128, 22)	49
18:09:37.724	46	28.7124	(1282, 225)	(128, 23)	49
18:09:37.773	52	28.5496	(1285, 225)	(129, 23)	49
18:09:37.836	51	28.0228	(1295, 226)	(130, 23)	49
18:09:37.890	49	27.531	(1305, 226)	(131, 23)	49
18:09:37.947	51	27.3797	(1316, 228)	(132, 23)	49
18:09:38.002	52	26.8036	(1326, 228)	(133, 23)	49
18:09:38.061	44	26.2665	(1335, 228)	(134, 23)	49
18:09:38.112	45	26.2761	(1345, 229)	(135, 23)	49
18:09:38.164	52	25.5653	(1355, 230)	(136, 23)	49
18:09:38.225	56	24.7351	(1366, 230)	(137, 23)	49
18:09:38.288	43	24.449	(1375, 230)	(138, 23)	49
18:09:38.336	43	24.0484	(1386, 231)	(139, 23)	49
18:09:38.385	42	23.5634	(1395, 231)	(140, 23)	49
18:09:38.433	42	23.2513	(1405, 232)	(141, 23)	49
18:09:38.481	40	22.7643	(1415, 232)	(142, 23)	49
18:09:38.523	36	22.1104	(1425, 232)	(143, 23)	49
18:09:38.565	41	21.5421	(1435, 233)	(144, 23)	49
18:09:38.615	48	21.1425	(1445, 234)	(145, 23)	49
18:09:38.670	41	20.372	(1455, 234)	(146, 23)	49
18:09:38.717	35	20.1476	(1465, 234)	(147, 23)	49
18:09:38.759	34	19.6399	(1478, 234)	(148, 23)	49
18:09:38.801	41	19.5265	(1485, 234)	(149, 23)	49
18:09:38.850	41	19.3324	(1488, 235)	(149, 24)	49
18:09:38.899	37	19.1489	(1495, 235)	(150, 24)	49
18:09:38.940	34	18.4553	(1506, 235)	(151, 24)	49
18:09:38.982	40	18.1794	(1516, 235)	(152, 24)	49
18:09:39.032	42	17.7101	(1526, 236)	(153, 24)	49
18:09:39.081	40	17.4563	(1535, 236)	(154, 24)	49
18:09:39.130	35	17.1117	(1546, 236)	(155, 24)	49
18:09:39.170	34	16.7053	(1556, 237)	(156, 24)	49
18:09:39.211	35	16.3991	(1565, 237)	(157, 24)	49
18:09:39.253	35	15.9258	(1575, 238)	(158, 24)	49
18:09:39.295	33	15.4698	(1585, 238)	(159, 24)	49
18:09:39.337	34	14.9587	(1595, 239)	(160, 24)	49
18:09:39.378	34	14.4139	(1605, 239)	(161, 24)	49
18:09:39.420	33	14.1064	(1615, 240)	(162, 24)	49
18:09:39.455	32	13.7244	(1625, 240)	(163, 24)	49
18:09:39.490	31	13.2293	(1636, 241)	(164, 24)	49
18:09:39.525	31	12.8271	(1645, 242)	(165, 24)	49
18:09:39.559	29	12.2868	(1655, 242)	(166, 24)	49
18:09:39.593	29	11.868	(1666, 243)	(167, 24)	49
18:09:39.629	30	11.6468	(1676, 244)	(168, 24)	49
18:09:39.663	30	11.9908	(1677, 245)	(168, 25)	49
18:09:39.698	29	11.4053	(1686, 245)	(169, 25)	49
18:09:39.732	31	11.3092	(1696, 246)	(170, 25)	49
18:09:39.767	28	10.9624	(1705, 246)	(171, 25)	49
18:09:39.802	28	10.787	(1715, 248)	(172, 25)	49
18:09:39.837	28	10.4917	(1726, 249)	(173, 25)	49
18:09:39.871	40	10.2801	(1735, 250)	(174, 25)	49
18:09:39.914	28	10.1747	(1745, 251)	(175, 25)	49
18:09:39.949	28	9.96163	(1755, 253)	(176, 25)	49
18:09:39.984	24	9.80296	(1765, 254)	(177, 25)	49
18:09:40.011	23	9.81289	(1768, 255)	(177, 26)	49
18:09:40.037	29	9.6117	(1775, 256)	(178, 26)	49
18:09:40.074	29	9.40578	(1785, 258)	(179, 26)	49
18:09:40.109	27	9.1043	(1795, 260)	(180, 26)	49
18:09:40.143	29	8.95718	(1805, 262)	(181, 26)	49
18:09:40.178	29	8.76963	(1815, 264)	(182, 26)	49
18:09:40.212	26	8.76652	(1817, 265)	(182, 27)	49
18:09:40.247	23	8.58578	(1825, 267)	(183, 27)	49
18:09:40.274	23	8.29245	(1838, 271)	(184, 27)	49
18:09:40.302	23	8.24489	(1845, 273)	(185, 27)	49
18:09:40.330	23	8.2957	(1849, 275)	(185, 28)	49
18:09:40.359	27	8.31215	(1858, 278)	(186, 28)	49
18:09:40.393	28	8.10489	(1865, 280)	(187, 28)	49
18:09:40.428	27	8.06104	(1874, 285)	(187, 29)	49
18:09:40.463	26	8.00326	(1875, 285)	(188, 29)	49
18:09:40.497	26	7.8557	(1885, 289)	(189, 29)	49
18:09:40.525	31	7.90489	(1895, 294)	(190, 29)	49
18:09:40.560	30	8.02119	(1895, 295)	(190, 30)	49
18:09:40.594	24	7.8883	(1905, 299)	(191, 30)	49
18:09:40.622	23	7.70504	(1912, 305)	(191, 31)	49
18:09:40.650	23	7.62178	(1915, 307)	(192, 31)	49
18:09:40.678	22	7.71882	(1925, 314)	(193, 31)	49
18:09:40.705	23	7.70355	(1926, 315)	(193, 32)	49
18:09:40.733	23	7.59571	(1935, 322)	(194, 32)	49
18:09:40.762	22	7.46104	(1937, 325)	(194, 33)	49
18:09:40.789	24	7.64326	(1945, 333)	(195, 33)	49
18:09:40.817	23	7.5523	(1947, 335)	(195, 34)	49
18:09:40.845	22	7.25067	(1955, 344)	(196, 34)	49
18:09:40.872	23	7.20607	(1955, 345)	(196, 35)	49
18:09:40.900	24	7.23911	(1963, 355)	(196, 36)	49
18:09:40.929	28	6.93244	(1965, 358)	(197, 36)	49
18:09:40.964	28	6.97674	(1968, 365)	(197, 37)	49
18:09:40.998	25	6.84815	(1973, 375)	(197, 38)	49
18:09:41.025	23	6.896	(1975, 379)	(198, 38)	49
18:09:41.053	23	6.85778	(1976, 385)	(198, 39)	49
18:09:41.081	23	6.77511	(1980, 395)	(198, 40)	49
18:09:41.109	25	6.76785	(1982, 405)	(198, 41)	49
18:09:41.136	23	6.72667	(1984, 415)	(198, 42)	49
18:09:41.165	22	6.74133	(1985, 417)	(199, 42)	49
18:09:41.192	23	6.74563	(1985, 425)	(199, 43)	49
18:09:41.220	23	6.74696	(1987, 435)	(199, 44)	49
18:09:41.248	20	6.73378	(1988, 445)	(199, 45)	49
18:09:41.275	22	6.75511	(1989, 455)	(199, 46)	49
18:09:41.304	21	6.74311	(1989, 465)	(199, 47)	49
18:09:41.331	23	6.75067	(1989, 475)	(199, 48)	49
18:09:41.359	23	6.79807	(1988, 485)	(199, 49)	49
18:09:41.387	22	6.84874	(1985, 495)	(199, 50)	49
18:09:41.415	23	6.86696	(1984, 495)	(198, 50)	49
18:09:41.442	23	6.91793	(1980, 505)	(198, 51)	49
18:09:41.470	23	7.04726	(1972, 516)	(197, 52)	49
18:09:41.498	25	7.12667	(1965, 525)	(197, 53)	49
18:09:41.526	23	7.14993	(1964, 526)	(196, 53)	49
18:09:41.554	23	7.29645	(1954, 534)	(195, 53)	49
18:09:41.583	22	7.31585	(1953, 535)	(195, 54)	49
18:09:41.610	23	7.44963	(1944, 539)	(194, 54)	49
18:09:41.637	23	7.57378	(1937, 545)	(194, 55)	49
18:09:41.665	21	7.61007	(1934, 547)	(193, 55)	49
18:09:41.692	22	7.75082	(1924, 555)	(192, 56)	49
18:09:41.720	22	7.95111	(1914, 561)	(191, 56)	49
18:09:41.748	27	8.10667	(1907, 565)	(191, 57)	49
18:09:41.777	28	8.12874	(1904, 567)	(190, 57)	49
18:09:41.812	28	8.77541	(1894, 572)	(189, 57)	49
18:09:41.847	24	8.42415	(1890, 575)	(189, 58)	49
18:09:41.874	23	8.60267	(1884, 577)	(188, 58)	49
18:09:41.902	23	8.85748	(1874, 581)	(187, 58)	49
18:09:41.929	24	9.10192	(1866, 585)	(187, 59)	49
18:09:41.958	24	9.18133	(1864, 585)	(186, 59)	49
18:09:41.985	24	9.48252	(1854, 590)	(185, 59)	49
18:09:42.013	25	9.76622	(1844, 594)	(184, 59)	49
18:09:42.040	25	9.81659	(1843, 595)	(184, 60)	49
18:09:42.068	25	10.1533	(1834, 597)	(183, 60)	49
18:09:42.096	26	10.6701	(1823, 601)	(182, 60)	49
18:09:42.124	25	11.0156	(1810, 606)	(181, 61)	49
18:09:42.151	27	11.2556	(1804, 609)	(180, 61)	49
18:09:42.186	27	11.6973	(1794, 612)	(179, 61)	49
18:09:42.221	28	12.0113	(1787, 615)	(179, 62)	49
18:09:42.257	27	12.1711	(1784, 616)	(178, 62)	49
18:09:42.290	28	12.5924	(1774, 619)	(177, 62)	49
18:09:42.325	33	13.131	(1764, 622)	(176, 62)	49
18:09:42.368	34	13.3936	(1758, 625)	(176, 63)	49
18:09:42.410	34	13.5489	(1754, 626)	(175, 63)	49
18:09:42.451	35	13.9541	(1744, 628)	(174, 63)	49
18:09:42.492	30	14.2535	(1734, 631)	(173, 63)	49
18:09:42.527	28	14.581	(1724, 633)	(172, 63)	49
18:09:42.562	32	14.8193	(1715, 635)	(172, 64)	49
18:09:42.598	35	14.8336	(1714, 635)	(171, 64)	49
18:09:42.639	34	15.2087	(1704, 637)	(170, 64)	49
18:09:42.681	36	15.5172	(1694, 638)	(169, 64)	49
18:09:42.722	36	15.8769	(1684, 640)	(168, 64)	49
18:09:42.764	34	16.2544	(1674, 641)	(167, 64)	49
18:09:42.805	36	16.7284	(1664, 642)	(166, 64)	49
18:09:42.847	32	17.3022	(1654, 643)	(165, 64)	49
18:09:42.882	33	17.8862	(1644, 644)	(164, 64)	49
18:09:42.924	34	18.7061	(1633, 644)	(163, 64)	49
18:09:42.966	42	19.3932	(1624, 644)	(162, 64)	49
18:09:43.015	44	20.1837	(1614, 644)	(161, 64)	49
18:09:43.063	46	20.8338	(1604, 644)	(160, 64)	49
18:09:43.118	37	21.8283	(1594, 644)	(159, 64)	49
18:09:43.159	37	22.5176	(1584, 644)	(158, 64)	49
18:09:43.202	44	23.2744	(1574, 644)	(157, 64)	49
18:09:43.251	45	24.2458	(1564, 644)	(156, 64)	49
18:09:43.306	42	25.0604	(1554, 644)	(155, 64)	49
18:09:43.354	41	25.7034	(1548, 645)	(155, 65)	49
18:09:43.403	43	26.0846	(1544, 645)	(154, 65)	49
18:09:43.452	47	26.6979	(1534, 645)	(153, 65)	49
18:09:43.508	44	27.5302	(1524, 646)	(152, 65)	49
18:09:43.556	43	28.4591	(1514, 647)	(151, 65)	49
18:09:43.605	50	29.067	(1504, 648)	(150, 65)	49
18:09:43.661	56	29.7356	(1494, 649)	(149, 65)	49
18:09:43.724	49	29.8938	(1484, 651)	(148, 65)	49
18:09:43.778	54	30.4781	(1474, 652)	(147, 65)	49
18:09:43.841	48	31.0465	(1464, 652)	(146, 65)	49
18:09:43.897	55	31.4258	(1454, 653)	(145, 65)	49
18:09:43.959	52	31.8092	(1444, 654)	(144, 65)	49
18:09:44.015	54	32.3124	(1434, 654)	(143, 65)	49
18:09:44.078	53	33.2138	(1419, 654)	(142, 65)	49
18:09:44.140	53	33.3222	(1414, 654)	(141, 65)	49
18:09:44.196	54	33.8627	(1404, 654)	(140, 65)	49
18:09:44.260	57	34.3086	(1394, 654)	(139, 65)	49
18:09:44.322	61	34.8324	(1384, 654)	(138, 65)	49
18:09:44.392	61	35.2441	(1374, 654)	(137, 65)	49
18:09:44.462	65	36.3246	(1356, 653)	(136, 65)	49
18:09:44.538	57	36.5256	(1354, 653)	(135, 65)	49
18:09:44.599	52	37.201	(1344, 652)	(134, 65)	49
18:09:44.654	56	37.7406	(1334, 651)	(133, 65)	49
18:09:44.718	54	38.3684	(1323, 651)	(132, 65)	49
18:09:44.779	61	38.7736	(1314, 650)	(131, 65)	49
18:09:44.851	63	39.3753	(1303, 649)	(130, 65)	49
18:09:44.919	61	39.853	(1294, 648)	(129, 65)	49
18:09:44.989	65	40.432	(1284, 647)	(128, 65)	49
18:09:45.059	67	40.9759	(1274, 647)	(127, 65)	49
18:09:45.135	70	41.5187	(1264, 646)	(126, 65)	49
18:09:45.212	60	41.8879	(1256, 644)	(126, 64)	49
18:09:45.280	67	42.2576	(1254, 644)	(125, 64)	49
18:09:45.358	68	42.5458	(1244, 643)	(124, 64)	49
18:09:45.433	68	42.7276	(1234, 643)	(123, 64)	49
18:09:45.514	71	43.1289	(1224, 641)	(122, 64)	49
18:09:45.596	61	43.4999	(1214, 641)	(121, 64)	49
18:09:45.662	64	43.4207	(1204, 641)	(120, 64)	49
18:09:45.735	71	43.1772	(1194, 640)	(119, 64)	49
18:09:45.818	59	42.9319	(1184, 639)	(118, 64)	49
18:09:45.884	66	42.8237	(1174, 639)	(117, 64)	49
18:09:45.959	71	42.5641	(1164, 637)	(116, 64)	49
18:09:46.039	61	42.7412	(1154, 637)	(115, 64)	49
18:09:46.107	65	42.1384	(1144, 636)	(114, 64)	49
18:09:46.179	71	42.0464	(1134, 636)	(113, 64)	49
18:09:46.256	59	42.169	(1124, 635)	(112, 64)	49
18:09:46.322	66	42.2025	(1114, 635)	(111, 64)	49
18:09:46.394	71	42.2804	(1110, 634)	(111, 63)	49
18:09:46.471	60	42.061	(1104, 634)	(110, 63)	49
18:09:46.540	69	41.9409	(1093, 633)	(109, 63)	49
18:09:46.617	62	42.0393	(1084, 632)	(108, 63)	49
18:09:46.684	62	42.3724	(1074, 632)	(107, 63)	49
18:09:46.754	68	42.6308	(1064, 631)	(106, 63)	49
18:09:46.831	63	42.8556	(1051, 631)	(105, 63)	49
18:09:46.899	68	43.4304	(1032, 629)	(103, 63)	49
18:09:46.978	70	43.556	(1024, 629)	(102, 63)	49
18:09:47.055	68	44.0415	(1014, 629)	(101, 63)	49
18:09:47.130	69	44.2378	(1004, 628)	(100, 63)	49
18:09:47.207	70	44.3335	(994, 627)	(99, 63)	49
18:09:47.285	65	44.2123	(984, 627)	(98, 63)	49
18:09:47.360	72	44.255	(974, 627)	(97, 63)	49
18:09:47.440	72	44.1801	(964, 626)	(96, 63)	49
18:09:47.521	59	44.0828	(954, 626)	(95, 63)	49
18:09:47.588	64	43.9784	(944, 626)	(94, 63)	49
18:09:47.658	69	43.7434	(934, 625)	(93, 63)	49
18:09:47.734	59	43.6086	(927, 624)	(93, 62)	49
18:09:47.796	63	43.3942	(924, 624)	(92, 62)	49
18:09:47.867	67	43.681	(914, 623)	(91, 62)	49
18:09:47.944	63	43.2473	(904, 622)	(90, 62)	49
18:09:48.014	69	42.8148	(894, 621)	(89, 62)	49
18:09:48.090	68	42.2987	(884, 620)	(88, 62)	49
18:09:48.166	65	42.3887	(873, 619)	(87, 62)	49
18:09:48.236	68	41.944	(864, 619)	(86, 62)	49
18:09:48.312	70	41.4781	(854, 619)	(85, 62)	49
18:09:48.389	65	40.9329	(843, 618)	(84, 62)	49
18:09:48.459	68	40.4877	(834, 618)	(83, 62)	49
18:09:48.536	58	40.0493	(823, 617)	(82, 62)	49
18:09:48.603	60	39.3754	(814, 617)	(81, 62)	49
18:09:48.666	59	38.9021	(804, 617)	(80, 62)	49
18:09:48.728	58	38.3644	(794, 617)	(79, 62)	49
18:09:48.790	57	38.18	(784, 616)	(78, 62)	49
18:09:48.854	59	37.7756	(772, 616)	(77, 62)	49
18:09:48.924	66	37.3003	(764, 615)	(76, 62)	49
18:09:48.999	52	36.7385	(754, 615)	(75, 62)	49
18:09:49.068	54	36.4071	(744, 615)	(74, 62)	49
18:09:49.124	57	36.0455	(734, 615)	(73, 62)	49
18:09:49.188	57	35.7067	(724, 615)	(72, 62)	49
18:09:49.250	61	35.1902	(714, 615)	(71, 62)	49
18:09:49.320	63	34.5477	(704, 615)	(70, 62)	49
18:09:49.391	57	33.9108	(694, 615)	(69, 62)	49
18:09:49.452	52	33.5837	(684, 615)	(68, 62)	49
18:09:49.507	52	33.1021	(674, 615)	(67, 62)	49
18:09:49.562	51	31.6039	(664, 616)	(66, 62)	49
18:09:49.619	51	31.0969	(654, 617)	(65, 62)	49
18:09:49.675	54	30.0538	(644, 618)	(64, 62)	49
18:09:49.737	47	28.7748	(634, 618)	(63, 62)	49
18:09:49.792	42	27.8013	(624, 619)	(62, 62)	49
18:09:49.839	44	26.8465	(614, 619)	(61, 62)	49
18:09:49.889	51	26.3218	(604, 621)	(60, 62)	49
18:09:49.947	50	25.0628	(594, 621)	(59, 62)	49
18:09:50.002	45	24.1273	(584, 622)	(58, 62)	49
18:09:50.049	37	23.3003	(574, 624)	(57, 62)	49
18:09:50.090	37	22.6418	(566, 625)	(57, 63)	49
18:09:50.133	46	23.0191	(564, 625)	(56, 63)	49
18:09:50.190	50	21.708	(554, 625)	(55, 63)	49
18:09:50.246	40	20.976	(544, 626)	(54, 63)	49
18:09:50.292	44	20.22	(534, 628)	(53, 63)	49
18:09:50.343	46	19.4316	(524, 629)	(52, 63)	49
18:09:50.398	44	18.7539	(514, 631)	(51, 63)	49
18:09:50.446	35	18.0825	(504, 633)	(50, 63)	49
18:09:50.487	31	17.4991	(494, 634)	(49, 63)	49
18:09:50.522	32	17.4739	(493, 635)	(49, 64)	49
18:09:50.556	33	16.9604	(484, 637)	(48, 64)	49
18:09:50.598	37	16.0622	(467, 641)	(47, 64)	49
18:09:50.640	35	15.9095	(464, 642)	(46, 64)	49
18:09:50.681	32	15.6453	(458, 645)	(46, 65)	49
18:09:50.716	29	15.5175	(454, 646)	(45, 65)	49
18:09:50.750	29	14.9859	(444, 650)	(44, 65)	49
18:09:50.785	28	14.5305	(434, 654)	(43, 65)	49
18:09:50.820	29	14.3493	(432, 655)	(43, 66)	49
18:09:50.855	29	13.8281	(424, 658)	(42, 66)	49
18:09:50.890	29	13.0933	(414, 662)	(41, 66)	49
18:09:50.925	33	12.7154	(409, 665)	(41, 67)	49
18:09:50.960	32	12.4487	(404, 667)	(40, 67)	49
18:09:50.995	32	11.8464	(394, 671)	(39, 67)	49
18:09:51.037	31	11.5347	(387, 675)	(39, 68)	49
18:09:51.072	31	11.3905	(384, 676)	(38, 68)	49
18:09:51.106	31	10.9169	(374, 680)	(37, 68)	49
18:09:51.140	30	10.5676	(367, 685)	(37, 69)	49
18:09:51.176	28	10.4547	(364, 687)	(36, 69)	49
18:09:51.210	31	10.1403	(356, 695)	(36, 70)	49
18:09:51.246	28	10.2095	(354, 695)	(35, 70)	49
18:09:51.279	26	9.92548	(344, 704)	(34, 70)	49
18:09:51.307	24	9.88059	(344, 705)	(34, 71)	49
18:09:51.334	25	9.63511	(337, 715)	(34, 72)	49
18:09:51.364	24	9.47081	(335, 725)	(34, 73)	49
18:09:51.390	25	9.35644	(334, 727)	(33, 73)	49
18:09:51.418	25	9.2123	(331, 735)	(33, 74)	49
18:09:51.446	25	9.21674	(329, 746)	(33, 75)	49
18:09:51.474	25	9.144	(329, 755)	(33, 76)	49
18:09:51.502	25	9.04267	(329, 765)	(33, 77)	49
18:09:51.529	25	8.95185	(329, 775)	(33, 78)	49
18:09:51.557	25	8.89763	(329, 785)	(33, 79)	49
18:09:51.585	25	8.79007	(329, 795)	(33, 80)	49
18:09:51.613	23	8.79333	(329, 805)	(33, 81)	49
18:09:51.640	25	8.72341	(329, 833)	(33, 83)	49
18:09:51.668	25	8.62756	(329, 836)	(33, 84)	49
18:09:51.697	24	8.73585	(329, 845)	(33, 85)	49
18:09:51.724	24	8.47111	(329, 855)	(33, 86)	49
18:09:51.752	25	8.57689	(330, 865)	(33, 87)	49
18:09:51.780	23	8.4363	(332, 875)	(33, 88)	49
18:09:51.807	25	8.47407	(335, 883)	(34, 88)	49
18:09:51.835	24	8.42933	(335, 885)	(34, 89)	49
18:09:51.863	25	8.58889	(338, 895)	(34, 90)	49
18:09:51.891	23	8.45363	(341, 905)	(34, 91)	49
18:09:51.919	25	8.49896	(345, 914)	(35, 91)	49
18:09:51.947	24	8.45363	(346, 915)	(35, 92)	49
18:09:51.974	25	8.65511	(350, 925)	(35, 93)	49
18:09:52.003	24	8.78548	(355, 931)	(36, 93)	49
18:09:52.030	24	8.69037	(357, 935)	(36, 94)	49
18:09:52.057	25	8.58015	(364, 945)	(36, 95)	49
18:09:52.085	25	8.6037	(365, 945)	(37, 95)	49
18:09:52.113	23	8.69348	(373, 955)	(37, 96)	49
18:09:52.141	22	8.72726	(375, 956)	(38, 96)	49
18:09:52.169	26	8.76059	(384, 965)	(38, 97)	49
18:09:52.199	28	8.76296	(385, 966)	(39, 97)	49
18:09:52.232	28	8.85126	(395, 975)	(40, 98)	49
18:09:52.266	29	8.91452	(405, 982)	(41, 98)	49
18:09:52.302	29	8.86963	(411, 987)	(41, 99)	49
18:09:52.337	24	8.95318	(415, 989)	(42, 99)	49
18:09:52.364	23	8.97244	(423, 995)	(42, 100)	49
18:09:52.392	23	8.9883	(425, 996)	(43, 100)	49
18:09:52.419	25	9.05644	(435, 1001)	(44, 100)	49
18:09:52.448	28	9.08163	(441, 1005)	(44, 101)	49
18:09:52.482	28	9.11215	(446, 1007)	(45, 101)	49
18:09:52.517	28	9.18119	(455, 1012)	(46, 101)	49
18:09:52.552	29	9.20548	(461, 1015)	(46, 102)	49
18:09:52.587	29	9.24474	(465, 1017)	(47, 102)	49
18:09:52.622	27	9.308	(475, 1022)	(48, 102)	49
18:09:52.656	29	9.33274	(481, 1025)	(48, 103)	49
18:09:52.691	29	9.37526	(485, 1026)	(49, 103)	49
18:09:52.727	25	9.46963	(495, 1030)	(50, 103)	49
18:09:52.760	24	9.58741	(505, 1034)	(51, 103)	49
18:09:52.787	26	9.59333	(506, 1035)	(51, 104)	49
18:09:52.817	24	9.73482	(515, 1037)	(52, 104)	49
18:09:52.843	26	9.99067	(525, 1040)	(53, 104)	49
18:09:52.871	26	10.3693	(540, 1043)	(54, 104)	49
18:09:52.899	25	10.5052	(545, 1044)	(55, 104)	49
18:09:52.927	26	10.6597	(549, 1045)	(55, 105)	49
18:09:52.961	29	10.8539	(555, 1046)	(56, 105)	49
18:09:52.997	34	11.2234	(577, 1050)	(58, 105)	49
18:09:53.039	32	11.4499	(585, 1052)	(59, 105)	49
18:09:53.080	35	11.8553	(595, 1053)	(60, 105)	49
18:09:53.122	34	12.197	(605, 1054)	(61, 105)	49
18:09:53.164	33	12.0837	(608, 1055)	(61, 106)	49
18:09:53.205	34	12.2267	(615, 1056)	(62, 106)	49
18:09:53.248	33	12.4253	(625, 1057)	(63, 106)	49
18:09:53.289	34	12.5381	(635, 1058)	(64, 106)	49
18:09:53.331	34	12.7588	(645, 1059)	(65, 106)	49
18:09:53.373	33	12.8816	(655, 1060)	(66, 106)	49
18:09:53.414	34	13.0197	(665, 1061)	(67, 106)	49
18:09:53.456	34	13.265	(675, 1061)	(68, 106)	49
18:09:53.498	34	13.2184	(685, 1063)	(69, 106)	49
18:09:53.540	34	13.367	(695, 1063)	(70, 106)	49
18:09:53.581	36	13.5625	(705, 1064)	(71, 106)	49
18:09:53.622	27	13.6188	(715, 1064)	(72, 106)	49
18:09:53.656	33	13.6281	(719, 1065)	(72, 107)	49
18:09:53.692	35	13.6772	(725, 1065)	(73, 107)	49
18:09:53.734	35	13.8501	(735, 1066)	(74, 107)	49
18:09:53.776	31	14.1249	(745, 1066)	(75, 107)	49
18:09:53.810	28	14.1439	(755, 1066)	(76, 107)	49
18:09:53.844	28	14.315	(765, 1066)	(77, 107)	49
18:09:53.879	34	14.3994	(775, 1067)	(78, 107)	49
18:09:53.922	35	14.5	(785, 1067)	(79, 107)	49
18:09:53.963	38	14.4449	(795, 1068)	(80, 107)	49
18:09:54.005	29	14.5436	(805, 1069)	(81, 107)	49
18:09:54.040	30	14.6738	(815, 1070)	(82, 107)	49
18:09:54.074	31	14.6988	(825, 1071)	(83, 107)	49
18:09:54.109	30	14.8141	(835, 1072)	(84, 107)	49
18:09:54.144	31	14.9723	(845, 1073)	(85, 107)	49
18:09:54.180	31	15.1493	(856, 1074)	(86, 107)	49
18:09:54.220	31	15.259	(862, 1075)	(86, 108)	49
18:09:54.255	32	15.4132	(865, 1075)	(87, 108)	49
18:09:54.289	32	15.5584	(875, 1075)	(88, 108)	49
18:09:54.324	31	15.547	(885, 1076)	(89, 108)	49
18:09:54.359	32	15.6233	(895, 1077)	(90, 108)	49
18:09:54.395	31	15.6994	(905, 1078)	(91, 108)	49
18:09:54.429	32	15.8073	(915, 1078)	(92, 108)	49
18:09:54.464	31	15.8096	(925, 1079)	(93, 108)	49
18:09:54.498	32	15.9465	(935, 1080)	(94, 108)	49
18:09:54.533	32	16.0194	(945, 1081)	(95, 108)	49
18:09:54.567	32	16.0646	(955, 1082)	(96, 108)	49
18:09:54.602	33	16.2153	(965, 1082)	(97, 108)	49
18:09:54.637	32	16.1401	(975, 1083)	(98, 108)	49
18:09:54.672	41	16.1176	(986, 1083)	(99, 108)	49
18:09:54.722	42	15.9873	(995, 1084)	(100, 108)	49
18:09:54.772	43	15.9286	(1005, 1084)	(101, 108)	49
18:09:54.827	36	15.816	(1015, 1084)	(102, 108)	49
18:09:54.867	31	15.7124	(1017, 1085)	(102, 109)	49
18:09:54.901	29	15.6076	(1025, 1085)	(103, 109)	49
18:09:54.936	30	15.4193	(1040, 1085)	(104, 109)	49
18:09:54.971	35	15.3825	(1048, 1085)	(105, 109)	49
18:09:55.013	36	15.3599	(1055, 1086)	(106, 109)	49
18:09:55.057	33	15.3022	(1065, 1086)	(107, 109)	49
18:09:55.095	31	15.4233	(1075, 1086)	(108, 109)	49
18:09:55.130	34	15.5236	(1085, 1086)	(109, 109)	49
18:09:55.173	34	15.4905	(1096, 1086)	(110, 109)	49
18:09:55.214	49	15.5296	(1105, 1086)	(111, 109)	49
18:09:55.270	30	15.6154	(1115, 1086)	(112, 109)	49
18:09:55.304	31	15.732	(1126, 1086)	(113, 109)	49
18:09:55.339	33	15.8833	(1135, 1086)	(114, 109)	49
18:09:55.374	36	15.9216	(1146, 1086)	(115, 109)	49
18:09:55.416	36	15.9985	(1155, 1086)	(116, 109)	49
18:09:55.460	32	15.9852	(1166, 1086)	(117, 109)	49
18:09:55.499	31	16.1281	(1175, 1086)	(118, 109)	49
18:09:55.534	32	16.1676	(1185, 1085)	(119, 109)	49
18:09:55.570	39	16.224	(1188, 1084)	(119, 108)	49
18:09:55.619	40	16.5732	(1195, 1084)	(120, 108)	49
18:09:55.667	38	16.561	(1205, 1082)	(121, 108)	49
18:09:55.709	34	16.5791	(1215, 1081)	(122, 108)	49
18:09:55.750	35	16.9687	(1225, 1081)	(123, 108)	49
18:09:55.791	35	16.4541	(1235, 1081)	(124, 108)	49
18:09:55.833	36	16.5883	(1245, 1080)	(125, 108)	49
18:09:55.875	34	16.499	(1255, 1080)	(126, 108)	49
18:09:55.917	34	16.3092	(1265, 1079)	(127, 108)	49
18:09:55.958	39	16.4292	(1275, 1078)	(128, 108)	49
18:09:56.008	44	16.244	(1286, 1077)	(129, 108)	49
18:09:56.057	39	16.0941	(1295, 1077)	(130, 108)	49
18:09:56.104	37	15.8477	(1305, 1077)	(131, 108)	49
18:09:56.146	35	15.5633	(1315, 1077)	(132, 108)	49
18:09:56.188	36	15.4975	(1325, 1077)	(133, 108)	49
18:09:56.230	34	15.4658	(1335, 1077)	(134, 108)	49
18:09:56.273	36	15.4062	(1345, 1077)	(135, 108)	49
18:09:56.313	35	15.2796	(1355, 1077)	(136, 108)	49
18:09:56.354	40	15.0991	(1365, 1079)	(137, 108)	49
18:09:56.403	35	15.0182	(1375, 1080)	(138, 108)	49
18:09:56.446	34	14.8153	(1385, 1081)	(139, 108)	49
18:09:56.487	35	14.6287	(1395, 1081)	(140, 108)	49
18:09:56.529	34	14.5612	(1405, 1083)	(141, 108)	49
18:09:56.570	33	14.3292	(1416, 1084)	(142, 108)	49
18:09:56.612	34	14.3852	(1418, 1085)	(142, 109)	49
18:09:56.654	34	14.2062	(1425, 1085)	(143, 109)	49
18:09:56.695	35	14.1447	(1437, 1088)	(144, 109)	49
18:09:56.736	29	14.1751	(1445, 1088)	(145, 109)	49
18:09:56.771	28	14.1276	(1455, 1089)	(146, 109)	49
18:09:56.806	28	14.0713	(1465, 1090)	(147, 109)	49
18:09:56.840	28	13.9936	(1476, 1091)	(148, 109)	49
18:09:56.875	32	13.8898	(1485, 1092)	(149, 109)	49
18:09:56.911	32	13.8913	(1495, 1093)	(150, 109)	49
18:09:56.946	30	14.2939	(1505, 1093)	(151, 109)	49
18:09:56.979	30	13.8049	(1515, 1093)	(152, 109)	49
18:09:57.015	32	13.659	(1525, 1093)	(153, 109)	49
18:09:57.050	32	13.4976	(1535, 1094)	(154, 109)	49
18:09:57.085	31	13.4348	(1545, 1094)	(155, 109)	49
18:09:57.119	32	13.4686	(1555, 1094)	(156, 109)	49
18:09:57.154	32	13.5852	(1565, 1094)	(157, 109)	49
18:09:57.189	32	13.5347	(1566, 1095)	(157, 110)	49
18:09:57.223	32	13.5493	(1575, 1095)	(158, 110)	49
18:09:57.258	32	13.9178	(1585, 1095)	(159, 110)	49
18:09:57.292	33	13.6698	(1596, 1096)	(160, 110)	49
18:09:57.328	32	13.3692	(1605, 1096)	(161, 110)	49
18:09:57.362	32	13.2836	(1615, 1096)	(162, 110)	49
18:09:57.397	31	13.0246	(1625, 1097)	(163, 110)	49
18:09:57.431	31	12.8252	(1635, 1097)	(164, 110)	49
18:09:57.466	32	12.7062	(1645, 1097)	(165, 110)	49
18:09:57.502	30	12.4573	(1655, 1098)	(166, 110)	49
18:09:57.536	31	12.2526	(1665, 1098)	(167, 110)	49
18:09:57.571	31	12.1859	(1675, 1099)	(168, 110)	49
18:09:57.606	30	12.075	(1685, 1099)	(169, 110)	49
18:09:57.647	30	11.791	(1695, 1100)	(170, 110)	49
18:09:57.682	30	11.7121	(1705, 1100)	(171, 110)	49
18:09:57.717	30	11.3501	(1715, 1101)	(172, 110)	49
18:09:57.754	29	11.2655	(1725, 1101)	(173, 110)	49
18:09:57.787	29	11.1487	(1735, 1103)	(174, 110)	49
18:09:57.821	30	10.8379	(1748, 1104)	(175, 110)	49
18:09:57.856	30	10.8347	(1753, 1105)	(175, 111)	49
18:09:57.891	29	10.867	(1755, 1105)	(176, 111)	49
18:09:57.925	29	10.7914	(1765, 1106)	(177, 111)	49
18:09:57.961	28	10.5994	(1775, 1107)	(178, 111)	49
18:09:57.996	29	10.5281	(1785, 1108)	(179, 111)	49
18:09:58.030	29	10.3865	(1798, 1109)	(180, 111)	49
18:09:58.064	30	10.1926	(1806, 1111)	(181, 111)	49
18:09:58.100	28	10.4647	(1815, 1112)	(182, 111)	49
18:09:58.134	28	9.97689	(1825, 1112)	(183, 111)	49
18:09:58.169	29	9.8323	(1835, 1113)	(184, 111)	49
18:09:58.203	24	9.8363	(1850, 1114)	(185, 111)	49
18:09:58.231	23	9.69037	(1855, 1114)	(186, 111)	49
18:09:58.258	28	9.7123	(1858, 1115)	(186, 112)	49
18:09:58.294	28	9.56696	(1865, 1116)	(187, 112)	49
18:09:58.328	30	9.43304	(1877, 1117)	(188, 112)	49
18:09:58.364	26	9.3157	(1885, 1118)	(189, 112)	49
18:09:58.398	23	9.15822	(1895, 1120)	(190, 112)	49
18:09:58.426	23	9.08815	(1905, 1121)	(191, 112)	49
18:09:58.453	19	5.62756	(0, 0)	(0, 0)	49
EOM

