BOM
Frame extends: 2263, 1306
_ms_area: 10
measurements taken: 585
current rendering method: 0
is mouse replay: 1
Camera settings: Roation Quaternion: ( -0.280275, -0.385944, 0.821547, -0.312304), Translationsvektor: ( -0.0927972, -0.124043, 0.65).
System_Time	Elapsed_Time_PaintGL	Elapsed_Kernel_Time	Frame_Coordinates	Grid_Position	Manual_Measurement
18:04:24.420	163	155.92	(-1, -1)	(-1, -1)	49
18:04:24.592	168	155.857	(-1, -1)	(-1, -1)	49
18:04:24.765	170	155.851	(-1, -1)	(-1, -1)	49
18:04:24.945	169	155.923	(-1, -1)	(-1, -1)	49
18:04:25.120	167	155.881	(-1, -1)	(-1, -1)	49
18:04:25.293	166	155.807	(-1, -1)	(-1, -1)	49
18:04:25.466	165	155.892	(-1, -1)	(-1, -1)	49
18:04:25.641	169	155.876	(-1, -1)	(-1, -1)	49
18:04:25.816	168	155.92	(-1, -1)	(-1, -1)	49
18:04:25.990	167	155.845	(-1, -1)	(-1, -1)	49
18:04:26.160	165	155.878	(-1, -1)	(-1, -1)	49
18:04:26.334	165	155.945	(-1, -1)	(-1, -1)	49
18:04:26.510	168	155.862	(-1, -1)	(-1, -1)	49
18:04:26.683	170	155.905	(-1, -1)	(-1, -1)	49
18:04:26.856	166	155.897	(-1, -1)	(-1, -1)	49
18:04:27.031	169	155.808	(-1, -1)	(-1, -1)	49
18:04:27.205	168	155.948	(-1, -1)	(-1, -1)	49
18:04:27.378	163	156.341	(-1, -1)	(-1, -1)	49
18:04:27.544	164	155.971	(-1, -1)	(-1, -1)	49
18:04:27.719	170	155.902	(-1, -1)	(-1, -1)	49
18:04:27.897	167	155.873	(-1, -1)	(-1, -1)	49
18:04:28.074	168	155.908	(-1, -1)	(-1, -1)	49
18:04:28.247	164	155.919	(-1, -1)	(-1, -1)	49
18:04:28.413	165	156.35	(-1, -1)	(-1, -1)	49
18:04:28.591	168	155.838	(-1, -1)	(-1, -1)	49
18:04:28.769	168	155.905	(-1, -1)	(-1, -1)	49
18:04:28.943	167	155.891	(-1, -1)	(-1, -1)	49
18:04:29.117	167	155.943	(-1, -1)	(-1, -1)	49
18:04:29.289	162	155.941	(-1, -1)	(-1, -1)	49
18:04:29.456	165	155.888	(-1, -1)	(-1, -1)	49
18:04:29.631	168	155.923	(-1, -1)	(-1, -1)	49
18:04:29.804	168	155.766	(-1, -1)	(-1, -1)	49
18:04:29.978	168	155.889	(-1, -1)	(-1, -1)	49
18:04:30.153	167	155.858	(-1, -1)	(-1, -1)	49
18:04:30.325	162	155.896	(-1, -1)	(-1, -1)	49
18:04:30.491	165	155.953	(-1, -1)	(-1, -1)	49
18:04:30.667	169	155.902	(-1, -1)	(-1, -1)	49
18:04:30.841	163	155.814	(-1, -1)	(-1, -1)	49
18:04:31.015	168	155.9	(-1, -1)	(-1, -1)	49
18:04:31.187	165	155.911	(-1, -1)	(-1, -1)	49
18:04:31.361	165	155.866	(-1, -1)	(-1, -1)	49
18:04:31.535	165	155.932	(-1, -1)	(-1, -1)	49
18:04:31.713	167	155.973	(-1, -1)	(-1, -1)	49
18:04:31.890	167	155.866	(-1, -1)	(-1, -1)	49
18:04:32.062	164	155.907	(-1, -1)	(-1, -1)	49
18:04:32.232	167	155.918	(-1, -1)	(-1, -1)	49
18:04:32.404	165	155.86	(-1, -1)	(-1, -1)	49
18:04:32.579	168	155.937	(-1, -1)	(-1, -1)	49
18:04:32.753	167	155.96	(-1, -1)	(-1, -1)	49
18:04:32.926	167	155.829	(-1, -1)	(-1, -1)	49
18:04:33.099	165	155.881	(-1, -1)	(-1, -1)	49
18:04:33.266	164	156.369	(-1, -1)	(-1, -1)	49
18:04:33.442	167	155.861	(-1, -1)	(-1, -1)	49
18:04:33.613	167	155.905	(-1, -1)	(-1, -1)	49
18:04:33.789	168	155.916	(-1, -1)	(-1, -1)	49
18:04:33.969	167	155.898	(-1, -1)	(-1, -1)	49
18:04:34.141	169	155.955	(-1, -1)	(-1, -1)	49
18:04:34.318	166	155.949	(-1, -1)	(-1, -1)	49
18:04:34.491	168	155.886	(-1, -1)	(-1, -1)	49
18:04:34.664	169	155.917	(-1, -1)	(-1, -1)	49
18:04:34.838	168	155.897	(-1, -1)	(-1, -1)	49
18:04:35.010	165	155.857	(-1, -1)	(-1, -1)	49
18:04:35.176	164	155.979	(-1, -1)	(-1, -1)	49
18:04:35.346	167	155.886	(-1, -1)	(-1, -1)	49
18:04:35.520	167	155.922	(-1, -1)	(-1, -1)	49
18:04:35.693	167	155.889	(-1, -1)	(-1, -1)	49
18:04:35.867	169	155.886	(-1, -1)	(-1, -1)	49
18:04:36.040	164	155.915	(-1, -1)	(-1, -1)	49
18:04:36.207	164	155.862	(-1, -1)	(-1, -1)	49
18:04:36.381	167	155.863	(-1, -1)	(-1, -1)	49
18:04:36.557	167	155.927	(-1, -1)	(-1, -1)	49
18:04:36.727	161	155.916	(-1, -1)	(-1, -1)	49
18:04:36.894	164	155.927	(-1, -1)	(-1, -1)	49
18:04:37.062	164	155.845	(-1, -1)	(-1, -1)	49
18:04:37.235	166	155.834	(-1, -1)	(-1, -1)	49
18:04:37.411	169	155.947	(-1, -1)	(-1, -1)	49
18:04:37.584	167	155.89	(-1, -1)	(-1, -1)	49
18:04:37.757	163	155.943	(-1, -1)	(-1, -1)	49
18:04:37.923	168	155.929	(-1, -1)	(-1, -1)	49
18:04:38.099	168	155.888	(-1, -1)	(-1, -1)	49
18:04:38.271	166	155.923	(-1, -1)	(-1, -1)	49
18:04:38.446	166	155.848	(-1, -1)	(-1, -1)	49
18:04:38.618	165	156.393	(-1, -1)	(-1, -1)	49
18:04:38.793	166	155.874	(-1, -1)	(-1, -1)	49
18:04:38.967	167	155.957	(-1, -1)	(-1, -1)	49
18:04:39.142	167	155.896	(-1, -1)	(-1, -1)	49
18:04:39.313	165	155.857	(-1, -1)	(-1, -1)	49
18:04:39.489	167	155.849	(-1, -1)	(-1, -1)	49
18:04:39.661	161	155.918	(-1, -1)	(-1, -1)	49
18:04:39.828	165	155.909	(-1, -1)	(-1, -1)	49
18:04:40.003	168	155.933	(-1, -1)	(-1, -1)	49
18:04:40.177	168	155.888	(-1, -1)	(-1, -1)	49
18:04:40.351	165	155.944	(-1, -1)	(-1, -1)	49
18:04:40.525	166	155.932	(-1, -1)	(-1, -1)	49
18:04:40.696	165	155.834	(-1, -1)	(-1, -1)	49
18:04:40.864	166	155.853	(-1, -1)	(-1, -1)	49
18:04:41.039	168	155.88	(-1, -1)	(-1, -1)	49
18:04:41.212	167	155.874	(-1, -1)	(-1, -1)	49
18:04:41.384	163	155.95	(-1, -1)	(-1, -1)	49
18:04:41.552	164	155.91	(-1, -1)	(-1, -1)	49
18:04:41.720	168	155.866	(-1, -1)	(-1, -1)	49
18:04:41.896	169	155.847	(-1, -1)	(-1, -1)	49
18:04:42.075	169	155.908	(-1, -1)	(-1, -1)	49
18:04:42.249	166	155.933	(-1, -1)	(-1, -1)	49
18:04:42.420	167	155.956	(-1, -1)	(-1, -1)	49
18:04:42.594	166	155.839	(-1, -1)	(-1, -1)	49
18:04:42.769	165	155.886	(-1, -1)	(-1, -1)	49
18:04:42.944	170	155.927	(-1, -1)	(-1, -1)	49
18:04:43.125	168	155.846	(-1, -1)	(-1, -1)	49
18:04:43.298	167	155.913	(-1, -1)	(-1, -1)	49
18:04:43.471	169	155.969	(-1, -1)	(-1, -1)	49
18:04:43.644	167	155.904	(-1, -1)	(-1, -1)	49
18:04:43.820	168	155.882	(-1, -1)	(-1, -1)	49
18:04:43.993	169	155.916	(-1, -1)	(-1, -1)	49
18:04:44.168	167	155.882	(-1, -1)	(-1, -1)	49
18:04:44.341	169	155.823	(-1, -1)	(-1, -1)	49
18:04:44.513	162	155.895	(-1, -1)	(-1, -1)	49
18:04:44.682	163	155.957	(-1, -1)	(-1, -1)	49
18:04:44.854	165	155.844	(-1, -1)	(-1, -1)	49
18:04:45.029	169	155.885	(-1, -1)	(-1, -1)	49
18:04:45.203	168	155.869	(-1, -1)	(-1, -1)	49
18:04:45.377	167	155.927	(-1, -1)	(-1, -1)	49
18:04:45.549	164	155.866	(-1, -1)	(-1, -1)	49
18:04:45.723	166	155.88	(-1, -1)	(-1, -1)	49
18:04:45.900	168	155.919	(-1, -1)	(-1, -1)	49
18:04:46.072	166	155.841	(-1, -1)	(-1, -1)	49
18:04:46.243	163	155.915	(-1, -1)	(-1, -1)	49
18:04:46.411	165	155.867	(-1, -1)	(-1, -1)	49
18:04:46.586	165	155.917	(-1, -1)	(-1, -1)	49
18:04:46.760	168	155.885	(-1, -1)	(-1, -1)	49
18:04:46.934	169	155.86	(-1, -1)	(-1, -1)	49
18:04:47.108	168	155.855	(-1, -1)	(-1, -1)	49
18:04:47.280	169	155.896	(-1, -1)	(-1, -1)	49
18:04:47.455	165	155.842	(-1, -1)	(-1, -1)	49
18:04:47.627	162	155.939	(-1, -1)	(-1, -1)	49
18:04:47.796	168	155.888	(-1, -1)	(-1, -1)	49
18:04:47.970	168	155.856	(-1, -1)	(-1, -1)	49
18:04:48.143	166	155.855	(-1, -1)	(-1, -1)	49
18:04:48.316	165	155.887	(-1, -1)	(-1, -1)	49
18:04:48.490	164	155.819	(-1, -1)	(-1, -1)	49
18:04:48.664	165	155.928	(-1, -1)	(-1, -1)	49
18:04:48.839	166	155.939	(-1, -1)	(-1, -1)	49
18:04:49.012	166	155.886	(-1, -1)	(-1, -1)	49
18:04:49.184	162	155.875	(-1, -1)	(-1, -1)	49
18:04:49.351	163	155.97	(-1, -1)	(-1, -1)	49
18:04:49.520	168	155.89	(-1, -1)	(-1, -1)	49
18:04:49.693	169	155.876	(-1, -1)	(-1, -1)	49
18:04:49.868	167	155.901	(-1, -1)	(-1, -1)	49
18:04:50.040	166	155.921	(-1, -1)	(-1, -1)	49
18:04:50.213	166	155.88	(-1, -1)	(-1, -1)	49
18:04:50.388	165	155.906	(-1, -1)	(-1, -1)	49
18:04:50.562	169	155.921	(-1, -1)	(-1, -1)	49
18:04:50.735	164	155.929	(-1, -1)	(-1, -1)	49
18:04:50.902	161	155.97	(-1, -1)	(-1, -1)	49
18:04:51.068	164	155.938	(-1, -1)	(-1, -1)	49
18:04:51.240	165	155.852	(-1, -1)	(-1, -1)	49
18:04:51.411	168	155.879	(-1, -1)	(-1, -1)	49
18:04:51.587	167	155.898	(-1, -1)	(-1, -1)	49
18:04:51.765	169	155.869	(-1, -1)	(-1, -1)	49
18:04:51.939	168	155.897	(-1, -1)	(-1, -1)	49
18:04:52.112	166	155.847	(-1, -1)	(-1, -1)	49
18:04:52.288	166	155.868	(-1, -1)	(-1, -1)	49
18:04:52.460	169	155.862	(-1, -1)	(-1, -1)	49
18:04:52.634	169	155.89	(-1, -1)	(-1, -1)	49
18:04:52.807	163	155.93	(-1, -1)	(-1, -1)	49
18:04:52.974	166	155.938	(-1, -1)	(-1, -1)	49
18:04:53.150	168	155.878	(-1, -1)	(-1, -1)	49
18:04:53.331	175	155.915	(-1, -1)	(-1, -1)	49
18:04:53.510	168	155.863	(-1, -1)	(-1, -1)	49
18:04:53.684	168	155.909	(-1, -1)	(-1, -1)	49
18:04:53.857	165	155.943	(-1, -1)	(-1, -1)	49
18:04:54.031	162	155.92	(-1, -1)	(-1, -1)	49
18:04:54.197	165	155.907	(-1, -1)	(-1, -1)	49
18:04:54.373	167	155.882	(-1, -1)	(-1, -1)	49
18:04:54.546	167	155.946	(-1, -1)	(-1, -1)	49
18:04:54.720	168	155.949	(-1, -1)	(-1, -1)	49
18:04:54.892	164	155.995	(-1, -1)	(-1, -1)	49
18:04:55.068	168	155.861	(-1, -1)	(-1, -1)	49
18:04:55.243	169	155.883	(-1, -1)	(-1, -1)	49
18:04:55.422	165	155.964	(-1, -1)	(-1, -1)	49
18:04:55.594	163	155.986	(-1, -1)	(-1, -1)	49
18:04:55.762	169	155.885	(-1, -1)	(-1, -1)	49
18:04:55.936	168	155.917	(-1, -1)	(-1, -1)	49
18:04:56.109	166	155.901	(-1, -1)	(-1, -1)	49
18:04:56.283	165	155.897	(-1, -1)	(-1, -1)	49
18:04:56.461	166	155.92	(-1, -1)	(-1, -1)	49
18:04:56.639	168	155.878	(-1, -1)	(-1, -1)	49
18:04:56.812	169	155.854	(-1, -1)	(-1, -1)	49
18:04:56.987	166	155.869	(-1, -1)	(-1, -1)	49
18:04:57.158	163	155.952	(-1, -1)	(-1, -1)	49
18:04:57.328	166	155.818	(-1, -1)	(-1, -1)	49
18:04:57.501	168	155.906	(-1, -1)	(-1, -1)	49
18:04:57.675	168	155.884	(-1, -1)	(-1, -1)	49
18:04:57.847	165	155.834	(-1, -1)	(-1, -1)	49
18:04:58.014	166	155.948	(-1, -1)	(-1, -1)	49
18:04:58.189	168	155.873	(-1, -1)	(-1, -1)	49
18:04:58.363	167	155.805	(-1, -1)	(-1, -1)	49
18:04:58.536	167	155.906	(-1, -1)	(-1, -1)	49
18:04:58.708	164	155.818	(-1, -1)	(-1, -1)	49
18:04:58.875	161	155.893	(-1, -1)	(-1, -1)	49
18:04:59.042	164	155.951	(-1, -1)	(-1, -1)	49
18:04:59.218	170	155.817	(-1, -1)	(-1, -1)	49
18:04:59.399	169	155.957	(-1, -1)	(-1, -1)	49
18:04:59.573	167	155.899	(-1, -1)	(-1, -1)	49
18:04:59.746	168	155.888	(-1, -1)	(-1, -1)	49
18:04:59.920	166	155.922	(-1, -1)	(-1, -1)	49
18:05:00.093	170	155.914	(-1, -1)	(-1, -1)	49
18:05:00.267	167	155.864	(-1, -1)	(-1, -1)	49
18:05:00.442	169	155.876	(-1, -1)	(-1, -1)	49
18:05:00.621	169	155.916	(-1, -1)	(-1, -1)	49
18:05:00.795	169	155.912	(-1, -1)	(-1, -1)	49
18:05:00.969	168	155.876	(-1, -1)	(-1, -1)	49
18:05:01.142	164	155.888	(-1, -1)	(-1, -1)	49
18:05:01.317	168	155.864	(-1, -1)	(-1, -1)	49
18:05:01.491	169	155.939	(-1, -1)	(-1, -1)	49
18:05:01.665	167	155.921	(-1, -1)	(-1, -1)	49
18:05:01.836	163	155.885	(-1, -1)	(-1, -1)	49
18:05:02.004	165	155.926	(-1, -1)	(-1, -1)	49
18:05:02.178	166	155.956	(-1, -1)	(-1, -1)	49
18:05:02.356	168	155.904	(-1, -1)	(-1, -1)	49
18:05:02.535	169	155.898	(-1, -1)	(-1, -1)	49
18:05:02.715	167	155.925	(-1, -1)	(-1, -1)	49
18:05:02.888	168	155.886	(-1, -1)	(-1, -1)	49
18:05:03.061	169	155.9	(-1, -1)	(-1, -1)	49
18:05:03.234	165	155.831	(-1, -1)	(-1, -1)	49
18:05:03.412	168	155.86	(-1, -1)	(-1, -1)	49
18:05:03.591	168	155.97	(-1, -1)	(-1, -1)	49
18:05:03.764	168	155.863	(-1, -1)	(-1, -1)	49
18:05:03.937	168	155.836	(-1, -1)	(-1, -1)	49
18:05:04.110	168	155.898	(-1, -1)	(-1, -1)	49
18:05:04.287	166	155.892	(-1, -1)	(-1, -1)	49
18:05:04.466	167	155.855	(-1, -1)	(-1, -1)	49
18:05:04.640	168	155.842	(-1, -1)	(-1, -1)	49
18:05:04.813	169	155.913	(-1, -1)	(-1, -1)	49
18:05:04.986	163	155.973	(-1, -1)	(-1, -1)	49
18:05:05.155	165	155.95	(-1, -1)	(-1, -1)	49
18:05:05.335	165	155.861	(-1, -1)	(-1, -1)	49
18:05:05.531	165	155.843	(-1, -1)	(-1, -1)	49
18:05:05.709	166	155.896	(-1, -1)	(-1, -1)	49
18:05:05.884	164	155.932	(-1, -1)	(-1, -1)	49
18:05:06.058	167	155.873	(-1, -1)	(-1, -1)	49
18:05:06.230	163	155.917	(-1, -1)	(-1, -1)	49
18:05:06.398	166	155.862	(-1, -1)	(-1, -1)	49
18:05:06.577	168	155.916	(-1, -1)	(-1, -1)	49
18:05:06.753	169	155.932	(-1, -1)	(-1, -1)	49
18:05:06.928	168	155.893	(-1, -1)	(-1, -1)	49
18:05:07.108	169	155.853	(-1, -1)	(-1, -1)	49
18:05:07.281	163	155.92	(-1, -1)	(-1, -1)	49
18:05:07.456	165	155.884	(-1, -1)	(-1, -1)	49
18:05:07.629	167	155.851	(-1, -1)	(-1, -1)	49
18:05:07.803	169	155.898	(-1, -1)	(-1, -1)	49
18:05:07.977	167	155.866	(-1, -1)	(-1, -1)	49
18:05:08.151	167	155.857	(-1, -1)	(-1, -1)	49
18:05:08.323	163	155.981	(-1, -1)	(-1, -1)	49
18:05:08.491	165	155.862	(-1, -1)	(-1, -1)	49
18:05:08.665	169	155.838	(-1, -1)	(-1, -1)	49
18:05:08.839	168	155.948	(-1, -1)	(-1, -1)	49
18:05:09.012	169	155.947	(-1, -1)	(-1, -1)	49
18:05:09.185	165	155.842	(-1, -1)	(-1, -1)	49
18:05:09.359	164	156.305	(-1, -1)	(-1, -1)	49
18:05:09.534	169	155.89	(-1, -1)	(-1, -1)	49
18:05:09.709	168	155.95	(-1, -1)	(-1, -1)	49
18:05:09.881	168	155.909	(-1, -1)	(-1, -1)	49
18:05:10.054	162	155.91	(-1, -1)	(-1, -1)	49
18:05:10.221	165	155.901	(-1, -1)	(-1, -1)	49
18:05:10.398	168	155.92	(-1, -1)	(-1, -1)	49
18:05:10.570	168	155.836	(-1, -1)	(-1, -1)	49
18:05:10.742	166	155.93	(-1, -1)	(-1, -1)	49
18:05:10.918	167	155.859	(-1, -1)	(-1, -1)	49
18:05:11.091	167	155.843	(-1, -1)	(-1, -1)	49
18:05:11.264	168	155.945	(-1, -1)	(-1, -1)	49
18:05:11.438	166	155.927	(-1, -1)	(-1, -1)	49
18:05:11.613	168	155.916	(-1, -1)	(-1, -1)	49
18:05:11.787	167	155.869	(-1, -1)	(-1, -1)	49
18:05:11.960	167	155.856	(-1, -1)	(-1, -1)	49
18:05:12.133	163	156.352	(-1, -1)	(-1, -1)	49
18:05:12.299	163	155.883	(-1, -1)	(-1, -1)	49
18:05:12.466	165	155.851	(-1, -1)	(-1, -1)	49
18:05:12.641	169	155.919	(-1, -1)	(-1, -1)	49
18:05:12.818	168	155.843	(-1, -1)	(-1, -1)	49
18:05:12.995	166	155.861	(-1, -1)	(-1, -1)	49
18:05:13.168	164	155.934	(-1, -1)	(-1, -1)	49
18:05:13.339	167	155.901	(-1, -1)	(-1, -1)	49
18:05:13.509	163	155.931	(-1, -1)	(-1, -1)	49
18:05:13.677	168	155.906	(-1, -1)	(-1, -1)	49
18:05:13.851	166	155.877	(-1, -1)	(-1, -1)	49
18:05:14.024	166	155.901	(-1, -1)	(-1, -1)	49
18:05:14.198	169	155.92	(-1, -1)	(-1, -1)	49
18:05:14.373	168	155.946	(-1, -1)	(-1, -1)	49
18:05:14.547	165	155.881	(-1, -1)	(-1, -1)	49
18:05:14.720	166	155.851	(-1, -1)	(-1, -1)	49
18:05:14.892	163	155.935	(-1, -1)	(-1, -1)	49
18:05:15.061	166	155.913	(-1, -1)	(-1, -1)	49
18:05:15.235	169	155.895	(-1, -1)	(-1, -1)	49
18:05:15.409	167	155.859	(-1, -1)	(-1, -1)	49
18:05:15.581	163	155.965	(-1, -1)	(-1, -1)	49
18:05:15.749	166	155.949	(-1, -1)	(-1, -1)	49
18:05:15.921	165	155.916	(-1, -1)	(-1, -1)	49
18:05:16.097	169	155.889	(-1, -1)	(-1, -1)	49
18:05:16.271	167	155.863	(-1, -1)	(-1, -1)	49
18:05:16.444	167	155.889	(-1, -1)	(-1, -1)	49
18:05:16.616	163	155.909	(-1, -1)	(-1, -1)	49
18:05:16.782	164	155.904	(-1, -1)	(-1, -1)	49
18:05:16.951	165	155.904	(-1, -1)	(-1, -1)	49
18:05:17.128	168	155.847	(-1, -1)	(-1, -1)	49
18:05:17.306	169	155.914	(-1, -1)	(-1, -1)	49
18:05:17.480	169	155.912	(-1, -1)	(-1, -1)	49
18:05:17.653	168	155.905	(-1, -1)	(-1, -1)	49
18:05:17.826	165	155.965	(-1, -1)	(-1, -1)	49
18:05:18.001	166	155.864	(-1, -1)	(-1, -1)	49
18:05:18.175	168	155.935	(-1, -1)	(-1, -1)	49
18:05:18.348	169	155.954	(-1, -1)	(-1, -1)	49
18:05:18.521	165	155.942	(-1, -1)	(-1, -1)	49
18:05:18.688	163	155.966	(-1, -1)	(-1, -1)	49
18:05:18.856	165	155.912	(-1, -1)	(-1, -1)	49
18:05:19.030	169	155.942	(-1, -1)	(-1, -1)	49
18:05:19.204	168	155.846	(-1, -1)	(-1, -1)	49
18:05:19.378	168	155.888	(-1, -1)	(-1, -1)	49
18:05:19.551	163	156.263	(-1, -1)	(-1, -1)	49
18:05:19.717	162	155.935	(-1, -1)	(-1, -1)	49
18:05:19.885	168	155.884	(-1, -1)	(-1, -1)	49
18:05:20.059	169	155.912	(-1, -1)	(-1, -1)	49
18:05:20.233	168	155.9	(-1, -1)	(-1, -1)	49
18:05:20.407	166	155.898	(-1, -1)	(-1, -1)	49
18:05:20.579	165	155.868	(-1, -1)	(-1, -1)	49
18:05:20.747	164	155.892	(-1, -1)	(-1, -1)	49
18:05:20.921	168	155.925	(-1, -1)	(-1, -1)	49
18:05:21.095	167	155.885	(-1, -1)	(-1, -1)	49
18:05:21.266	164	155.875	(-1, -1)	(-1, -1)	49
18:05:21.434	163	155.997	(-1, -1)	(-1, -1)	49
18:05:21.602	165	155.975	(-1, -1)	(-1, -1)	49
18:05:21.775	166	155.87	(-1, -1)	(-1, -1)	49
18:05:21.950	168	155.886	(-1, -1)	(-1, -1)	49
18:05:22.124	168	155.948	(-1, -1)	(-1, -1)	49
18:05:22.297	167	155.911	(-1, -1)	(-1, -1)	49
18:05:22.469	166	155.878	(-1, -1)	(-1, -1)	49
18:05:22.646	167	155.937	(-1, -1)	(-1, -1)	49
18:05:22.817	165	155.881	(-1, -1)	(-1, -1)	49
18:05:22.993	169	155.942	(-1, -1)	(-1, -1)	49
18:05:23.167	166	155.9	(-1, -1)	(-1, -1)	49
18:05:23.339	166	155.924	(-1, -1)	(-1, -1)	49
18:05:23.513	164	156.005	(-1, -1)	(-1, -1)	49
18:05:23.689	168	155.882	(-1, -1)	(-1, -1)	49
18:05:23.860	164	155.923	(-1, -1)	(-1, -1)	49
18:05:24.028	169	155.896	(-1, -1)	(-1, -1)	49
18:05:24.202	165	155.934	(-1, -1)	(-1, -1)	49
18:05:24.374	162	155.957	(-1, -1)	(-1, -1)	49
18:05:24.541	167	155.883	(-1, -1)	(-1, -1)	49
18:05:24.717	166	155.906	(-1, -1)	(-1, -1)	49
18:05:24.889	164	155.955	(-1, -1)	(-1, -1)	49
18:05:25.064	170	155.857	(-1, -1)	(-1, -1)	49
18:05:25.238	168	155.922	(-1, -1)	(-1, -1)	49
18:05:25.410	167	155.931	(-1, -1)	(-1, -1)	49
18:05:25.586	167	155.879	(-1, -1)	(-1, -1)	49
18:05:25.759	168	155.816	(-1, -1)	(-1, -1)	49
18:05:25.931	164	155.89	(-1, -1)	(-1, -1)	49
18:05:26.102	165	155.883	(-1, -1)	(-1, -1)	49
18:05:26.273	165	155.801	(-1, -1)	(-1, -1)	49
18:05:26.449	168	155.903	(-1, -1)	(-1, -1)	49
18:05:26.631	169	155.847	(-1, -1)	(-1, -1)	49
18:05:26.810	167	155.865	(-1, -1)	(-1, -1)	49
18:05:26.982	169	155.918	(-1, -1)	(-1, -1)	49
18:05:27.157	167	155.919	(-1, -1)	(-1, -1)	49
18:05:27.329	165	155.881	(-1, -1)	(-1, -1)	49
18:05:27.504	167	155.877	(-1, -1)	(-1, -1)	49
18:05:27.678	169	155.9	(-1, -1)	(-1, -1)	49
18:05:27.852	169	155.877	(-1, -1)	(-1, -1)	49
18:05:28.026	166	155.896	(-1, -1)	(-1, -1)	49
18:05:28.198	167	155.975	(-1, -1)	(-1, -1)	49
18:05:28.373	164	155.846	(-1, -1)	(-1, -1)	49
18:05:28.547	168	155.895	(-1, -1)	(-1, -1)	49
18:05:28.720	169	155.891	(-1, -1)	(-1, -1)	49
18:05:28.894	169	155.918	(-1, -1)	(-1, -1)	49
18:05:29.067	161	155.934	(-1, -1)	(-1, -1)	49
18:05:29.233	164	155.883	(-1, -1)	(-1, -1)	49
18:05:29.403	168	155.837	(-1, -1)	(-1, -1)	49
18:05:29.575	169	155.876	(-1, -1)	(-1, -1)	49
18:05:29.750	168	155.889	(-1, -1)	(-1, -1)	49
18:05:29.924	167	155.887	(-1, -1)	(-1, -1)	49
18:05:30.097	169	155.876	(-1, -1)	(-1, -1)	49
18:05:30.270	164	155.869	(-1, -1)	(-1, -1)	49
18:05:30.438	168	155.899	(-1, -1)	(-1, -1)	49
18:05:30.612	165	155.945	(-1, -1)	(-1, -1)	49
18:05:30.784	163	156.001	(-1, -1)	(-1, -1)	49
18:05:30.959	167	155.914	(-1, -1)	(-1, -1)	49
18:05:31.131	165	155.864	(-1, -1)	(-1, -1)	49
18:05:31.307	168	155.945	(-1, -1)	(-1, -1)	49
18:05:31.481	167	155.875	(-1, -1)	(-1, -1)	49
18:05:31.655	168	155.857	(-1, -1)	(-1, -1)	49
18:05:31.828	168	155.881	(-1, -1)	(-1, -1)	49
18:05:32.002	168	155.932	(-1, -1)	(-1, -1)	49
18:05:32.174	163	155.943	(-1, -1)	(-1, -1)	49
18:05:32.341	165	155.855	(-1, -1)	(-1, -1)	49
18:05:32.517	169	155.904	(-1, -1)	(-1, -1)	49
18:05:32.697	168	155.881	(-1, -1)	(-1, -1)	49
18:05:32.870	168	155.924	(-1, -1)	(-1, -1)	49
18:05:33.045	169	155.915	(-1, -1)	(-1, -1)	49
18:05:33.218	168	155.923	(-1, -1)	(-1, -1)	49
18:05:33.392	169	155.883	(-1, -1)	(-1, -1)	49
18:05:33.567	168	155.854	(-1, -1)	(-1, -1)	49
18:05:33.740	168	155.911	(-1, -1)	(-1, -1)	49
18:05:33.912	162	155.896	(-1, -1)	(-1, -1)	49
18:05:34.079	164	155.899	(-1, -1)	(-1, -1)	49
18:05:34.246	166	155.902	(-1, -1)	(-1, -1)	49
18:05:34.422	168	155.911	(-1, -1)	(-1, -1)	49
18:05:34.595	168	155.961	(-1, -1)	(-1, -1)	49
18:05:34.768	167	155.923	(-1, -1)	(-1, -1)	49
18:05:34.943	170	155.927	(-1, -1)	(-1, -1)	49
18:05:35.124	165	155.896	(-1, -1)	(-1, -1)	49
18:05:35.295	166	155.897	(-1, -1)	(-1, -1)	49
18:05:35.471	167	155.879	(-1, -1)	(-1, -1)	49
18:05:35.645	168	155.926	(-1, -1)	(-1, -1)	49
18:05:35.825	169	155.869	(-1, -1)	(-1, -1)	49
18:05:35.999	169	155.905	(-1, -1)	(-1, -1)	49
18:05:36.172	164	155.859	(-1, -1)	(-1, -1)	49
18:05:36.339	164	155.899	(-1, -1)	(-1, -1)	49
18:05:36.514	169	155.935	(-1, -1)	(-1, -1)	49
18:05:36.695	167	155.836	(-1, -1)	(-1, -1)	49
18:05:36.866	164	155.941	(-1, -1)	(-1, -1)	49
18:05:37.035	169	155.847	(-1, -1)	(-1, -1)	49
18:05:37.209	164	155.84	(-1, -1)	(-1, -1)	49
18:05:37.384	168	155.93	(-1, -1)	(-1, -1)	49
18:05:37.555	163	155.983	(-1, -1)	(-1, -1)	49
18:05:37.724	167	155.902	(-1, -1)	(-1, -1)	49
18:05:37.899	169	155.884	(-1, -1)	(-1, -1)	49
18:05:38.077	165	155.893	(-1, -1)	(-1, -1)	49
18:05:38.252	165	155.921	(-1, -1)	(-1, -1)	49
18:05:38.425	169	155.903	(-1, -1)	(-1, -1)	49
18:05:38.599	169	155.897	(-1, -1)	(-1, -1)	49
18:05:38.780	167	155.857	(-1, -1)	(-1, -1)	49
18:05:38.952	166	155.835	(-1, -1)	(-1, -1)	49
18:05:39.126	166	155.902	(-1, -1)	(-1, -1)	49
18:05:39.302	168	155.898	(-1, -1)	(-1, -1)	49
18:05:39.475	169	155.902	(-1, -1)	(-1, -1)	49
18:05:39.649	167	155.837	(-1, -1)	(-1, -1)	49
18:05:39.821	161	155.933	(-1, -1)	(-1, -1)	49
18:05:39.988	163	155.91	(-1, -1)	(-1, -1)	49
18:05:40.157	167	155.944	(-1, -1)	(-1, -1)	49
18:05:40.331	168	155.827	(-1, -1)	(-1, -1)	49
18:05:40.505	167	155.878	(-1, -1)	(-1, -1)	49
18:05:40.678	167	155.868	(-1, -1)	(-1, -1)	49
18:05:40.850	164	155.874	(-1, -1)	(-1, -1)	49
18:05:41.023	166	155.923	(-1, -1)	(-1, -1)	49
18:05:41.200	168	155.919	(-1, -1)	(-1, -1)	49
18:05:41.374	167	155.847	(-1, -1)	(-1, -1)	49
18:05:41.547	169	155.859	(-1, -1)	(-1, -1)	49
18:05:41.720	168	155.873	(-1, -1)	(-1, -1)	49
18:05:41.893	166	155.93	(-1, -1)	(-1, -1)	49
18:05:42.067	164	155.918	(-1, -1)	(-1, -1)	49
18:05:42.242	177	155.848	(-1, -1)	(-1, -1)	49
18:05:42.430	169	155.874	(-1, -1)	(-1, -1)	49
18:05:42.604	166	155.776	(-1, -1)	(-1, -1)	49
18:05:42.775	163	155.919	(-1, -1)	(-1, -1)	49
18:05:42.943	163	155.915	(-1, -1)	(-1, -1)	49
18:05:43.111	165	155.93	(-1, -1)	(-1, -1)	49
18:05:43.287	168	155.911	(-1, -1)	(-1, -1)	49
18:05:43.466	168	155.925	(-1, -1)	(-1, -1)	49
18:05:43.640	168	155.835	(-1, -1)	(-1, -1)	49
18:05:43.813	168	155.835	(-1, -1)	(-1, -1)	49
18:05:43.986	165	155.965	(-1, -1)	(-1, -1)	49
18:05:44.161	166	155.821	(-1, -1)	(-1, -1)	49
18:05:44.336	167	155.877	(-1, -1)	(-1, -1)	49
18:05:44.509	167	155.878	(-1, -1)	(-1, -1)	49
18:05:44.682	168	155.888	(-1, -1)	(-1, -1)	49
18:05:44.855	165	155.819	(-1, -1)	(-1, -1)	49
18:05:45.029	165	155.847	(-1, -1)	(-1, -1)	49
18:05:45.204	168	155.833	(-1, -1)	(-1, -1)	49
18:05:45.377	169	155.873	(-1, -1)	(-1, -1)	49
18:05:45.551	167	155.941	(-1, -1)	(-1, -1)	49
18:05:45.723	162	155.936	(-1, -1)	(-1, -1)	49
18:05:45.890	164	155.942	(-1, -1)	(-1, -1)	49
18:05:46.058	169	155.879	(-1, -1)	(-1, -1)	49
18:05:46.232	169	155.891	(-1, -1)	(-1, -1)	49
18:05:46.406	168	155.844	(-1, -1)	(-1, -1)	49
18:05:46.580	169	155.939	(-1, -1)	(-1, -1)	49
18:05:46.754	167	155.857	(-1, -1)	(-1, -1)	49
18:05:46.926	166	155.931	(-1, -1)	(-1, -1)	49
18:05:47.105	166	155.915	(-1, -1)	(-1, -1)	49
18:05:47.282	168	155.885	(-1, -1)	(-1, -1)	49
18:05:47.458	168	155.871	(-1, -1)	(-1, -1)	49
18:05:47.637	172	155.904	(-1, -1)	(-1, -1)	49
18:05:47.817	167	155.861	(-1, -1)	(-1, -1)	49
18:05:47.989	165	156.32	(-1, -1)	(-1, -1)	49
18:05:48.165	169	155.903	(-1, -1)	(-1, -1)	49
18:05:48.345	169	155.888	(-1, -1)	(-1, -1)	49
18:05:48.520	167	155.896	(-1, -1)	(-1, -1)	49
18:05:48.693	168	155.886	(-1, -1)	(-1, -1)	49
18:05:48.865	162	155.965	(-1, -1)	(-1, -1)	49
18:05:49.032	163	155.902	(-1, -1)	(-1, -1)	49
18:05:49.200	169	155.844	(-1, -1)	(-1, -1)	49
18:05:49.374	169	155.953	(-1, -1)	(-1, -1)	49
18:05:49.548	168	155.84	(-1, -1)	(-1, -1)	49
18:05:49.723	169	155.834	(-1, -1)	(-1, -1)	49
18:05:49.902	168	155.945	(-1, -1)	(-1, -1)	49
18:05:50.077	169	155.892	(-1, -1)	(-1, -1)	49
18:05:50.251	167	155.871	(-1, -1)	(-1, -1)	49
18:05:50.424	169	155.883	(-1, -1)	(-1, -1)	49
18:05:50.600	168	155.888	(-1, -1)	(-1, -1)	49
18:05:50.779	167	155.918	(-1, -1)	(-1, -1)	49
18:05:50.952	166	155.902	(-1, -1)	(-1, -1)	49
18:05:51.125	165	155.851	(-1, -1)	(-1, -1)	49
18:05:51.300	169	155.817	(-1, -1)	(-1, -1)	49
18:05:51.474	167	155.882	(-1, -1)	(-1, -1)	49
18:05:51.647	168	155.942	(-1, -1)	(-1, -1)	49
18:05:51.819	163	155.946	(-1, -1)	(-1, -1)	49
18:05:51.987	164	155.917	(-1, -1)	(-1, -1)	49
18:05:52.167	167	155.868	(-1, -1)	(-1, -1)	49
18:05:52.343	168	155.951	(-1, -1)	(-1, -1)	49
18:05:52.517	168	155.918	(-1, -1)	(-1, -1)	49
18:05:52.690	168	155.873	(-1, -1)	(-1, -1)	49
18:05:52.863	163	155.917	(-1, -1)	(-1, -1)	49
18:05:53.030	166	155.851	(-1, -1)	(-1, -1)	49
18:05:53.206	168	155.903	(-1, -1)	(-1, -1)	49
18:05:53.378	169	155.916	(-1, -1)	(-1, -1)	49
18:05:53.551	168	155.842	(-1, -1)	(-1, -1)	49
18:05:53.726	169	155.893	(-1, -1)	(-1, -1)	49
18:05:53.899	165	155.943	(-1, -1)	(-1, -1)	49
18:05:54.074	174	155.9	(-1, -1)	(-1, -1)	49
18:05:54.256	168	155.879	(-1, -1)	(-1, -1)	49
18:05:54.429	168	155.927	(-1, -1)	(-1, -1)	49
18:05:54.603	168	155.879	(-1, -1)	(-1, -1)	49
18:05:54.774	164	156.293	(-1, -1)	(-1, -1)	49
18:05:54.942	166	155.888	(-1, -1)	(-1, -1)	49
18:05:55.115	165	155.883	(-1, -1)	(-1, -1)	49
18:05:55.290	170	155.851	(-1, -1)	(-1, -1)	49
18:05:55.464	169	155.889	(-1, -1)	(-1, -1)	49
18:05:55.638	167	155.872	(-1, -1)	(-1, -1)	49
18:05:55.810	163	155.917	(-1, -1)	(-1, -1)	49
18:05:55.977	164	155.9	(-1, -1)	(-1, -1)	49
18:05:56.146	168	155.86	(-1, -1)	(-1, -1)	49
18:05:56.320	167	155.887	(-1, -1)	(-1, -1)	49
18:05:56.492	164	155.863	(-1, -1)	(-1, -1)	49
18:05:56.659	164	155.95	(-1, -1)	(-1, -1)	49
18:05:56.834	168	155.891	(-1, -1)	(-1, -1)	49
18:05:57.006	165	155.872	(-1, -1)	(-1, -1)	49
18:05:57.181	168	155.903	(-1, -1)	(-1, -1)	49
18:05:57.355	168	155.833	(-1, -1)	(-1, -1)	49
18:05:57.528	166	155.879	(-1, -1)	(-1, -1)	49
18:05:57.702	164	155.889	(-1, -1)	(-1, -1)	49
18:05:57.875	163	155.955	(-1, -1)	(-1, -1)	49
18:05:58.042	164	155.864	(-1, -1)	(-1, -1)	49
18:05:58.225	170	155.879	(-1, -1)	(-1, -1)	49
18:05:58.405	170	155.944	(-1, -1)	(-1, -1)	49
18:05:58.629	164	155.919	(-1, -1)	(-1, -1)	49
18:05:58.803	169	155.892	(-1, -1)	(-1, -1)	49
18:05:58.981	168	155.88	(-1, -1)	(-1, -1)	49
18:05:59.157	167	155.92	(-1, -1)	(-1, -1)	49
18:05:59.328	162	156.062	(-1, -1)	(-1, -1)	49
18:05:59.495	163	155.898	(-1, -1)	(-1, -1)	49
18:05:59.664	168	155.872	(-1, -1)	(-1, -1)	49
18:05:59.836	166	155.877	(-1, -1)	(-1, -1)	49
18:06:00.010	164	155.863	(-1, -1)	(-1, -1)	49
18:06:00.178	163	155.922	(-1, -1)	(-1, -1)	49
18:06:00.352	169	155.951	(-1, -1)	(-1, -1)	49
18:06:00.535	167	155.867	(-1, -1)	(-1, -1)	49
18:06:00.711	164	155.899	(-1, -1)	(-1, -1)	49
18:06:00.879	162	155.943	(-1, -1)	(-1, -1)	49
18:06:01.046	164	155.93	(-1, -1)	(-1, -1)	49
18:06:01.235	164	155.937	(-1, -1)	(-1, -1)	49
18:06:01.450	164	155.884	(-1, -1)	(-1, -1)	49
18:06:01.627	164	155.887	(-1, -1)	(-1, -1)	49
18:06:01.806	169	155.861	(-1, -1)	(-1, -1)	49
18:06:01.991	167	155.897	(-1, -1)	(-1, -1)	49
18:06:02.173	167	155.93	(-1, -1)	(-1, -1)	49
18:06:02.346	172	155.948	(-1, -1)	(-1, -1)	49
18:06:02.526	162	155.857	(-1, -1)	(-1, -1)	49
18:06:02.694	166	155.888	(-1, -1)	(-1, -1)	49
18:06:02.867	166	155.831	(-1, -1)	(-1, -1)	49
18:06:03.042	168	155.843	(-1, -1)	(-1, -1)	49
18:06:03.216	166	155.905	(-1, -1)	(-1, -1)	49
18:06:03.387	167	155.94	(-1, -1)	(-1, -1)	49
18:06:03.563	169	155.859	(-1, -1)	(-1, -1)	49
18:06:03.737	171	155.867	(-1, -1)	(-1, -1)	49
18:06:03.918	167	155.839	(-1, -1)	(-1, -1)	49
18:06:04.090	164	155.866	(-1, -1)	(-1, -1)	49
18:06:04.256	163	156.02	(-1, -1)	(-1, -1)	49
18:06:04.428	168	155.88	(-1, -1)	(-1, -1)	49
18:06:04.607	167	155.933	(-1, -1)	(-1, -1)	49
18:06:04.779	168	155.88	(-1, -1)	(-1, -1)	49
18:06:04.953	168	155.902	(-1, -1)	(-1, -1)	49
18:06:05.127	168	155.848	(-1, -1)	(-1, -1)	49
18:06:05.299	165	155.902	(-1, -1)	(-1, -1)	49
18:06:05.466	166	155.886	(-1, -1)	(-1, -1)	49
18:06:05.641	168	155.85	(-1, -1)	(-1, -1)	49
18:06:05.817	169	155.855	(-1, -1)	(-1, -1)	49
EOM

