BOM
Frame extends: 2263, 1306
_ms_area: 10
measurements taken: 585
current rendering method: 1
is mouse replay: 1
Camera settings: Roation Quaternion: ( -0.280275, -0.385944, 0.821547, -0.312304), Translationsvektor: ( -0.0927972, -0.124043, 0.65).
System_Time	Elapsed_Time_PaintGL	Elapsed_Kernel_Time	Frame_Coordinates	Grid_Position	Manual_Measurement
18:06:10.070	46	29.5901	(318, 226)	(32, 23)	49
18:06:10.123	46	29.717	(325, 225)	(33, 23)	49
18:06:10.173	53	29.8456	(335, 225)	(34, 23)	49
18:06:10.236	57	29.9342	(345, 225)	(35, 23)	49
18:06:10.299	47	30.1185	(357, 225)	(36, 23)	49
18:06:10.353	43	30.4099	(372, 225)	(37, 23)	49
18:06:10.401	48	30.4659	(375, 225)	(38, 23)	49
18:06:10.460	53	30.5453	(385, 225)	(39, 23)	49
18:06:10.520	52	30.7373	(395, 225)	(40, 23)	49
18:06:10.577	57	30.8599	(405, 225)	(41, 23)	49
18:06:10.639	57	30.879	(415, 225)	(42, 23)	49
18:06:10.702	53	31.0544	(425, 225)	(43, 23)	49
18:06:10.763	55	31.2	(435, 226)	(44, 23)	49
18:06:10.828	52	31.3658	(445, 226)	(45, 23)	49
18:06:10.882	51	31.5036	(455, 226)	(46, 23)	49
18:06:10.938	49	31.5493	(465, 227)	(47, 23)	49
18:06:10.992	51	31.632	(475, 227)	(48, 23)	49
18:06:11.049	53	31.6794	(485, 228)	(49, 23)	49
18:06:11.112	56	31.8397	(495, 228)	(50, 23)	49
18:06:11.174	49	32.041	(505, 229)	(51, 23)	49
18:06:11.229	57	32.2575	(515, 229)	(52, 23)	49
18:06:11.293	58	32.4554	(525, 229)	(53, 23)	49
18:06:11.355	48	32.5222	(535, 229)	(54, 23)	49
18:06:11.410	52	32.6396	(545, 229)	(55, 23)	49
18:06:11.466	54	32.7173	(555, 229)	(56, 23)	49
18:06:11.530	53	32.7081	(565, 229)	(57, 23)	49
18:06:11.590	48	32.8033	(575, 229)	(58, 23)	49
18:06:11.646	56	32.8071	(585, 229)	(59, 23)	49
18:06:11.713	57	32.9415	(596, 229)	(60, 23)	49
18:06:11.785	48	33.1036	(605, 230)	(61, 23)	49
18:06:11.840	54	33.2612	(615, 230)	(62, 23)	49
18:06:11.905	53	33.3876	(626, 230)	(63, 23)	49
18:06:11.966	48	33.363	(635, 230)	(64, 23)	49
18:06:12.021	56	33.4631	(645, 230)	(65, 23)	49
18:06:12.085	59	33.4801	(655, 230)	(66, 23)	49
18:06:12.156	55	33.5932	(665, 230)	(67, 23)	49
18:06:12.216	53	33.7305	(680, 230)	(68, 23)	49
18:06:12.274	60	33.7413	(685, 230)	(69, 23)	49
18:06:12.344	54	33.7	(695, 230)	(70, 23)	49
18:06:12.404	48	33.8634	(705, 230)	(71, 23)	49
18:06:12.460	57	33.9868	(715, 230)	(72, 23)	49
18:06:12.524	61	34.171	(725, 230)	(73, 23)	49
18:06:12.594	53	34.1415	(735, 230)	(74, 23)	49
18:06:12.654	58	34.347	(749, 230)	(75, 23)	49
18:06:12.718	61	34.4236	(756, 230)	(76, 23)	49
18:06:12.788	55	34.7428	(766, 230)	(77, 23)	49
18:06:12.848	59	34.5804	(775, 230)	(78, 23)	49
18:06:12.913	63	34.6889	(785, 230)	(79, 23)	49
18:06:12.982	56	34.775	(796, 229)	(80, 23)	49
18:06:13.044	50	34.7729	(805, 229)	(81, 23)	49
18:06:13.099	56	34.8006	(815, 229)	(82, 23)	49
18:06:13.164	60	34.8431	(825, 228)	(83, 23)	49
18:06:13.232	51	34.8363	(835, 228)	(84, 23)	49
18:06:13.286	56	34.9076	(845, 228)	(85, 23)	49
18:06:13.350	62	34.9302	(855, 228)	(86, 23)	49
18:06:13.421	55	35.0413	(865, 228)	(87, 23)	49
18:06:13.481	59	35.0788	(875, 228)	(88, 23)	49
18:06:13.545	62	35.211	(885, 228)	(89, 23)	49
18:06:13.614	58	35.1419	(895, 228)	(90, 23)	49
18:06:13.676	60	35.2212	(905, 228)	(91, 23)	49
18:06:13.747	63	35.2373	(915, 228)	(92, 23)	49
18:06:13.821	56	35.2548	(925, 228)	(93, 23)	49
18:06:13.885	60	35.2484	(935, 228)	(94, 23)	49
18:06:13.956	61	35.2299	(945, 227)	(95, 23)	49
18:06:14.025	62	35.3671	(957, 227)	(96, 23)	49
18:06:14.095	55	35.404	(966, 227)	(97, 23)	49
18:06:14.156	60	35.4033	(975, 227)	(98, 23)	49
18:06:14.226	61	35.4354	(985, 227)	(99, 23)	49
18:06:14.296	58	35.3179	(995, 227)	(100, 23)	49
18:06:14.358	59	35.357	(1005, 227)	(101, 23)	49
18:06:14.428	63	35.2573	(1015, 226)	(102, 23)	49
18:06:14.496	51	35.2241	(1025, 226)	(103, 23)	49
18:06:14.551	60	35.1391	(1035, 226)	(104, 23)	49
18:06:14.616	62	35.1705	(1045, 225)	(105, 23)	49
18:06:14.685	57	35.1329	(1055, 225)	(106, 23)	49
18:06:14.746	50	35.052	(1065, 225)	(107, 23)	49
18:06:14.802	48	35.0061	(1071, 224)	(107, 22)	49
18:06:14.859	54	34.9867	(1075, 224)	(108, 22)	49
18:06:14.920	54	34.9218	(1085, 224)	(109, 22)	49
18:06:14.982	52	35.0127	(1095, 224)	(110, 22)	49
18:06:15.040	64	34.8489	(1105, 224)	(111, 22)	49
18:06:15.110	57	34.7966	(1115, 224)	(112, 22)	49
18:06:15.171	60	34.8016	(1125, 224)	(113, 22)	49
18:06:15.242	62	34.7444	(1135, 224)	(114, 22)	49
18:06:15.311	56	34.6781	(1146, 223)	(115, 22)	49
18:06:15.373	54	34.6978	(1155, 223)	(116, 22)	49
18:06:15.437	62	34.7327	(1165, 223)	(117, 22)	49
18:06:15.506	53	34.6227	(1175, 223)	(118, 22)	49
18:06:15.567	57	34.6086	(1185, 223)	(119, 22)	49
18:06:15.631	61	34.3816	(1195, 223)	(120, 22)	49
18:06:15.701	65	34.3246	(1205, 223)	(121, 22)	49
18:06:15.772	53	34.2634	(1215, 223)	(122, 22)	49
18:06:15.831	58	34.1899	(1225, 223)	(123, 22)	49
18:06:15.895	61	34.0991	(1235, 223)	(124, 22)	49
18:06:15.964	50	33.9639	(1245, 223)	(125, 22)	49
18:06:16.018	59	33.861	(1255, 223)	(126, 22)	49
18:06:16.085	62	33.8406	(1265, 224)	(127, 22)	49
18:06:16.153	56	33.6582	(1275, 224)	(128, 22)	49
18:06:16.214	50	33.5726	(1282, 225)	(128, 23)	49
18:06:16.269	55	33.4926	(1285, 225)	(129, 23)	49
18:06:16.333	62	33.276	(1295, 226)	(130, 23)	49
18:06:16.403	51	33.172	(1305, 226)	(131, 23)	49
18:06:16.456	49	33.1258	(1316, 228)	(132, 23)	49
18:06:16.514	56	32.8647	(1326, 228)	(133, 23)	49
18:06:16.575	48	32.8416	(1335, 228)	(134, 23)	49
18:06:16.630	57	32.6301	(1345, 229)	(135, 23)	49
18:06:16.694	57	32.4047	(1355, 230)	(136, 23)	49
18:06:16.757	62	32.2679	(1366, 230)	(137, 23)	49
18:06:16.827	51	32.2135	(1375, 230)	(138, 23)	49
18:06:16.881	52	32.1379	(1386, 231)	(139, 23)	49
18:06:16.938	59	31.9025	(1395, 231)	(140, 23)	49
18:06:17.008	48	31.8092	(1405, 232)	(141, 23)	49
18:06:17.061	55	31.7	(1415, 232)	(142, 23)	49
18:06:17.126	58	31.5169	(1425, 232)	(143, 23)	49
18:06:17.196	57	31.2799	(1435, 233)	(144, 23)	49
18:06:17.256	50	31.2833	(1445, 234)	(145, 23)	49
18:06:17.312	55	31.1064	(1455, 234)	(146, 23)	49
18:06:17.376	60	30.9062	(1465, 234)	(147, 23)	49
18:06:17.445	52	30.811	(1478, 234)	(148, 23)	49
18:06:17.501	57	30.7113	(1485, 234)	(149, 23)	49
18:06:17.564	52	30.6513	(1488, 235)	(149, 24)	49
18:06:17.618	46	30.6468	(1495, 235)	(150, 24)	49
18:06:17.667	54	30.6698	(1506, 235)	(151, 24)	49
18:06:17.731	57	30.5747	(1516, 235)	(152, 24)	49
18:06:17.793	58	30.4818	(1526, 236)	(153, 24)	49
18:06:17.855	46	30.3436	(1535, 236)	(154, 24)	49
18:06:17.903	49	30.3089	(1546, 236)	(155, 24)	49
18:06:17.960	57	30.1332	(1556, 237)	(156, 24)	49
18:06:18.023	52	30.003	(1565, 237)	(157, 24)	49
18:06:18.084	46	30.145	(1575, 238)	(158, 24)	49
18:06:18.132	48	30.0206	(1585, 238)	(159, 24)	49
18:06:18.188	54	29.9277	(1595, 239)	(160, 24)	49
18:06:18.252	55	29.8536	(1605, 239)	(161, 24)	49
18:06:18.313	49	29.8806	(1615, 240)	(162, 24)	49
18:06:18.369	50	29.7927	(1625, 240)	(163, 24)	49
18:06:18.425	54	29.6399	(1636, 241)	(164, 24)	49
18:06:18.489	62	29.5314	(1645, 242)	(165, 24)	49
18:06:18.557	48	29.4581	(1655, 242)	(166, 24)	49
18:06:18.613	48	29.3729	(1666, 243)	(167, 24)	49
18:06:18.668	50	29.3163	(1676, 244)	(168, 24)	49
18:06:18.724	49	30.2705	(1677, 245)	(168, 25)	49
18:06:18.779	53	29.2646	(1686, 245)	(169, 25)	49
18:06:18.841	55	29.2151	(1696, 246)	(170, 25)	49
18:06:18.908	50	29.0969	(1705, 246)	(171, 25)	49
18:06:18.966	53	29.0726	(1715, 248)	(172, 25)	49
18:06:19.023	55	28.9723	(1726, 249)	(173, 25)	49
18:06:19.087	58	28.9689	(1735, 250)	(174, 25)	49
18:06:19.157	53	28.821	(1745, 251)	(175, 25)	49
18:06:19.217	48	28.7016	(1755, 253)	(176, 25)	49
18:06:19.274	55	28.5234	(1765, 254)	(177, 25)	49
18:06:19.336	48	28.4975	(1768, 255)	(177, 26)	49
18:06:19.390	42	28.457	(1775, 256)	(178, 26)	49
18:06:19.439	51	28.4359	(1785, 258)	(179, 26)	49
18:06:19.496	49	28.2856	(1795, 260)	(180, 26)	49
18:06:19.551	44	28.2141	(1805, 262)	(181, 26)	49
18:06:19.598	45	28.1956	(1815, 264)	(182, 26)	49
18:06:19.647	52	28.1003	(1817, 265)	(182, 27)	49
18:06:19.705	55	27.9476	(1825, 267)	(183, 27)	49
18:06:19.768	45	27.7708	(1838, 271)	(184, 27)	49
18:06:19.815	42	27.676	(1845, 273)	(185, 27)	49
18:06:19.864	53	27.5547	(1849, 275)	(185, 28)	49
18:06:19.928	53	27.4319	(1858, 278)	(186, 28)	49
18:06:19.989	46	28.2641	(1865, 280)	(187, 28)	49
18:06:20.044	47	27.2353	(1874, 285)	(187, 29)	49
18:06:20.100	48	27.1947	(1875, 285)	(188, 29)	49
18:06:20.156	47	27.0671	(1885, 289)	(189, 29)	49
18:06:20.211	50	26.9161	(1895, 294)	(190, 29)	49
18:06:20.270	55	26.9329	(1895, 295)	(190, 30)	49
18:06:20.330	56	26.7569	(1905, 299)	(191, 30)	49
18:06:20.393	49	26.6696	(1912, 305)	(191, 31)	49
18:06:20.448	47	27.6055	(1915, 307)	(192, 31)	49
18:06:20.505	54	26.5116	(1925, 314)	(193, 31)	49
18:06:20.567	51	26.5056	(1926, 315)	(193, 32)	49
18:06:20.621	48	26.3276	(1935, 322)	(194, 32)	49
18:06:20.676	49	26.2844	(1937, 325)	(194, 33)	49
18:06:20.734	53	26.04	(1945, 333)	(195, 33)	49
18:06:20.796	50	25.9884	(1947, 335)	(195, 34)	49
18:06:20.851	51	25.8796	(1955, 344)	(196, 34)	49
18:06:20.907	53	25.8396	(1955, 345)	(196, 35)	49
18:06:20.969	57	25.8298	(1963, 355)	(196, 36)	49
18:06:21.032	41	25.7329	(1965, 358)	(197, 36)	49
18:06:21.079	39	25.7572	(1968, 365)	(197, 37)	49
18:06:21.122	51	25.5859	(1973, 375)	(197, 38)	49
18:06:21.179	53	25.5247	(1975, 379)	(198, 38)	49
18:06:21.241	42	25.5273	(1976, 385)	(198, 39)	49
18:06:21.288	40	25.535	(1980, 395)	(198, 40)	49
18:06:21.330	49	25.5332	(1982, 405)	(198, 41)	49
18:06:21.387	48	25.4573	(1984, 415)	(198, 42)	49
18:06:21.442	43	25.4335	(1985, 417)	(199, 42)	49
18:06:21.490	47	25.4367	(1985, 425)	(199, 43)	49
18:06:21.547	50	25.4101	(1987, 435)	(199, 44)	49
18:06:21.602	51	25.3379	(1988, 445)	(199, 45)	49
18:06:21.659	41	25.3351	(1989, 455)	(199, 46)	49
18:06:21.705	45	25.375	(1989, 465)	(199, 47)	49
18:06:21.755	46	25.32	(1989, 475)	(199, 48)	49
18:06:21.810	43	25.3296	(1988, 485)	(199, 49)	49
18:06:21.858	41	25.4345	(1985, 495)	(199, 50)	49
18:06:21.907	60	25.3404	(1984, 495)	(198, 50)	49
18:06:21.971	47	25.4016	(1980, 505)	(198, 51)	49
18:06:22.025	46	25.4969	(1972, 516)	(197, 52)	49
18:06:22.074	47	25.5803	(1965, 525)	(197, 53)	49
18:06:22.131	53	25.6667	(1964, 526)	(196, 53)	49
18:06:22.194	53	25.864	(1954, 534)	(195, 53)	49
18:06:22.258	44	25.8173	(1953, 535)	(195, 54)	49
18:06:22.310	44	26.119	(1944, 539)	(194, 54)	49
18:06:22.360	54	26.1098	(1937, 545)	(194, 55)	49
18:06:22.423	55	26.1751	(1934, 547)	(193, 55)	49
18:06:22.485	49	26.2834	(1924, 555)	(192, 56)	49
18:06:22.540	49	26.4481	(1914, 561)	(191, 56)	49
18:06:22.595	52	26.6049	(1907, 565)	(191, 57)	49
18:06:22.652	54	26.6133	(1904, 567)	(190, 57)	49
18:06:22.713	42	26.724	(1894, 572)	(189, 57)	49
18:06:22.761	43	26.8483	(1890, 575)	(189, 58)	49
18:06:22.811	48	26.8778	(1884, 577)	(188, 58)	49
18:06:22.866	51	27.0969	(1874, 581)	(187, 58)	49
18:06:22.922	43	27.1351	(1866, 585)	(187, 59)	49
18:06:22.970	43	27.2413	(1864, 585)	(186, 59)	49
18:06:23.021	54	27.3486	(1854, 590)	(185, 59)	49
18:06:23.084	54	27.4511	(1844, 594)	(184, 59)	49
18:06:23.145	45	28.4105	(1843, 595)	(184, 60)	49
18:06:23.194	47	27.5578	(1834, 597)	(183, 60)	49
18:06:23.249	48	27.527	(1823, 601)	(182, 60)	49
18:06:23.305	45	27.713	(1810, 606)	(181, 61)	49
18:06:23.352	47	27.829	(1804, 609)	(180, 61)	49
18:06:23.402	48	27.9807	(1794, 612)	(179, 61)	49
18:06:23.457	54	28.033	(1787, 615)	(179, 62)	49
18:06:23.522	56	28.0788	(1784, 616)	(178, 62)	49
18:06:23.584	47	28.2404	(1774, 619)	(177, 62)	49
18:06:23.638	53	28.3853	(1764, 622)	(176, 62)	49
18:06:23.695	53	28.441	(1758, 625)	(176, 63)	49
18:06:23.758	45	28.4687	(1754, 626)	(175, 63)	49
18:06:23.811	45	28.6095	(1744, 628)	(174, 63)	49
18:06:23.860	51	28.7313	(1734, 631)	(173, 63)	49
18:06:23.918	52	28.8076	(1724, 633)	(172, 63)	49
18:06:23.973	48	28.8584	(1715, 635)	(172, 64)	49
18:06:24.027	52	28.928	(1714, 635)	(171, 64)	49
18:06:24.092	56	29.0308	(1704, 637)	(170, 64)	49
18:06:24.154	57	29.1218	(1694, 638)	(169, 64)	49
18:06:24.214	43	29.2776	(1684, 640)	(168, 64)	49
18:06:24.263	50	29.3539	(1674, 641)	(167, 64)	49
18:06:24.321	55	29.4991	(1664, 642)	(166, 64)	49
18:06:24.383	48	29.6039	(1654, 643)	(165, 64)	49
18:06:24.437	46	29.7215	(1644, 644)	(164, 64)	49
18:06:24.488	54	29.8668	(1633, 644)	(163, 64)	49
18:06:24.550	54	30.0293	(1624, 644)	(162, 64)	49
18:06:24.612	47	30.2039	(1614, 644)	(161, 64)	49
18:06:24.667	48	30.3862	(1604, 644)	(160, 64)	49
18:06:24.723	54	30.5056	(1594, 644)	(159, 64)	49
18:06:24.787	53	30.7428	(1584, 644)	(158, 64)	49
18:06:24.847	49	30.9801	(1574, 644)	(157, 64)	49
18:06:24.904	51	31.1353	(1564, 644)	(156, 64)	49
18:06:24.959	56	31.2161	(1554, 644)	(155, 64)	49
18:06:25.028	52	31.1957	(1548, 645)	(155, 65)	49
18:06:25.085	50	32.2554	(1544, 645)	(154, 65)	49
18:06:25.139	57	31.4019	(1534, 645)	(153, 65)	49
18:06:25.204	54	31.5788	(1524, 646)	(152, 65)	49
18:06:25.265	51	31.7514	(1514, 647)	(151, 65)	49
18:06:25.321	58	31.8175	(1504, 648)	(150, 65)	49
18:06:25.384	63	31.9093	(1494, 649)	(149, 65)	49
18:06:25.455	54	32.0104	(1484, 651)	(148, 65)	49
18:06:25.516	51	32.2607	(1474, 652)	(147, 65)	49
18:06:25.571	52	32.3561	(1464, 652)	(146, 65)	49
18:06:25.627	52	32.4059	(1454, 653)	(145, 65)	49
18:06:25.682	53	32.5074	(1444, 654)	(144, 65)	49
18:06:25.738	57	32.704	(1434, 654)	(143, 65)	49
18:06:25.801	55	32.9027	(1419, 654)	(142, 65)	49
18:06:25.862	48	32.9936	(1414, 654)	(141, 65)	49
18:06:25.917	62	33.0766	(1404, 654)	(140, 65)	49
18:06:25.988	54	33.1733	(1394, 654)	(139, 65)	49
18:06:26.051	52	33.221	(1384, 654)	(138, 65)	49
18:06:26.106	47	33.3519	(1374, 654)	(137, 65)	49
18:06:26.154	57	33.5047	(1356, 653)	(136, 65)	49
18:06:26.219	59	33.4729	(1354, 653)	(135, 65)	49
18:06:26.288	54	33.6316	(1344, 652)	(134, 65)	49
18:06:26.349	57	33.7927	(1334, 651)	(133, 65)	49
18:06:26.413	60	33.6741	(1323, 651)	(132, 65)	49
18:06:26.483	57	33.8074	(1314, 650)	(131, 65)	49
18:06:26.544	58	33.9246	(1303, 649)	(130, 65)	49
18:06:26.608	62	33.957	(1294, 648)	(129, 65)	49
18:06:26.677	59	33.9861	(1284, 647)	(128, 65)	49
18:06:26.739	54	34.0929	(1274, 647)	(127, 65)	49
18:06:26.801	53	34.2852	(1264, 646)	(126, 65)	49
18:06:26.857	55	34.2622	(1256, 644)	(126, 64)	49
18:06:26.921	53	34.2277	(1254, 644)	(125, 64)	49
18:06:26.983	58	34.3695	(1244, 643)	(124, 64)	49
18:06:27.046	60	34.5116	(1234, 643)	(123, 64)	49
18:06:27.116	57	34.5486	(1224, 641)	(122, 64)	49
18:06:27.177	51	34.5474	(1214, 641)	(121, 64)	49
18:06:27.232	58	34.7926	(1204, 641)	(120, 64)	49
18:06:27.296	65	34.7988	(1194, 640)	(119, 64)	49
18:06:27.364	50	34.8036	(1184, 639)	(118, 64)	49
18:06:27.419	56	34.8618	(1174, 639)	(117, 64)	49
18:06:27.484	62	34.876	(1164, 637)	(116, 64)	49
18:06:27.553	55	34.9336	(1154, 637)	(115, 64)	49
18:06:27.614	51	35.1197	(1144, 636)	(114, 64)	49
18:06:27.671	62	35.1474	(1134, 636)	(113, 64)	49
18:06:27.741	58	35.1307	(1124, 635)	(112, 64)	49
18:06:27.802	60	35.1824	(1114, 635)	(111, 64)	49
18:06:27.874	56	35.3148	(1110, 634)	(111, 63)	49
18:06:27.934	56	35.3433	(1104, 634)	(110, 63)	49
18:06:27.997	54	35.3902	(1093, 633)	(109, 63)	49
18:06:28.060	67	35.5701	(1084, 632)	(108, 63)	49
18:06:28.137	64	35.6889	(1074, 632)	(107, 63)	49
18:06:28.205	55	35.6812	(1064, 631)	(106, 63)	49
18:06:28.269	54	35.6953	(1051, 631)	(105, 63)	49
18:06:28.331	55	35.7359	(1032, 629)	(103, 63)	49
18:06:28.394	54	35.7911	(1024, 629)	(102, 63)	49
18:06:28.456	61	35.7458	(1014, 629)	(101, 63)	49
18:06:28.526	64	35.7102	(1004, 628)	(100, 63)	49
18:06:28.596	58	35.7237	(994, 627)	(99, 63)	49
18:06:28.658	56	36.6859	(984, 627)	(98, 63)	49
18:06:28.721	63	35.8182	(974, 627)	(97, 63)	49
18:06:28.791	57	35.7764	(964, 626)	(96, 63)	49
18:06:28.852	59	35.799	(954, 626)	(95, 63)	49
18:06:28.916	54	35.6779	(944, 626)	(94, 63)	49
18:06:28.976	60	35.7274	(934, 625)	(93, 63)	49
18:06:29.040	51	35.6566	(927, 624)	(93, 62)	49
18:06:29.094	51	35.7898	(924, 624)	(92, 62)	49
18:06:29.150	58	35.7243	(914, 623)	(91, 62)	49
18:06:29.215	56	35.581	(904, 622)	(90, 62)	49
18:06:29.276	51	35.3268	(894, 621)	(89, 62)	49
18:06:29.331	57	35.2615	(884, 620)	(88, 62)	49
18:06:29.398	62	35.3296	(873, 619)	(87, 62)	49
18:06:29.466	56	35.2899	(864, 619)	(86, 62)	49
18:06:29.526	58	35.2372	(854, 619)	(85, 62)	49
18:06:29.590	59	35.204	(843, 618)	(84, 62)	49
18:06:29.660	64	35.167	(834, 618)	(83, 62)	49
18:06:29.730	59	35.1679	(823, 617)	(82, 62)	49
18:06:29.799	60	35.1196	(814, 617)	(81, 62)	49
18:06:29.867	55	34.9361	(804, 617)	(80, 62)	49
18:06:29.930	55	34.9196	(794, 617)	(79, 62)	49
18:06:29.992	59	34.9981	(784, 616)	(78, 62)	49
18:06:30.056	65	34.9938	(772, 616)	(77, 62)	49
18:06:30.125	52	34.8585	(764, 615)	(76, 62)	49
18:06:30.180	60	34.8281	(754, 615)	(75, 62)	49
18:06:30.251	61	34.6044	(744, 615)	(74, 62)	49
18:06:30.321	56	34.5794	(734, 615)	(73, 62)	49
18:06:30.381	67	34.4788	(724, 615)	(72, 62)	49
18:06:30.452	59	34.4151	(714, 615)	(71, 62)	49
18:06:30.522	55	34.2341	(704, 615)	(70, 62)	49
18:06:30.582	48	34.2551	(694, 615)	(69, 62)	49
18:06:30.632	57	35.1145	(684, 615)	(68, 62)	49
18:06:30.695	65	33.9446	(674, 615)	(67, 62)	49
18:06:30.764	48	33.9107	(664, 616)	(66, 62)	49
18:06:30.819	47	33.6458	(654, 617)	(65, 62)	49
18:06:30.867	56	33.6233	(644, 618)	(64, 62)	49
18:06:30.932	53	33.4569	(634, 618)	(63, 62)	49
18:06:30.992	49	33.4535	(624, 619)	(62, 62)	49
18:06:31.048	56	33.4086	(614, 619)	(61, 62)	49
18:06:31.114	58	33.3007	(604, 621)	(60, 62)	49
18:06:31.181	53	33.1384	(594, 621)	(59, 62)	49
18:06:31.236	53	33.0791	(584, 622)	(58, 62)	49
18:06:31.292	57	32.9407	(574, 624)	(57, 62)	49
18:06:31.356	58	32.8236	(566, 625)	(57, 63)	49
18:06:31.417	49	32.8705	(564, 625)	(56, 63)	49
18:06:31.473	53	32.7041	(554, 625)	(55, 63)	49
18:06:31.529	57	32.663	(544, 626)	(54, 63)	49
18:06:31.592	52	32.5874	(534, 628)	(53, 63)	49
18:06:31.647	57	32.5073	(524, 629)	(52, 63)	49
18:06:31.711	59	32.4369	(514, 631)	(51, 63)	49
18:06:31.781	54	32.3701	(504, 633)	(50, 63)	49
18:06:31.841	53	32.2914	(494, 634)	(49, 63)	49
18:06:31.905	59	32.3647	(493, 635)	(49, 64)	49
18:06:31.975	55	32.2117	(484, 637)	(48, 64)	49
18:06:32.036	47	32.0655	(467, 641)	(47, 64)	49
18:06:32.091	48	32.0015	(464, 642)	(46, 64)	49
18:06:32.147	48	31.8987	(458, 645)	(46, 65)	49
18:06:32.204	50	31.8698	(454, 646)	(45, 65)	49
18:06:32.258	52	31.6825	(444, 650)	(44, 65)	49
18:06:32.316	55	31.588	(434, 654)	(43, 65)	49
18:06:32.377	56	31.636	(432, 655)	(43, 66)	49
18:06:32.439	48	31.6077	(424, 658)	(42, 66)	49
18:06:32.496	56	31.4418	(414, 662)	(41, 66)	49
18:06:32.559	57	31.3698	(409, 665)	(41, 67)	49
18:06:32.628	53	31.2883	(404, 667)	(40, 67)	49
18:06:32.690	51	31.077	(394, 671)	(39, 67)	49
18:06:32.746	58	30.9508	(387, 675)	(39, 68)	49
18:06:32.809	54	30.86	(384, 676)	(38, 68)	49
18:06:32.870	53	30.681	(374, 680)	(37, 68)	49
18:06:32.935	56	30.5741	(367, 685)	(37, 69)	49
18:06:32.996	58	30.5526	(364, 687)	(36, 69)	49
18:06:33.059	47	30.4225	(356, 695)	(36, 70)	49
18:06:33.113	52	30.4067	(354, 695)	(35, 70)	49
18:06:33.171	57	30.1474	(344, 704)	(34, 70)	49
18:06:33.233	57	30.0936	(344, 705)	(34, 71)	49
18:06:33.295	51	29.8849	(337, 715)	(34, 72)	49
18:06:33.350	49	29.7575	(335, 725)	(34, 73)	49
18:06:33.407	56	29.6582	(334, 727)	(33, 73)	49
18:06:33.470	49	29.5071	(331, 735)	(33, 74)	49
18:06:33.523	44	29.3305	(329, 746)	(33, 75)	49
18:06:33.573	52	29.2188	(329, 755)	(33, 76)	49
18:06:33.628	55	29.2591	(329, 765)	(33, 77)	49
18:06:33.693	53	29.2196	(329, 775)	(33, 78)	49
18:06:33.753	43	29.2018	(329, 785)	(33, 79)	49
18:06:33.801	45	29.1824	(329, 795)	(33, 80)	49
18:06:33.850	52	29.1298	(329, 805)	(33, 81)	49
18:06:33.907	50	28.8372	(329, 833)	(33, 83)	49
18:06:33.961	50	28.7782	(329, 836)	(33, 84)	49
18:06:34.018	52	28.616	(329, 845)	(33, 85)	49
18:06:34.080	47	28.5413	(329, 855)	(33, 86)	49
18:06:34.134	48	28.4166	(330, 865)	(33, 87)	49
18:06:34.192	54	28.3228	(332, 875)	(33, 88)	49
18:06:34.255	55	28.1619	(335, 883)	(34, 88)	49
18:06:34.317	48	28.1827	(335, 885)	(34, 89)	49
18:06:34.371	49	28.1027	(338, 895)	(34, 90)	49
18:06:34.429	55	27.909	(341, 905)	(34, 91)	49
18:06:34.491	56	27.8173	(345, 914)	(35, 91)	49
18:06:34.554	48	27.833	(346, 915)	(35, 92)	49
18:06:34.608	46	27.7988	(350, 925)	(35, 93)	49
18:06:34.657	49	27.797	(355, 931)	(36, 93)	49
18:06:34.714	54	27.7957	(357, 935)	(36, 94)	49
18:06:34.777	48	27.7924	(364, 945)	(36, 95)	49
18:06:34.831	51	27.8507	(365, 945)	(37, 95)	49
18:06:34.888	55	27.8144	(373, 955)	(37, 96)	49
18:06:34.950	51	27.8483	(375, 956)	(38, 96)	49
18:06:35.004	45	27.7813	(384, 965)	(38, 97)	49
18:06:35.052	49	27.7908	(385, 966)	(39, 97)	49
18:06:35.109	49	27.8754	(395, 975)	(40, 98)	49
18:06:35.164	43	27.8683	(405, 982)	(41, 98)	49
18:06:35.212	44	27.9556	(411, 987)	(41, 99)	49
18:06:35.262	49	27.9596	(415, 989)	(42, 99)	49
18:06:35.318	48	28.0453	(423, 995)	(42, 100)	49
18:06:35.374	45	28.0833	(425, 996)	(43, 100)	49
18:06:35.421	44	28.1514	(435, 1001)	(44, 100)	49
18:06:35.470	42	28.1956	(441, 1005)	(44, 101)	49
18:06:35.519	52	28.1988	(446, 1007)	(45, 101)	49
18:06:35.576	51	28.2273	(455, 1012)	(46, 101)	49
18:06:35.631	49	28.2705	(461, 1015)	(46, 102)	49
18:06:35.687	54	28.2942	(465, 1017)	(47, 102)	49
18:06:35.750	55	28.2825	(475, 1022)	(48, 102)	49
18:06:35.812	48	28.2837	(481, 1025)	(48, 103)	49
18:06:35.866	46	28.3794	(485, 1026)	(49, 103)	49
18:06:35.915	50	28.4227	(495, 1030)	(50, 103)	49
18:06:35.971	57	28.4547	(505, 1034)	(51, 103)	49
18:06:36.033	46	28.4544	(506, 1035)	(51, 104)	49
18:06:36.082	49	28.4399	(515, 1037)	(52, 104)	49
18:06:36.138	51	28.4563	(525, 1040)	(53, 104)	49
18:06:36.193	47	28.4367	(540, 1043)	(54, 104)	49
18:06:36.248	47	28.5025	(545, 1044)	(55, 104)	49
18:06:36.297	52	28.467	(549, 1045)	(55, 105)	49
18:06:36.354	54	28.4767	(555, 1046)	(56, 105)	49
18:06:36.417	51	28.3336	(577, 1050)	(58, 105)	49
18:06:36.471	50	28.389	(585, 1052)	(59, 105)	49
18:06:36.528	55	28.3136	(595, 1053)	(60, 105)	49
18:06:36.591	69	28.3324	(605, 1054)	(61, 105)	49
18:06:36.666	43	28.3787	(608, 1055)	(61, 106)	49
18:06:36.714	46	28.3458	(615, 1056)	(62, 106)	49
18:06:36.765	53	28.2601	(625, 1057)	(63, 106)	49
18:06:36.827	49	28.2123	(635, 1058)	(64, 106)	49
18:06:36.881	42	28.1446	(645, 1059)	(65, 106)	49
18:06:36.929	44	28.1696	(655, 1060)	(66, 106)	49
18:06:36.978	47	28.1252	(665, 1061)	(67, 106)	49
18:06:37.029	50	27.9615	(675, 1061)	(68, 106)	49
18:06:37.083	45	27.8967	(685, 1063)	(69, 106)	49
18:06:37.132	47	27.957	(695, 1063)	(70, 106)	49
18:06:37.188	51	27.8184	(705, 1064)	(71, 106)	49
18:06:37.243	46	27.768	(715, 1064)	(72, 106)	49
18:06:37.292	45	27.745	(719, 1065)	(72, 107)	49
18:06:37.340	46	27.7018	(725, 1065)	(73, 107)	49
18:06:37.389	46	28.4696	(735, 1066)	(74, 107)	49
18:06:37.437	52	27.6827	(745, 1066)	(75, 107)	49
18:06:37.494	46	27.6871	(755, 1066)	(76, 107)	49
18:06:37.548	46	27.7511	(765, 1066)	(77, 107)	49
18:06:37.597	49	27.6404	(775, 1067)	(78, 107)	49
18:06:37.654	49	27.6742	(785, 1067)	(79, 107)	49
18:06:37.709	49	27.7178	(795, 1068)	(80, 107)	49
18:06:37.764	54	27.7179	(805, 1069)	(81, 107)	49
18:06:37.829	53	27.7276	(815, 1070)	(82, 107)	49
18:06:37.890	52	27.7236	(825, 1071)	(83, 107)	49
18:06:37.946	50	27.8136	(835, 1072)	(84, 107)	49
18:06:38.002	55	27.6849	(845, 1073)	(85, 107)	49
18:06:38.066	55	27.6841	(856, 1074)	(86, 107)	49
18:06:38.127	48	27.6474	(862, 1075)	(86, 108)	49
18:06:38.181	42	27.6973	(865, 1075)	(87, 108)	49
18:06:38.229	42	27.7819	(875, 1075)	(88, 108)	49
18:06:38.278	51	27.728	(885, 1076)	(89, 108)	49
18:06:38.335	50	27.7619	(895, 1077)	(90, 108)	49
18:06:38.389	46	27.7847	(905, 1078)	(91, 108)	49
18:06:38.438	42	27.9244	(915, 1078)	(92, 108)	49
18:06:38.486	50	27.9585	(925, 1079)	(93, 108)	49
18:06:38.544	48	28.0073	(935, 1080)	(94, 108)	49
18:06:38.598	46	28.0256	(945, 1081)	(95, 108)	49
18:06:38.655	56	28.0446	(955, 1082)	(96, 108)	49
18:06:38.717	57	28.1283	(965, 1082)	(97, 108)	49
18:06:38.780	50	28.1199	(975, 1083)	(98, 108)	49
18:06:38.834	48	28.1757	(986, 1083)	(99, 108)	49
18:06:38.891	47	28.2148	(995, 1084)	(100, 108)	49
18:06:38.946	48	28.2274	(1005, 1084)	(101, 108)	49
18:06:39.001	49	28.3236	(1015, 1084)	(102, 108)	49
18:06:39.058	51	29.0701	(1017, 1085)	(102, 109)	49
18:06:39.113	55	28.3191	(1025, 1085)	(103, 109)	49
18:06:39.176	52	28.3498	(1040, 1085)	(104, 109)	49
18:06:39.232	46	28.3407	(1048, 1085)	(105, 109)	49
18:06:39.287	50	28.4484	(1055, 1086)	(106, 109)	49
18:06:39.343	48	28.5241	(1065, 1086)	(107, 109)	49
18:06:39.398	47	28.509	(1075, 1086)	(108, 109)	49
18:06:39.453	63	28.5514	(1085, 1086)	(109, 109)	49
18:06:39.523	48	28.5194	(1096, 1086)	(110, 109)	49
18:06:39.579	49	28.4539	(1105, 1086)	(111, 109)	49
18:06:39.635	45	28.3796	(1115, 1086)	(112, 109)	49
18:06:39.682	44	28.3963	(1126, 1086)	(113, 109)	49
18:06:39.732	51	28.2739	(1135, 1086)	(114, 109)	49
18:06:39.788	52	28.0933	(1146, 1086)	(115, 109)	49
18:06:39.842	42	27.9818	(1155, 1086)	(116, 109)	49
18:06:39.890	45	27.9188	(1166, 1086)	(117, 109)	49
18:06:39.942	55	27.8148	(1175, 1086)	(118, 109)	49
18:06:40.005	53	27.8412	(1185, 1085)	(119, 109)	49
18:06:40.065	47	27.8825	(1188, 1084)	(119, 108)	49
18:06:40.122	56	27.8351	(1195, 1084)	(120, 108)	49
18:06:40.184	55	27.9779	(1205, 1082)	(121, 108)	49
18:06:40.247	53	27.8985	(1215, 1081)	(122, 108)	49
18:06:40.308	44	27.9074	(1225, 1081)	(123, 108)	49
18:06:40.359	57	27.9396	(1235, 1081)	(124, 108)	49
18:06:40.421	52	27.9302	(1245, 1080)	(125, 108)	49
18:06:40.483	50	28.0938	(1255, 1080)	(126, 108)	49
18:06:40.539	48	28.1401	(1265, 1079)	(127, 108)	49
18:06:40.594	54	28.2729	(1275, 1078)	(128, 108)	49
18:06:40.663	51	28.3809	(1286, 1077)	(129, 108)	49
18:06:40.719	47	28.4804	(1295, 1077)	(130, 108)	49
18:06:40.776	54	28.5083	(1305, 1077)	(131, 108)	49
18:06:40.838	57	28.6385	(1315, 1077)	(132, 108)	49
18:06:40.900	49	28.7276	(1325, 1077)	(133, 108)	49
18:06:40.956	48	28.7613	(1335, 1077)	(134, 108)	49
18:06:41.011	52	28.7993	(1345, 1077)	(135, 108)	49
18:06:41.075	47	28.8065	(1355, 1077)	(136, 108)	49
18:06:41.129	44	28.8536	(1365, 1079)	(137, 108)	49
18:06:41.177	48	28.8981	(1375, 1080)	(138, 108)	49
18:06:41.234	56	28.8959	(1385, 1081)	(139, 108)	49
18:06:41.296	49	28.965	(1395, 1081)	(140, 108)	49
18:06:41.350	43	28.8477	(1405, 1083)	(141, 108)	49
18:06:41.399	53	28.727	(1416, 1084)	(142, 108)	49
18:06:41.458	56	28.6895	(1418, 1085)	(142, 109)	49
18:06:41.521	48	28.8086	(1425, 1085)	(143, 109)	49
18:06:41.574	50	28.8357	(1437, 1088)	(144, 109)	49
18:06:41.630	56	28.7856	(1445, 1088)	(145, 109)	49
18:06:41.693	52	28.7856	(1455, 1089)	(146, 109)	49
18:06:41.748	48	28.7674	(1465, 1090)	(147, 109)	49
18:06:41.804	49	28.7467	(1476, 1091)	(148, 109)	49
18:06:41.859	48	28.8262	(1485, 1092)	(149, 109)	49
18:06:41.915	56	28.8787	(1495, 1093)	(150, 109)	49
18:06:41.977	44	28.9452	(1505, 1093)	(151, 109)	49
18:06:42.025	52	29.0244	(1515, 1093)	(152, 109)	49
18:06:42.083	55	29.0756	(1525, 1093)	(153, 109)	49
18:06:42.145	50	29.1293	(1535, 1094)	(154, 109)	49
18:06:42.199	53	29.172	(1545, 1094)	(155, 109)	49
18:06:42.258	51	29.1853	(1555, 1094)	(156, 109)	49
18:06:42.318	48	29.2376	(1565, 1094)	(157, 109)	49
18:06:42.373	45	29.1889	(1566, 1095)	(157, 110)	49
18:06:42.421	54	29.1778	(1575, 1095)	(158, 110)	49
18:06:42.485	56	29.185	(1585, 1095)	(159, 110)	49
18:06:42.548	53	29.2216	(1596, 1096)	(160, 110)	49
18:06:42.610	49	29.2361	(1605, 1096)	(161, 110)	49
18:06:42.666	57	29.1473	(1615, 1096)	(162, 110)	49
18:06:42.729	56	29.0719	(1625, 1097)	(163, 110)	49
18:06:42.791	49	29.0991	(1635, 1097)	(164, 110)	49
18:06:42.845	43	29.1545	(1645, 1097)	(165, 110)	49
18:06:42.893	50	29.0772	(1655, 1098)	(166, 110)	49
18:06:42.950	53	28.9313	(1665, 1098)	(167, 110)	49
18:06:43.013	46	28.8653	(1675, 1099)	(168, 110)	49
18:06:43.060	44	28.9561	(1685, 1099)	(169, 110)	49
18:06:43.109	45	28.8536	(1695, 1100)	(170, 110)	49
18:06:43.159	46	28.8203	(1705, 1100)	(171, 110)	49
18:06:43.210	46	28.7996	(1715, 1101)	(172, 110)	49
18:06:43.263	49	29.5379	(1725, 1101)	(173, 110)	49
18:06:43.320	55	28.745	(1735, 1103)	(174, 110)	49
18:06:43.382	47	28.6228	(1748, 1104)	(175, 110)	49
18:06:43.437	46	28.5554	(1753, 1105)	(175, 111)	49
18:06:43.485	48	28.4852	(1755, 1105)	(176, 111)	49
18:06:43.543	53	28.461	(1765, 1106)	(177, 111)	49
18:06:43.605	54	28.2636	(1775, 1107)	(178, 111)	49
18:06:43.667	49	28.2437	(1785, 1108)	(179, 111)	49
18:06:43.723	48	28.0566	(1798, 1109)	(180, 111)	49
18:06:43.778	56	27.9196	(1806, 1111)	(181, 111)	49
18:06:43.841	47	27.6822	(1815, 1112)	(182, 111)	49
18:06:43.896	46	27.6594	(1825, 1112)	(183, 111)	49
18:06:43.944	49	27.5381	(1835, 1113)	(184, 111)	49
18:06:44.001	55	27.2671	(1850, 1114)	(185, 111)	49
18:06:44.065	47	27.2505	(1855, 1114)	(186, 111)	49
18:06:44.118	58	27.1379	(1858, 1115)	(186, 112)	49
18:06:44.182	52	27.0006	(1865, 1116)	(187, 112)	49
18:06:44.244	50	26.7231	(1877, 1117)	(188, 112)	49
18:06:44.299	43	26.6993	(1885, 1118)	(189, 112)	49
18:06:44.347	45	26.6132	(1895, 1120)	(190, 112)	49
18:06:44.397	48	26.244	(1905, 1121)	(191, 112)	49
18:06:44.453	34	14.1505	(0, 0)	(0, 0)	49
EOM

