BOM
Frame extends: 2263, 1306
_ms_area: 10
measurements taken: 585
current rendering method: 2
is mouse replay: 1
Camera settings: Roation Quaternion: ( -0.280275, -0.385944, 0.821547, -0.312304), Translationsvektor: ( -0.0927972, -0.124043, 0.65).
System_Time	Elapsed_Time_PaintGL	Elapsed_Kernel_Time	Frame_Coordinates	Grid_Position	Manual_Measurement
18:06:54.526	64	55.3455	(318, 226)	(32, 23)	49
18:06:54.594	72	55.4221	(325, 225)	(33, 23)	49
18:06:54.672	68	55.3307	(335, 225)	(34, 23)	49
18:06:54.747	70	55.6496	(345, 225)	(35, 23)	49
18:06:54.825	75	55.6504	(357, 225)	(36, 23)	49
18:06:54.908	70	55.8849	(372, 225)	(37, 23)	49
18:06:54.983	72	55.6653	(375, 225)	(38, 23)	49
18:06:55.061	75	55.9001	(385, 225)	(39, 23)	49
18:06:55.143	65	55.9427	(395, 225)	(40, 23)	49
18:06:55.212	68	55.9634	(405, 225)	(41, 23)	49
18:06:55.283	71	55.9813	(415, 225)	(42, 23)	49
18:06:55.359	79	55.9698	(425, 225)	(43, 23)	49
18:06:55.444	75	55.969	(435, 226)	(44, 23)	49
18:06:55.527	72	55.9677	(445, 226)	(45, 23)	49
18:06:55.603	73	55.9341	(455, 226)	(46, 23)	49
18:06:55.680	75	55.9215	(465, 227)	(47, 23)	49
18:06:55.764	71	55.9179	(475, 227)	(48, 23)	49
18:06:55.839	72	56.0243	(485, 228)	(49, 23)	49
18:06:55.916	76	55.7071	(495, 228)	(50, 23)	49
18:06:56.000	73	55.8673	(505, 229)	(51, 23)	49
18:06:56.083	75	55.7982	(515, 229)	(52, 23)	49
18:06:56.167	71	55.8527	(525, 229)	(53, 23)	49
18:06:56.242	72	55.6907	(535, 229)	(54, 23)	49
18:06:56.320	74	55.7065	(545, 229)	(55, 23)	49
18:06:56.402	70	55.7507	(555, 229)	(56, 23)	49
18:06:56.480	73	56.2618	(565, 229)	(57, 23)	49
18:06:56.562	71	55.7376	(575, 229)	(58, 23)	49
18:06:56.638	67	55.9538	(585, 229)	(59, 23)	49
18:06:56.716	74	55.9098	(596, 229)	(60, 23)	49
18:06:56.800	71	55.7418	(605, 230)	(61, 23)	49
18:06:56.874	71	55.6049	(615, 230)	(62, 23)	49
18:06:56.953	74	55.7009	(626, 230)	(63, 23)	49
18:06:57.035	69	55.8305	(635, 230)	(64, 23)	49
18:06:57.113	75	55.661	(645, 230)	(65, 23)	49
18:06:57.195	75	55.4677	(655, 230)	(66, 23)	49
18:06:57.278	71	55.631	(665, 230)	(67, 23)	49
18:06:57.355	74	55.488	(680, 230)	(68, 23)	49
18:06:57.441	73	55.6141	(685, 230)	(69, 23)	49
18:06:57.521	72	55.5133	(695, 230)	(70, 23)	49
18:06:57.599	75	55.7028	(705, 230)	(71, 23)	49
18:06:57.683	71	55.7449	(715, 230)	(72, 23)	49
18:06:57.759	76	55.7357	(725, 230)	(73, 23)	49
18:06:57.843	70	55.7133	(735, 230)	(74, 23)	49
18:06:57.918	73	55.8785	(749, 230)	(75, 23)	49
18:06:58.004	74	55.8193	(756, 230)	(76, 23)	49
18:06:58.086	71	55.5916	(766, 230)	(77, 23)	49
18:06:58.160	73	55.7046	(775, 230)	(78, 23)	49
18:06:58.239	73	55.8963	(785, 230)	(79, 23)	49
18:06:58.321	66	55.9273	(796, 229)	(80, 23)	49
18:06:58.389	73	55.9803	(805, 229)	(81, 23)	49
18:06:58.468	70	55.7926	(815, 229)	(82, 23)	49
18:06:58.542	72	56.0461	(825, 228)	(83, 23)	49
18:06:58.620	76	56.0867	(835, 228)	(84, 23)	49
18:06:58.704	70	56.0382	(845, 228)	(85, 23)	49
18:06:58.779	72	56.1428	(855, 228)	(86, 23)	49
18:06:58.857	77	56.299	(865, 228)	(87, 23)	49
18:06:58.943	71	56.4116	(875, 228)	(88, 23)	49
18:06:59.024	75	56.4139	(885, 228)	(89, 23)	49
18:06:59.107	76	56.3274	(895, 228)	(90, 23)	49
18:06:59.190	71	56.5293	(905, 228)	(91, 23)	49
18:06:59.267	75	56.6096	(915, 228)	(92, 23)	49
18:06:59.350	74	56.4637	(925, 228)	(93, 23)	49
18:06:59.433	73	56.4384	(935, 228)	(94, 23)	49
18:06:59.511	76	56.4824	(945, 227)	(95, 23)	49
18:06:59.594	70	56.5145	(957, 227)	(96, 23)	49
18:06:59.669	73	56.3111	(966, 227)	(97, 23)	49
18:06:59.746	74	56.3157	(975, 227)	(98, 23)	49
18:06:59.829	67	56.4707	(985, 227)	(99, 23)	49
18:06:59.905	73	56.5089	(995, 227)	(100, 23)	49
18:06:59.984	69	56.4788	(1005, 227)	(101, 23)	49
18:07:00.058	71	56.3847	(1015, 226)	(102, 23)	49
18:07:00.136	76	56.4637	(1025, 226)	(103, 23)	49
18:07:00.218	72	56.5347	(1035, 226)	(104, 23)	49
18:07:00.295	74	56.4704	(1045, 225)	(105, 23)	49
18:07:00.379	76	56.3061	(1055, 225)	(106, 23)	49
18:07:00.463	71	56.4003	(1065, 225)	(107, 23)	49
18:07:00.538	73	56.3636	(1071, 224)	(107, 22)	49
18:07:00.615	70	56.2699	(1075, 224)	(108, 22)	49
18:07:00.691	68	56.3538	(1085, 224)	(109, 22)	49
18:07:00.772	74	56.1265	(1095, 224)	(110, 22)	49
18:07:00.852	73	56.2809	(1105, 224)	(111, 22)	49
18:07:00.929	74	56.2453	(1115, 224)	(112, 22)	49
18:07:01.013	74	56.1913	(1125, 224)	(113, 22)	49
18:07:01.094	73	56.0761	(1135, 224)	(114, 22)	49
18:07:01.172	74	56.1436	(1146, 223)	(115, 22)	49
18:07:01.255	70	56.1599	(1155, 223)	(116, 22)	49
18:07:01.330	73	56.1618	(1165, 223)	(117, 22)	49
18:07:01.408	76	55.9627	(1175, 223)	(118, 22)	49
18:07:01.493	69	56.0664	(1185, 223)	(119, 22)	49
18:07:01.567	72	56.1449	(1195, 223)	(120, 22)	49
18:07:01.645	75	56.0261	(1205, 223)	(121, 22)	49
18:07:01.728	71	55.8314	(1215, 223)	(122, 22)	49
18:07:01.802	68	56.0073	(1225, 223)	(123, 22)	49
18:07:01.881	75	56.0415	(1235, 223)	(124, 22)	49
18:07:01.964	71	55.9424	(1245, 223)	(125, 22)	49
18:07:02.041	75	55.7877	(1255, 223)	(126, 22)	49
18:07:02.125	71	55.9329	(1265, 224)	(127, 22)	49
18:07:02.201	76	56.0036	(1275, 224)	(128, 22)	49
18:07:02.285	77	56.0339	(1282, 225)	(128, 23)	49
18:07:02.368	70	55.9714	(1285, 225)	(129, 23)	49
18:07:02.443	75	55.812	(1295, 226)	(130, 23)	49
18:07:02.527	77	55.948	(1305, 226)	(131, 23)	49
18:07:02.611	72	56.0603	(1316, 228)	(132, 23)	49
18:07:02.688	74	55.8049	(1326, 228)	(133, 23)	49
18:07:02.772	70	55.7879	(1335, 228)	(134, 23)	49
18:07:02.846	73	55.9314	(1345, 229)	(135, 23)	49
18:07:02.924	75	55.8833	(1355, 230)	(136, 23)	49
18:07:03.006	70	55.6615	(1366, 230)	(137, 23)	49
18:07:03.084	74	55.5927	(1375, 230)	(138, 23)	49
18:07:03.167	70	55.7293	(1386, 231)	(139, 23)	49
18:07:03.241	66	55.8499	(1395, 231)	(140, 23)	49
18:07:03.313	76	55.8481	(1405, 232)	(141, 23)	49
18:07:03.397	68	55.6372	(1415, 232)	(142, 23)	49
18:07:03.471	72	55.8839	(1425, 232)	(143, 23)	49
18:07:03.550	75	55.7664	(1435, 233)	(144, 23)	49
18:07:03.632	69	55.699	(1445, 234)	(145, 23)	49
18:07:03.712	74	55.5538	(1455, 234)	(146, 23)	49
18:07:03.792	71	55.536	(1465, 234)	(147, 23)	49
18:07:03.869	72	55.4625	(1478, 234)	(148, 23)	49
18:07:03.946	74	55.4799	(1485, 234)	(149, 23)	49
18:07:04.029	72	55.2873	(1488, 235)	(149, 24)	49
18:07:04.105	71	55.2849	(1495, 235)	(150, 24)	49
18:07:04.182	74	55.3652	(1506, 235)	(151, 24)	49
18:07:04.264	69	55.4298	(1516, 235)	(152, 24)	49
18:07:04.342	74	55.3384	(1526, 236)	(153, 24)	49
18:07:04.425	75	55.2071	(1535, 236)	(154, 24)	49
18:07:04.508	70	55.452	(1546, 236)	(155, 24)	49
18:07:04.587	73	55.3425	(1556, 237)	(156, 24)	49
18:07:04.669	71	55.3344	(1565, 237)	(157, 24)	49
18:07:04.744	65	55.1228	(1575, 238)	(158, 24)	49
18:07:04.816	74	55.12	(1585, 238)	(159, 24)	49
18:07:04.898	67	55.147	(1595, 239)	(160, 24)	49
18:07:04.973	68	55.0353	(1605, 239)	(161, 24)	49
18:07:05.051	73	55.2098	(1615, 240)	(162, 24)	49
18:07:05.133	69	55.0052	(1625, 240)	(163, 24)	49
18:07:05.210	74	54.82	(1636, 241)	(164, 24)	49
18:07:05.294	75	54.9116	(1645, 242)	(165, 24)	49
18:07:05.377	68	54.6883	(1655, 242)	(166, 24)	49
18:07:05.455	73	54.7176	(1666, 243)	(167, 24)	49
18:07:05.539	68	54.7702	(1676, 244)	(168, 24)	49
18:07:05.614	73	54.7738	(1677, 245)	(168, 25)	49
18:07:05.697	73	54.656	(1686, 245)	(169, 25)	49
18:07:05.773	67	54.5741	(1696, 246)	(170, 25)	49
18:07:05.850	69	54.6215	(1705, 246)	(171, 25)	49
18:07:05.927	74	54.6068	(1715, 248)	(172, 25)	49
18:07:06.010	69	54.6397	(1726, 249)	(173, 25)	49
18:07:06.086	74	54.4935	(1735, 250)	(174, 25)	49
18:07:06.172	68	54.5816	(1745, 251)	(175, 25)	49
18:07:06.245	70	54.588	(1755, 253)	(176, 25)	49
18:07:06.323	72	54.4062	(1765, 254)	(177, 25)	49
18:07:06.398	66	54.4218	(1768, 255)	(177, 26)	49
18:07:06.467	69	54.3969	(1775, 256)	(178, 26)	49
18:07:06.545	71	54.5345	(1785, 258)	(179, 26)	49
18:07:06.621	65	54.5178	(1795, 260)	(180, 26)	49
18:07:06.691	68	54.4142	(1805, 262)	(181, 26)	49
18:07:06.768	69	54.7336	(1815, 264)	(182, 26)	49
18:07:06.843	65	54.4486	(1817, 265)	(182, 27)	49
18:07:06.914	74	54.4745	(1825, 267)	(183, 27)	49
18:07:06.997	70	54.2345	(1838, 271)	(184, 27)	49
18:07:07.073	70	54.3969	(1845, 273)	(185, 27)	49
18:07:07.150	73	54.4284	(1849, 275)	(185, 28)	49
18:07:07.235	70	54.2609	(1858, 278)	(186, 28)	49
18:07:07.316	71	54.3138	(1865, 280)	(187, 28)	49
18:07:07.397	71	54.3332	(1874, 285)	(187, 29)	49
18:07:07.476	71	54.3927	(1875, 285)	(188, 29)	49
18:07:07.555	73	54.275	(1885, 289)	(189, 29)	49
18:07:07.637	73	54.1258	(1895, 294)	(190, 29)	49
18:07:07.712	71	54.119	(1895, 295)	(190, 30)	49
18:07:07.790	72	54.2815	(1905, 299)	(191, 30)	49
18:07:07.866	65	54.157	(1912, 305)	(191, 31)	49
18:07:07.934	71	54.252	(1915, 307)	(192, 31)	49
18:07:08.012	74	54.2086	(1925, 314)	(193, 31)	49
18:07:08.099	66	54.1465	(1926, 315)	(193, 32)	49
18:07:08.170	71	54.197	(1935, 322)	(194, 32)	49
18:07:08.249	72	54.2218	(1937, 325)	(194, 33)	49
18:07:08.324	72	54.3003	(1945, 333)	(195, 33)	49
18:07:08.402	73	54.1369	(1947, 335)	(195, 34)	49
18:07:08.485	71	54.1012	(1955, 344)	(196, 34)	49
18:07:08.560	72	54.2052	(1955, 345)	(196, 35)	49
18:07:08.639	74	54.0347	(1963, 355)	(196, 36)	49
18:07:08.722	68	54.1313	(1965, 358)	(197, 36)	49
18:07:08.797	67	54.0535	(1968, 365)	(197, 37)	49
18:07:08.873	72	54.1329	(1973, 375)	(197, 38)	49
18:07:08.951	68	53.9619	(1975, 379)	(198, 38)	49
18:07:09.026	70	53.9373	(1976, 385)	(198, 39)	49
18:07:09.106	73	54.0561	(1980, 395)	(198, 40)	49
18:07:09.185	70	53.8827	(1982, 405)	(198, 41)	49
18:07:09.264	73	53.8007	(1984, 415)	(198, 42)	49
18:07:09.347	71	54.0274	(1985, 417)	(199, 42)	49
18:07:09.422	71	54.1044	(1985, 425)	(199, 43)	49
18:07:09.500	73	53.9744	(1987, 435)	(199, 44)	49
18:07:09.585	67	53.844	(1988, 445)	(199, 45)	49
18:07:09.658	69	53.8628	(1989, 455)	(199, 46)	49
18:07:09.737	73	53.9233	(1989, 465)	(199, 47)	49
18:07:09.819	63	53.8981	(1989, 475)	(199, 48)	49
18:07:09.887	70	53.7924	(1988, 485)	(199, 49)	49
18:07:09.966	68	53.7087	(1985, 495)	(199, 50)	49
18:07:10.041	71	53.6637	(1984, 495)	(198, 50)	49
18:07:10.119	72	53.8004	(1980, 505)	(198, 51)	49
18:07:10.196	66	53.9643	(1972, 516)	(197, 52)	49
18:07:10.270	71	53.7794	(1965, 525)	(197, 53)	49
18:07:10.349	74	53.8799	(1964, 526)	(196, 53)	49
18:07:10.432	71	53.8166	(1954, 534)	(195, 53)	49
18:07:10.508	72	53.805	(1953, 535)	(195, 54)	49
18:07:10.585	73	53.9532	(1944, 539)	(194, 54)	49
18:07:10.660	71	53.9108	(1937, 545)	(194, 55)	49
18:07:10.739	74	53.8018	(1934, 547)	(193, 55)	49
18:07:10.820	69	53.9601	(1924, 555)	(192, 56)	49
18:07:10.895	71	53.9982	(1914, 561)	(191, 56)	49
18:07:10.974	73	53.7996	(1907, 565)	(191, 57)	49
18:07:11.061	68	53.917	(1904, 567)	(190, 57)	49
18:07:11.134	73	53.9796	(1894, 572)	(189, 57)	49
18:07:11.217	71	54.0068	(1890, 575)	(189, 58)	49
18:07:11.292	64	54.0683	(1884, 577)	(188, 58)	49
18:07:11.361	71	54.0293	(1874, 581)	(187, 58)	49
18:07:11.440	69	54.0559	(1866, 585)	(187, 59)	49
18:07:11.515	64	54.0342	(1864, 585)	(186, 59)	49
18:07:11.585	70	53.9776	(1854, 590)	(185, 59)	49
18:07:11.662	69	54.5858	(1844, 594)	(184, 59)	49
18:07:11.738	69	54.1579	(1843, 595)	(184, 60)	49
18:07:11.815	74	54.0313	(1834, 597)	(183, 60)	49
18:07:11.901	70	54.0087	(1823, 601)	(182, 60)	49
18:07:11.974	68	54.1483	(1810, 606)	(181, 61)	49
18:07:12.052	71	54.0129	(1804, 609)	(180, 61)	49
18:07:12.126	69	54.1837	(1794, 612)	(179, 61)	49
18:07:12.205	72	54.1806	(1787, 615)	(179, 62)	49
18:07:12.287	69	54.0489	(1784, 616)	(178, 62)	49
18:07:12.363	70	54.027	(1774, 619)	(177, 62)	49
18:07:12.443	70	54.0996	(1764, 622)	(176, 62)	49
18:07:12.516	64	54.1043	(1758, 625)	(176, 63)	49
18:07:12.585	69	54.3419	(1754, 626)	(175, 63)	49
18:07:12.663	73	54.0067	(1744, 628)	(174, 63)	49
18:07:12.747	66	54.0711	(1734, 631)	(173, 63)	49
18:07:12.821	70	54.3487	(1724, 633)	(172, 63)	49
18:07:12.900	72	54.4241	(1715, 635)	(172, 64)	49
18:07:12.976	64	54.4849	(1714, 635)	(171, 64)	49
18:07:13.044	69	54.3058	(1704, 637)	(170, 64)	49
18:07:13.122	70	54.3388	(1694, 638)	(169, 64)	49
18:07:13.197	71	54.5699	(1684, 640)	(168, 64)	49
18:07:13.274	73	54.5708	(1674, 641)	(167, 64)	49
18:07:13.360	70	54.6308	(1664, 642)	(166, 64)	49
18:07:13.433	71	54.7742	(1654, 643)	(165, 64)	49
18:07:13.511	74	54.7511	(1644, 644)	(164, 64)	49
18:07:13.593	69	54.7564	(1633, 644)	(163, 64)	49
18:07:13.671	74	54.6539	(1624, 644)	(162, 64)	49
18:07:13.754	69	54.6631	(1614, 644)	(161, 64)	49
18:07:13.830	72	54.972	(1604, 644)	(160, 64)	49
18:07:13.908	74	54.9575	(1594, 644)	(159, 64)	49
18:07:13.991	69	54.7785	(1584, 644)	(158, 64)	49
18:07:14.066	72	54.935	(1574, 644)	(157, 64)	49
18:07:14.145	74	55.0196	(1564, 644)	(156, 64)	49
18:07:14.227	70	55.1997	(1554, 644)	(155, 64)	49
18:07:14.303	75	55.1233	(1548, 645)	(155, 65)	49
18:07:14.387	71	55.0981	(1544, 645)	(154, 65)	49
18:07:14.462	65	55.1796	(1534, 645)	(153, 65)	49
18:07:14.533	75	55.2239	(1524, 646)	(152, 65)	49
18:07:14.617	68	55.3301	(1514, 647)	(151, 65)	49
18:07:14.691	72	55.2649	(1504, 648)	(150, 65)	49
18:07:14.770	77	55.2695	(1494, 649)	(149, 65)	49
18:07:14.851	68	55.5465	(1484, 651)	(148, 65)	49
18:07:14.921	73	55.4644	(1474, 652)	(147, 65)	49
18:07:14.999	73	55.2696	(1464, 652)	(146, 65)	49
18:07:15.082	69	55.4167	(1454, 653)	(145, 65)	49
18:07:15.158	73	55.7213	(1444, 654)	(144, 65)	49
18:07:15.235	76	55.7736	(1434, 654)	(143, 65)	49
18:07:15.317	69	55.8247	(1419, 654)	(142, 65)	49
18:07:15.397	75	55.6459	(1414, 654)	(141, 65)	49
18:07:15.478	71	55.9453	(1404, 654)	(140, 65)	49
18:07:15.555	75	55.9336	(1394, 654)	(139, 65)	49
18:07:15.639	75	55.8172	(1384, 654)	(138, 65)	49
18:07:15.721	69	55.9578	(1374, 654)	(137, 65)	49
18:07:15.798	71	56.019	(1356, 653)	(136, 65)	49
18:07:15.874	67	56.1387	(1354, 653)	(135, 65)	49
18:07:15.942	73	56.017	(1344, 652)	(134, 65)	49
18:07:16.021	75	56.0944	(1334, 651)	(133, 65)	49
18:07:16.104	69	56.3271	(1323, 651)	(132, 65)	49
18:07:16.179	71	56.4744	(1314, 650)	(131, 65)	49
18:07:16.257	76	56.2	(1303, 649)	(130, 65)	49
18:07:16.341	75	56.1904	(1294, 648)	(129, 65)	49
18:07:16.424	75	56.3556	(1284, 647)	(128, 65)	49
18:07:16.507	72	56.9019	(1274, 647)	(127, 65)	49
18:07:16.582	73	56.2701	(1264, 646)	(126, 65)	49
18:07:16.661	75	56.0834	(1256, 644)	(126, 64)	49
18:07:16.743	71	56.2246	(1254, 644)	(125, 64)	49
18:07:16.822	72	56.4117	(1244, 643)	(124, 64)	49
18:07:16.903	70	56.4588	(1234, 643)	(123, 64)	49
18:07:16.980	71	56.4416	(1224, 641)	(122, 64)	49
18:07:17.055	80	56.4401	(1214, 641)	(121, 64)	49
18:07:17.140	76	56.4742	(1204, 641)	(120, 64)	49
18:07:17.222	74	56.5689	(1194, 640)	(119, 64)	49
18:07:17.307	75	56.4058	(1184, 639)	(118, 64)	49
18:07:17.390	72	56.3382	(1174, 639)	(117, 64)	49
18:07:17.465	70	56.7025	(1164, 637)	(116, 64)	49
18:07:17.544	74	57.2201	(1154, 637)	(115, 64)	49
18:07:17.625	69	56.6966	(1144, 636)	(114, 64)	49
18:07:17.702	73	56.5899	(1134, 636)	(113, 64)	49
18:07:17.779	72	56.8163	(1124, 635)	(112, 64)	49
18:07:17.854	66	56.9233	(1114, 635)	(111, 64)	49
18:07:17.923	71	56.7822	(1110, 634)	(111, 63)	49
18:07:18.003	73	56.7499	(1104, 634)	(110, 63)	49
18:07:18.084	76	57.04	(1093, 633)	(109, 63)	49
18:07:18.169	75	56.9624	(1084, 632)	(108, 63)	49
18:07:18.251	73	56.9902	(1074, 632)	(107, 63)	49
18:07:18.329	76	56.9006	(1064, 631)	(106, 63)	49
18:07:18.412	73	57.0083	(1051, 631)	(105, 63)	49
18:07:18.488	71	56.8364	(1032, 629)	(103, 63)	49
18:07:18.565	77	56.9201	(1024, 629)	(102, 63)	49
18:07:18.651	71	56.8521	(1014, 629)	(101, 63)	49
18:07:18.724	68	57.0538	(1004, 628)	(100, 63)	49
18:07:18.801	73	57.0781	(994, 627)	(99, 63)	49
18:07:18.877	69	57.0443	(984, 627)	(98, 63)	49
18:07:18.954	75	57.0683	(974, 627)	(97, 63)	49
18:07:19.038	74	57.0981	(964, 626)	(96, 63)	49
18:07:19.120	67	57.0206	(954, 626)	(95, 63)	49
18:07:19.189	72	56.8025	(944, 626)	(94, 63)	49
18:07:19.267	69	56.6896	(934, 625)	(93, 63)	49
18:07:19.342	72	56.6372	(927, 624)	(93, 62)	49
18:07:19.420	77	56.7473	(924, 624)	(92, 62)	49
18:07:19.504	72	56.6868	(914, 623)	(91, 62)	49
18:07:19.578	74	56.5281	(904, 622)	(90, 62)	49
18:07:19.656	76	56.5264	(894, 621)	(89, 62)	49
18:07:19.741	70	56.7465	(884, 620)	(88, 62)	49
18:07:19.817	75	56.7422	(873, 619)	(87, 62)	49
18:07:19.900	76	56.5788	(864, 619)	(86, 62)	49
18:07:19.982	68	56.569	(854, 619)	(85, 62)	49
18:07:20.059	73	56.669	(843, 618)	(84, 62)	49
18:07:20.144	71	56.6367	(834, 618)	(83, 62)	49
18:07:20.218	74	56.5028	(823, 617)	(82, 62)	49
18:07:20.296	75	56.4338	(814, 617)	(81, 62)	49
18:07:20.379	72	56.6656	(804, 617)	(80, 62)	49
18:07:20.458	76	56.6212	(794, 617)	(79, 62)	49
18:07:20.540	74	56.3745	(784, 616)	(78, 62)	49
18:07:20.622	68	56.6594	(772, 616)	(77, 62)	49
18:07:20.698	74	56.6246	(764, 615)	(76, 62)	49
18:07:20.776	71	56.7425	(754, 615)	(75, 62)	49
18:07:20.851	66	56.4203	(744, 615)	(74, 62)	49
18:07:20.921	76	57.0265	(734, 615)	(73, 62)	49
18:07:21.008	73	56.7587	(724, 615)	(72, 62)	49
18:07:21.087	74	56.7908	(714, 615)	(71, 62)	49
18:07:21.172	75	56.5618	(704, 615)	(70, 62)	49
18:07:21.254	73	56.5372	(694, 615)	(69, 62)	49
18:07:21.332	75	56.805	(684, 615)	(68, 62)	49
18:07:21.415	75	57.2899	(674, 615)	(67, 62)	49
18:07:21.497	73	56.6721	(664, 616)	(66, 62)	49
18:07:21.575	75	56.6252	(654, 617)	(65, 62)	49
18:07:21.661	71	56.7865	(644, 618)	(64, 62)	49
18:07:21.743	71	56.7852	(634, 618)	(63, 62)	49
18:07:21.817	66	56.64	(624, 619)	(62, 62)	49
18:07:21.886	73	56.5902	(614, 619)	(61, 62)	49
18:07:21.965	75	56.604	(604, 621)	(60, 62)	49
18:07:22.048	74	56.5338	(594, 621)	(59, 62)	49
18:07:22.130	73	56.516	(584, 622)	(58, 62)	49
18:07:22.210	78	56.535	(574, 624)	(57, 62)	49
18:07:22.297	67	56.5542	(566, 625)	(57, 63)	49
18:07:22.366	72	56.5865	(564, 625)	(56, 63)	49
18:07:22.444	73	56.489	(554, 625)	(55, 63)	49
18:07:22.520	67	56.4384	(544, 626)	(54, 63)	49
18:07:22.589	72	56.2827	(534, 628)	(53, 63)	49
18:07:22.667	75	56.2724	(524, 629)	(52, 63)	49
18:07:22.750	72	56.3559	(514, 631)	(51, 63)	49
18:07:22.834	75	56.2293	(504, 633)	(50, 63)	49
18:07:22.917	70	56.213	(494, 634)	(49, 63)	49
18:07:22.992	73	56.4904	(493, 635)	(49, 64)	49
18:07:23.069	78	56.196	(484, 637)	(48, 64)	49
18:07:23.154	71	56.2181	(467, 641)	(47, 64)	49
18:07:23.230	76	56.0496	(464, 642)	(46, 64)	49
18:07:23.313	73	56.0427	(458, 645)	(46, 65)	49
18:07:23.388	74	55.8856	(454, 646)	(45, 65)	49
18:07:23.480	75	55.9739	(444, 650)	(44, 65)	49
18:07:23.564	71	55.8628	(434, 654)	(43, 65)	49
18:07:23.639	73	55.799	(432, 655)	(43, 66)	49
18:07:23.716	75	55.7153	(424, 658)	(42, 66)	49
18:07:23.799	65	55.5914	(414, 662)	(41, 66)	49
18:07:23.868	70	55.7332	(409, 665)	(41, 67)	49
18:07:23.945	72	55.6502	(404, 667)	(40, 67)	49
18:07:24.021	65	55.6041	(394, 671)	(39, 67)	49
18:07:24.090	70	55.5613	(387, 675)	(39, 68)	49
18:07:24.168	75	55.2679	(384, 676)	(38, 68)	49
18:07:24.251	71	55.3034	(374, 680)	(37, 68)	49
18:07:24.328	75	55.136	(367, 685)	(37, 69)	49
18:07:24.415	70	55.2185	(364, 687)	(36, 69)	49
18:07:24.495	75	55.1987	(356, 695)	(36, 70)	49
18:07:24.578	70	55.1726	(354, 695)	(35, 70)	49
18:07:24.654	71	54.888	(344, 704)	(34, 70)	49
18:07:24.731	74	54.852	(344, 705)	(34, 71)	49
18:07:24.816	70	54.9403	(337, 715)	(34, 72)	49
18:07:24.889	68	54.8519	(335, 725)	(34, 73)	49
18:07:24.960	71	54.8481	(334, 727)	(33, 73)	49
18:07:25.036	69	54.9464	(331, 735)	(33, 74)	49
18:07:25.116	72	54.9416	(329, 746)	(33, 75)	49
18:07:25.197	75	55.0142	(329, 755)	(33, 76)	49
18:07:25.281	69	54.9489	(329, 765)	(33, 77)	49
18:07:25.357	73	54.9572	(329, 775)	(33, 78)	49
18:07:25.441	72	54.9173	(329, 785)	(33, 79)	49
18:07:25.516	67	54.8779	(329, 795)	(33, 80)	49
18:07:25.592	72	54.7898	(329, 805)	(33, 81)	49
18:07:25.670	69	54.685	(329, 833)	(33, 83)	49
18:07:25.745	66	54.6904	(329, 836)	(33, 84)	49
18:07:25.819	75	54.6361	(329, 845)	(33, 85)	49
18:07:25.900	69	54.5631	(329, 855)	(33, 86)	49
18:07:25.974	73	54.8191	(330, 865)	(33, 87)	49
18:07:26.053	73	55.2083	(332, 875)	(33, 88)	49
18:07:26.134	69	54.4981	(335, 883)	(34, 88)	49
18:07:26.213	73	54.568	(335, 885)	(34, 89)	49
18:07:26.295	70	54.6527	(338, 895)	(34, 90)	49
18:07:26.370	72	54.6787	(341, 905)	(34, 91)	49
18:07:26.448	74	54.5296	(345, 914)	(35, 91)	49
18:07:26.539	70	54.4441	(346, 915)	(35, 92)	49
18:07:26.614	71	54.4169	(350, 925)	(35, 93)	49
18:07:26.692	71	54.3896	(355, 931)	(36, 93)	49
18:07:26.767	69	54.5824	(357, 935)	(36, 94)	49
18:07:26.845	73	54.539	(364, 945)	(36, 95)	49
18:07:26.927	70	54.5467	(365, 945)	(37, 95)	49
18:07:27.003	71	54.491	(373, 955)	(37, 96)	49
18:07:27.081	74	54.3404	(375, 956)	(38, 96)	49
18:07:27.166	68	54.2778	(384, 965)	(38, 97)	49
18:07:27.239	69	54.5016	(385, 966)	(39, 97)	49
18:07:27.316	71	54.5268	(395, 975)	(40, 98)	49
18:07:27.394	69	55.0167	(405, 982)	(41, 98)	49
18:07:27.470	69	54.5206	(411, 987)	(41, 99)	49
18:07:27.547	73	54.4132	(415, 989)	(42, 99)	49
18:07:27.630	71	54.2939	(423, 995)	(42, 100)	49
18:07:27.710	72	54.5434	(425, 996)	(43, 100)	49
18:07:27.790	68	54.6938	(435, 1001)	(44, 100)	49
18:07:27.865	70	54.5662	(441, 1005)	(44, 101)	49
18:07:27.943	74	54.4188	(446, 1007)	(45, 101)	49
18:07:28.027	70	54.463	(455, 1012)	(46, 101)	49
18:07:28.103	71	54.6892	(461, 1015)	(46, 102)	49
18:07:28.180	73	54.7504	(465, 1017)	(47, 102)	49
18:07:28.262	69	54.8434	(475, 1022)	(48, 102)	49
18:07:28.339	70	54.8541	(481, 1025)	(48, 103)	49
18:07:28.415	72	55.3064	(485, 1026)	(49, 103)	49
18:07:28.491	71	54.7987	(495, 1030)	(50, 103)	49
18:07:28.569	75	55.0022	(505, 1034)	(51, 103)	49
18:07:28.652	69	54.9403	(506, 1035)	(51, 104)	49
18:07:28.727	71	55.0867	(515, 1037)	(52, 104)	49
18:07:28.805	72	55.0335	(525, 1040)	(53, 104)	49
18:07:28.882	68	55.1806	(540, 1043)	(54, 104)	49
18:07:28.956	71	55.3539	(545, 1044)	(55, 104)	49
18:07:29.035	73	55.3176	(549, 1045)	(55, 105)	49
18:07:29.117	72	55.3799	(555, 1046)	(56, 105)	49
18:07:29.195	74	55.5413	(577, 1050)	(58, 105)	49
18:07:29.278	72	55.4751	(585, 1052)	(59, 105)	49
18:07:29.353	71	55.5893	(595, 1053)	(60, 105)	49
18:07:29.430	75	55.5764	(605, 1054)	(61, 105)	49
18:07:29.515	71	55.5117	(608, 1055)	(61, 106)	49
18:07:29.590	75	55.6298	(615, 1056)	(62, 106)	49
18:07:29.674	71	55.8496	(625, 1057)	(63, 106)	49
18:07:29.749	72	55.7956	(635, 1058)	(64, 106)	49
18:07:29.827	75	55.9016	(645, 1059)	(65, 106)	49
18:07:29.911	73	55.7772	(655, 1060)	(66, 106)	49
18:07:29.992	72	56.1187	(665, 1061)	(67, 106)	49
18:07:30.070	77	56.1914	(675, 1061)	(68, 106)	49
18:07:30.153	66	56.3006	(685, 1063)	(69, 106)	49
18:07:30.222	71	56.2492	(695, 1063)	(70, 106)	49
18:07:30.300	74	56.4686	(705, 1064)	(71, 106)	49
18:07:30.382	66	56.4954	(715, 1064)	(72, 106)	49
18:07:30.452	75	56.4588	(719, 1065)	(72, 107)	49
18:07:30.536	72	56.5061	(725, 1065)	(73, 107)	49
18:07:30.612	67	56.3336	(735, 1066)	(74, 107)	49
18:07:30.687	65	56.4519	(745, 1066)	(75, 107)	49
18:07:30.756	66	56.519	(755, 1066)	(76, 107)	49
18:07:30.826	65	56.4296	(765, 1066)	(77, 107)	49
18:07:30.895	66	56.383	(775, 1067)	(78, 107)	49
18:07:30.965	66	56.5142	(785, 1067)	(79, 107)	49
18:07:31.034	66	56.6099	(795, 1068)	(80, 107)	49
18:07:31.104	65	56.6239	(805, 1069)	(81, 107)	49
18:07:31.173	68	56.4764	(815, 1070)	(82, 107)	49
18:07:31.244	65	56.5006	(825, 1071)	(83, 107)	49
18:07:31.313	72	56.5621	(835, 1072)	(84, 107)	49
18:07:31.391	71	56.5009	(845, 1073)	(85, 107)	49
18:07:31.466	73	56.1581	(856, 1074)	(86, 107)	49
18:07:31.544	72	56.1613	(862, 1075)	(86, 108)	49
18:07:31.620	66	56.2443	(865, 1075)	(87, 108)	49
18:07:31.688	73	56.2321	(875, 1075)	(88, 108)	49
18:07:31.767	74	56.4687	(885, 1076)	(89, 108)	49
18:07:31.848	66	55.844	(895, 1077)	(90, 108)	49
18:07:31.917	69	55.949	(905, 1078)	(91, 108)	49
18:07:31.996	71	55.8585	(915, 1078)	(92, 108)	49
18:07:32.071	72	55.8359	(925, 1079)	(93, 108)	49
18:07:32.149	74	55.5345	(935, 1080)	(94, 108)	49
18:07:32.233	70	55.6104	(945, 1081)	(95, 108)	49
18:07:32.308	71	55.5483	(955, 1082)	(96, 108)	49
18:07:32.385	74	55.4227	(965, 1082)	(97, 108)	49
18:07:32.467	66	55.4119	(975, 1083)	(98, 108)	49
18:07:32.536	72	55.4692	(986, 1083)	(99, 108)	49
18:07:32.614	72	55.3744	(995, 1084)	(100, 108)	49
18:07:32.690	71	55.3455	(1005, 1084)	(101, 108)	49
18:07:32.768	74	55.0422	(1015, 1084)	(102, 108)	49
18:07:32.853	66	55.1037	(1017, 1085)	(102, 109)	49
18:07:32.927	74	55.1007	(1025, 1085)	(103, 109)	49
18:07:33.010	76	54.8172	(1040, 1085)	(104, 109)	49
18:07:33.093	67	54.8418	(1048, 1085)	(105, 109)	49
18:07:33.164	74	54.727	(1055, 1086)	(106, 109)	49
18:07:33.248	68	54.7701	(1065, 1086)	(107, 109)	49
18:07:33.322	64	54.7919	(1075, 1086)	(108, 109)	49
18:07:33.391	70	54.6363	(1085, 1086)	(109, 109)	49
18:07:33.470	72	54.3775	(1096, 1086)	(110, 109)	49
18:07:33.544	67	54.4551	(1105, 1086)	(111, 109)	49
18:07:33.623	73	54.371	(1115, 1086)	(112, 109)	49
18:07:33.705	65	54.1096	(1126, 1086)	(113, 109)	49
18:07:33.774	68	54.108	(1135, 1086)	(114, 109)	49
18:07:33.851	68	54.2089	(1146, 1086)	(115, 109)	49
18:07:33.927	69	54.0929	(1155, 1086)	(116, 109)	49
18:07:34.006	71	53.8981	(1166, 1086)	(117, 109)	49
18:07:34.088	68	53.8681	(1175, 1086)	(118, 109)	49
18:07:34.164	70	54.0536	(1185, 1085)	(119, 109)	49
18:07:34.242	72	53.9843	(1188, 1084)	(119, 108)	49
18:07:34.325	68	53.7985	(1195, 1084)	(120, 108)	49
18:07:34.399	71	53.8396	(1205, 1082)	(121, 108)	49
18:07:34.477	73	53.7553	(1215, 1081)	(122, 108)	49
18:07:34.555	68	53.8188	(1225, 1081)	(123, 108)	49
18:07:34.631	73	53.777	(1235, 1081)	(124, 108)	49
18:07:34.715	69	53.7941	(1245, 1080)	(125, 108)	49
18:07:34.789	63	53.7569	(1255, 1080)	(126, 108)	49
18:07:34.858	71	53.8695	(1265, 1079)	(127, 108)	49
18:07:34.937	69	53.7505	(1275, 1078)	(128, 108)	49
18:07:35.011	64	53.6809	(1286, 1077)	(129, 108)	49
18:07:35.084	71	53.5889	(1295, 1077)	(130, 108)	49
18:07:35.164	68	53.8444	(1305, 1077)	(131, 108)	49
18:07:35.236	71	53.7338	(1315, 1077)	(132, 108)	49
18:07:35.312	73	53.801	(1325, 1077)	(133, 108)	49
18:07:35.397	68	53.6923	(1335, 1077)	(134, 108)	49
18:07:35.472	72	53.8173	(1345, 1077)	(135, 108)	49
18:07:35.548	72	53.7796	(1355, 1077)	(136, 108)	49
18:07:35.624	68	53.917	(1365, 1079)	(137, 108)	49
18:07:35.699	73	53.8459	(1375, 1080)	(138, 108)	49
18:07:35.777	70	53.9413	(1385, 1081)	(139, 108)	49
18:07:35.853	70	54.0179	(1395, 1081)	(140, 108)	49
18:07:35.930	73	53.9422	(1405, 1083)	(141, 108)	49
18:07:36.014	69	53.8566	(1416, 1084)	(142, 108)	49
18:07:36.089	71	54.1034	(1418, 1085)	(142, 109)	49
18:07:36.167	68	54.0387	(1425, 1085)	(143, 109)	49
18:07:36.242	65	54.1239	(1437, 1088)	(144, 109)	49
18:07:36.311	69	54.201	(1445, 1088)	(145, 109)	49
18:07:36.389	65	54.0865	(1455, 1089)	(146, 109)	49
18:07:36.457	68	54.2095	(1465, 1090)	(147, 109)	49
18:07:36.537	77	54.2658	(1476, 1091)	(148, 109)	49
18:07:36.619	69	54.3508	(1485, 1092)	(149, 109)	49
18:07:36.694	70	54.3836	(1495, 1093)	(150, 109)	49
18:07:36.772	72	54.5696	(1505, 1093)	(151, 109)	49
18:07:36.847	71	54.588	(1515, 1093)	(152, 109)	49
18:07:36.924	74	54.605	(1525, 1093)	(153, 109)	49
18:07:37.008	72	54.5399	(1535, 1094)	(154, 109)	49
18:07:37.083	65	54.7127	(1545, 1094)	(155, 109)	49
18:07:37.153	71	54.7321	(1555, 1094)	(156, 109)	49
18:07:37.231	67	54.6258	(1565, 1094)	(157, 109)	49
18:07:37.306	67	54.7111	(1566, 1095)	(157, 110)	49
18:07:37.376	70	54.6599	(1575, 1095)	(158, 110)	49
18:07:37.453	72	54.7539	(1585, 1095)	(159, 110)	49
18:07:37.529	70	54.8367	(1596, 1096)	(160, 110)	49
18:07:37.606	75	54.7511	(1605, 1096)	(161, 110)	49
18:07:37.691	67	54.625	(1615, 1096)	(162, 110)	49
18:07:37.764	71	54.8252	(1625, 1097)	(163, 110)	49
18:07:37.843	74	54.8212	(1635, 1097)	(164, 110)	49
18:07:37.924	66	54.9345	(1645, 1097)	(165, 110)	49
18:07:37.993	70	54.6551	(1655, 1098)	(166, 110)	49
18:07:38.072	73	54.7945	(1665, 1098)	(167, 110)	49
18:07:38.155	71	54.7087	(1675, 1099)	(168, 110)	49
18:07:38.232	69	54.687	(1685, 1099)	(169, 110)	49
18:07:38.307	67	54.6049	(1695, 1100)	(170, 110)	49
18:07:38.383	72	54.6622	(1705, 1100)	(171, 110)	49
18:07:38.461	74	54.5911	(1715, 1101)	(172, 110)	49
18:07:38.545	70	54.5244	(1725, 1101)	(173, 110)	49
18:07:38.621	73	54.5166	(1735, 1103)	(174, 110)	49
18:07:38.704	74	54.4622	(1748, 1104)	(175, 110)	49
18:07:38.788	68	54.5185	(1753, 1105)	(175, 111)	49
18:07:38.863	70	54.5204	(1755, 1105)	(176, 111)	49
18:07:38.942	71	54.2561	(1765, 1106)	(177, 111)	49
18:07:39.016	71	54.1676	(1775, 1107)	(178, 111)	49
18:07:39.094	73	54.2142	(1785, 1108)	(179, 111)	49
18:07:39.178	69	54.0921	(1798, 1109)	(180, 111)	49
18:07:39.252	64	54.1123	(1806, 1111)	(181, 111)	49
18:07:39.322	71	54.072	(1815, 1112)	(182, 111)	49
18:07:39.424	69	54.0738	(1825, 1112)	(183, 111)	49
18:07:39.495	70	54.0886	(1835, 1113)	(184, 111)	49
18:07:39.575	70	53.8295	(1850, 1114)	(185, 111)	49
18:07:39.648	72	53.7661	(1855, 1114)	(186, 111)	49
18:07:39.726	72	53.7735	(1858, 1115)	(186, 112)	49
18:07:39.802	68	53.9523	(1865, 1116)	(187, 112)	49
18:07:39.879	71	53.919	(1877, 1117)	(188, 112)	49
18:07:39.956	73	53.8947	(1885, 1118)	(189, 112)	49
18:07:40.039	67	53.6538	(1895, 1120)	(190, 112)	49
18:07:40.116	67	53.7953	(1905, 1121)	(191, 112)	49
18:07:40.196	61	48.8615	(0, 0)	(0, 0)	49
EOM

