BOM
Frame extends: 2263, 1306
_ms_area: 10
measurements taken: 585
current rendering method: 2
is mouse replay: 1
Camera settings: Roation Quaternion: ( -0.748984, 0.14431, -0.646606, -0.00927751), Translationsvektor: ( -0.0185595, -0.0459418, 1.325).
System_Time	Elapsed_Time_PaintGL	Elapsed_Kernel_Time	Frame_Coordinates	Grid_Position	Manual_Measurement
00:52:09.934	30	19.935	(318, 226)	(32, 23)	0
00:52:09.973	30	19.9687	(325, 225)	(33, 23)	0
00:52:10.007	32	20.1056	(335, 225)	(34, 23)	0
00:52:10.042	34	20.196	(345, 225)	(35, 23)	0
00:52:10.087	33	20.3396	(357, 225)	(36, 23)	0
00:52:10.126	35	20.6704	(372, 225)	(37, 23)	0
00:52:10.171	31	20.632	(375, 225)	(38, 23)	0
00:52:10.209	33	20.753	(385, 225)	(39, 23)	0
00:52:10.250	36	20.8956	(395, 225)	(40, 23)	0
00:52:10.296	34	21.0704	(405, 225)	(41, 23)	0
00:52:10.338	36	21.2855	(415, 225)	(42, 23)	0
00:52:10.376	31	21.4479	(425, 225)	(43, 23)	0
00:52:10.411	30	21.5188	(435, 226)	(44, 23)	0
00:52:10.445	32	21.7222	(445, 226)	(45, 23)	0
00:52:10.480	31	22.0708	(455, 226)	(46, 23)	0
00:52:10.515	33	22.3953	(465, 227)	(47, 23)	0
00:52:10.557	34	22.5551	(475, 227)	(48, 23)	0
00:52:10.598	32	22.6348	(485, 228)	(49, 23)	0
00:52:10.632	37	22.8136	(495, 228)	(50, 23)	0
00:52:10.675	37	23.1058	(505, 229)	(51, 23)	0
00:52:10.721	38	23.0924	(515, 229)	(52, 23)	0
00:52:10.773	35	23.3533	(525, 229)	(53, 23)	0
00:52:10.815	35	23.5787	(535, 229)	(54, 23)	0
00:52:10.857	43	23.619	(545, 229)	(55, 23)	0
00:52:10.906	44	23.7593	(555, 229)	(56, 23)	0
00:52:10.962	40	23.9895	(565, 229)	(57, 23)	0
00:52:11.008	34	24.2305	(575, 229)	(58, 23)	0
00:52:11.049	40	24.2487	(585, 229)	(59, 23)	0
00:52:11.092	41	24.4858	(596, 229)	(60, 23)	0
00:52:11.141	41	24.607	(605, 230)	(61, 23)	0
00:52:11.189	37	24.8027	(615, 230)	(62, 23)	0
00:52:11.234	38	24.7099	(626, 230)	(63, 23)	0
00:52:11.290	39	24.9908	(635, 230)	(64, 23)	0
00:52:11.335	43	25.1932	(645, 230)	(65, 23)	0
00:52:11.388	38	25.0867	(655, 230)	(66, 23)	0
00:52:11.432	35	25.2607	(665, 230)	(67, 23)	0
00:52:11.473	40	25.372	(680, 230)	(68, 23)	0
00:52:11.523	43	25.4696	(685, 230)	(69, 23)	0
00:52:11.572	37	25.6393	(695, 230)	(70, 23)	0
00:52:11.614	37	25.5698	(705, 230)	(71, 23)	0
00:52:11.655	43	25.809	(715, 230)	(72, 23)	0
00:52:11.705	44	25.8333	(725, 230)	(73, 23)	0
00:52:11.762	44	25.8397	(735, 230)	(74, 23)	0
00:52:11.815	37	26.3713	(749, 230)	(75, 23)	0
00:52:11.856	39	26.2963	(756, 230)	(76, 23)	0
00:52:11.899	39	26.3775	(766, 230)	(77, 23)	0
00:52:11.947	41	26.3673	(775, 230)	(78, 23)	0
00:52:11.997	38	26.4964	(785, 230)	(79, 23)	0
00:52:12.044	36	26.5513	(796, 229)	(80, 23)	0
00:52:12.086	40	26.6905	(805, 229)	(81, 23)	0
00:52:12.136	46	26.4923	(815, 229)	(82, 23)	0
00:52:12.193	42	26.4021	(825, 228)	(83, 23)	0
00:52:12.239	36	26.5741	(835, 228)	(84, 23)	0
00:52:12.282	36	26.4948	(845, 228)	(85, 23)	0
00:52:12.323	43	26.475	(855, 228)	(86, 23)	0
00:52:12.372	45	26.3892	(865, 228)	(87, 23)	0
00:52:12.420	38	26.4919	(875, 228)	(88, 23)	0
00:52:12.461	36	26.2852	(885, 228)	(89, 23)	0
00:52:12.503	37	26.3504	(895, 228)	(90, 23)	0
00:52:12.546	39	26.3679	(905, 228)	(91, 23)	0
00:52:12.595	46	26.3077	(915, 228)	(92, 23)	0
00:52:12.651	38	26.4689	(925, 228)	(93, 23)	0
00:52:12.691	38	26.4899	(935, 228)	(94, 23)	0
00:52:12.733	38	26.3138	(945, 227)	(95, 23)	0
00:52:12.776	43	26.435	(957, 227)	(96, 23)	0
00:52:12.830	40	26.0289	(966, 227)	(97, 23)	0
00:52:12.880	37	26.0975	(975, 227)	(98, 23)	0
00:52:12.920	44	26.3348	(985, 227)	(99, 23)	0
00:52:12.970	44	26.1769	(995, 227)	(100, 23)	0
00:52:13.017	38	26.1741	(1005, 227)	(101, 23)	0
00:52:13.059	37	26.2182	(1015, 226)	(102, 23)	0
00:52:13.101	39	26.1536	(1025, 226)	(103, 23)	0
00:52:13.152	42	26.0559	(1035, 226)	(104, 23)	0
00:52:13.199	46	26.1576	(1045, 225)	(105, 23)	0
00:52:13.257	42	26.2862	(1055, 225)	(106, 23)	0
00:52:13.303	37	26.2387	(1065, 225)	(107, 23)	0
00:52:13.352	45	26.1508	(1071, 224)	(107, 22)	0
00:52:13.408	44	26.2047	(1075, 224)	(108, 22)	0
00:52:13.465	38	26.1705	(1085, 224)	(109, 22)	0
00:52:13.511	36	26.064	(1095, 224)	(110, 22)	0
00:52:13.553	35	26.1954	(1105, 224)	(111, 22)	0
00:52:13.594	40	26.1818	(1115, 224)	(112, 22)	0
00:52:13.646	41	26.1921	(1125, 224)	(113, 22)	0
00:52:13.693	38	26.0864	(1135, 224)	(114, 22)	0
00:52:13.733	37	26.4487	(1146, 223)	(115, 22)	0
00:52:13.775	38	26.4253	(1155, 223)	(116, 22)	0
00:52:13.817	40	26.7111	(1165, 223)	(117, 22)	0
00:52:13.869	41	26.5369	(1175, 223)	(118, 22)	0
00:52:13.921	41	26.9399	(1185, 223)	(119, 22)	0
00:52:13.970	42	26.8281	(1195, 223)	(120, 22)	0
00:52:14.022	45	26.9953	(1205, 223)	(121, 22)	0
00:52:14.077	43	26.9003	(1215, 223)	(122, 22)	0
00:52:14.123	38	27.1375	(1225, 223)	(123, 22)	0
00:52:14.165	37	27.1726	(1235, 223)	(124, 22)	0
00:52:14.207	39	27.2324	(1245, 223)	(125, 22)	0
00:52:14.257	57	27.1921	(1255, 223)	(126, 22)	0
00:52:14.322	43	27.3501	(1265, 224)	(127, 22)	0
00:52:14.373	43	27.6289	(1275, 224)	(128, 22)	0
00:52:14.429	47	27.7181	(1282, 225)	(128, 23)	0
00:52:14.493	46	27.6397	(1285, 225)	(129, 23)	0
00:52:14.547	37	27.6391	(1295, 226)	(130, 23)	0
00:52:14.588	36	27.5421	(1305, 226)	(131, 23)	0
00:52:14.630	40	27.8249	(1316, 228)	(132, 23)	0
00:52:14.679	44	27.5618	(1326, 228)	(133, 23)	0
00:52:14.729	41	27.7015	(1335, 228)	(134, 23)	0
00:52:14.777	39	28.0756	(1345, 229)	(135, 23)	0
00:52:14.827	47	27.9301	(1355, 230)	(136, 23)	0
00:52:14.883	47	28.1585	(1366, 230)	(137, 23)	0
00:52:14.945	44	28.34	(1375, 230)	(138, 23)	0
00:52:14.999	38	28.5739	(1386, 231)	(139, 23)	0
00:52:15.040	38	28.3397	(1395, 231)	(140, 23)	0
00:52:15.085	47	28.5333	(1405, 232)	(141, 23)	0
00:52:15.139	45	28.6079	(1415, 232)	(142, 23)	0
00:52:15.188	40	28.8917	(1425, 232)	(143, 23)	0
00:52:15.235	42	28.8164	(1435, 233)	(144, 23)	0
00:52:15.284	46	28.9898	(1445, 234)	(145, 23)	0
00:52:15.334	46	28.9812	(1455, 234)	(146, 23)	0
00:52:15.388	41	29.1099	(1465, 234)	(147, 23)	0
00:52:15.437	42	29.0676	(1478, 234)	(148, 23)	0
00:52:15.496	48	29.0561	(1485, 234)	(149, 23)	0
00:52:15.557	44	29.1277	(1488, 235)	(149, 24)	0
00:52:15.604	40	29.0159	(1495, 235)	(150, 24)	0
00:52:15.645	40	29.157	(1506, 235)	(151, 24)	0
00:52:15.695	48	29.2287	(1516, 235)	(152, 24)	0
00:52:15.751	46	29.5316	(1526, 236)	(153, 24)	0
00:52:15.807	39	29.2203	(1535, 236)	(154, 24)	0
00:52:15.854	48	29.36	(1546, 236)	(155, 24)	0
00:52:15.910	38	29.571	(1556, 237)	(156, 24)	0
00:52:15.951	38	29.4336	(1565, 237)	(157, 24)	0
00:52:15.994	39	29.4375	(1575, 238)	(158, 24)	0
00:52:16.041	39	29.4939	(1585, 238)	(159, 24)	0
00:52:16.083	39	29.5476	(1595, 239)	(160, 24)	0
00:52:16.125	38	29.5086	(1605, 239)	(161, 24)	0
00:52:16.166	38	29.1819	(1615, 240)	(162, 24)	0
00:52:16.208	38	29.1419	(1625, 240)	(163, 24)	0
00:52:16.249	39	29.5197	(1636, 241)	(164, 24)	0
00:52:16.291	39	29.2196	(1645, 242)	(165, 24)	0
00:52:16.333	39	29.1773	(1655, 242)	(166, 24)	0
00:52:16.375	41	29.4361	(1666, 243)	(167, 24)	0
00:52:16.424	39	29.2763	(1676, 244)	(168, 24)	0
00:52:16.465	38	29.3567	(1677, 245)	(168, 25)	0
00:52:16.506	39	29.2493	(1686, 245)	(169, 25)	0
00:52:16.550	39	29.2655	(1696, 246)	(170, 25)	0
00:52:16.606	43	29.1015	(1705, 246)	(171, 25)	0
00:52:16.653	40	29.4243	(1715, 248)	(172, 25)	0
00:52:16.694	39	29.293	(1726, 249)	(173, 25)	0
00:52:16.737	45	29.3353	(1735, 250)	(174, 25)	0
00:52:16.789	46	29.5538	(1745, 251)	(175, 25)	0
00:52:16.842	42	29.3787	(1755, 253)	(176, 25)	0
00:52:16.889	39	29.0944	(1765, 254)	(177, 25)	0
00:52:16.930	39	29.1948	(1768, 255)	(177, 26)	0
00:52:16.973	42	29.3321	(1775, 256)	(178, 26)	0
00:52:17.022	40	29.3391	(1785, 258)	(179, 26)	0
00:52:17.072	41	29.063	(1795, 260)	(180, 26)	0
00:52:17.127	44	29.3203	(1805, 262)	(181, 26)	0
00:52:17.176	42	29.1059	(1815, 264)	(182, 26)	0
00:52:17.223	39	29.1921	(1817, 265)	(182, 27)	0
00:52:17.265	39	29.2264	(1825, 267)	(183, 27)	0
00:52:17.308	48	28.9511	(1838, 271)	(184, 27)	0
00:52:17.366	48	28.9104	(1845, 273)	(185, 27)	0
00:52:17.420	45	29.0713	(1849, 275)	(185, 28)	0
00:52:17.475	39	29.052	(1858, 278)	(186, 28)	0
00:52:17.522	37	28.7782	(1865, 280)	(187, 28)	0
00:52:17.563	42	28.7496	(1874, 285)	(187, 29)	0
00:52:17.617	43	28.8782	(1875, 285)	(188, 29)	0
00:52:17.669	41	28.6167	(1885, 289)	(189, 29)	0
00:52:17.717	39	28.8404	(1895, 294)	(190, 29)	0
00:52:17.760	47	28.8536	(1895, 295)	(190, 30)	0
00:52:17.818	48	28.4557	(1905, 299)	(191, 30)	0
00:52:17.871	42	28.5643	(1912, 305)	(191, 31)	0
00:52:17.918	37	28.3641	(1915, 307)	(192, 31)	0
00:52:17.960	38	28.1676	(1925, 314)	(193, 31)	0
00:52:18.001	43	28.1102	(1926, 315)	(193, 32)	0
00:52:18.051	42	28.1225	(1935, 322)	(194, 32)	0
00:52:18.100	38	28.0753	(1937, 325)	(194, 33)	0
00:52:18.142	39	27.867	(1945, 333)	(195, 33)	0
00:52:18.193	41	27.6401	(1947, 335)	(195, 34)	0
00:52:18.239	42	27.5443	(1955, 344)	(196, 34)	0
00:52:18.288	39	27.7064	(1955, 345)	(196, 35)	0
00:52:18.335	38	27.3104	(1963, 355)	(196, 36)	0
00:52:18.377	39	27.3956	(1965, 358)	(197, 36)	0
00:52:18.427	40	26.8536	(1968, 365)	(197, 37)	0
00:52:18.474	37	26.9545	(1973, 375)	(197, 38)	0
00:52:18.516	36	26.6991	(1975, 379)	(198, 38)	0
00:52:18.557	37	27.2754	(1976, 385)	(198, 39)	0
00:52:18.600	44	27.2359	(1980, 395)	(198, 40)	0
00:52:18.654	40	27.1616	(1982, 405)	(198, 41)	0
00:52:18.704	37	27.1781	(1984, 415)	(198, 42)	0
00:52:18.745	35	27.1502	(1985, 417)	(199, 42)	0
00:52:18.787	43	27.1855	(1985, 425)	(199, 43)	0
00:52:18.837	46	27.4348	(1987, 435)	(199, 44)	0
00:52:18.893	42	27.3566	(1988, 445)	(199, 45)	0
00:52:18.941	38	27.856	(1989, 455)	(199, 46)	0
00:52:18.982	45	27.2153	(1989, 465)	(199, 47)	0
00:52:19.032	46	27.271	(1989, 475)	(199, 48)	0
00:52:19.087	39	27.3041	(1988, 485)	(199, 49)	0
00:52:19.128	37	27.2138	(1985, 495)	(199, 50)	0
00:52:19.169	43	27.6071	(1984, 495)	(198, 50)	0
00:52:19.226	46	27.4033	(1980, 505)	(198, 51)	0
00:52:19.290	47	27.6545	(1972, 516)	(197, 52)	0
00:52:19.345	38	27.971	(1965, 525)	(197, 53)	0
00:52:19.385	38	28.0332	(1964, 526)	(196, 53)	0
00:52:19.427	37	28.2477	(1954, 534)	(195, 53)	0
00:52:19.468	38	28.2625	(1953, 535)	(195, 54)	0
00:52:19.510	37	28.6757	(1944, 539)	(194, 54)	0
00:52:19.552	38	28.559	(1937, 545)	(194, 55)	0
00:52:19.593	43	28.7921	(1934, 547)	(193, 55)	0
00:52:19.645	42	28.813	(1924, 555)	(192, 56)	0
00:52:19.691	41	29.157	(1914, 561)	(191, 56)	0
00:52:19.741	39	29.5196	(1907, 565)	(191, 57)	0
00:52:19.788	39	29.9996	(1904, 567)	(190, 57)	0
00:52:19.831	47	29.9351	(1894, 572)	(189, 57)	0
00:52:19.888	45	29.9596	(1890, 575)	(189, 58)	0
00:52:19.943	44	30.0551	(1884, 577)	(188, 58)	0
00:52:19.990	40	30.4378	(1874, 581)	(187, 58)	0
00:52:20.032	39	30.6403	(1866, 585)	(187, 59)	0
00:52:20.073	41	30.543	(1864, 585)	(186, 59)	0
00:52:20.115	40	30.5563	(1854, 590)	(185, 59)	0
00:52:20.157	40	30.8542	(1844, 594)	(184, 59)	0
00:52:20.199	41	30.9782	(1843, 595)	(184, 60)	0
00:52:20.252	44	30.8033	(1834, 597)	(183, 60)	0
00:52:20.304	59	30.9339	(1823, 601)	(182, 60)	0
00:52:20.373	43	31.5068	(1810, 606)	(181, 61)	0
00:52:20.420	47	31.577	(1804, 609)	(180, 61)	0
00:52:20.473	49	31.7788	(1794, 612)	(179, 61)	0
00:52:20.527	50	31.6996	(1787, 615)	(179, 62)	0
00:52:20.581	43	31.8884	(1784, 616)	(178, 62)	0
00:52:20.629	41	32.0674	(1774, 619)	(177, 62)	0
00:52:20.678	45	32.169	(1764, 622)	(176, 62)	0
00:52:20.731	47	31.9831	(1758, 625)	(176, 63)	0
00:52:20.787	44	32.0646	(1754, 626)	(175, 63)	0
00:52:20.837	41	32.0609	(1744, 628)	(174, 63)	0
00:52:20.886	42	32.2593	(1734, 631)	(173, 63)	0
00:52:20.935	43	32.6647	(1724, 633)	(172, 63)	0
00:52:20.983	42	32.4895	(1715, 635)	(172, 64)	0
00:52:21.032	50	32.9323	(1714, 635)	(171, 64)	0
00:52:21.089	52	32.5796	(1704, 637)	(170, 64)	0
00:52:21.147	48	32.5508	(1694, 638)	(169, 64)	0
00:52:21.201	43	32.9249	(1684, 640)	(168, 64)	0
00:52:21.248	47	32.7766	(1674, 641)	(167, 64)	0
00:52:21.309	50	33.1053	(1664, 642)	(166, 64)	0
00:52:21.375	49	33.1812	(1654, 643)	(165, 64)	0
00:52:21.431	45	33.3044	(1644, 644)	(164, 64)	0
00:52:21.484	44	33.0733	(1633, 644)	(163, 64)	0
00:52:21.534	49	33.1227	(1624, 644)	(162, 64)	0
00:52:21.589	44	33.1807	(1614, 644)	(161, 64)	0
00:52:21.637	43	33.3594	(1604, 644)	(160, 64)	0
00:52:21.685	43	33.4253	(1594, 644)	(159, 64)	0
00:52:21.734	42	33.0256	(1584, 644)	(158, 64)	0
00:52:21.783	45	33.2987	(1574, 644)	(157, 64)	0
00:52:21.836	46	33.4273	(1564, 644)	(156, 64)	0
00:52:21.887	46	33.3836	(1554, 644)	(155, 64)	0
00:52:21.939	51	33.4624	(1548, 645)	(155, 65)	0
00:52:22.001	50	33.191	(1544, 645)	(154, 65)	0
00:52:22.055	44	33.2987	(1534, 645)	(153, 65)	0
00:52:22.103	43	33.4228	(1524, 646)	(152, 65)	0
00:52:22.151	43	33.4766	(1514, 647)	(151, 65)	0
00:52:22.200	43	33.5153	(1504, 648)	(150, 65)	0
00:52:22.249	43	33.4071	(1494, 649)	(149, 65)	0
00:52:22.299	51	33.7071	(1484, 651)	(148, 65)	0
00:52:22.356	48	33.3233	(1474, 652)	(147, 65)	0
00:52:22.418	49	33.5329	(1464, 652)	(146, 65)	0
00:52:22.474	43	33.5416	(1454, 653)	(145, 65)	0
00:52:22.521	43	33.6883	(1444, 654)	(144, 65)	0
00:52:22.569	44	33.5631	(1434, 654)	(143, 65)	0
00:52:22.618	44	33.785	(1419, 654)	(142, 65)	0
00:52:22.666	46	33.6246	(1414, 654)	(141, 65)	0
00:52:22.715	48	33.8468	(1404, 654)	(140, 65)	0
00:52:22.773	52	33.9061	(1394, 654)	(139, 65)	0
00:52:22.836	48	33.7717	(1384, 654)	(138, 65)	0
00:52:22.888	44	33.7437	(1374, 654)	(137, 65)	0
00:52:22.938	46	33.3403	(1356, 653)	(136, 65)	0
00:52:22.994	46	33.5067	(1354, 653)	(135, 65)	0
00:52:23.042	43	33.2105	(1344, 652)	(134, 65)	0
00:52:23.091	43	33.2108	(1334, 651)	(133, 65)	0
00:52:23.140	47	33.42	(1323, 651)	(132, 65)	0
00:52:23.195	48	33.4	(1314, 650)	(131, 65)	0
00:52:23.251	48	33.1593	(1303, 649)	(130, 65)	0
00:52:23.306	44	33.1046	(1294, 648)	(129, 65)	0
00:52:23.355	46	33.0176	(1284, 647)	(128, 65)	0
00:52:23.413	47	32.7981	(1274, 647)	(127, 65)	0
00:52:23.468	43	32.7259	(1264, 646)	(126, 65)	0
00:52:23.521	43	32.927	(1256, 644)	(126, 64)	0
00:52:23.569	48	32.587	(1254, 644)	(125, 64)	0
00:52:23.627	47	32.8187	(1244, 643)	(124, 64)	0
00:52:23.683	44	32.3791	(1234, 643)	(123, 64)	0
00:52:23.730	41	32.4116	(1224, 641)	(122, 64)	0
00:52:23.778	43	32.1173	(1214, 641)	(121, 64)	0
00:52:23.829	50	32.1018	(1204, 641)	(120, 64)	0
00:52:23.892	48	32.1415	(1194, 640)	(119, 64)	0
00:52:23.946	41	32.1745	(1184, 639)	(118, 64)	0
00:52:24.002	52	32.0087	(1174, 639)	(117, 64)	0
00:52:24.068	48	32.3201	(1164, 637)	(116, 64)	0
00:52:24.119	42	32.2247	(1154, 637)	(115, 64)	0
00:52:24.168	42	32.5255	(1144, 636)	(114, 64)	0
00:52:24.217	42	32.5767	(1134, 636)	(113, 64)	0
00:52:24.265	49	32.5711	(1124, 635)	(112, 64)	0
00:52:24.322	44	32.4227	(1114, 635)	(111, 64)	0
00:52:24.370	44	32.4633	(1110, 634)	(111, 63)	0
00:52:24.420	51	32.4224	(1104, 634)	(110, 63)	0
00:52:24.483	52	32.5505	(1093, 633)	(109, 63)	0
00:52:24.544	44	32.8455	(1084, 632)	(108, 63)	0
00:52:24.592	47	32.7493	(1074, 632)	(107, 63)	0
00:52:24.649	48	32.8944	(1064, 631)	(106, 63)	0
00:52:24.704	47	33.088	(1051, 631)	(105, 63)	0
00:52:24.753	41	32.9548	(1032, 629)	(103, 63)	0
00:52:24.801	41	32.7314	(1024, 629)	(102, 63)	0
00:52:24.850	41	32.5147	(1014, 629)	(101, 63)	0
00:52:24.897	49	32.5964	(1004, 628)	(100, 63)	0
00:52:24.954	43	32.3988	(994, 627)	(99, 63)	0
00:52:25.002	43	32.1822	(984, 627)	(98, 63)	0
00:52:25.061	47	32.2412	(974, 627)	(97, 63)	0
00:52:25.121	44	32.2276	(964, 626)	(96, 63)	0
00:52:25.169	42	32.3296	(954, 626)	(95, 63)	0
00:52:25.217	43	32.3403	(944, 626)	(94, 63)	0
00:52:25.270	50	32.1825	(934, 625)	(93, 63)	0
00:52:25.331	50	32.5564	(927, 624)	(93, 62)	0
00:52:25.385	42	32.289	(924, 624)	(92, 62)	0
00:52:25.433	42	32.4218	(914, 623)	(91, 62)	0
00:52:25.482	41	32.1027	(904, 622)	(90, 62)	0
00:52:25.530	42	32.0099	(894, 621)	(89, 62)	0
00:52:25.581	42	32.0896	(884, 620)	(88, 62)	0
00:52:25.628	41	32.0489	(873, 619)	(87, 62)	0
00:52:25.676	42	31.8985	(864, 619)	(86, 62)	0
00:52:25.725	43	31.9379	(854, 619)	(85, 62)	0
00:52:25.774	40	31.7001	(843, 618)	(84, 62)	0
00:52:25.815	45	31.4077	(834, 618)	(83, 62)	0
00:52:25.865	47	31.5391	(823, 617)	(82, 62)	0
00:52:25.921	46	31.3926	(814, 617)	(81, 62)	0
00:52:25.976	43	31.1538	(804, 617)	(80, 62)	0
00:52:26.024	42	30.9929	(794, 617)	(79, 62)	0
00:52:26.074	49	30.9655	(784, 616)	(78, 62)	0
00:52:26.140	49	30.7646	(772, 616)	(77, 62)	0
00:52:26.199	42	30.6717	(764, 615)	(76, 62)	0
00:52:26.248	49	30.5234	(754, 615)	(75, 62)	0
00:52:26.305	47	30.2441	(744, 615)	(74, 62)	0
00:52:26.359	46	30.0963	(734, 615)	(73, 62)	0
00:52:26.407	40	30.0393	(724, 615)	(72, 62)	0
00:52:26.458	48	29.7964	(714, 615)	(71, 62)	0
00:52:26.512	48	28.983	(704, 615)	(70, 62)	0
00:52:26.571	41	28.5564	(694, 615)	(69, 62)	0
00:52:26.616	49	28.6683	(684, 615)	(68, 62)	0
00:52:26.680	43	28.4676	(674, 615)	(67, 62)	0
00:52:26.727	40	28.4019	(664, 616)	(66, 62)	0
00:52:26.775	38	28.3969	(654, 617)	(65, 62)	0
00:52:26.816	38	28.4427	(644, 618)	(64, 62)	0
00:52:26.857	42	28.6813	(634, 618)	(63, 62)	0
00:52:26.907	40	28.5399	(624, 619)	(62, 62)	0
00:52:26.955	38	28.2213	(614, 619)	(61, 62)	0
00:52:26.997	39	27.9836	(604, 621)	(60, 62)	0
00:52:27.053	37	27.9693	(594, 621)	(59, 62)	0
00:52:27.094	37	27.693	(584, 622)	(58, 62)	0
00:52:27.136	36	27.3244	(574, 624)	(57, 62)	0
00:52:27.179	37	27.0804	(566, 625)	(57, 63)	0
00:52:27.226	38	27.0653	(564, 625)	(56, 63)	0
00:52:27.271	47	26.951	(554, 625)	(55, 63)	0
00:52:27.325	39	26.7356	(544, 626)	(54, 63)	0
00:52:27.373	39	26.5584	(534, 628)	(53, 63)	0
00:52:27.417	38	26.4982	(524, 629)	(52, 63)	0
00:52:27.463	36	26.4976	(514, 631)	(51, 63)	0
00:52:27.505	36	26.1726	(504, 633)	(50, 63)	0
00:52:27.546	36	26.293	(494, 634)	(49, 63)	0
00:52:27.588	35	26.1898	(493, 635)	(49, 64)	0
00:52:27.630	35	26.0556	(484, 637)	(48, 64)	0
00:52:27.671	38	25.696	(467, 641)	(47, 64)	0
00:52:27.717	39	25.7634	(464, 642)	(46, 64)	0
00:52:27.770	39	26.0443	(458, 645)	(46, 65)	0
00:52:27.820	39	25.7499	(454, 646)	(45, 65)	0
00:52:27.867	37	25.5794	(444, 650)	(44, 65)	0
00:52:27.909	38	25.5126	(434, 654)	(43, 65)	0
00:52:27.950	37	25.4095	(432, 655)	(43, 66)	0
00:52:27.991	34	25.2837	(424, 658)	(42, 66)	0
00:52:28.033	34	25.2521	(414, 662)	(41, 66)	0
00:52:28.075	34	25.4296	(409, 665)	(41, 67)	0
00:52:28.116	37	25.2476	(404, 667)	(40, 67)	0
00:52:28.159	37	25.136	(394, 671)	(39, 67)	0
00:52:28.201	37	25.3481	(387, 675)	(39, 68)	0
00:52:28.245	38	25.0241	(384, 676)	(38, 68)	0
00:52:28.290	34	25.1193	(374, 680)	(37, 68)	0
00:52:28.332	33	24.7984	(367, 685)	(37, 69)	0
00:52:28.373	34	24.8535	(364, 687)	(36, 69)	0
00:52:28.415	34	24.6385	(356, 695)	(36, 70)	0
00:52:28.458	33	24.731	(354, 695)	(35, 70)	0
00:52:28.499	34	24.4422	(344, 704)	(34, 70)	0
00:52:28.540	34	24.4978	(344, 705)	(34, 71)	0
00:52:28.585	42	24.3268	(337, 715)	(34, 72)	0
00:52:28.633	41	24.3222	(335, 725)	(34, 73)	0
00:52:28.684	38	24.3452	(334, 727)	(33, 73)	0
00:52:28.729	36	24.3862	(331, 735)	(33, 74)	0
00:52:28.775	37	24.6111	(329, 746)	(33, 75)	0
00:52:28.819	38	24.7601	(329, 755)	(33, 76)	0
00:52:28.864	44	24.571	(329, 765)	(33, 77)	0
00:52:28.917	36	24.7009	(329, 775)	(33, 78)	0
00:52:28.959	36	25.0087	(329, 785)	(33, 79)	0
00:52:29.000	36	24.9969	(329, 795)	(33, 80)	0
00:52:29.041	35	24.8498	(329, 805)	(33, 81)	0
00:52:29.083	34	24.4647	(329, 833)	(33, 83)	0
00:52:29.124	35	24.4745	(329, 836)	(33, 84)	0
00:52:29.167	38	24.3431	(329, 845)	(33, 85)	0
00:52:29.210	38	24.0927	(329, 855)	(33, 86)	0
00:52:29.257	39	23.9868	(330, 865)	(33, 87)	0
00:52:29.311	35	24.1049	(332, 875)	(33, 88)	0
00:52:29.354	34	23.9013	(335, 883)	(34, 88)	0
00:52:29.396	35	23.8655	(335, 885)	(34, 89)	0
00:52:29.438	34	23.7199	(338, 895)	(34, 90)	0
00:52:29.479	33	23.6474	(341, 905)	(34, 91)	0
00:52:29.514	34	23.8536	(345, 914)	(35, 91)	0
00:52:29.555	36	23.8148	(346, 915)	(35, 92)	0
00:52:29.598	38	23.5234	(350, 925)	(35, 93)	0
00:52:29.641	42	23.4907	(355, 931)	(36, 93)	0
00:52:29.690	40	23.3284	(357, 935)	(36, 94)	0
00:52:29.738	33	23.3735	(364, 945)	(36, 95)	0
00:52:29.778	32	23.3313	(365, 945)	(37, 95)	0
00:52:29.814	33	23.231	(373, 955)	(37, 96)	0
00:52:29.854	33	23.1273	(375, 956)	(38, 96)	0
00:52:29.889	32	23.1879	(384, 965)	(38, 97)	0
00:52:29.924	32	23.3396	(385, 966)	(39, 97)	0
00:52:29.958	33	23.1015	(395, 975)	(40, 98)	0
00:52:30.001	36	23.0074	(405, 982)	(41, 98)	0
00:52:30.042	37	22.8827	(411, 987)	(41, 99)	0
00:52:30.084	35	22.924	(415, 989)	(42, 99)	0
00:52:30.125	33	23.04	(423, 995)	(42, 100)	0
00:52:30.160	32	23.1673	(425, 996)	(43, 100)	0
00:52:30.194	32	22.9434	(435, 1001)	(44, 100)	0
00:52:30.229	37	22.9351	(441, 1005)	(44, 101)	0
00:52:30.272	39	22.9686	(446, 1007)	(45, 101)	0
00:52:30.314	37	22.9225	(455, 1012)	(46, 101)	0
00:52:30.359	36	22.8797	(461, 1015)	(46, 102)	0
00:52:30.403	35	22.8895	(465, 1017)	(47, 102)	0
00:52:30.446	41	22.9453	(475, 1022)	(48, 102)	0
00:52:30.496	36	22.9664	(481, 1025)	(48, 103)	0
00:52:30.536	33	22.8412	(485, 1026)	(49, 103)	0
00:52:30.577	32	22.8702	(495, 1030)	(50, 103)	0
00:52:30.613	31	22.8173	(505, 1034)	(51, 103)	0
00:52:30.647	35	22.8338	(506, 1035)	(51, 104)	0
00:52:30.689	38	22.8144	(515, 1037)	(52, 104)	0
00:52:30.731	37	22.8443	(525, 1040)	(53, 104)	0
00:52:30.773	36	23.0849	(540, 1043)	(54, 104)	0
00:52:30.814	33	23.0521	(545, 1044)	(55, 104)	0
00:52:30.855	33	23.0825	(549, 1045)	(55, 105)	0
00:52:30.892	39	23.1664	(555, 1046)	(56, 105)	0
00:52:30.939	34	23.0945	(577, 1050)	(58, 105)	0
00:52:30.981	33	23.34	(585, 1052)	(59, 105)	0
00:52:31.022	33	23.3393	(595, 1053)	(60, 105)	0
00:52:31.056	36	23.2979	(605, 1054)	(61, 105)	0
00:52:31.100	36	23.4622	(608, 1055)	(61, 106)	0
00:52:31.141	37	23.3505	(615, 1056)	(62, 106)	0
00:52:31.184	34	23.6507	(625, 1057)	(63, 106)	0
00:52:31.224	33	23.4124	(635, 1058)	(64, 106)	0
00:52:31.259	32	23.3643	(645, 1059)	(65, 106)	0
00:52:31.293	33	23.5479	(655, 1060)	(66, 106)	0
00:52:31.328	33	23.647	(665, 1061)	(67, 106)	0
00:52:31.364	35	23.7533	(675, 1061)	(68, 106)	0
00:52:31.412	35	23.8209	(685, 1063)	(69, 106)	0
00:52:31.453	34	23.9163	(695, 1063)	(70, 106)	0
00:52:31.496	38	24.1375	(705, 1064)	(71, 106)	0
00:52:31.544	39	24.3904	(715, 1064)	(72, 106)	0
00:52:31.586	35	23.9004	(719, 1065)	(72, 107)	0
00:52:31.627	34	24.1041	(725, 1065)	(73, 107)	0
00:52:31.668	34	24.4364	(735, 1066)	(74, 107)	0
00:52:31.710	34	24.1102	(745, 1066)	(75, 107)	0
00:52:31.753	33	24.4667	(755, 1066)	(76, 107)	0
00:52:31.794	33	24.4519	(765, 1066)	(77, 107)	0
00:52:31.835	34	24.4781	(775, 1067)	(78, 107)	0
00:52:31.877	33	24.3717	(785, 1067)	(79, 107)	0
00:52:31.914	40	24.6892	(795, 1068)	(80, 107)	0
00:52:31.967	40	24.5767	(805, 1069)	(81, 107)	0
00:52:32.026	38	24.6662	(815, 1070)	(82, 107)	0
00:52:32.072	36	25.0034	(825, 1071)	(83, 107)	0
00:52:32.113	38	24.8499	(835, 1072)	(84, 107)	0
00:52:32.157	44	24.8081	(845, 1073)	(85, 107)	0
00:52:32.206	39	24.8241	(856, 1074)	(86, 107)	0
00:52:32.253	33	24.9375	(862, 1075)	(86, 108)	0
00:52:32.287	37	24.8262	(865, 1075)	(87, 108)	0
00:52:32.330	40	25.025	(875, 1075)	(88, 108)	0
00:52:32.378	40	24.7511	(885, 1076)	(89, 108)	0
00:52:32.431	37	24.8086	(895, 1077)	(90, 108)	0
00:52:32.478	36	24.8633	(905, 1078)	(91, 108)	0
00:52:32.526	41	25.0376	(915, 1078)	(92, 108)	0
00:52:32.573	39	24.9452	(925, 1079)	(93, 108)	0
00:52:32.623	40	25.1652	(935, 1080)	(94, 108)	0
00:52:32.670	35	25.1604	(945, 1081)	(95, 108)	0
00:52:32.712	34	25.1569	(955, 1082)	(96, 108)	0
00:52:32.753	35	25.1084	(965, 1082)	(97, 108)	0
00:52:32.795	35	24.9723	(975, 1083)	(98, 108)	0
00:52:32.837	35	25.1481	(986, 1083)	(99, 108)	0
00:52:32.879	34	24.8293	(995, 1084)	(100, 108)	0
00:52:32.920	40	25.2359	(1005, 1084)	(101, 108)	0
00:52:32.962	35	25.1593	(1015, 1084)	(102, 108)	0
00:52:33.007	38	24.9182	(1017, 1085)	(102, 109)	0
00:52:33.053	36	24.9056	(1025, 1085)	(103, 109)	0
00:52:33.094	37	25.3588	(1040, 1085)	(104, 109)	0
00:52:33.136	37	25.1096	(1048, 1085)	(105, 109)	0
00:52:33.179	40	25.2407	(1055, 1086)	(106, 109)	0
00:52:33.227	38	24.9084	(1065, 1086)	(107, 109)	0
00:52:33.269	35	25.2668	(1075, 1086)	(108, 109)	0
00:52:33.309	35	25.0308	(1085, 1086)	(109, 109)	0
00:52:33.353	43	24.4756	(1096, 1086)	(110, 109)	0
00:52:33.402	42	24.3321	(1105, 1086)	(111, 109)	0
00:52:33.450	39	24.4864	(1115, 1086)	(112, 109)	0
00:52:33.497	36	24.5326	(1126, 1086)	(113, 109)	0
00:52:33.544	36	24.5016	(1135, 1086)	(114, 109)	0
00:52:33.588	37	24.519	(1146, 1086)	(115, 109)	0
00:52:33.634	44	24.4215	(1155, 1086)	(116, 109)	0
00:52:33.692	40	24.4447	(1166, 1086)	(117, 109)	0
00:52:33.734	34	24.5713	(1175, 1086)	(118, 109)	0
00:52:33.775	34	24.5316	(1185, 1085)	(119, 109)	0
00:52:33.817	33	24.5924	(1188, 1084)	(119, 108)	0
00:52:33.851	34	24.7046	(1195, 1084)	(120, 108)	0
00:52:33.893	34	24.9058	(1205, 1082)	(121, 108)	0
00:52:33.935	35	25.348	(1215, 1081)	(122, 108)	0
00:52:33.977	34	25.8113	(1225, 1081)	(123, 108)	0
00:52:34.019	35	25.9204	(1235, 1081)	(124, 108)	0
00:52:34.062	36	26.3406	(1245, 1080)	(125, 108)	0
00:52:34.102	35	26.24	(1255, 1080)	(126, 108)	0
00:52:34.143	36	26.3539	(1265, 1079)	(127, 108)	0
00:52:34.185	37	26.8966	(1275, 1078)	(128, 108)	0
00:52:34.227	37	26.9772	(1286, 1077)	(129, 108)	0
00:52:34.270	36	27.2387	(1295, 1077)	(130, 108)	0
00:52:34.310	37	27.3781	(1305, 1077)	(131, 108)	0
00:52:34.352	37	27.7067	(1315, 1077)	(132, 108)	0
00:52:34.394	38	28.0993	(1325, 1077)	(133, 108)	0
00:52:34.435	38	28.1862	(1335, 1077)	(134, 108)	0
00:52:34.477	38	28.4148	(1345, 1077)	(135, 108)	0
00:52:34.519	37	28.6204	(1355, 1077)	(136, 108)	0
00:52:34.561	37	28.9135	(1365, 1079)	(137, 108)	0
00:52:34.604	38	28.6979	(1375, 1080)	(138, 108)	0
00:52:34.652	43	28.8559	(1385, 1081)	(139, 108)	0
00:52:34.700	43	29.503	(1395, 1081)	(140, 108)	0
00:52:34.749	40	29.4544	(1405, 1083)	(141, 108)	0
00:52:34.798	46	29.7016	(1416, 1084)	(142, 108)	0
00:52:34.854	46	29.6173	(1418, 1085)	(142, 109)	0
00:52:34.912	40	29.7387	(1425, 1085)	(143, 109)	0
00:52:34.956	39	30.0136	(1437, 1088)	(144, 109)	0
00:52:34.998	41	30.0185	(1445, 1088)	(145, 109)	0
00:52:35.049	50	30.1579	(1455, 1089)	(146, 109)	0
00:52:35.122	42	29.8846	(1465, 1090)	(147, 109)	0
00:52:35.172	43	30.2649	(1476, 1091)	(148, 109)	0
00:52:35.225	48	30.0833	(1485, 1092)	(149, 109)	0
00:52:35.288	45	30.2652	(1495, 1093)	(150, 109)	0
00:52:35.340	39	30.3618	(1505, 1093)	(151, 109)	0
00:52:35.381	39	30.3735	(1515, 1093)	(152, 109)	0
00:52:35.423	47	30.3585	(1525, 1093)	(153, 109)	0
00:52:35.481	47	30.3329	(1535, 1094)	(154, 109)	0
00:52:35.540	42	30.3273	(1545, 1094)	(155, 109)	0
00:52:35.589	43	30.321	(1555, 1094)	(156, 109)	0
00:52:35.639	42	30.3446	(1565, 1094)	(157, 109)	0
00:52:35.689	41	30.3846	(1566, 1095)	(157, 110)	0
00:52:35.743	41	30.3381	(1575, 1095)	(158, 110)	0
00:52:35.791	39	30.1324	(1585, 1095)	(159, 110)	0
00:52:35.832	43	30.1089	(1596, 1096)	(160, 110)	0
00:52:35.887	45	29.6791	(1605, 1096)	(161, 110)	0
00:52:35.938	46	29.6279	(1615, 1096)	(162, 110)	0
00:52:35.987	38	29.6444	(1625, 1097)	(163, 110)	0
00:52:36.027	45	29.4379	(1635, 1097)	(164, 110)	0
00:52:36.077	51	29.1489	(1645, 1097)	(165, 110)	0
00:52:36.134	47	28.6046	(1655, 1098)	(166, 110)	0
00:52:36.192	41	28.364	(1665, 1098)	(167, 110)	0
00:52:36.244	43	28.1439	(1675, 1099)	(168, 110)	0
00:52:36.294	43	27.8458	(1685, 1099)	(169, 110)	0
00:52:36.341	43	27.5159	(1695, 1100)	(170, 110)	0
00:52:36.389	36	27.3861	(1705, 1100)	(171, 110)	0
00:52:36.430	39	27.1476	(1715, 1101)	(172, 110)	0
00:52:36.473	42	27.0068	(1725, 1101)	(173, 110)	0
00:52:36.522	42	26.6055	(1735, 1103)	(174, 110)	0
00:52:36.573	38	26.3329	(1748, 1104)	(175, 110)	0
00:52:36.619	37	26.121	(1753, 1105)	(175, 111)	0
00:52:36.660	44	26.2154	(1755, 1105)	(176, 111)	0
00:52:36.717	43	26.0225	(1765, 1106)	(177, 111)	0
00:52:36.772	39	25.9033	(1775, 1107)	(178, 111)	0
00:52:36.814	35	25.5776	(1785, 1108)	(179, 111)	0
00:52:36.855	35	25.323	(1798, 1109)	(180, 111)	0
00:52:36.900	41	24.9572	(1806, 1111)	(181, 111)	0
00:52:36.946	41	24.9113	(1815, 1112)	(182, 111)	0
00:52:36.996	37	24.5806	(1825, 1112)	(183, 111)	0
00:52:37.037	34	24.3856	(1835, 1113)	(184, 111)	0
00:52:37.077	34	24.1422	(1850, 1114)	(185, 111)	0
00:52:37.119	34	23.7176	(1855, 1114)	(186, 111)	0
00:52:37.161	33	23.8714	(1858, 1115)	(186, 112)	0
00:52:37.195	33	23.5887	(1865, 1116)	(187, 112)	0
00:52:37.230	32	23.3284	(1877, 1117)	(188, 112)	0
00:52:37.266	32	23.2449	(1885, 1118)	(189, 112)	0
00:52:37.306	32	22.8603	(1895, 1120)	(190, 112)	0
00:52:37.342	37	22.5861	(1905, 1121)	(191, 112)	0
00:52:37.383	30	15.5981	(0, 0)	(0, 0)	0
EOM

