BOM
Frame extends: 2263, 1306
_ms_area: 10
measurements taken: 585
current rendering method: 0
is mouse replay: 1
Camera settings: Roation Quaternion: ( -0.748984, 0.14431, -0.646606, -0.00927751), Translationsvektor: ( -0.0185595, -0.0459418, 1.325).
System_Time	Elapsed_Time_PaintGL	Elapsed_Kernel_Time	Frame_Coordinates	Grid_Position	Manual_Measurement
00:45:48.198	85	77.6519	(-1, -1)	(-1, -1)	0
00:45:48.287	85	77.7207	(-1, -1)	(-1, -1)	0
00:45:48.380	87	77.6841	(-1, -1)	(-1, -1)	0
00:45:48.468	86	77.7655	(-1, -1)	(-1, -1)	0
00:45:48.561	84	77.6776	(-1, -1)	(-1, -1)	0
00:45:48.648	89	77.7698	(-1, -1)	(-1, -1)	0
00:45:48.747	90	77.5676	(-1, -1)	(-1, -1)	0
00:45:48.844	85	77.7985	(-1, -1)	(-1, -1)	0
00:45:48.935	88	77.5538	(-1, -1)	(-1, -1)	0
00:45:49.034	88	77.8064	(-1, -1)	(-1, -1)	0
00:45:49.132	85	77.7261	(-1, -1)	(-1, -1)	0
00:45:49.220	85	77.613	(-1, -1)	(-1, -1)	0
00:45:49.312	85	77.7056	(-1, -1)	(-1, -1)	0
00:45:49.400	86	77.6123	(-1, -1)	(-1, -1)	0
00:45:49.490	88	77.5298	(-1, -1)	(-1, -1)	0
00:45:49.587	86	77.7212	(-1, -1)	(-1, -1)	0
00:45:49.677	86	77.6947	(-1, -1)	(-1, -1)	0
00:45:49.771	90	77.5283	(-1, -1)	(-1, -1)	0
00:45:49.867	86	77.5646	(-1, -1)	(-1, -1)	0
00:45:49.964	90	77.7169	(-1, -1)	(-1, -1)	0
00:45:50.061	88	77.6357	(-1, -1)	(-1, -1)	0
00:45:50.159	89	77.6959	(-1, -1)	(-1, -1)	0
00:45:50.258	90	77.6338	(-1, -1)	(-1, -1)	0
00:45:50.353	89	77.6012	(-1, -1)	(-1, -1)	0
00:45:50.451	89	77.7147	(-1, -1)	(-1, -1)	0
00:45:50.546	85	77.6911	(-1, -1)	(-1, -1)	0
00:45:50.639	89	77.7702	(-1, -1)	(-1, -1)	0
00:45:50.735	85	77.6631	(-1, -1)	(-1, -1)	0
00:45:50.824	83	77.708	(-1, -1)	(-1, -1)	0
00:45:50.915	84	77.7159	(-1, -1)	(-1, -1)	0
00:45:51.007	89	77.5985	(-1, -1)	(-1, -1)	0
00:45:51.104	90	77.6956	(-1, -1)	(-1, -1)	0
00:45:51.200	90	77.7087	(-1, -1)	(-1, -1)	0
00:45:51.299	89	77.6708	(-1, -1)	(-1, -1)	0
00:45:51.395	85	77.765	(-1, -1)	(-1, -1)	0
00:45:51.488	89	77.705	(-1, -1)	(-1, -1)	0
00:45:51.583	87	77.7539	(-1, -1)	(-1, -1)	0
00:45:51.681	87	77.6357	(-1, -1)	(-1, -1)	0
00:45:51.777	87	77.7944	(-1, -1)	(-1, -1)	0
00:45:51.876	89	77.5255	(-1, -1)	(-1, -1)	0
00:45:51.973	89	77.6265	(-1, -1)	(-1, -1)	0
00:45:52.074	90	77.5302	(-1, -1)	(-1, -1)	0
00:45:52.169	88	77.6867	(-1, -1)	(-1, -1)	0
00:45:52.264	85	77.8354	(-1, -1)	(-1, -1)	0
00:45:52.356	88	77.5366	(-1, -1)	(-1, -1)	0
00:45:52.451	85	77.7061	(-1, -1)	(-1, -1)	0
00:45:52.543	90	77.5855	(-1, -1)	(-1, -1)	0
00:45:52.639	91	77.635	(-1, -1)	(-1, -1)	0
00:45:52.740	88	77.699	(-1, -1)	(-1, -1)	0
00:45:52.834	86	77.6053	(-1, -1)	(-1, -1)	0
00:45:52.927	89	77.643	(-1, -1)	(-1, -1)	0
00:45:53.022	90	77.6204	(-1, -1)	(-1, -1)	0
00:45:53.120	91	77.6809	(-1, -1)	(-1, -1)	0
00:45:53.218	91	77.667	(-1, -1)	(-1, -1)	0
00:45:53.313	96	77.6852	(-1, -1)	(-1, -1)	0
00:45:53.419	89	77.7375	(-1, -1)	(-1, -1)	0
00:45:53.515	88	77.5467	(-1, -1)	(-1, -1)	0
00:45:53.615	89	77.7547	(-1, -1)	(-1, -1)	0
00:45:53.709	84	77.6804	(-1, -1)	(-1, -1)	0
00:45:53.801	90	77.7006	(-1, -1)	(-1, -1)	0
00:45:53.898	86	77.6828	(-1, -1)	(-1, -1)	0
00:45:53.991	89	77.6087	(-1, -1)	(-1, -1)	0
00:45:54.086	87	77.6095	(-1, -1)	(-1, -1)	0
00:45:54.184	90	77.489	(-1, -1)	(-1, -1)	0
00:45:54.282	88	77.5729	(-1, -1)	(-1, -1)	0
00:45:54.377	86	77.795	(-1, -1)	(-1, -1)	0
00:45:54.469	88	77.6827	(-1, -1)	(-1, -1)	0
00:45:54.564	86	77.7542	(-1, -1)	(-1, -1)	0
00:45:54.656	90	77.7404	(-1, -1)	(-1, -1)	0
00:45:54.753	85	77.745	(-1, -1)	(-1, -1)	0
00:45:54.844	90	77.5665	(-1, -1)	(-1, -1)	0
00:45:54.945	90	77.6665	(-1, -1)	(-1, -1)	0
00:45:55.046	90	77.6073	(-1, -1)	(-1, -1)	0
00:45:55.143	91	77.6536	(-1, -1)	(-1, -1)	0
00:45:55.240	91	77.8314	(-1, -1)	(-1, -1)	0
00:45:55.340	86	77.5127	(-1, -1)	(-1, -1)	0
00:45:55.434	85	77.6446	(-1, -1)	(-1, -1)	0
00:45:55.527	88	77.5738	(-1, -1)	(-1, -1)	0
00:45:55.621	85	77.7483	(-1, -1)	(-1, -1)	0
00:45:55.713	90	77.5756	(-1, -1)	(-1, -1)	0
00:45:55.810	87	77.6508	(-1, -1)	(-1, -1)	0
00:45:55.908	90	77.785	(-1, -1)	(-1, -1)	0
00:45:56.005	86	77.649	(-1, -1)	(-1, -1)	0
00:45:56.096	89	77.5803	(-1, -1)	(-1, -1)	0
00:45:56.194	90	77.7653	(-1, -1)	(-1, -1)	0
00:45:56.290	90	77.6687	(-1, -1)	(-1, -1)	0
00:45:56.388	90	77.708	(-1, -1)	(-1, -1)	0
00:45:56.485	89	77.6796	(-1, -1)	(-1, -1)	0
00:45:56.581	86	77.696	(-1, -1)	(-1, -1)	0
00:45:56.671	89	77.7292	(-1, -1)	(-1, -1)	0
00:45:56.770	88	77.689	(-1, -1)	(-1, -1)	0
00:45:56.866	84	77.6542	(-1, -1)	(-1, -1)	0
00:45:56.957	90	77.6447	(-1, -1)	(-1, -1)	0
00:45:57.054	84	77.5705	(-1, -1)	(-1, -1)	0
00:45:57.150	88	77.5056	(-1, -1)	(-1, -1)	0
00:45:57.248	88	77.6982	(-1, -1)	(-1, -1)	0
00:45:57.340	91	77.7714	(-1, -1)	(-1, -1)	0
00:45:57.442	90	77.6049	(-1, -1)	(-1, -1)	0
00:45:57.542	90	77.6329	(-1, -1)	(-1, -1)	0
00:45:57.639	89	77.6938	(-1, -1)	(-1, -1)	0
00:45:57.735	84	77.8267	(-1, -1)	(-1, -1)	0
00:45:57.827	88	77.7944	(-1, -1)	(-1, -1)	0
00:45:57.922	85	77.6204	(-1, -1)	(-1, -1)	0
00:45:58.014	89	77.5527	(-1, -1)	(-1, -1)	0
00:45:58.110	87	77.648	(-1, -1)	(-1, -1)	0
00:45:58.202	90	77.6332	(-1, -1)	(-1, -1)	0
00:45:58.300	91	77.5649	(-1, -1)	(-1, -1)	0
00:45:58.397	90	77.6084	(-1, -1)	(-1, -1)	0
00:45:58.494	89	77.5677	(-1, -1)	(-1, -1)	0
00:45:58.589	86	77.6692	(-1, -1)	(-1, -1)	0
00:45:58.682	89	77.653	(-1, -1)	(-1, -1)	0
00:45:58.777	85	77.761	(-1, -1)	(-1, -1)	0
00:45:58.869	89	77.6161	(-1, -1)	(-1, -1)	0
00:45:58.965	88	77.5366	(-1, -1)	(-1, -1)	0
00:45:59.057	90	77.6126	(-1, -1)	(-1, -1)	0
00:45:59.153	87	77.777	(-1, -1)	(-1, -1)	0
00:45:59.244	91	77.6099	(-1, -1)	(-1, -1)	0
00:45:59.342	88	77.6621	(-1, -1)	(-1, -1)	0
00:45:59.439	91	77.6265	(-1, -1)	(-1, -1)	0
00:45:59.542	88	77.6664	(-1, -1)	(-1, -1)	0
00:45:59.635	89	77.6314	(-1, -1)	(-1, -1)	0
00:45:59.731	89	77.849	(-1, -1)	(-1, -1)	0
00:45:59.827	84	77.6286	(-1, -1)	(-1, -1)	0
00:45:59.919	89	77.6156	(-1, -1)	(-1, -1)	0
00:46:00.015	85	77.5526	(-1, -1)	(-1, -1)	0
00:46:00.104	85	77.7917	(-1, -1)	(-1, -1)	0
00:46:00.200	87	77.8307	(-1, -1)	(-1, -1)	0
00:46:00.293	86	77.5907	(-1, -1)	(-1, -1)	0
00:46:00.385	89	77.705	(-1, -1)	(-1, -1)	0
00:46:00.480	86	77.6899	(-1, -1)	(-1, -1)	0
00:46:00.571	85	77.7345	(-1, -1)	(-1, -1)	0
00:46:00.660	86	77.7381	(-1, -1)	(-1, -1)	0
00:46:00.753	89	77.7099	(-1, -1)	(-1, -1)	0
00:46:00.850	85	77.683	(-1, -1)	(-1, -1)	0
00:46:00.943	90	77.6273	(-1, -1)	(-1, -1)	0
00:46:01.045	86	77.6599	(-1, -1)	(-1, -1)	0
00:46:01.142	90	77.6881	(-1, -1)	(-1, -1)	0
00:46:01.243	89	77.7511	(-1, -1)	(-1, -1)	0
00:46:01.337	91	77.7424	(-1, -1)	(-1, -1)	0
00:46:01.435	89	77.7036	(-1, -1)	(-1, -1)	0
00:46:01.530	88	77.6561	(-1, -1)	(-1, -1)	0
00:46:01.628	89	77.6087	(-1, -1)	(-1, -1)	0
00:46:01.725	86	77.6858	(-1, -1)	(-1, -1)	0
00:46:01.822	88	77.6213	(-1, -1)	(-1, -1)	0
00:46:01.912	85	77.7461	(-1, -1)	(-1, -1)	0
00:46:02.004	90	77.6416	(-1, -1)	(-1, -1)	0
00:46:02.106	89	77.8144	(-1, -1)	(-1, -1)	0
00:46:02.199	90	77.588	(-1, -1)	(-1, -1)	0
00:46:02.297	88	77.6963	(-1, -1)	(-1, -1)	0
00:46:02.396	89	77.6311	(-1, -1)	(-1, -1)	0
00:46:02.491	88	77.7077	(-1, -1)	(-1, -1)	0
00:46:02.586	86	77.8144	(-1, -1)	(-1, -1)	0
00:46:02.678	90	77.6212	(-1, -1)	(-1, -1)	0
00:46:02.775	87	77.6818	(-1, -1)	(-1, -1)	0
00:46:02.867	90	77.7759	(-1, -1)	(-1, -1)	0
00:46:02.963	85	77.6942	(-1, -1)	(-1, -1)	0
00:46:03.056	89	77.6686	(-1, -1)	(-1, -1)	0
00:46:03.152	90	77.7033	(-1, -1)	(-1, -1)	0
00:46:03.249	90	77.6641	(-1, -1)	(-1, -1)	0
00:46:03.347	88	77.6221	(-1, -1)	(-1, -1)	0
00:46:03.442	84	77.6693	(-1, -1)	(-1, -1)	0
00:46:03.536	89	77.7161	(-1, -1)	(-1, -1)	0
00:46:03.629	85	77.7077	(-1, -1)	(-1, -1)	0
00:46:03.722	90	77.5699	(-1, -1)	(-1, -1)	0
00:46:03.821	91	77.5853	(-1, -1)	(-1, -1)	0
00:46:03.917	89	77.5154	(-1, -1)	(-1, -1)	0
00:46:04.013	85	77.7199	(-1, -1)	(-1, -1)	0
00:46:04.104	90	77.6314	(-1, -1)	(-1, -1)	0
00:46:04.205	90	77.8096	(-1, -1)	(-1, -1)	0
00:46:04.297	86	77.6396	(-1, -1)	(-1, -1)	0
00:46:04.389	88	77.6507	(-1, -1)	(-1, -1)	0
00:46:04.484	85	77.6384	(-1, -1)	(-1, -1)	0
00:46:04.577	90	77.6738	(-1, -1)	(-1, -1)	0
00:46:04.673	87	77.5945	(-1, -1)	(-1, -1)	0
00:46:04.765	90	77.6981	(-1, -1)	(-1, -1)	0
00:46:04.860	87	77.6347	(-1, -1)	(-1, -1)	0
00:46:04.953	89	77.567	(-1, -1)	(-1, -1)	0
00:46:05.049	90	77.6527	(-1, -1)	(-1, -1)	0
00:46:05.144	86	77.7413	(-1, -1)	(-1, -1)	0
00:46:05.239	89	77.6732	(-1, -1)	(-1, -1)	0
00:46:05.336	99	77.657	(-1, -1)	(-1, -1)	0
00:46:05.446	89	77.68	(-1, -1)	(-1, -1)	0
00:46:05.541	85	77.8123	(-1, -1)	(-1, -1)	0
00:46:05.636	87	77.6653	(-1, -1)	(-1, -1)	0
00:46:05.729	86	77.6305	(-1, -1)	(-1, -1)	0
00:46:05.821	88	77.5391	(-1, -1)	(-1, -1)	0
00:46:05.918	87	77.7001	(-1, -1)	(-1, -1)	0
00:46:06.016	89	77.5764	(-1, -1)	(-1, -1)	0
00:46:06.113	86	77.5653	(-1, -1)	(-1, -1)	0
00:46:06.203	90	77.6127	(-1, -1)	(-1, -1)	0
00:46:06.305	90	77.6444	(-1, -1)	(-1, -1)	0
00:46:06.405	87	77.6527	(-1, -1)	(-1, -1)	0
00:46:06.502	88	77.7459	(-1, -1)	(-1, -1)	0
00:46:06.598	85	77.5542	(-1, -1)	(-1, -1)	0
00:46:06.692	88	77.7098	(-1, -1)	(-1, -1)	0
00:46:06.785	86	77.7622	(-1, -1)	(-1, -1)	0
00:46:06.877	90	77.6634	(-1, -1)	(-1, -1)	0
00:46:06.974	87	77.7797	(-1, -1)	(-1, -1)	0
00:46:07.067	91	77.5991	(-1, -1)	(-1, -1)	0
00:46:07.164	85	77.5742	(-1, -1)	(-1, -1)	0
00:46:07.254	90	77.6947	(-1, -1)	(-1, -1)	0
00:46:07.350	89	77.6724	(-1, -1)	(-1, -1)	0
00:46:07.447	88	77.7459	(-1, -1)	(-1, -1)	0
00:46:07.545	89	77.7022	(-1, -1)	(-1, -1)	0
00:46:07.641	90	77.6724	(-1, -1)	(-1, -1)	0
00:46:07.741	87	77.6487	(-1, -1)	(-1, -1)	0
00:46:07.836	85	77.5893	(-1, -1)	(-1, -1)	0
00:46:07.927	90	77.5643	(-1, -1)	(-1, -1)	0
00:46:08.024	86	77.7975	(-1, -1)	(-1, -1)	0
00:46:08.113	86	77.7	(-1, -1)	(-1, -1)	0
00:46:08.206	87	77.732	(-1, -1)	(-1, -1)	0
00:46:08.294	84	77.7739	(-1, -1)	(-1, -1)	0
00:46:08.386	89	77.7013	(-1, -1)	(-1, -1)	0
00:46:08.483	91	77.6471	(-1, -1)	(-1, -1)	0
00:46:08.583	87	77.6967	(-1, -1)	(-1, -1)	0
00:46:08.677	85	77.5759	(-1, -1)	(-1, -1)	0
00:46:08.771	88	77.8159	(-1, -1)	(-1, -1)	0
00:46:08.864	87	77.6917	(-1, -1)	(-1, -1)	0
00:46:08.959	88	77.619	(-1, -1)	(-1, -1)	0
00:46:09.055	90	77.6644	(-1, -1)	(-1, -1)	0
00:46:09.151	90	77.6373	(-1, -1)	(-1, -1)	0
00:46:09.249	89	77.6559	(-1, -1)	(-1, -1)	0
00:46:09.344	84	77.628	(-1, -1)	(-1, -1)	0
00:46:09.438	89	77.6363	(-1, -1)	(-1, -1)	0
00:46:09.531	85	77.7169	(-1, -1)	(-1, -1)	0
00:46:09.624	90	77.773	(-1, -1)	(-1, -1)	0
00:46:09.720	86	77.6628	(-1, -1)	(-1, -1)	0
00:46:09.811	91	77.6441	(-1, -1)	(-1, -1)	0
00:46:09.911	89	77.5643	(-1, -1)	(-1, -1)	0
00:46:10.007	89	77.4991	(-1, -1)	(-1, -1)	0
00:46:10.107	91	77.6459	(-1, -1)	(-1, -1)	0
00:46:10.209	89	77.7464	(-1, -1)	(-1, -1)	0
00:46:10.305	88	77.6513	(-1, -1)	(-1, -1)	0
00:46:10.400	86	77.6988	(-1, -1)	(-1, -1)	0
00:46:10.493	89	77.7222	(-1, -1)	(-1, -1)	0
00:46:10.589	85	77.8033	(-1, -1)	(-1, -1)	0
00:46:10.682	88	77.6007	(-1, -1)	(-1, -1)	0
00:46:10.776	87	77.6234	(-1, -1)	(-1, -1)	0
00:46:10.868	89	77.5944	(-1, -1)	(-1, -1)	0
00:46:10.967	86	77.6348	(-1, -1)	(-1, -1)	0
00:46:11.061	89	77.6056	(-1, -1)	(-1, -1)	0
00:46:11.160	89	77.536	(-1, -1)	(-1, -1)	0
00:46:11.255	85	77.7265	(-1, -1)	(-1, -1)	0
00:46:11.349	88	77.6498	(-1, -1)	(-1, -1)	0
00:46:11.443	84	77.8492	(-1, -1)	(-1, -1)	0
00:46:11.540	89	77.6763	(-1, -1)	(-1, -1)	0
00:46:11.633	89	77.7708	(-1, -1)	(-1, -1)	0
00:46:11.732	90	77.6493	(-1, -1)	(-1, -1)	0
00:46:11.827	87	77.7561	(-1, -1)	(-1, -1)	0
00:46:11.925	90	77.5212	(-1, -1)	(-1, -1)	0
00:46:12.022	88	77.6541	(-1, -1)	(-1, -1)	0
00:46:12.119	90	77.7028	(-1, -1)	(-1, -1)	0
00:46:12.218	90	77.616	(-1, -1)	(-1, -1)	0
00:46:12.314	90	77.5883	(-1, -1)	(-1, -1)	0
00:46:12.412	88	77.7633	(-1, -1)	(-1, -1)	0
00:46:12.507	83	77.7301	(-1, -1)	(-1, -1)	0
00:46:12.599	88	77.6825	(-1, -1)	(-1, -1)	0
00:46:12.695	84	77.6098	(-1, -1)	(-1, -1)	0
00:46:12.791	88	77.6456	(-1, -1)	(-1, -1)	0
00:46:12.883	87	77.6988	(-1, -1)	(-1, -1)	0
00:46:12.974	91	77.5037	(-1, -1)	(-1, -1)	0
00:46:13.071	88	77.6514	(-1, -1)	(-1, -1)	0
00:46:13.169	90	77.6144	(-1, -1)	(-1, -1)	0
00:46:13.267	90	77.7086	(-1, -1)	(-1, -1)	0
00:46:13.363	86	77.6757	(-1, -1)	(-1, -1)	0
00:46:13.454	88	77.567	(-1, -1)	(-1, -1)	0
00:46:13.549	86	77.645	(-1, -1)	(-1, -1)	0
00:46:13.642	89	77.628	(-1, -1)	(-1, -1)	0
00:46:13.739	87	77.6684	(-1, -1)	(-1, -1)	0
00:46:13.836	90	77.6607	(-1, -1)	(-1, -1)	0
00:46:13.937	87	77.7711	(-1, -1)	(-1, -1)	0
00:46:14.029	86	77.6717	(-1, -1)	(-1, -1)	0
00:46:14.121	91	77.6673	(-1, -1)	(-1, -1)	0
00:46:14.218	89	77.5539	(-1, -1)	(-1, -1)	0
00:46:14.319	89	77.8024	(-1, -1)	(-1, -1)	0
00:46:14.414	87	77.7073	(-1, -1)	(-1, -1)	0
00:46:14.512	87	77.6646	(-1, -1)	(-1, -1)	0
00:46:14.606	84	77.6951	(-1, -1)	(-1, -1)	0
00:46:14.698	90	77.643	(-1, -1)	(-1, -1)	0
00:46:14.795	87	77.6434	(-1, -1)	(-1, -1)	0
00:46:14.893	90	77.7384	(-1, -1)	(-1, -1)	0
00:46:14.991	87	77.6763	(-1, -1)	(-1, -1)	0
00:46:15.087	91	77.7068	(-1, -1)	(-1, -1)	0
00:46:15.186	89	77.6738	(-1, -1)	(-1, -1)	0
00:46:15.280	86	77.7262	(-1, -1)	(-1, -1)	0
00:46:15.373	90	77.7782	(-1, -1)	(-1, -1)	0
00:46:15.469	86	77.7618	(-1, -1)	(-1, -1)	0
00:46:15.561	86	77.6498	(-1, -1)	(-1, -1)	0
00:46:15.649	85	77.6827	(-1, -1)	(-1, -1)	0
00:46:15.742	89	77.6013	(-1, -1)	(-1, -1)	0
00:46:15.837	84	77.5916	(-1, -1)	(-1, -1)	0
00:46:15.927	85	77.8261	(-1, -1)	(-1, -1)	0
00:46:16.023	91	77.7495	(-1, -1)	(-1, -1)	0
00:46:16.124	91	77.777	(-1, -1)	(-1, -1)	0
00:46:16.221	89	77.6356	(-1, -1)	(-1, -1)	0
00:46:16.320	89	77.7153	(-1, -1)	(-1, -1)	0
00:46:16.417	90	77.8824	(-1, -1)	(-1, -1)	0
00:46:16.511	84	77.6794	(-1, -1)	(-1, -1)	0
00:46:16.604	86	77.7615	(-1, -1)	(-1, -1)	0
00:46:16.691	86	77.7935	(-1, -1)	(-1, -1)	0
00:46:16.787	88	77.6117	(-1, -1)	(-1, -1)	0
00:46:16.880	85	77.7624	(-1, -1)	(-1, -1)	0
00:46:16.972	90	77.66	(-1, -1)	(-1, -1)	0
00:46:17.069	87	77.6304	(-1, -1)	(-1, -1)	0
00:46:17.166	89	77.6188	(-1, -1)	(-1, -1)	0
00:46:17.269	88	77.6833	(-1, -1)	(-1, -1)	0
00:46:17.368	90	77.7073	(-1, -1)	(-1, -1)	0
00:46:17.466	90	77.6604	(-1, -1)	(-1, -1)	0
00:46:17.561	86	77.6507	(-1, -1)	(-1, -1)	0
00:46:17.653	89	77.5256	(-1, -1)	(-1, -1)	0
00:46:17.748	85	77.7689	(-1, -1)	(-1, -1)	0
00:46:17.840	91	77.5873	(-1, -1)	(-1, -1)	0
00:46:17.936	85	77.7193	(-1, -1)	(-1, -1)	0
00:46:18.028	89	77.7333	(-1, -1)	(-1, -1)	0
00:46:18.124	88	77.747	(-1, -1)	(-1, -1)	0
00:46:18.222	91	77.6947	(-1, -1)	(-1, -1)	0
00:46:18.322	84	77.5747	(-1, -1)	(-1, -1)	0
00:46:18.409	85	77.7043	(-1, -1)	(-1, -1)	0
00:46:18.502	89	77.7378	(-1, -1)	(-1, -1)	0
00:46:18.596	86	77.9043	(-1, -1)	(-1, -1)	0
00:46:18.689	89	77.7093	(-1, -1)	(-1, -1)	0
00:46:18.785	85	77.6941	(-1, -1)	(-1, -1)	0
00:46:18.876	90	77.6033	(-1, -1)	(-1, -1)	0
00:46:18.973	86	77.6556	(-1, -1)	(-1, -1)	0
00:46:19.063	91	77.6594	(-1, -1)	(-1, -1)	0
00:46:19.161	87	77.7603	(-1, -1)	(-1, -1)	0
00:46:19.259	89	77.7323	(-1, -1)	(-1, -1)	0
00:46:19.356	91	77.5985	(-1, -1)	(-1, -1)	0
00:46:19.453	89	77.6175	(-1, -1)	(-1, -1)	0
00:46:19.550	87	77.711	(-1, -1)	(-1, -1)	0
00:46:19.638	86	77.6375	(-1, -1)	(-1, -1)	0
00:46:19.732	89	77.6342	(-1, -1)	(-1, -1)	0
00:46:19.827	84	77.5893	(-1, -1)	(-1, -1)	0
00:46:19.918	85	77.6439	(-1, -1)	(-1, -1)	0
00:46:20.008	86	77.6098	(-1, -1)	(-1, -1)	0
00:46:20.100	89	77.6856	(-1, -1)	(-1, -1)	0
00:46:20.197	92	77.5656	(-1, -1)	(-1, -1)	0
00:46:20.295	90	77.7216	(-1, -1)	(-1, -1)	0
00:46:20.392	90	77.507	(-1, -1)	(-1, -1)	0
00:46:20.491	88	77.6898	(-1, -1)	(-1, -1)	0
00:46:20.586	89	77.6959	(-1, -1)	(-1, -1)	0
00:46:20.683	87	77.6293	(-1, -1)	(-1, -1)	0
00:46:20.781	88	77.8043	(-1, -1)	(-1, -1)	0
00:46:20.877	84	77.7307	(-1, -1)	(-1, -1)	0
00:46:20.968	89	77.769	(-1, -1)	(-1, -1)	0
00:46:21.067	86	77.7233	(-1, -1)	(-1, -1)	0
00:46:21.163	91	77.6532	(-1, -1)	(-1, -1)	0
00:46:21.261	84	77.6756	(-1, -1)	(-1, -1)	0
00:46:21.349	84	77.8655	(-1, -1)	(-1, -1)	0
00:46:21.444	89	77.5861	(-1, -1)	(-1, -1)	0
00:46:21.546	91	77.7587	(-1, -1)	(-1, -1)	0
00:46:21.643	88	77.8159	(-1, -1)	(-1, -1)	0
00:46:21.739	87	77.6281	(-1, -1)	(-1, -1)	0
00:46:21.831	89	77.6582	(-1, -1)	(-1, -1)	0
00:46:21.926	84	77.6756	(-1, -1)	(-1, -1)	0
00:46:22.020	89	77.5714	(-1, -1)	(-1, -1)	0
00:46:22.116	89	77.652	(-1, -1)	(-1, -1)	0
00:46:22.213	91	77.685	(-1, -1)	(-1, -1)	0
00:46:22.310	88	77.5917	(-1, -1)	(-1, -1)	0
00:46:22.408	90	77.6843	(-1, -1)	(-1, -1)	0
00:46:22.506	91	77.7116	(-1, -1)	(-1, -1)	0
00:46:22.603	90	77.5741	(-1, -1)	(-1, -1)	0
00:46:22.701	86	77.6276	(-1, -1)	(-1, -1)	0
00:46:22.788	86	77.7702	(-1, -1)	(-1, -1)	0
00:46:22.880	90	77.6871	(-1, -1)	(-1, -1)	0
00:46:22.976	84	77.733	(-1, -1)	(-1, -1)	0
00:46:23.070	88	77.7021	(-1, -1)	(-1, -1)	0
00:46:23.165	86	77.7538	(-1, -1)	(-1, -1)	0
00:46:23.256	90	77.6756	(-1, -1)	(-1, -1)	0
00:46:23.354	86	77.6376	(-1, -1)	(-1, -1)	0
00:46:23.450	91	77.6012	(-1, -1)	(-1, -1)	0
00:46:23.547	88	77.5391	(-1, -1)	(-1, -1)	0
00:46:23.647	89	77.617	(-1, -1)	(-1, -1)	0
00:46:23.750	87	77.8422	(-1, -1)	(-1, -1)	0
00:46:23.847	90	77.7065	(-1, -1)	(-1, -1)	0
00:46:23.947	88	77.7221	(-1, -1)	(-1, -1)	0
00:46:24.039	86	77.7447	(-1, -1)	(-1, -1)	0
00:46:24.135	89	77.6711	(-1, -1)	(-1, -1)	0
00:46:24.228	85	77.7279	(-1, -1)	(-1, -1)	0
00:46:24.319	90	77.7415	(-1, -1)	(-1, -1)	0
00:46:24.416	87	77.5841	(-1, -1)	(-1, -1)	0
00:46:24.507	89	77.6796	(-1, -1)	(-1, -1)	0
00:46:24.603	86	77.7588	(-1, -1)	(-1, -1)	0
00:46:24.695	90	77.5385	(-1, -1)	(-1, -1)	0
00:46:24.792	88	77.6582	(-1, -1)	(-1, -1)	0
00:46:24.887	86	77.7373	(-1, -1)	(-1, -1)	0
00:46:24.984	90	77.6695	(-1, -1)	(-1, -1)	0
00:46:25.075	85	77.7972	(-1, -1)	(-1, -1)	0
00:46:25.169	89	77.6548	(-1, -1)	(-1, -1)	0
00:46:25.264	87	77.6273	(-1, -1)	(-1, -1)	0
00:46:25.356	88	77.561	(-1, -1)	(-1, -1)	0
00:46:25.452	86	77.6895	(-1, -1)	(-1, -1)	0
00:46:25.543	91	77.573	(-1, -1)	(-1, -1)	0
00:46:25.641	86	77.7138	(-1, -1)	(-1, -1)	0
00:46:25.729	86	77.7363	(-1, -1)	(-1, -1)	0
00:46:25.821	87	77.723	(-1, -1)	(-1, -1)	0
00:46:25.909	86	77.7566	(-1, -1)	(-1, -1)	0
00:46:26.002	89	77.6304	(-1, -1)	(-1, -1)	0
00:46:26.098	85	77.8233	(-1, -1)	(-1, -1)	0
00:46:26.190	89	77.6446	(-1, -1)	(-1, -1)	0
00:46:26.286	86	77.8406	(-1, -1)	(-1, -1)	0
00:46:26.377	90	77.5751	(-1, -1)	(-1, -1)	0
00:46:26.476	87	77.7606	(-1, -1)	(-1, -1)	0
00:46:26.570	89	77.7092	(-1, -1)	(-1, -1)	0
00:46:26.668	85	77.8076	(-1, -1)	(-1, -1)	0
00:46:26.760	90	77.6156	(-1, -1)	(-1, -1)	0
00:46:26.857	89	77.6711	(-1, -1)	(-1, -1)	0
00:46:26.953	85	77.6942	(-1, -1)	(-1, -1)	0
00:46:27.054	87	77.6064	(-1, -1)	(-1, -1)	0
00:46:27.147	84	77.7784	(-1, -1)	(-1, -1)	0
00:46:27.239	89	77.5738	(-1, -1)	(-1, -1)	0
00:46:27.336	87	77.6767	(-1, -1)	(-1, -1)	0
00:46:27.434	91	77.7656	(-1, -1)	(-1, -1)	0
00:46:27.531	89	77.6745	(-1, -1)	(-1, -1)	0
00:46:27.631	91	77.7022	(-1, -1)	(-1, -1)	0
00:46:27.734	89	77.7212	(-1, -1)	(-1, -1)	0
00:46:27.830	89	77.6479	(-1, -1)	(-1, -1)	0
00:46:27.928	90	77.5412	(-1, -1)	(-1, -1)	0
00:46:28.027	91	77.6361	(-1, -1)	(-1, -1)	0
00:46:28.123	88	77.6584	(-1, -1)	(-1, -1)	0
00:46:28.218	85	77.6794	(-1, -1)	(-1, -1)	0
00:46:28.309	91	77.5908	(-1, -1)	(-1, -1)	0
00:46:28.406	87	77.592	(-1, -1)	(-1, -1)	0
00:46:28.497	90	77.5132	(-1, -1)	(-1, -1)	0
00:46:28.594	87	77.5455	(-1, -1)	(-1, -1)	0
00:46:28.685	91	77.6884	(-1, -1)	(-1, -1)	0
00:46:28.789	87	77.599	(-1, -1)	(-1, -1)	0
00:46:28.878	87	77.6387	(-1, -1)	(-1, -1)	0
00:46:28.970	86	77.6228	(-1, -1)	(-1, -1)	0
00:46:29.059	84	77.7647	(-1, -1)	(-1, -1)	0
00:46:29.151	88	77.6065	(-1, -1)	(-1, -1)	0
00:46:29.246	85	77.7053	(-1, -1)	(-1, -1)	0
00:46:29.339	89	77.6521	(-1, -1)	(-1, -1)	0
00:46:29.437	90	77.6756	(-1, -1)	(-1, -1)	0
00:46:29.536	90	77.6276	(-1, -1)	(-1, -1)	0
00:46:29.638	92	77.6274	(-1, -1)	(-1, -1)	0
00:46:29.736	89	77.5936	(-1, -1)	(-1, -1)	0
00:46:29.834	90	77.5708	(-1, -1)	(-1, -1)	0
00:46:29.929	88	77.5902	(-1, -1)	(-1, -1)	0
00:46:30.027	90	77.7249	(-1, -1)	(-1, -1)	0
00:46:30.124	90	77.6764	(-1, -1)	(-1, -1)	0
00:46:30.222	89	77.7913	(-1, -1)	(-1, -1)	0
00:46:30.318	84	77.679	(-1, -1)	(-1, -1)	0
00:46:30.407	85	77.7596	(-1, -1)	(-1, -1)	0
00:46:30.501	87	77.7279	(-1, -1)	(-1, -1)	0
00:46:30.598	89	77.6963	(-1, -1)	(-1, -1)	0
00:46:30.694	90	77.681	(-1, -1)	(-1, -1)	0
00:46:30.793	91	77.7745	(-1, -1)	(-1, -1)	0
00:46:30.889	89	77.6419	(-1, -1)	(-1, -1)	0
00:46:30.985	87	77.7231	(-1, -1)	(-1, -1)	0
00:46:31.077	88	77.6227	(-1, -1)	(-1, -1)	0
00:46:31.172	85	77.6502	(-1, -1)	(-1, -1)	0
00:46:31.264	90	77.6498	(-1, -1)	(-1, -1)	0
00:46:31.360	85	77.615	(-1, -1)	(-1, -1)	0
00:46:31.453	90	77.6357	(-1, -1)	(-1, -1)	0
00:46:31.551	86	77.6323	(-1, -1)	(-1, -1)	0
00:46:31.647	90	77.5759	(-1, -1)	(-1, -1)	0
00:46:31.745	89	77.7236	(-1, -1)	(-1, -1)	0
00:46:31.840	85	77.6855	(-1, -1)	(-1, -1)	0
00:46:31.932	88	77.5914	(-1, -1)	(-1, -1)	0
00:46:32.027	85	77.8815	(-1, -1)	(-1, -1)	0
00:46:32.119	89	77.7704	(-1, -1)	(-1, -1)	0
00:46:32.216	86	77.6887	(-1, -1)	(-1, -1)	0
00:46:32.307	88	77.579	(-1, -1)	(-1, -1)	0
00:46:32.403	87	77.8674	(-1, -1)	(-1, -1)	0
00:46:32.502	89	77.6064	(-1, -1)	(-1, -1)	0
00:46:32.600	86	77.6292	(-1, -1)	(-1, -1)	0
00:46:32.690	90	77.6422	(-1, -1)	(-1, -1)	0
00:46:32.792	89	77.6514	(-1, -1)	(-1, -1)	0
00:46:32.891	89	77.6126	(-1, -1)	(-1, -1)	0
00:46:32.990	87	77.5932	(-1, -1)	(-1, -1)	0
00:46:33.084	88	77.7296	(-1, -1)	(-1, -1)	0
00:46:33.185	89	77.6864	(-1, -1)	(-1, -1)	0
00:46:33.279	84	77.7664	(-1, -1)	(-1, -1)	0
00:46:33.370	89	77.5668	(-1, -1)	(-1, -1)	0
00:46:33.466	85	77.656	(-1, -1)	(-1, -1)	0
00:46:33.558	89	77.6034	(-1, -1)	(-1, -1)	0
00:46:33.655	86	77.6959	(-1, -1)	(-1, -1)	0
00:46:33.746	89	77.709	(-1, -1)	(-1, -1)	0
00:46:33.844	90	77.5207	(-1, -1)	(-1, -1)	0
00:46:33.941	89	77.668	(-1, -1)	(-1, -1)	0
00:46:34.043	89	77.7639	(-1, -1)	(-1, -1)	0
00:46:34.142	91	77.6262	(-1, -1)	(-1, -1)	0
00:46:34.242	90	77.717	(-1, -1)	(-1, -1)	0
00:46:34.336	85	77.715	(-1, -1)	(-1, -1)	0
00:46:34.429	87	77.7293	(-1, -1)	(-1, -1)	0
00:46:34.523	85	77.7154	(-1, -1)	(-1, -1)	0
00:46:34.616	88	77.5593	(-1, -1)	(-1, -1)	0
00:46:34.711	87	77.6492	(-1, -1)	(-1, -1)	0
00:46:34.810	90	77.6276	(-1, -1)	(-1, -1)	0
00:46:34.908	85	77.6711	(-1, -1)	(-1, -1)	0
00:46:34.996	85	77.7276	(-1, -1)	(-1, -1)	0
00:46:35.089	88	77.7812	(-1, -1)	(-1, -1)	0
00:46:35.185	89	77.5692	(-1, -1)	(-1, -1)	0
00:46:35.282	89	77.6956	(-1, -1)	(-1, -1)	0
00:46:35.378	87	77.7404	(-1, -1)	(-1, -1)	0
00:46:35.470	90	77.8076	(-1, -1)	(-1, -1)	0
00:46:35.566	85	77.6296	(-1, -1)	(-1, -1)	0
00:46:35.658	90	77.7886	(-1, -1)	(-1, -1)	0
00:46:35.755	89	77.6533	(-1, -1)	(-1, -1)	0
00:46:35.853	90	77.8068	(-1, -1)	(-1, -1)	0
00:46:35.950	91	77.6867	(-1, -1)	(-1, -1)	0
00:46:36.047	90	77.5393	(-1, -1)	(-1, -1)	0
00:46:36.146	89	77.6747	(-1, -1)	(-1, -1)	0
00:46:36.239	86	77.6367	(-1, -1)	(-1, -1)	0
00:46:36.334	88	77.6132	(-1, -1)	(-1, -1)	0
00:46:36.428	87	77.6401	(-1, -1)	(-1, -1)	0
00:46:36.522	90	77.6114	(-1, -1)	(-1, -1)	0
00:46:36.617	86	77.5659	(-1, -1)	(-1, -1)	0
00:46:36.707	91	77.6455	(-1, -1)	(-1, -1)	0
00:46:36.806	88	77.6024	(-1, -1)	(-1, -1)	0
00:46:36.901	87	77.7098	(-1, -1)	(-1, -1)	0
00:46:36.992	90	77.6344	(-1, -1)	(-1, -1)	0
00:46:37.088	85	77.7677	(-1, -1)	(-1, -1)	0
00:46:37.180	85	77.6519	(-1, -1)	(-1, -1)	0
00:46:37.269	85	77.6532	(-1, -1)	(-1, -1)	0
00:46:37.361	92	77.7727	(-1, -1)	(-1, -1)	0
00:46:37.460	87	77.6621	(-1, -1)	(-1, -1)	0
00:46:37.556	91	77.7135	(-1, -1)	(-1, -1)	0
00:46:37.654	89	77.6945	(-1, -1)	(-1, -1)	0
00:46:37.749	85	77.7124	(-1, -1)	(-1, -1)	0
00:46:37.840	90	77.6252	(-1, -1)	(-1, -1)	0
00:46:37.936	85	77.7107	(-1, -1)	(-1, -1)	0
00:46:38.028	89	77.6434	(-1, -1)	(-1, -1)	0
00:46:38.124	86	77.6563	(-1, -1)	(-1, -1)	0
00:46:38.216	89	77.5671	(-1, -1)	(-1, -1)	0
00:46:38.312	88	77.6662	(-1, -1)	(-1, -1)	0
00:46:38.414	89	77.6133	(-1, -1)	(-1, -1)	0
00:46:38.514	86	77.6679	(-1, -1)	(-1, -1)	0
00:46:38.606	90	77.7544	(-1, -1)	(-1, -1)	0
00:46:38.703	90	77.6486	(-1, -1)	(-1, -1)	0
00:46:38.799	85	77.7607	(-1, -1)	(-1, -1)	0
00:46:38.891	89	77.6372	(-1, -1)	(-1, -1)	0
00:46:38.987	87	77.6367	(-1, -1)	(-1, -1)	0
00:46:39.086	88	77.5105	(-1, -1)	(-1, -1)	0
00:46:39.181	86	77.6716	(-1, -1)	(-1, -1)	0
00:46:39.280	88	77.6833	(-1, -1)	(-1, -1)	0
00:46:39.375	87	77.6338	(-1, -1)	(-1, -1)	0
00:46:39.468	89	77.6059	(-1, -1)	(-1, -1)	0
00:46:39.563	85	77.6145	(-1, -1)	(-1, -1)	0
00:46:39.655	90	77.6713	(-1, -1)	(-1, -1)	0
00:46:39.753	88	77.6326	(-1, -1)	(-1, -1)	0
00:46:39.848	85	77.7784	(-1, -1)	(-1, -1)	0
00:46:39.942	90	77.6818	(-1, -1)	(-1, -1)	0
00:46:40.036	85	77.8043	(-1, -1)	(-1, -1)	0
00:46:40.127	92	77.581	(-1, -1)	(-1, -1)	0
00:46:40.225	86	77.6216	(-1, -1)	(-1, -1)	0
00:46:40.322	91	77.7684	(-1, -1)	(-1, -1)	0
00:46:40.420	88	77.6967	(-1, -1)	(-1, -1)	0
00:46:40.517	89	77.6384	(-1, -1)	(-1, -1)	0
00:46:40.616	88	77.6341	(-1, -1)	(-1, -1)	0
00:46:40.712	90	77.6388	(-1, -1)	(-1, -1)	0
00:46:40.812	90	77.6433	(-1, -1)	(-1, -1)	0
00:46:40.905	84	77.6524	(-1, -1)	(-1, -1)	0
00:46:40.996	90	77.7976	(-1, -1)	(-1, -1)	0
00:46:41.092	86	77.739	(-1, -1)	(-1, -1)	0
00:46:41.185	89	77.6674	(-1, -1)	(-1, -1)	0
00:46:41.280	85	77.7916	(-1, -1)	(-1, -1)	0
00:46:41.370	86	77.6345	(-1, -1)	(-1, -1)	0
00:46:41.461	83	77.7293	(-1, -1)	(-1, -1)	0
00:46:41.551	84	77.7348	(-1, -1)	(-1, -1)	0
00:46:41.641	84	77.5902	(-1, -1)	(-1, -1)	0
00:46:41.733	91	77.5951	(-1, -1)	(-1, -1)	0
00:46:41.835	88	77.5813	(-1, -1)	(-1, -1)	0
00:46:41.926	85	77.7887	(-1, -1)	(-1, -1)	0
00:46:42.023	86	77.6083	(-1, -1)	(-1, -1)	0
00:46:42.114	88	77.6357	(-1, -1)	(-1, -1)	0
00:46:42.210	90	77.5692	(-1, -1)	(-1, -1)	0
00:46:42.311	89	77.6704	(-1, -1)	(-1, -1)	0
00:46:42.407	92	77.6304	(-1, -1)	(-1, -1)	0
00:46:42.505	90	77.5547	(-1, -1)	(-1, -1)	0
00:46:42.601	88	77.7653	(-1, -1)	(-1, -1)	0
00:46:42.700	89	77.6935	(-1, -1)	(-1, -1)	0
00:46:42.795	85	77.7167	(-1, -1)	(-1, -1)	0
00:46:42.888	91	77.5653	(-1, -1)	(-1, -1)	0
00:46:42.984	83	77.7634	(-1, -1)	(-1, -1)	0
00:46:43.075	89	77.6101	(-1, -1)	(-1, -1)	0
00:46:43.171	87	77.7241	(-1, -1)	(-1, -1)	0
00:46:43.272	90	77.7994	(-1, -1)	(-1, -1)	0
00:46:43.367	88	77.6274	(-1, -1)	(-1, -1)	0
00:46:43.466	89	77.5243	(-1, -1)	(-1, -1)	0
00:46:43.561	86	77.6561	(-1, -1)	(-1, -1)	0
00:46:43.652	90	77.7216	(-1, -1)	(-1, -1)	0
00:46:43.750	94	77.6633	(-1, -1)	(-1, -1)	0
00:46:43.854	90	77.6062	(-1, -1)	(-1, -1)	0
EOM

