BOM
Frame extends: 2263, 1306
_ms_area: 10
measurements taken: 585
current rendering method: 0
is mouse replay: 1
Camera settings: Roation Quaternion: ( 0.118211, -0.32703, -0.289435, 0.891787), Translationsvektor: ( 0.0238621, -0.133231, 2.11).
System_Time	Elapsed_Time_PaintGL	Elapsed_Kernel_Time	Frame_Coordinates	Grid_Position	Manual_Measurement
18:57:36.852	34	28.4523	(-1, -1)	(-1, -1)	49
18:57:36.889	34	28.4616	(-1, -1)	(-1, -1)	49
18:57:36.924	35	28.4907	(-1, -1)	(-1, -1)	49
18:57:36.967	41	28.3687	(-1, -1)	(-1, -1)	49
18:57:37.016	36	28.4064	(-1, -1)	(-1, -1)	49
18:57:37.056	35	28.4899	(-1, -1)	(-1, -1)	49
18:57:37.098	35	28.4456	(-1, -1)	(-1, -1)	49
18:57:37.140	41	28.3972	(-1, -1)	(-1, -1)	49
18:57:37.190	41	28.3967	(-1, -1)	(-1, -1)	49
18:57:37.238	36	28.4625	(-1, -1)	(-1, -1)	49
18:57:37.279	36	28.4102	(-1, -1)	(-1, -1)	49
18:57:37.321	41	28.3945	(-1, -1)	(-1, -1)	49
18:57:37.371	40	28.4016	(-1, -1)	(-1, -1)	49
18:57:37.420	39	28.4203	(-1, -1)	(-1, -1)	49
18:57:37.467	37	28.3929	(-1, -1)	(-1, -1)	49
18:57:37.511	40	28.365	(-1, -1)	(-1, -1)	49
18:57:37.558	41	28.3827	(-1, -1)	(-1, -1)	49
18:57:37.608	41	28.4364	(-1, -1)	(-1, -1)	49
18:57:37.655	37	28.4404	(-1, -1)	(-1, -1)	49
18:57:37.697	37	28.4274	(-1, -1)	(-1, -1)	49
18:57:37.740	40	28.389	(-1, -1)	(-1, -1)	49
18:57:37.788	40	28.412	(-1, -1)	(-1, -1)	49
18:57:37.837	39	28.3652	(-1, -1)	(-1, -1)	49
18:57:37.884	36	28.4991	(-1, -1)	(-1, -1)	49
18:57:37.925	36	28.4381	(-1, -1)	(-1, -1)	49
18:57:37.969	40	28.352	(-1, -1)	(-1, -1)	49
18:57:38.018	39	28.4204	(-1, -1)	(-1, -1)	49
18:57:38.068	38	28.3467	(-1, -1)	(-1, -1)	49
18:57:38.115	37	28.4369	(-1, -1)	(-1, -1)	49
18:57:38.156	37	28.4281	(-1, -1)	(-1, -1)	49
18:57:38.198	40	28.3862	(-1, -1)	(-1, -1)	49
18:57:38.248	39	28.4215	(-1, -1)	(-1, -1)	49
18:57:38.294	36	28.4175	(-1, -1)	(-1, -1)	49
18:57:38.336	37	28.4021	(-1, -1)	(-1, -1)	49
18:57:38.379	39	28.3919	(-1, -1)	(-1, -1)	49
18:57:38.428	40	28.4363	(-1, -1)	(-1, -1)	49
18:57:38.476	38	28.3807	(-1, -1)	(-1, -1)	49
18:57:38.516	35	28.5022	(-1, -1)	(-1, -1)	49
18:57:38.558	35	28.5228	(-1, -1)	(-1, -1)	49
18:57:38.599	36	28.4873	(-1, -1)	(-1, -1)	49
18:57:38.644	40	28.3748	(-1, -1)	(-1, -1)	49
18:57:38.693	39	28.3898	(-1, -1)	(-1, -1)	49
18:57:38.739	36	28.4526	(-1, -1)	(-1, -1)	49
18:57:38.782	41	28.4542	(-1, -1)	(-1, -1)	49
18:57:38.832	39	28.3991	(-1, -1)	(-1, -1)	49
18:57:38.879	41	28.4234	(-1, -1)	(-1, -1)	49
18:57:38.927	36	28.4027	(-1, -1)	(-1, -1)	49
18:57:38.968	36	28.4216	(-1, -1)	(-1, -1)	49
18:57:39.012	40	28.4636	(-1, -1)	(-1, -1)	49
18:57:39.061	40	28.3858	(-1, -1)	(-1, -1)	49
18:57:39.110	40	28.4138	(-1, -1)	(-1, -1)	49
18:57:39.156	35	28.4804	(-1, -1)	(-1, -1)	49
18:57:39.197	38	28.3902	(-1, -1)	(-1, -1)	49
18:57:39.241	40	28.357	(-1, -1)	(-1, -1)	49
18:57:39.290	41	28.3828	(-1, -1)	(-1, -1)	49
18:57:39.338	40	28.408	(-1, -1)	(-1, -1)	49
18:57:39.386	36	28.5079	(-1, -1)	(-1, -1)	49
18:57:39.428	42	28.4206	(-1, -1)	(-1, -1)	49
18:57:39.478	40	28.4492	(-1, -1)	(-1, -1)	49
18:57:39.526	39	28.376	(-1, -1)	(-1, -1)	49
18:57:39.574	36	28.4606	(-1, -1)	(-1, -1)	49
18:57:39.615	37	28.4093	(-1, -1)	(-1, -1)	49
18:57:39.658	41	28.4228	(-1, -1)	(-1, -1)	49
18:57:39.707	40	28.4347	(-1, -1)	(-1, -1)	49
18:57:39.755	35	28.4277	(-1, -1)	(-1, -1)	49
18:57:39.795	35	28.5012	(-1, -1)	(-1, -1)	49
18:57:39.836	36	28.4753	(-1, -1)	(-1, -1)	49
18:57:39.883	40	28.4458	(-1, -1)	(-1, -1)	49
18:57:39.929	40	28.3901	(-1, -1)	(-1, -1)	49
18:57:39.977	35	28.387	(-1, -1)	(-1, -1)	49
18:57:40.018	35	28.4881	(-1, -1)	(-1, -1)	49
18:57:40.059	37	28.405	(-1, -1)	(-1, -1)	49
18:57:40.101	37	28.4194	(-1, -1)	(-1, -1)	49
18:57:40.144	41	28.4095	(-1, -1)	(-1, -1)	49
18:57:40.193	36	28.4004	(-1, -1)	(-1, -1)	49
18:57:40.234	37	28.3625	(-1, -1)	(-1, -1)	49
18:57:40.276	37	28.4074	(-1, -1)	(-1, -1)	49
18:57:40.318	38	28.4298	(-1, -1)	(-1, -1)	49
18:57:40.360	39	28.3956	(-1, -1)	(-1, -1)	49
18:57:40.408	36	28.4172	(-1, -1)	(-1, -1)	49
18:57:40.449	35	28.4499	(-1, -1)	(-1, -1)	49
18:57:40.491	37	28.4369	(-1, -1)	(-1, -1)	49
18:57:40.535	40	28.4376	(-1, -1)	(-1, -1)	49
18:57:40.586	38	28.3732	(-1, -1)	(-1, -1)	49
18:57:40.631	35	28.3898	(-1, -1)	(-1, -1)	49
18:57:40.672	38	28.3818	(-1, -1)	(-1, -1)	49
18:57:40.715	41	28.4415	(-1, -1)	(-1, -1)	49
18:57:40.766	40	28.4161	(-1, -1)	(-1, -1)	49
18:57:40.812	40	28.4258	(-1, -1)	(-1, -1)	49
18:57:40.859	37	28.4742	(-1, -1)	(-1, -1)	49
18:57:40.903	39	28.4439	(-1, -1)	(-1, -1)	49
18:57:40.951	41	28.3643	(-1, -1)	(-1, -1)	49
18:57:41.000	41	28.4434	(-1, -1)	(-1, -1)	49
18:57:41.047	36	28.3818	(-1, -1)	(-1, -1)	49
18:57:41.089	37	28.4159	(-1, -1)	(-1, -1)	49
18:57:41.131	41	28.4166	(-1, -1)	(-1, -1)	49
18:57:41.181	40	28.4255	(-1, -1)	(-1, -1)	49
18:57:41.230	40	28.4231	(-1, -1)	(-1, -1)	49
18:57:41.276	36	28.4279	(-1, -1)	(-1, -1)	49
18:57:41.318	35	28.5167	(-1, -1)	(-1, -1)	49
18:57:41.361	40	28.42	(-1, -1)	(-1, -1)	49
18:57:41.410	40	28.4086	(-1, -1)	(-1, -1)	49
18:57:41.457	35	28.52	(-1, -1)	(-1, -1)	49
18:57:41.498	34	28.4899	(-1, -1)	(-1, -1)	49
18:57:41.540	38	28.4121	(-1, -1)	(-1, -1)	49
18:57:41.584	38	28.4	(-1, -1)	(-1, -1)	49
18:57:41.633	40	28.4213	(-1, -1)	(-1, -1)	49
18:57:41.680	36	28.3772	(-1, -1)	(-1, -1)	49
18:57:41.721	38	28.4723	(-1, -1)	(-1, -1)	49
18:57:41.765	40	28.3904	(-1, -1)	(-1, -1)	49
18:57:41.813	40	28.4468	(-1, -1)	(-1, -1)	49
18:57:41.861	36	28.4036	(-1, -1)	(-1, -1)	49
18:57:41.902	36	28.3824	(-1, -1)	(-1, -1)	49
18:57:41.945	41	28.4473	(-1, -1)	(-1, -1)	49
18:57:41.994	40	28.4227	(-1, -1)	(-1, -1)	49
18:57:42.042	41	28.4001	(-1, -1)	(-1, -1)	49
18:57:42.090	36	28.4717	(-1, -1)	(-1, -1)	49
18:57:42.134	41	28.4671	(-1, -1)	(-1, -1)	49
18:57:42.185	40	28.4124	(-1, -1)	(-1, -1)	49
18:57:42.230	41	28.4295	(-1, -1)	(-1, -1)	49
18:57:42.279	40	28.4436	(-1, -1)	(-1, -1)	49
18:57:42.326	37	28.4517	(-1, -1)	(-1, -1)	49
18:57:42.369	40	28.4307	(-1, -1)	(-1, -1)	49
18:57:42.418	41	28.3707	(-1, -1)	(-1, -1)	49
18:57:42.466	39	28.451	(-1, -1)	(-1, -1)	49
18:57:42.514	36	28.5121	(-1, -1)	(-1, -1)	49
18:57:42.555	37	28.3953	(-1, -1)	(-1, -1)	49
18:57:42.598	41	28.3877	(-1, -1)	(-1, -1)	49
18:57:42.647	40	28.3553	(-1, -1)	(-1, -1)	49
18:57:42.697	40	28.3841	(-1, -1)	(-1, -1)	49
18:57:42.743	36	28.4145	(-1, -1)	(-1, -1)	49
18:57:42.785	36	28.4671	(-1, -1)	(-1, -1)	49
18:57:42.828	38	28.3839	(-1, -1)	(-1, -1)	49
18:57:42.868	42	28.3865	(-1, -1)	(-1, -1)	49
18:57:42.919	39	28.408	(-1, -1)	(-1, -1)	49
18:57:42.966	34	28.4778	(-1, -1)	(-1, -1)	49
18:57:43.007	36	28.4994	(-1, -1)	(-1, -1)	49
18:57:43.051	39	28.408	(-1, -1)	(-1, -1)	49
18:57:43.099	36	28.4071	(-1, -1)	(-1, -1)	49
18:57:43.139	35	28.4601	(-1, -1)	(-1, -1)	49
18:57:43.181	34	28.5173	(-1, -1)	(-1, -1)	49
18:57:43.224	39	28.4413	(-1, -1)	(-1, -1)	49
18:57:43.272	43	28.396	(-1, -1)	(-1, -1)	49
18:57:43.322	46	28.4098	(-1, -1)	(-1, -1)	49
18:57:43.376	36	28.3809	(-1, -1)	(-1, -1)	49
18:57:43.418	36	28.3821	(-1, -1)	(-1, -1)	49
18:57:43.460	35	28.4541	(-1, -1)	(-1, -1)	49
18:57:43.501	41	28.4483	(-1, -1)	(-1, -1)	49
18:57:43.552	39	28.3636	(-1, -1)	(-1, -1)	49
18:57:43.599	36	28.5877	(-1, -1)	(-1, -1)	49
18:57:43.641	37	28.4323	(-1, -1)	(-1, -1)	49
18:57:43.682	42	28.4159	(-1, -1)	(-1, -1)	49
18:57:43.732	41	28.3801	(-1, -1)	(-1, -1)	49
18:57:43.782	39	28.4025	(-1, -1)	(-1, -1)	49
18:57:43.828	37	28.3801	(-1, -1)	(-1, -1)	49
18:57:43.871	39	28.4292	(-1, -1)	(-1, -1)	49
18:57:43.919	41	28.3809	(-1, -1)	(-1, -1)	49
18:57:43.968	41	28.3993	(-1, -1)	(-1, -1)	49
18:57:44.016	37	28.4279	(-1, -1)	(-1, -1)	49
18:57:44.057	38	28.3924	(-1, -1)	(-1, -1)	49
18:57:44.099	38	28.3527	(-1, -1)	(-1, -1)	49
18:57:44.141	36	28.4519	(-1, -1)	(-1, -1)	49
18:57:44.182	36	28.5476	(-1, -1)	(-1, -1)	49
18:57:44.225	38	28.388	(-1, -1)	(-1, -1)	49
18:57:44.274	40	28.4213	(-1, -1)	(-1, -1)	49
18:57:44.323	39	28.4061	(-1, -1)	(-1, -1)	49
18:57:44.372	39	28.4212	(-1, -1)	(-1, -1)	49
18:57:44.420	35	28.4172	(-1, -1)	(-1, -1)	49
18:57:44.460	36	28.4914	(-1, -1)	(-1, -1)	49
18:57:44.504	40	28.4009	(-1, -1)	(-1, -1)	49
18:57:44.552	40	28.3905	(-1, -1)	(-1, -1)	49
18:57:44.601	40	28.3987	(-1, -1)	(-1, -1)	49
18:57:44.648	36	28.411	(-1, -1)	(-1, -1)	49
18:57:44.689	35	28.4646	(-1, -1)	(-1, -1)	49
18:57:44.733	41	28.4539	(-1, -1)	(-1, -1)	49
18:57:44.782	40	28.3883	(-1, -1)	(-1, -1)	49
18:57:44.833	40	28.4101	(-1, -1)	(-1, -1)	49
18:57:44.877	37	28.479	(-1, -1)	(-1, -1)	49
18:57:44.921	40	28.3871	(-1, -1)	(-1, -1)	49
18:57:44.969	40	28.3987	(-1, -1)	(-1, -1)	49
18:57:45.017	41	28.4119	(-1, -1)	(-1, -1)	49
18:57:45.066	39	28.3843	(-1, -1)	(-1, -1)	49
18:57:45.108	37	28.3684	(-1, -1)	(-1, -1)	49
18:57:45.149	38	28.4022	(-1, -1)	(-1, -1)	49
18:57:45.191	34	28.464	(-1, -1)	(-1, -1)	49
18:57:45.232	35	28.515	(-1, -1)	(-1, -1)	49
18:57:45.273	37	28.5239	(-1, -1)	(-1, -1)	49
18:57:45.317	40	28.4421	(-1, -1)	(-1, -1)	49
18:57:45.366	40	28.4246	(-1, -1)	(-1, -1)	49
18:57:45.414	41	28.3665	(-1, -1)	(-1, -1)	49
18:57:45.462	41	28.4396	(-1, -1)	(-1, -1)	49
18:57:45.511	36	28.3889	(-1, -1)	(-1, -1)	49
18:57:45.552	38	28.4	(-1, -1)	(-1, -1)	49
18:57:45.595	38	28.3618	(-1, -1)	(-1, -1)	49
18:57:45.644	40	28.4025	(-1, -1)	(-1, -1)	49
18:57:45.693	40	28.3847	(-1, -1)	(-1, -1)	49
18:57:45.739	36	28.3699	(-1, -1)	(-1, -1)	49
18:57:45.782	41	28.4046	(-1, -1)	(-1, -1)	49
18:57:45.834	39	28.3969	(-1, -1)	(-1, -1)	49
18:57:45.880	40	28.4086	(-1, -1)	(-1, -1)	49
18:57:45.927	36	28.4369	(-1, -1)	(-1, -1)	49
18:57:45.968	35	28.4372	(-1, -1)	(-1, -1)	49
18:57:46.011	40	28.4336	(-1, -1)	(-1, -1)	49
18:57:46.061	40	28.3745	(-1, -1)	(-1, -1)	49
18:57:46.109	37	28.3836	(-1, -1)	(-1, -1)	49
18:57:46.149	36	28.4929	(-1, -1)	(-1, -1)	49
18:57:46.191	34	28.4273	(-1, -1)	(-1, -1)	49
18:57:46.235	40	28.4206	(-1, -1)	(-1, -1)	49
18:57:46.283	38	28.4547	(-1, -1)	(-1, -1)	49
18:57:46.333	41	28.4529	(-1, -1)	(-1, -1)	49
18:57:46.379	37	28.4277	(-1, -1)	(-1, -1)	49
18:57:46.422	40	28.4061	(-1, -1)	(-1, -1)	49
18:57:46.471	40	28.3662	(-1, -1)	(-1, -1)	49
18:57:46.525	38	28.4459	(-1, -1)	(-1, -1)	49
18:57:46.567	37	28.4268	(-1, -1)	(-1, -1)	49
18:57:46.609	37	28.3901	(-1, -1)	(-1, -1)	49
18:57:46.651	40	28.3834	(-1, -1)	(-1, -1)	49
18:57:46.700	42	28.4265	(-1, -1)	(-1, -1)	49
18:57:46.750	39	28.4206	(-1, -1)	(-1, -1)	49
18:57:46.796	37	28.4799	(-1, -1)	(-1, -1)	49
18:57:46.839	42	28.4274	(-1, -1)	(-1, -1)	49
18:57:46.888	40	28.3785	(-1, -1)	(-1, -1)	49
18:57:46.937	39	28.4492	(-1, -1)	(-1, -1)	49
18:57:46.984	38	28.3689	(-1, -1)	(-1, -1)	49
18:57:47.025	39	28.4141	(-1, -1)	(-1, -1)	49
18:57:47.068	38	28.4258	(-1, -1)	(-1, -1)	49
18:57:47.117	40	28.3985	(-1, -1)	(-1, -1)	49
18:57:47.166	40	28.3633	(-1, -1)	(-1, -1)	49
18:57:47.213	36	28.441	(-1, -1)	(-1, -1)	49
18:57:47.258	38	28.3984	(-1, -1)	(-1, -1)	49
18:57:47.304	39	28.4065	(-1, -1)	(-1, -1)	49
18:57:47.346	38	28.4156	(-1, -1)	(-1, -1)	49
18:57:47.387	37	28.3745	(-1, -1)	(-1, -1)	49
18:57:47.429	35	28.4812	(-1, -1)	(-1, -1)	49
18:57:47.470	35	28.459	(-1, -1)	(-1, -1)	49
18:57:47.513	40	28.4139	(-1, -1)	(-1, -1)	49
18:57:47.562	40	28.4204	(-1, -1)	(-1, -1)	49
18:57:47.609	35	28.4926	(-1, -1)	(-1, -1)	49
18:57:47.650	35	28.5187	(-1, -1)	(-1, -1)	49
18:57:47.692	36	28.4778	(-1, -1)	(-1, -1)	49
18:57:47.737	40	28.4532	(-1, -1)	(-1, -1)	49
18:57:47.787	39	28.4538	(-1, -1)	(-1, -1)	49
18:57:47.832	37	28.4	(-1, -1)	(-1, -1)	49
18:57:47.874	38	28.4468	(-1, -1)	(-1, -1)	49
18:57:47.917	41	28.3639	(-1, -1)	(-1, -1)	49
18:57:47.965	38	28.4356	(-1, -1)	(-1, -1)	49
18:57:48.006	36	28.3754	(-1, -1)	(-1, -1)	49
18:57:48.048	37	28.444	(-1, -1)	(-1, -1)	49
18:57:48.091	39	28.4234	(-1, -1)	(-1, -1)	49
18:57:48.138	39	28.4321	(-1, -1)	(-1, -1)	49
18:57:48.181	40	28.4117	(-1, -1)	(-1, -1)	49
18:57:48.229	36	28.4262	(-1, -1)	(-1, -1)	49
18:57:48.270	39	28.4191	(-1, -1)	(-1, -1)	49
18:57:48.313	39	28.3855	(-1, -1)	(-1, -1)	49
18:57:48.362	40	28.4462	(-1, -1)	(-1, -1)	49
18:57:48.412	39	28.419	(-1, -1)	(-1, -1)	49
18:57:48.461	38	28.4219	(-1, -1)	(-1, -1)	49
18:57:48.507	38	28.3604	(-1, -1)	(-1, -1)	49
18:57:48.556	40	28.3976	(-1, -1)	(-1, -1)	49
18:57:48.605	42	28.4108	(-1, -1)	(-1, -1)	49
18:57:48.654	38	28.4071	(-1, -1)	(-1, -1)	49
18:57:48.700	37	28.4074	(-1, -1)	(-1, -1)	49
18:57:48.743	36	28.4879	(-1, -1)	(-1, -1)	49
18:57:48.785	41	28.4246	(-1, -1)	(-1, -1)	49
18:57:48.834	39	28.4367	(-1, -1)	(-1, -1)	49
18:57:48.881	35	28.5081	(-1, -1)	(-1, -1)	49
18:57:48.923	36	28.4493	(-1, -1)	(-1, -1)	49
18:57:48.967	40	28.3732	(-1, -1)	(-1, -1)	49
18:57:49.015	41	28.403	(-1, -1)	(-1, -1)	49
18:57:49.065	44	28.4243	(-1, -1)	(-1, -1)	49
18:57:49.111	34	28.5163	(-1, -1)	(-1, -1)	49
18:57:49.153	34	28.4751	(-1, -1)	(-1, -1)	49
18:57:49.195	38	28.3852	(-1, -1)	(-1, -1)	49
18:57:49.238	40	28.4464	(-1, -1)	(-1, -1)	49
18:57:49.286	38	28.4348	(-1, -1)	(-1, -1)	49
18:57:49.326	34	28.4985	(-1, -1)	(-1, -1)	49
18:57:49.368	34	28.4581	(-1, -1)	(-1, -1)	49
18:57:49.410	41	28.4255	(-1, -1)	(-1, -1)	49
18:57:49.464	38	28.4126	(-1, -1)	(-1, -1)	49
18:57:49.509	37	28.436	(-1, -1)	(-1, -1)	49
18:57:49.549	35	28.4733	(-1, -1)	(-1, -1)	49
18:57:49.590	38	28.4151	(-1, -1)	(-1, -1)	49
18:57:49.633	40	28.471	(-1, -1)	(-1, -1)	49
18:57:49.682	39	28.4372	(-1, -1)	(-1, -1)	49
18:57:49.723	35	28.4975	(-1, -1)	(-1, -1)	49
18:57:49.764	38	28.4418	(-1, -1)	(-1, -1)	49
18:57:49.807	39	28.4111	(-1, -1)	(-1, -1)	49
18:57:49.855	35	28.4679	(-1, -1)	(-1, -1)	49
18:57:49.896	34	28.4243	(-1, -1)	(-1, -1)	49
18:57:49.938	35	28.5071	(-1, -1)	(-1, -1)	49
18:57:49.981	40	28.4399	(-1, -1)	(-1, -1)	49
18:57:50.030	40	28.3924	(-1, -1)	(-1, -1)	49
18:57:50.079	41	28.4076	(-1, -1)	(-1, -1)	49
18:57:50.128	39	28.4062	(-1, -1)	(-1, -1)	49
18:57:50.175	37	28.4154	(-1, -1)	(-1, -1)	49
18:57:50.216	40	28.4129	(-1, -1)	(-1, -1)	49
18:57:50.267	41	28.4436	(-1, -1)	(-1, -1)	49
18:57:50.319	37	28.3505	(-1, -1)	(-1, -1)	49
18:57:50.362	36	28.416	(-1, -1)	(-1, -1)	49
18:57:50.406	39	28.4307	(-1, -1)	(-1, -1)	49
18:57:50.454	41	28.3939	(-1, -1)	(-1, -1)	49
18:57:50.503	41	28.3763	(-1, -1)	(-1, -1)	49
18:57:50.550	37	28.4384	(-1, -1)	(-1, -1)	49
18:57:50.591	35	28.4572	(-1, -1)	(-1, -1)	49
18:57:50.633	35	28.4396	(-1, -1)	(-1, -1)	49
18:57:50.677	39	28.4123	(-1, -1)	(-1, -1)	49
18:57:50.725	40	28.4015	(-1, -1)	(-1, -1)	49
18:57:50.772	35	28.5433	(-1, -1)	(-1, -1)	49
18:57:50.813	35	28.4536	(-1, -1)	(-1, -1)	49
18:57:50.858	39	28.393	(-1, -1)	(-1, -1)	49
18:57:50.906	41	28.3846	(-1, -1)	(-1, -1)	49
18:57:50.956	36	28.3833	(-1, -1)	(-1, -1)	49
18:57:50.995	36	28.5274	(-1, -1)	(-1, -1)	49
18:57:51.038	40	28.3852	(-1, -1)	(-1, -1)	49
18:57:51.087	40	28.3917	(-1, -1)	(-1, -1)	49
18:57:51.136	40	28.4492	(-1, -1)	(-1, -1)	49
18:57:51.183	35	28.4681	(-1, -1)	(-1, -1)	49
18:57:51.225	34	28.4784	(-1, -1)	(-1, -1)	49
18:57:51.266	38	28.3841	(-1, -1)	(-1, -1)	49
18:57:51.309	42	28.4102	(-1, -1)	(-1, -1)	49
18:57:51.358	40	28.4413	(-1, -1)	(-1, -1)	49
18:57:51.405	36	28.4612	(-1, -1)	(-1, -1)	49
18:57:51.447	37	28.4643	(-1, -1)	(-1, -1)	49
18:57:51.489	42	28.4274	(-1, -1)	(-1, -1)	49
18:57:51.538	40	28.3936	(-1, -1)	(-1, -1)	49
18:57:51.588	39	28.3707	(-1, -1)	(-1, -1)	49
18:57:51.634	37	28.4976	(-1, -1)	(-1, -1)	49
18:57:51.677	39	28.3719	(-1, -1)	(-1, -1)	49
18:57:51.726	41	28.4148	(-1, -1)	(-1, -1)	49
18:57:51.774	42	28.4212	(-1, -1)	(-1, -1)	49
18:57:51.822	38	28.4321	(-1, -1)	(-1, -1)	49
18:57:51.865	37	28.4394	(-1, -1)	(-1, -1)	49
18:57:51.907	41	28.4187	(-1, -1)	(-1, -1)	49
18:57:51.956	40	28.4305	(-1, -1)	(-1, -1)	49
18:57:52.006	39	28.411	(-1, -1)	(-1, -1)	49
18:57:52.051	34	28.4733	(-1, -1)	(-1, -1)	49
18:57:52.092	37	28.447	(-1, -1)	(-1, -1)	49
18:57:52.137	39	28.4167	(-1, -1)	(-1, -1)	49
18:57:52.185	40	28.3899	(-1, -1)	(-1, -1)	49
18:57:52.233	35	28.3687	(-1, -1)	(-1, -1)	49
18:57:52.274	34	28.5418	(-1, -1)	(-1, -1)	49
18:57:52.315	35	28.4545	(-1, -1)	(-1, -1)	49
18:57:52.359	41	28.4776	(-1, -1)	(-1, -1)	49
18:57:52.407	41	28.3886	(-1, -1)	(-1, -1)	49
18:57:52.455	36	28.3908	(-1, -1)	(-1, -1)	49
18:57:52.496	36	28.4489	(-1, -1)	(-1, -1)	49
18:57:52.540	40	28.4135	(-1, -1)	(-1, -1)	49
18:57:52.588	41	28.4247	(-1, -1)	(-1, -1)	49
18:57:52.637	41	28.4176	(-1, -1)	(-1, -1)	49
18:57:52.684	55	28.3932	(-1, -1)	(-1, -1)	49
18:57:52.748	40	28.371	(-1, -1)	(-1, -1)	49
18:57:52.797	40	28.4316	(-1, -1)	(-1, -1)	49
18:57:52.844	37	28.363	(-1, -1)	(-1, -1)	49
18:57:52.887	36	28.4127	(-1, -1)	(-1, -1)	49
18:57:52.929	40	28.4077	(-1, -1)	(-1, -1)	49
18:57:52.978	40	28.4473	(-1, -1)	(-1, -1)	49
18:57:53.026	40	28.3997	(-1, -1)	(-1, -1)	49
18:57:53.076	39	28.3719	(-1, -1)	(-1, -1)	49
18:57:53.123	36	28.3978	(-1, -1)	(-1, -1)	49
18:57:53.165	41	28.4111	(-1, -1)	(-1, -1)	49
18:57:53.214	41	28.4397	(-1, -1)	(-1, -1)	49
18:57:53.264	40	28.4138	(-1, -1)	(-1, -1)	49
18:57:53.311	36	28.3649	(-1, -1)	(-1, -1)	49
18:57:53.351	36	28.4852	(-1, -1)	(-1, -1)	49
18:57:53.394	41	28.4305	(-1, -1)	(-1, -1)	49
18:57:53.443	40	28.3984	(-1, -1)	(-1, -1)	49
18:57:53.491	35	28.3907	(-1, -1)	(-1, -1)	49
18:57:53.532	37	28.4499	(-1, -1)	(-1, -1)	49
18:57:53.576	39	28.3871	(-1, -1)	(-1, -1)	49
18:57:53.624	40	28.3904	(-1, -1)	(-1, -1)	49
18:57:53.673	40	28.4163	(-1, -1)	(-1, -1)	49
18:57:53.721	40	28.391	(-1, -1)	(-1, -1)	49
18:57:53.768	35	28.5044	(-1, -1)	(-1, -1)	49
18:57:53.810	34	28.4926	(-1, -1)	(-1, -1)	49
18:57:53.853	41	28.3883	(-1, -1)	(-1, -1)	49
18:57:53.902	40	28.4399	(-1, -1)	(-1, -1)	49
18:57:53.949	36	28.3953	(-1, -1)	(-1, -1)	49
18:57:53.991	34	28.5007	(-1, -1)	(-1, -1)	49
18:57:54.035	41	28.433	(-1, -1)	(-1, -1)	49
18:57:54.084	40	28.3804	(-1, -1)	(-1, -1)	49
18:57:54.135	38	28.384	(-1, -1)	(-1, -1)	49
18:57:54.179	37	28.4419	(-1, -1)	(-1, -1)	49
18:57:54.222	41	28.3945	(-1, -1)	(-1, -1)	49
18:57:54.271	40	28.4018	(-1, -1)	(-1, -1)	49
18:57:54.319	41	28.3895	(-1, -1)	(-1, -1)	49
18:57:54.367	36	28.4727	(-1, -1)	(-1, -1)	49
18:57:54.408	38	28.4264	(-1, -1)	(-1, -1)	49
18:57:54.450	41	28.3696	(-1, -1)	(-1, -1)	49
18:57:54.500	40	28.4239	(-1, -1)	(-1, -1)	49
18:57:54.548	37	28.4056	(-1, -1)	(-1, -1)	49
18:57:54.590	34	28.5409	(-1, -1)	(-1, -1)	49
18:57:54.631	35	28.4833	(-1, -1)	(-1, -1)	49
18:57:54.673	41	28.3775	(-1, -1)	(-1, -1)	49
18:57:54.722	42	28.4619	(-1, -1)	(-1, -1)	49
18:57:54.775	38	28.3933	(-1, -1)	(-1, -1)	49
18:57:54.819	37	28.4027	(-1, -1)	(-1, -1)	49
18:57:54.861	36	28.4182	(-1, -1)	(-1, -1)	49
18:57:54.903	40	28.3904	(-1, -1)	(-1, -1)	49
18:57:54.952	40	28.4283	(-1, -1)	(-1, -1)	49
18:57:55.000	37	28.3782	(-1, -1)	(-1, -1)	49
18:57:55.041	36	28.387	(-1, -1)	(-1, -1)	49
18:57:55.084	40	28.4076	(-1, -1)	(-1, -1)	49
18:57:55.132	42	28.453	(-1, -1)	(-1, -1)	49
18:57:55.187	40	28.376	(-1, -1)	(-1, -1)	49
18:57:55.236	36	28.4012	(-1, -1)	(-1, -1)	49
18:57:55.277	36	28.4754	(-1, -1)	(-1, -1)	49
18:57:55.319	39	28.4409	(-1, -1)	(-1, -1)	49
18:57:55.363	40	28.3985	(-1, -1)	(-1, -1)	49
18:57:55.411	36	28.3874	(-1, -1)	(-1, -1)	49
18:57:55.451	35	28.5206	(-1, -1)	(-1, -1)	49
18:57:55.493	35	28.5161	(-1, -1)	(-1, -1)	49
18:57:55.536	40	28.3874	(-1, -1)	(-1, -1)	49
18:57:55.583	37	28.3791	(-1, -1)	(-1, -1)	49
18:57:55.624	36	28.5142	(-1, -1)	(-1, -1)	49
18:57:55.667	33	28.4843	(-1, -1)	(-1, -1)	49
18:57:55.708	36	28.4287	(-1, -1)	(-1, -1)	49
18:57:55.751	40	28.373	(-1, -1)	(-1, -1)	49
18:57:55.800	40	28.3933	(-1, -1)	(-1, -1)	49
18:57:55.848	36	28.4394	(-1, -1)	(-1, -1)	49
18:57:55.890	38	28.4287	(-1, -1)	(-1, -1)	49
18:57:55.932	40	28.4372	(-1, -1)	(-1, -1)	49
18:57:55.981	41	28.3801	(-1, -1)	(-1, -1)	49
18:57:56.029	40	28.3923	(-1, -1)	(-1, -1)	49
18:57:56.077	35	28.464	(-1, -1)	(-1, -1)	49
18:57:56.118	37	28.3721	(-1, -1)	(-1, -1)	49
18:57:56.161	38	28.4123	(-1, -1)	(-1, -1)	49
18:57:56.216	40	28.3859	(-1, -1)	(-1, -1)	49
18:57:56.265	35	28.4464	(-1, -1)	(-1, -1)	49
18:57:56.306	38	28.3788	(-1, -1)	(-1, -1)	49
18:57:56.349	40	28.3781	(-1, -1)	(-1, -1)	49
18:57:56.401	40	28.3953	(-1, -1)	(-1, -1)	49
18:57:56.448	39	28.4407	(-1, -1)	(-1, -1)	49
18:57:56.494	37	28.3929	(-1, -1)	(-1, -1)	49
18:57:56.537	40	28.3819	(-1, -1)	(-1, -1)	49
18:57:56.586	37	28.4261	(-1, -1)	(-1, -1)	49
18:57:56.626	38	28.4095	(-1, -1)	(-1, -1)	49
18:57:56.670	39	28.4424	(-1, -1)	(-1, -1)	49
18:57:56.717	36	28.5596	(-1, -1)	(-1, -1)	49
18:57:56.759	36	28.4357	(-1, -1)	(-1, -1)	49
18:57:56.801	40	28.391	(-1, -1)	(-1, -1)	49
18:57:56.849	40	28.3907	(-1, -1)	(-1, -1)	49
18:57:56.897	37	28.3532	(-1, -1)	(-1, -1)	49
18:57:56.938	36	28.4736	(-1, -1)	(-1, -1)	49
18:57:56.981	38	28.4096	(-1, -1)	(-1, -1)	49
18:57:57.023	40	28.3729	(-1, -1)	(-1, -1)	49
18:57:57.072	39	28.365	(-1, -1)	(-1, -1)	49
18:57:57.120	34	28.5437	(-1, -1)	(-1, -1)	49
18:57:57.160	36	28.4824	(-1, -1)	(-1, -1)	49
18:57:57.204	39	28.3732	(-1, -1)	(-1, -1)	49
18:57:57.253	42	28.3913	(-1, -1)	(-1, -1)	49
18:57:57.305	38	28.4139	(-1, -1)	(-1, -1)	49
18:57:57.349	36	28.5409	(-1, -1)	(-1, -1)	49
18:57:57.391	41	28.4055	(-1, -1)	(-1, -1)	49
18:57:57.442	39	28.4157	(-1, -1)	(-1, -1)	49
18:57:57.490	40	28.4244	(-1, -1)	(-1, -1)	49
18:57:57.537	37	28.4193	(-1, -1)	(-1, -1)	49
18:57:57.580	40	28.4443	(-1, -1)	(-1, -1)	49
18:57:57.630	38	28.4169	(-1, -1)	(-1, -1)	49
18:57:57.676	38	28.4439	(-1, -1)	(-1, -1)	49
18:57:57.719	38	28.3889	(-1, -1)	(-1, -1)	49
18:57:57.767	38	28.4053	(-1, -1)	(-1, -1)	49
18:57:57.808	39	28.4204	(-1, -1)	(-1, -1)	49
18:57:57.849	37	28.3944	(-1, -1)	(-1, -1)	49
18:57:57.892	42	28.4517	(-1, -1)	(-1, -1)	49
18:57:57.942	40	28.3769	(-1, -1)	(-1, -1)	49
18:57:57.989	37	28.4307	(-1, -1)	(-1, -1)	49
18:57:58.031	41	28.369	(-1, -1)	(-1, -1)	49
18:57:58.080	40	28.385	(-1, -1)	(-1, -1)	49
18:57:58.130	40	28.4357	(-1, -1)	(-1, -1)	49
18:57:58.176	36	28.4184	(-1, -1)	(-1, -1)	49
18:57:58.218	37	28.5273	(-1, -1)	(-1, -1)	49
18:57:58.261	39	28.3662	(-1, -1)	(-1, -1)	49
18:57:58.309	41	28.3827	(-1, -1)	(-1, -1)	49
18:57:58.359	40	28.352	(-1, -1)	(-1, -1)	49
18:57:58.406	35	28.5327	(-1, -1)	(-1, -1)	49
18:57:58.447	35	28.4624	(-1, -1)	(-1, -1)	49
18:57:58.490	38	28.427	(-1, -1)	(-1, -1)	49
18:57:58.539	40	28.4144	(-1, -1)	(-1, -1)	49
18:57:58.588	38	28.4305	(-1, -1)	(-1, -1)	49
18:57:58.635	35	28.4606	(-1, -1)	(-1, -1)	49
18:57:58.676	36	28.4794	(-1, -1)	(-1, -1)	49
18:57:58.719	41	28.4101	(-1, -1)	(-1, -1)	49
18:57:58.768	42	28.4361	(-1, -1)	(-1, -1)	49
18:57:58.820	39	28.3883	(-1, -1)	(-1, -1)	49
18:57:58.864	37	28.4156	(-1, -1)	(-1, -1)	49
18:57:58.907	40	28.4327	(-1, -1)	(-1, -1)	49
18:57:58.957	41	28.3507	(-1, -1)	(-1, -1)	49
18:57:59.006	40	28.4419	(-1, -1)	(-1, -1)	49
18:57:59.052	37	28.3804	(-1, -1)	(-1, -1)	49
18:57:59.093	35	28.5049	(-1, -1)	(-1, -1)	49
18:57:59.137	41	28.4126	(-1, -1)	(-1, -1)	49
18:57:59.226	36	28.3781	(-1, -1)	(-1, -1)	49
18:57:59.268	36	28.4037	(-1, -1)	(-1, -1)	49
18:57:59.312	37	28.4261	(-1, -1)	(-1, -1)	49
18:57:59.353	37	28.4284	(-1, -1)	(-1, -1)	49
18:57:59.397	37	28.3673	(-1, -1)	(-1, -1)	49
18:57:59.445	37	28.3966	(-1, -1)	(-1, -1)	49
18:57:59.490	41	28.4461	(-1, -1)	(-1, -1)	49
18:57:59.541	40	28.3964	(-1, -1)	(-1, -1)	49
18:57:59.617	36	28.3671	(-1, -1)	(-1, -1)	49
18:57:59.657	34	28.479	(-1, -1)	(-1, -1)	49
18:57:59.698	36	28.4938	(-1, -1)	(-1, -1)	49
18:57:59.748	41	28.4206	(-1, -1)	(-1, -1)	49
18:57:59.798	40	28.3751	(-1, -1)	(-1, -1)	49
18:57:59.848	37	28.3933	(-1, -1)	(-1, -1)	49
18:57:59.893	35	28.5148	(-1, -1)	(-1, -1)	49
18:57:59.935	39	28.3959	(-1, -1)	(-1, -1)	49
18:57:59.985	39	28.3846	(-1, -1)	(-1, -1)	49
18:58:00.032	36	28.5201	(-1, -1)	(-1, -1)	49
18:58:00.074	34	28.4769	(-1, -1)	(-1, -1)	49
18:58:00.115	35	28.4579	(-1, -1)	(-1, -1)	49
18:58:00.161	40	28.3873	(-1, -1)	(-1, -1)	49
18:58:00.208	40	28.4379	(-1, -1)	(-1, -1)	49
18:58:00.256	40	28.4467	(-1, -1)	(-1, -1)	49
18:58:00.303	35	28.5505	(-1, -1)	(-1, -1)	49
18:58:00.345	34	28.496	(-1, -1)	(-1, -1)	49
18:58:00.386	37	28.4628	(-1, -1)	(-1, -1)	49
18:58:00.431	41	28.4319	(-1, -1)	(-1, -1)	49
18:58:00.479	39	28.4419	(-1, -1)	(-1, -1)	49
18:58:00.526	35	28.4433	(-1, -1)	(-1, -1)	49
18:58:00.568	37	28.5084	(-1, -1)	(-1, -1)	49
18:58:00.611	41	28.447	(-1, -1)	(-1, -1)	49
18:58:00.661	39	28.4105	(-1, -1)	(-1, -1)	49
18:58:00.707	39	28.4553	(-1, -1)	(-1, -1)	49
18:58:00.748	34	28.4649	(-1, -1)	(-1, -1)	49
18:58:00.790	35	28.4458	(-1, -1)	(-1, -1)	49
18:58:00.832	41	28.4004	(-1, -1)	(-1, -1)	49
18:58:00.882	40	28.4487	(-1, -1)	(-1, -1)	49
18:58:00.932	35	28.4145	(-1, -1)	(-1, -1)	49
18:58:00.971	37	28.4161	(-1, -1)	(-1, -1)	49
18:58:01.014	39	28.3963	(-1, -1)	(-1, -1)	49
18:58:01.126	35	28.4237	(-1, -1)	(-1, -1)	49
18:58:01.166	36	28.5253	(-1, -1)	(-1, -1)	49
18:58:01.233	36	28.4502	(-1, -1)	(-1, -1)	49
18:58:01.278	37	28.3939	(-1, -1)	(-1, -1)	49
18:58:01.321	36	28.3689	(-1, -1)	(-1, -1)	49
18:58:01.360	35	28.4824	(-1, -1)	(-1, -1)	49
18:58:01.403	35	28.5161	(-1, -1)	(-1, -1)	49
18:58:01.445	35	28.5135	(-1, -1)	(-1, -1)	49
18:58:01.486	37	28.4055	(-1, -1)	(-1, -1)	49
18:58:01.533	44	28.4033	(-1, -1)	(-1, -1)	49
18:58:01.586	36	28.4249	(-1, -1)	(-1, -1)	49
18:58:01.641	37	28.4262	(-1, -1)	(-1, -1)	49
18:58:01.688	37	28.3961	(-1, -1)	(-1, -1)	49
18:58:01.730	35	28.408	(-1, -1)	(-1, -1)	49
18:58:01.771	34	28.4973	(-1, -1)	(-1, -1)	49
18:58:01.812	34	28.4898	(-1, -1)	(-1, -1)	49
18:58:01.853	36	28.5489	(-1, -1)	(-1, -1)	49
18:58:01.900	39	28.3753	(-1, -1)	(-1, -1)	49
18:58:01.947	40	28.3696	(-1, -1)	(-1, -1)	49
18:58:01.993	36	28.3999	(-1, -1)	(-1, -1)	49
18:58:02.036	36	28.4564	(-1, -1)	(-1, -1)	49
18:58:02.091	39	28.4323	(-1, -1)	(-1, -1)	49
18:58:02.140	41	28.3895	(-1, -1)	(-1, -1)	49
18:58:02.194	37	28.4545	(-1, -1)	(-1, -1)	49
18:58:02.244	38	28.3713	(-1, -1)	(-1, -1)	49
18:58:02.299	41	28.4311	(-1, -1)	(-1, -1)	49
18:58:02.356	42	28.3633	(-1, -1)	(-1, -1)	49
18:58:02.407	37	28.4071	(-1, -1)	(-1, -1)	49
18:58:02.452	37	28.3893	(-1, -1)	(-1, -1)	49
18:58:02.495	40	28.4081	(-1, -1)	(-1, -1)	49
18:58:02.543	40	28.4301	(-1, -1)	(-1, -1)	49
18:58:02.593	38	28.3904	(-1, -1)	(-1, -1)	49
18:58:02.639	37	28.3938	(-1, -1)	(-1, -1)	49
18:58:02.682	41	28.4099	(-1, -1)	(-1, -1)	49
18:58:02.731	39	28.4428	(-1, -1)	(-1, -1)	49
18:58:02.779	37	28.3582	(-1, -1)	(-1, -1)	49
18:58:02.820	35	28.4736	(-1, -1)	(-1, -1)	49
18:58:02.861	35	28.4754	(-1, -1)	(-1, -1)	49
18:58:02.905	41	28.4268	(-1, -1)	(-1, -1)	49
18:58:02.953	42	28.4212	(-1, -1)	(-1, -1)	49
18:58:03.002	39	28.4449	(-1, -1)	(-1, -1)	49
18:58:03.049	38	28.3994	(-1, -1)	(-1, -1)	49
18:58:03.092	40	28.3933	(-1, -1)	(-1, -1)	49
18:58:03.141	40	28.3916	(-1, -1)	(-1, -1)	49
18:58:03.190	43	28.3895	(-1, -1)	(-1, -1)	49
18:58:03.241	41	28.3956	(-1, -1)	(-1, -1)	49
18:58:03.285	36	28.5601	(-1, -1)	(-1, -1)	49
18:58:03.327	35	28.4739	(-1, -1)	(-1, -1)	49
18:58:03.370	42	28.4047	(-1, -1)	(-1, -1)	49
18:58:03.419	40	28.3745	(-1, -1)	(-1, -1)	49
18:58:03.467	35	28.4431	(-1, -1)	(-1, -1)	49
18:58:03.508	36	28.4994	(-1, -1)	(-1, -1)	49
18:58:03.551	40	28.4363	(-1, -1)	(-1, -1)	49
18:58:03.600	41	28.4259	(-1, -1)	(-1, -1)	49
EOM

