BOM
Frame extends: 2263, 1306
_ms_area: 10
measurements taken: 585
current rendering method: 1
is mouse replay: 1
Camera settings: Roation Quaternion: ( 0.118211, -0.32703, -0.289435, 0.891787), Translationsvektor: ( 0.0238621, -0.133231, 2.11).
System_Time	Elapsed_Time_PaintGL	Elapsed_Kernel_Time	Frame_Coordinates	Grid_Position	Manual_Measurement
18:58:05.007	20	5.71422	(318, 226)	(32, 23)	49
18:58:05.031	21	5.77822	(325, 225)	(33, 23)	49
18:58:05.058	21	5.9123	(335, 225)	(34, 23)	49
18:58:05.086	21	5.98444	(345, 225)	(35, 23)	49
18:58:05.114	20	6.10593	(357, 225)	(36, 23)	49
18:58:05.141	21	6.244	(372, 225)	(37, 23)	49
18:58:05.169	29	6.31437	(375, 225)	(38, 23)	49
18:58:05.204	22	6.45467	(385, 225)	(39, 23)	49
18:58:05.232	22	6.6837	(395, 225)	(40, 23)	49
18:58:05.260	22	6.83793	(405, 225)	(41, 23)	49
18:58:05.289	30	7.05733	(415, 225)	(42, 23)	49
18:58:05.323	32	7.26296	(425, 225)	(43, 23)	49
18:58:05.366	24	7.50711	(435, 226)	(44, 23)	49
18:58:05.398	24	7.82726	(445, 226)	(45, 23)	49
18:58:05.426	24	8.02133	(455, 226)	(46, 23)	49
18:58:05.454	25	8.21215	(465, 227)	(47, 23)	49
18:58:05.482	25	8.35393	(475, 227)	(48, 23)	49
18:58:05.510	24	8.60356	(485, 228)	(49, 23)	49
18:58:05.538	25	8.92963	(495, 228)	(50, 23)	49
18:58:05.566	25	9.0037	(505, 229)	(51, 23)	49
18:58:05.593	26	9.13496	(515, 229)	(52, 23)	49
18:58:05.622	25	9.44237	(525, 229)	(53, 23)	49
18:58:05.649	31	9.51289	(535, 229)	(54, 23)	49
18:58:05.684	25	9.74504	(545, 229)	(55, 23)	49
18:58:05.711	26	9.97274	(555, 229)	(56, 23)	49
18:58:05.739	26	10.1627	(565, 229)	(57, 23)	49
18:58:05.775	27	10.3862	(575, 229)	(58, 23)	49
18:58:05.810	29	10.66	(585, 229)	(59, 23)	49
18:58:05.845	26	11.0013	(596, 229)	(60, 23)	49
18:58:05.881	25	11.0296	(605, 230)	(61, 23)	49
18:58:05.914	25	11.2412	(615, 230)	(62, 23)	49
18:58:05.942	25	11.4249	(626, 230)	(63, 23)	49
18:58:05.969	25	11.565	(635, 230)	(64, 23)	49
18:58:05.997	25	11.7298	(645, 230)	(65, 23)	49
18:58:06.025	26	11.8769	(655, 230)	(66, 23)	49
18:58:06.053	25	11.9916	(665, 230)	(67, 23)	49
18:58:06.080	26	12.2815	(680, 230)	(68, 23)	49
18:58:06.108	26	12.4203	(685, 230)	(69, 23)	49
18:58:06.136	26	12.6157	(695, 230)	(70, 23)	49
18:58:06.164	26	12.7102	(705, 230)	(71, 23)	49
18:58:06.199	27	12.8533	(715, 230)	(72, 23)	49
18:58:06.233	27	13.0041	(725, 230)	(73, 23)	49
18:58:06.268	27	13.2184	(735, 230)	(74, 23)	49
18:58:06.304	33	13.3407	(749, 230)	(75, 23)	49
18:58:06.345	34	13.5636	(756, 230)	(76, 23)	49
18:58:06.386	33	13.4062	(766, 230)	(77, 23)	49
18:58:06.427	29	13.4812	(775, 230)	(78, 23)	49
18:58:06.462	33	13.5369	(785, 230)	(79, 23)	49
18:58:06.505	34	13.4972	(796, 229)	(80, 23)	49
18:58:06.547	34	13.4502	(805, 229)	(81, 23)	49
18:58:06.588	36	13.5864	(815, 229)	(82, 23)	49
18:58:06.630	29	13.5874	(825, 228)	(83, 23)	49
18:58:06.664	28	13.6344	(835, 228)	(84, 23)	49
18:58:06.698	29	13.7127	(845, 228)	(85, 23)	49
18:58:06.733	38	13.8698	(855, 228)	(86, 23)	49
18:58:06.777	37	13.9262	(865, 228)	(87, 23)	49
18:58:06.818	31	14.1071	(875, 228)	(88, 23)	49
18:58:06.852	30	14.2135	(885, 228)	(89, 23)	49
18:58:06.887	27	14.2095	(895, 228)	(90, 23)	49
18:58:06.921	31	14.1818	(905, 228)	(91, 23)	49
18:58:06.958	34	14.3541	(915, 228)	(92, 23)	49
18:58:06.998	32	14.5536	(925, 228)	(93, 23)	49
18:58:07.033	34	14.2424	(935, 228)	(94, 23)	49
18:58:07.075	33	14.2561	(945, 227)	(95, 23)	49
18:58:07.116	35	14.156	(957, 227)	(96, 23)	49
18:58:07.158	33	14.143	(966, 227)	(97, 23)	49
18:58:07.199	34	14.0403	(975, 227)	(98, 23)	49
18:58:07.243	33	14.0631	(985, 227)	(99, 23)	49
18:58:07.283	30	13.9213	(995, 227)	(100, 23)	49
18:58:07.317	30	13.9427	(1005, 227)	(101, 23)	49
18:58:07.352	31	13.8812	(1015, 226)	(102, 23)	49
18:58:07.388	37	13.8058	(1025, 226)	(103, 23)	49
18:58:07.430	37	13.8222	(1035, 226)	(104, 23)	49
18:58:07.472	31	13.8184	(1045, 225)	(105, 23)	49
18:58:07.506	30	13.9827	(1055, 225)	(106, 23)	49
18:58:07.540	30	13.9667	(1065, 225)	(107, 23)	49
18:58:07.575	30	13.9273	(1071, 224)	(107, 22)	49
18:58:07.610	30	13.8499	(1075, 224)	(108, 22)	49
18:58:07.644	30	13.9295	(1085, 224)	(109, 22)	49
18:58:07.680	28	13.827	(1095, 224)	(110, 22)	49
18:58:07.714	27	13.7119	(1105, 224)	(111, 22)	49
18:58:07.750	34	13.7476	(1115, 224)	(112, 22)	49
18:58:07.791	34	13.6984	(1125, 224)	(113, 22)	49
18:58:07.832	30	13.7966	(1135, 224)	(114, 22)	49
18:58:07.867	28	13.6213	(1146, 223)	(115, 22)	49
18:58:07.901	27	13.6496	(1155, 223)	(116, 22)	49
18:58:07.929	28	13.6052	(1165, 223)	(117, 22)	49
18:58:07.964	35	13.6473	(1175, 223)	(118, 22)	49
18:58:08.007	37	13.3317	(1185, 223)	(119, 22)	49
18:58:08.048	33	13.563	(1195, 223)	(120, 22)	49
18:58:08.090	30	13.4126	(1205, 223)	(121, 22)	49
18:58:08.124	30	13.5467	(1215, 223)	(122, 22)	49
18:58:08.159	31	13.7059	(1225, 223)	(123, 22)	49
18:58:08.194	29	13.3393	(1235, 223)	(124, 22)	49
18:58:08.228	29	13.1584	(1245, 223)	(125, 22)	49
18:58:08.263	30	13.0123	(1255, 223)	(126, 22)	49
18:58:08.298	29	12.9748	(1265, 224)	(127, 22)	49
18:58:08.333	29	12.8969	(1275, 224)	(128, 22)	49
18:58:08.367	30	12.9819	(1282, 225)	(128, 23)	49
18:58:08.402	29	13.0196	(1285, 225)	(129, 23)	49
18:58:08.437	29	12.6784	(1295, 226)	(130, 23)	49
18:58:08.471	29	12.7015	(1305, 226)	(131, 23)	49
18:58:08.507	28	12.1756	(1316, 228)	(132, 23)	49
18:58:08.541	29	12.2689	(1326, 228)	(133, 23)	49
18:58:08.576	29	12.015	(1335, 228)	(134, 23)	49
18:58:08.611	28	11.9095	(1345, 229)	(135, 23)	49
18:58:08.645	29	11.7209	(1355, 230)	(136, 23)	49
18:58:08.681	28	11.5693	(1366, 230)	(137, 23)	49
18:58:08.715	27	11.3656	(1375, 230)	(138, 23)	49
18:58:08.749	29	11.0844	(1386, 231)	(139, 23)	49
18:58:08.786	27	10.9652	(1395, 231)	(140, 23)	49
18:58:08.819	28	10.8812	(1405, 232)	(141, 23)	49
18:58:08.854	26	10.7271	(1415, 232)	(142, 23)	49
18:58:08.889	28	10.4873	(1425, 232)	(143, 23)	49
18:58:08.924	27	10.5267	(1435, 233)	(144, 23)	49
18:58:08.958	28	10.6973	(1445, 234)	(145, 23)	49
18:58:08.993	27	10.2963	(1455, 234)	(146, 23)	49
18:58:09.028	34	10.2059	(1465, 234)	(147, 23)	49
18:58:09.071	38	10.0779	(1478, 234)	(148, 23)	49
18:58:09.120	26	10.0489	(1485, 234)	(149, 23)	49
18:58:09.152	23	10.0572	(1488, 235)	(149, 24)	49
18:58:09.180	23	9.81393	(1495, 235)	(150, 24)	49
18:58:09.208	27	9.59422	(1506, 235)	(151, 24)	49
18:58:09.244	29	9.23526	(1516, 235)	(152, 24)	49
18:58:09.279	27	8.90622	(1526, 236)	(153, 24)	49
18:58:09.314	25	8.67896	(1535, 236)	(154, 24)	49
18:58:09.348	23	8.49496	(1546, 236)	(155, 24)	49
18:58:09.375	22	8.27674	(1556, 237)	(156, 24)	49
18:58:09.402	22	7.83985	(1565, 237)	(157, 24)	49
18:58:09.430	22	7.58208	(1575, 238)	(158, 24)	49
18:58:09.458	22	7.32815	(1585, 238)	(159, 24)	49
18:58:09.486	21	7.39882	(1595, 239)	(160, 24)	49
18:58:09.515	28	7.16415	(1605, 239)	(161, 24)	49
18:58:09.549	23	7.06193	(1615, 240)	(162, 24)	49
18:58:09.577	25	7.28282	(1625, 240)	(163, 24)	49
18:58:09.605	23	6.87882	(1636, 241)	(164, 24)	49
18:58:09.633	23	6.93496	(1645, 242)	(165, 24)	49
18:58:09.660	24	6.85822	(1655, 242)	(166, 24)	49
18:58:09.688	24	6.81318	(1666, 243)	(167, 24)	49
18:58:09.716	23	6.71926	(1676, 244)	(168, 24)	49
18:58:09.744	23	6.82963	(1677, 245)	(168, 25)	49
18:58:09.771	24	6.6843	(1686, 245)	(169, 25)	49
18:58:09.800	25	6.50904	(1696, 246)	(170, 25)	49
18:58:09.827	23	6.52652	(1705, 246)	(171, 25)	49
18:58:09.855	23	6.524	(1715, 248)	(172, 25)	49
18:58:09.883	23	6.47466	(1726, 249)	(173, 25)	49
18:58:09.910	23	6.38133	(1735, 250)	(174, 25)	49
18:58:09.939	23	6.22548	(1745, 251)	(175, 25)	49
18:58:09.967	22	6.21896	(1755, 253)	(176, 25)	49
18:58:09.994	22	6.09482	(1765, 254)	(177, 25)	49
18:58:10.022	23	6.13733	(1768, 255)	(177, 26)	49
18:58:10.049	23	5.97556	(1775, 256)	(178, 26)	49
18:58:10.078	21	5.88904	(1785, 258)	(179, 26)	49
18:58:10.105	22	5.69245	(1795, 260)	(180, 26)	49
18:58:10.133	22	5.58356	(1805, 262)	(181, 26)	49
18:58:10.161	22	5.46504	(1815, 264)	(182, 26)	49
18:58:10.189	22	5.40252	(1817, 265)	(182, 27)	49
18:58:10.216	22	5.23881	(1825, 267)	(183, 27)	49
18:58:10.259	21	5.2677	(1838, 271)	(184, 27)	49
18:58:10.286	22	4.93585	(1845, 273)	(185, 27)	49
18:58:10.314	21	5.00859	(1849, 275)	(185, 28)	49
18:58:10.342	24	4.78296	(1858, 278)	(186, 28)	49
18:58:10.370	21	4.81318	(1865, 280)	(187, 28)	49
18:58:10.397	21	4.59348	(1874, 285)	(187, 29)	49
18:58:10.425	21	4.57615	(1875, 285)	(188, 29)	49
18:58:10.453	21	4.50444	(1885, 289)	(189, 29)	49
18:58:10.480	22	4.45526	(1895, 294)	(190, 29)	49
18:58:10.509	21	4.45941	(1895, 295)	(190, 30)	49
18:58:10.536	21	4.41837	(1905, 299)	(191, 30)	49
18:58:10.565	21	4.57393	(1912, 305)	(191, 31)	49
18:58:10.592	21	4.41452	(1915, 307)	(192, 31)	49
18:58:10.620	18	4.38059	(1925, 314)	(193, 31)	49
18:58:10.640	18	4.37526	(1926, 315)	(193, 32)	49
18:58:10.661	18	4.36089	(1935, 322)	(194, 32)	49
18:58:10.682	18	4.36756	(1937, 325)	(194, 33)	49
18:58:10.703	18	4.37111	(1945, 333)	(195, 33)	49
18:58:10.723	19	4.36282	(1947, 335)	(195, 34)	49
18:58:10.744	20	4.34682	(1955, 344)	(196, 34)	49
18:58:10.765	19	4.34978	(1955, 345)	(196, 35)	49
18:58:10.786	19	4.352	(1963, 355)	(196, 36)	49
18:58:10.807	19	4.34341	(1965, 358)	(197, 36)	49
18:58:10.828	18	4.35733	(1968, 365)	(197, 37)	49
18:58:10.848	19	4.37007	(1973, 375)	(197, 38)	49
18:58:10.869	18	4.37793	(1975, 379)	(198, 38)	49
18:58:10.890	18	4.37882	(1976, 385)	(198, 39)	49
18:58:10.911	22	4.39141	(1980, 395)	(198, 40)	49
18:58:10.941	23	4.39215	(1982, 405)	(198, 41)	49
18:58:10.968	25	4.42311	(1984, 415)	(198, 42)	49
18:58:11.002	21	4.41585	(1985, 417)	(199, 42)	49
18:58:11.029	20	4.52726	(1985, 425)	(199, 43)	49
18:58:11.057	22	4.69496	(1987, 435)	(199, 44)	49
18:58:11.086	25	4.87674	(1988, 445)	(199, 45)	49
18:58:11.113	25	4.72222	(1989, 455)	(199, 46)	49
18:58:11.141	24	4.81096	(1989, 465)	(199, 47)	49
18:58:11.169	25	4.94148	(1989, 475)	(199, 48)	49
18:58:11.197	25	5.14711	(1988, 485)	(199, 49)	49
18:58:11.226	20	5.53378	(1985, 495)	(199, 50)	49
18:58:11.252	21	5.61511	(1984, 495)	(198, 50)	49
18:58:11.280	20	5.88815	(1980, 505)	(198, 51)	49
18:58:11.307	22	6.12385	(1972, 516)	(197, 52)	49
18:58:11.336	29	6.36607	(1965, 525)	(197, 53)	49
18:58:11.372	31	6.45082	(1964, 526)	(196, 53)	49
18:58:11.407	29	6.4	(1954, 534)	(195, 53)	49
18:58:11.441	23	6.56963	(1953, 535)	(195, 54)	49
18:58:11.468	23	6.65067	(1944, 539)	(194, 54)	49
18:58:11.495	24	6.96652	(1937, 545)	(194, 55)	49
18:58:11.523	24	6.85659	(1934, 547)	(193, 55)	49
18:58:11.551	24	7.1603	(1924, 555)	(192, 56)	49
18:58:11.579	23	7.19896	(1914, 561)	(191, 56)	49
18:58:11.607	24	7.32563	(1907, 565)	(191, 57)	49
18:58:11.635	25	7.34282	(1904, 567)	(190, 57)	49
18:58:11.663	24	7.53437	(1894, 572)	(189, 57)	49
18:58:11.690	24	7.56726	(1890, 575)	(189, 58)	49
18:58:11.718	26	7.63941	(1884, 577)	(188, 58)	49
18:58:11.752	25	7.81911	(1874, 581)	(187, 58)	49
18:58:11.781	24	7.94059	(1866, 585)	(187, 59)	49
18:58:11.809	25	7.95644	(1864, 585)	(186, 59)	49
18:58:11.836	25	8.09067	(1854, 590)	(185, 59)	49
18:58:11.864	25	8.58533	(1844, 594)	(184, 59)	49
18:58:11.892	26	8.66044	(1843, 595)	(184, 60)	49
18:58:11.927	25	8.9723	(1834, 597)	(183, 60)	49
18:58:11.955	26	9.77215	(1823, 601)	(182, 60)	49
18:58:11.990	26	10.3603	(1810, 606)	(181, 61)	49
18:58:12.024	28	10.9157	(1804, 609)	(180, 61)	49
18:58:12.059	28	11.1031	(1794, 612)	(179, 61)	49
18:58:12.093	25	11.5747	(1787, 615)	(179, 62)	49
18:58:12.121	25	11.531	(1784, 616)	(178, 62)	49
18:58:12.148	26	12.164	(1774, 619)	(177, 62)	49
18:58:12.176	26	12.5357	(1764, 622)	(176, 62)	49
18:58:12.204	30	12.5542	(1758, 625)	(176, 63)	49
18:58:12.240	32	12.9065	(1754, 626)	(175, 63)	49
18:58:12.275	30	12.9578	(1744, 628)	(174, 63)	49
18:58:12.309	27	13.2039	(1734, 631)	(173, 63)	49
18:58:12.344	27	13.5824	(1724, 633)	(172, 63)	49
18:58:12.378	30	13.7135	(1715, 635)	(172, 64)	49
18:58:12.414	32	13.7693	(1714, 635)	(171, 64)	49
18:58:12.455	34	14.2145	(1704, 637)	(170, 64)	49
18:58:12.497	32	14.371	(1694, 638)	(169, 64)	49
18:58:12.532	29	14.8579	(1684, 640)	(168, 64)	49
18:58:12.566	29	14.9803	(1674, 641)	(167, 64)	49
18:58:12.600	32	15.3363	(1664, 642)	(166, 64)	49
18:58:12.637	38	15.3244	(1654, 643)	(165, 64)	49
18:58:12.679	35	15.5896	(1644, 644)	(164, 64)	49
18:58:12.719	30	15.9384	(1633, 644)	(163, 64)	49
18:58:12.754	30	16.141	(1624, 644)	(162, 64)	49
18:58:12.789	37	16.3585	(1614, 644)	(161, 64)	49
18:58:12.831	36	16.5578	(1604, 644)	(160, 64)	49
18:58:12.871	34	16.9493	(1594, 644)	(159, 64)	49
18:58:12.914	33	17.0935	(1584, 644)	(158, 64)	49
18:58:12.955	35	17.4581	(1574, 644)	(157, 64)	49
18:58:12.998	40	17.5987	(1564, 644)	(156, 64)	49
18:58:13.047	45	17.6264	(1554, 644)	(155, 64)	49
18:58:13.103	43	17.8083	(1548, 645)	(155, 65)	49
18:58:13.151	34	17.7807	(1544, 645)	(154, 65)	49
18:58:13.192	37	18.0473	(1534, 645)	(153, 65)	49
18:58:13.234	37	18.2972	(1524, 646)	(152, 65)	49
18:58:13.275	38	18.5493	(1514, 647)	(151, 65)	49
18:58:13.317	38	18.5009	(1504, 648)	(150, 65)	49
18:58:13.359	39	18.5041	(1494, 649)	(149, 65)	49
18:58:13.401	38	18.7354	(1484, 651)	(148, 65)	49
18:58:13.443	39	18.9936	(1474, 652)	(147, 65)	49
18:58:13.491	39	19.1382	(1464, 652)	(146, 65)	49
18:58:13.533	37	19.347	(1454, 653)	(145, 65)	49
18:58:13.574	35	19.704	(1444, 654)	(144, 65)	49
18:58:13.615	34	19.7267	(1434, 654)	(143, 65)	49
18:58:13.650	38	19.7077	(1419, 654)	(142, 65)	49
18:58:13.693	38	19.7397	(1414, 654)	(141, 65)	49
18:58:13.734	38	19.7084	(1404, 654)	(140, 65)	49
18:58:13.775	35	19.8421	(1394, 654)	(139, 65)	49
18:58:13.817	33	19.8588	(1384, 654)	(138, 65)	49
18:58:13.852	38	19.824	(1374, 654)	(137, 65)	49
18:58:13.895	40	19.7244	(1356, 653)	(136, 65)	49
18:58:13.943	42	19.6984	(1354, 653)	(135, 65)	49
18:58:13.992	37	19.6673	(1344, 652)	(134, 65)	49
18:58:14.033	34	19.7738	(1334, 651)	(133, 65)	49
18:58:14.076	44	19.5963	(1323, 651)	(132, 65)	49
18:58:14.125	42	19.8293	(1314, 650)	(131, 65)	49
18:58:14.175	46	19.8347	(1303, 649)	(130, 65)	49
18:58:14.227	36	20.065	(1294, 648)	(129, 65)	49
18:58:14.270	37	20.2252	(1284, 647)	(128, 65)	49
18:58:14.311	36	20.3388	(1274, 647)	(127, 65)	49
18:58:14.353	37	20.4726	(1264, 646)	(126, 65)	49
18:58:14.395	37	20.5105	(1256, 644)	(126, 64)	49
18:58:14.437	46	20.5987	(1254, 644)	(125, 64)	49
18:58:14.486	45	20.519	(1244, 643)	(124, 64)	49
18:58:14.535	43	20.5351	(1234, 643)	(123, 64)	49
18:58:14.583	39	20.4809	(1224, 641)	(122, 64)	49
18:58:14.631	37	20.956	(1214, 641)	(121, 64)	49
18:58:14.673	44	20.6972	(1204, 641)	(120, 64)	49
18:58:14.722	44	20.8407	(1194, 640)	(119, 64)	49
18:58:14.772	46	20.8068	(1184, 639)	(118, 64)	49
18:58:14.825	37	20.7548	(1174, 639)	(117, 64)	49
18:58:14.867	37	20.6615	(1164, 637)	(116, 64)	49
18:58:14.909	41	20.8341	(1154, 637)	(115, 64)	49
18:58:14.960	47	20.5163	(1144, 636)	(114, 64)	49
18:58:15.016	40	20.4246	(1134, 636)	(113, 64)	49
18:58:15.062	34	20.576	(1124, 635)	(112, 64)	49
18:58:15.103	39	20.4317	(1114, 635)	(111, 64)	49
18:58:15.146	44	20.4113	(1110, 634)	(111, 63)	49
18:58:15.195	44	20.197	(1104, 634)	(110, 63)	49
18:58:15.244	34	20.0055	(1093, 633)	(109, 63)	49
18:58:15.284	34	19.9258	(1084, 632)	(108, 63)	49
18:58:15.325	34	19.8028	(1074, 632)	(107, 63)	49
18:58:15.361	38	19.6791	(1064, 631)	(106, 63)	49
18:58:15.403	39	19.6864	(1051, 631)	(105, 63)	49
18:58:15.445	35	19.2524	(1032, 629)	(103, 63)	49
18:58:15.485	41	19.003	(1024, 629)	(102, 63)	49
18:58:15.535	46	18.7084	(1014, 629)	(101, 63)	49
18:58:15.591	45	18.4773	(1004, 628)	(100, 63)	49
18:58:15.650	40	18.2735	(994, 627)	(99, 63)	49
18:58:15.695	38	18.0883	(984, 627)	(98, 63)	49
18:58:15.736	38	17.9367	(974, 627)	(97, 63)	49
18:58:15.778	37	17.8308	(964, 626)	(96, 63)	49
18:58:15.820	38	17.6556	(954, 626)	(95, 63)	49
18:58:15.862	36	17.6369	(944, 626)	(94, 63)	49
18:58:15.903	33	17.5696	(934, 625)	(93, 63)	49
18:58:15.944	34	17.4364	(927, 624)	(93, 62)	49
18:58:15.986	32	17.4385	(924, 624)	(92, 62)	49
18:58:16.021	33	17.4544	(914, 623)	(91, 62)	49
18:58:16.057	32	17.2681	(904, 622)	(90, 62)	49
18:58:16.090	32	17.1843	(894, 621)	(89, 62)	49
18:58:16.125	32	17.1206	(884, 620)	(88, 62)	49
18:58:16.160	32	16.7945	(873, 619)	(87, 62)	49
18:58:16.194	33	16.745	(864, 619)	(86, 62)	49
18:58:16.230	32	16.6886	(854, 619)	(85, 62)	49
18:58:16.265	32	16.6135	(843, 618)	(84, 62)	49
18:58:16.299	32	16.3481	(834, 618)	(83, 62)	49
18:58:16.334	32	16.0716	(823, 617)	(82, 62)	49
18:58:16.369	31	16.059	(814, 617)	(81, 62)	49
18:58:16.403	32	15.9856	(804, 617)	(80, 62)	49
18:58:16.438	31	15.9899	(794, 617)	(79, 62)	49
18:58:16.473	32	15.8988	(784, 616)	(78, 62)	49
18:58:16.507	33	15.7932	(772, 616)	(77, 62)	49
18:58:16.543	30	15.7572	(764, 615)	(76, 62)	49
18:58:16.577	31	15.7396	(754, 615)	(75, 62)	49
18:58:16.612	30	15.5761	(744, 615)	(74, 62)	49
18:58:16.646	31	15.3739	(734, 615)	(73, 62)	49
18:58:16.681	32	15.2104	(724, 615)	(72, 62)	49
18:58:16.715	30	15.0244	(714, 615)	(71, 62)	49
18:58:16.751	36	14.8901	(704, 615)	(70, 62)	49
18:58:16.794	43	14.7314	(694, 615)	(69, 62)	49
18:58:16.844	37	14.5895	(684, 615)	(68, 62)	49
18:58:16.884	29	14.5151	(674, 615)	(67, 62)	49
18:58:16.918	28	14.3625	(664, 616)	(66, 62)	49
18:58:16.953	34	14.1784	(654, 617)	(65, 62)	49
18:58:16.994	34	14.1391	(644, 618)	(64, 62)	49
18:58:17.037	34	14.0853	(634, 618)	(63, 62)	49
18:58:17.079	30	14.0757	(624, 619)	(62, 62)	49
18:58:17.113	29	14.1327	(614, 619)	(61, 62)	49
18:58:17.147	29	14.1049	(604, 621)	(60, 62)	49
18:58:17.182	36	14.0643	(594, 621)	(59, 62)	49
18:58:17.225	38	14.1436	(584, 622)	(58, 62)	49
18:58:17.267	38	14.3084	(574, 624)	(57, 62)	49
18:58:17.309	37	14.5333	(566, 625)	(57, 63)	49
18:58:17.349	30	14.6068	(564, 625)	(56, 63)	49
18:58:17.384	30	14.8376	(554, 625)	(55, 63)	49
18:58:17.419	33	15.1095	(544, 626)	(54, 63)	49
18:58:17.454	33	15.4052	(534, 628)	(53, 63)	49
18:58:17.495	35	15.2241	(524, 629)	(52, 63)	49
18:58:17.537	34	15.2683	(514, 631)	(51, 63)	49
18:58:17.579	34	15.1913	(504, 633)	(50, 63)	49
18:58:17.620	35	15.0979	(494, 634)	(49, 63)	49
18:58:17.662	34	15.1356	(493, 635)	(49, 64)	49
18:58:17.703	36	14.9357	(484, 637)	(48, 64)	49
18:58:17.746	34	14.9858	(467, 641)	(47, 64)	49
18:58:17.787	34	15.0104	(464, 642)	(46, 64)	49
18:58:17.829	34	15.031	(458, 645)	(46, 65)	49
18:58:17.870	35	15.0474	(454, 646)	(45, 65)	49
18:58:17.912	34	14.8899	(444, 650)	(44, 65)	49
18:58:17.954	34	14.7793	(434, 654)	(43, 65)	49
18:58:17.996	34	15.096	(432, 655)	(43, 66)	49
18:58:18.037	31	14.8513	(424, 658)	(42, 66)	49
18:58:18.073	36	14.6033	(414, 662)	(41, 66)	49
18:58:18.115	32	14.5401	(409, 665)	(41, 67)	49
18:58:18.149	29	14.5452	(404, 667)	(40, 67)	49
18:58:18.183	27	14.4985	(394, 671)	(39, 67)	49
18:58:18.218	36	14.3027	(387, 675)	(39, 68)	49
18:58:18.261	36	14.1945	(384, 676)	(38, 68)	49
18:58:18.302	39	14.0173	(374, 680)	(37, 68)	49
18:58:18.351	32	13.8299	(367, 685)	(37, 69)	49
18:58:18.391	28	13.8129	(364, 687)	(36, 69)	49
18:58:18.426	28	13.6323	(356, 695)	(36, 70)	49
18:58:18.462	35	13.548	(354, 695)	(35, 70)	49
18:58:18.504	34	13.2102	(344, 704)	(34, 70)	49
18:58:18.548	32	13.1809	(344, 705)	(34, 71)	49
18:58:18.586	29	13.0424	(337, 715)	(34, 72)	49
18:58:18.620	30	12.8366	(335, 725)	(34, 73)	49
18:58:18.656	29	12.7902	(334, 727)	(33, 73)	49
18:58:18.691	29	12.8644	(331, 735)	(33, 74)	49
18:58:18.725	30	12.688	(329, 746)	(33, 75)	49
18:58:18.761	29	12.4601	(329, 755)	(33, 76)	49
18:58:18.795	30	12.7513	(329, 765)	(33, 77)	49
18:58:18.830	28	12.375	(329, 775)	(33, 78)	49
18:58:18.865	27	12.2456	(329, 785)	(33, 79)	49
18:58:18.899	28	12.0433	(329, 795)	(33, 80)	49
18:58:18.934	28	11.9375	(329, 805)	(33, 81)	49
18:58:18.969	27	11.3154	(329, 833)	(33, 83)	49
18:58:19.004	27	11.2714	(329, 836)	(33, 84)	49
18:58:19.039	26	11.0481	(329, 845)	(33, 85)	49
18:58:19.073	27	10.8396	(329, 855)	(33, 86)	49
18:58:19.108	26	10.6119	(330, 865)	(33, 87)	49
18:58:19.142	27	10.4527	(332, 875)	(33, 88)	49
18:58:19.178	27	10.3353	(335, 883)	(34, 88)	49
18:58:19.212	24	10.3384	(335, 885)	(34, 89)	49
18:58:19.239	25	10.0923	(338, 895)	(34, 90)	49
18:58:19.267	24	9.88267	(341, 905)	(34, 91)	49
18:58:19.295	23	9.69259	(345, 914)	(35, 91)	49
18:58:19.323	23	9.71437	(346, 915)	(35, 92)	49
18:58:19.352	27	9.48593	(350, 925)	(35, 93)	49
18:58:19.386	29	9.40785	(355, 931)	(36, 93)	49
18:58:19.420	29	9.32904	(357, 935)	(36, 94)	49
18:58:19.455	29	9.22207	(364, 945)	(36, 95)	49
18:58:19.490	29	9.2077	(365, 945)	(37, 95)	49
18:58:19.526	27	9.06089	(373, 955)	(37, 96)	49
18:58:19.560	28	9.33096	(375, 956)	(38, 96)	49
18:58:19.595	27	8.95511	(384, 965)	(38, 97)	49
18:58:19.630	28	8.91526	(385, 966)	(39, 97)	49
18:58:19.665	27	8.77407	(395, 975)	(40, 98)	49
18:58:19.698	29	8.80489	(405, 982)	(41, 98)	49
18:58:19.734	28	8.71185	(411, 987)	(41, 99)	49
18:58:19.769	27	8.71393	(415, 989)	(42, 99)	49
18:58:19.803	23	8.6597	(423, 995)	(42, 100)	49
18:58:19.831	22	8.70711	(425, 996)	(43, 100)	49
18:58:19.858	23	8.62889	(435, 1001)	(44, 100)	49
18:58:19.886	23	8.64548	(441, 1005)	(44, 101)	49
18:58:19.914	22	8.58089	(446, 1007)	(45, 101)	49
18:58:19.942	22	8.55674	(455, 1012)	(46, 101)	49
18:58:19.969	22	8.58341	(461, 1015)	(46, 102)	49
18:58:19.998	22	8.50578	(465, 1017)	(47, 102)	49
18:58:20.025	25	8.42296	(475, 1022)	(48, 102)	49
18:58:20.054	27	8.68267	(481, 1025)	(48, 103)	49
18:58:20.088	28	8.42726	(485, 1026)	(49, 103)	49
18:58:20.123	28	8.35674	(495, 1030)	(50, 103)	49
18:58:20.157	25	8.36948	(505, 1034)	(51, 103)	49
18:58:20.185	24	8.4003	(506, 1035)	(51, 104)	49
18:58:20.213	24	8.40741	(515, 1037)	(52, 104)	49
18:58:20.240	24	8.46089	(525, 1040)	(53, 104)	49
18:58:20.268	24	8.41437	(540, 1043)	(54, 104)	49
18:58:20.296	24	8.51348	(545, 1044)	(55, 104)	49
18:58:20.324	24	8.47259	(549, 1045)	(55, 105)	49
18:58:20.352	24	8.55882	(555, 1046)	(56, 105)	49
18:58:20.380	23	8.74104	(577, 1050)	(58, 105)	49
18:58:20.408	23	8.916	(585, 1052)	(59, 105)	49
18:58:20.435	24	8.96667	(595, 1053)	(60, 105)	49
18:58:20.463	24	9.20533	(605, 1054)	(61, 105)	49
18:58:20.491	24	9.16904	(608, 1055)	(61, 106)	49
18:58:20.519	24	9.29748	(615, 1056)	(62, 106)	49
18:58:20.546	25	9.428	(625, 1057)	(63, 106)	49
18:58:20.574	25	9.65422	(635, 1058)	(64, 106)	49
18:58:20.602	25	9.88193	(645, 1059)	(65, 106)	49
18:58:20.630	24	10.1273	(655, 1060)	(66, 106)	49
18:58:20.657	26	10.2095	(665, 1061)	(67, 106)	49
18:58:20.685	25	10.3671	(675, 1061)	(68, 106)	49
18:58:20.713	26	10.4821	(685, 1063)	(69, 106)	49
18:58:20.741	26	10.6761	(695, 1063)	(70, 106)	49
18:58:20.770	26	10.8449	(705, 1064)	(71, 106)	49
18:58:20.804	26	10.9841	(715, 1064)	(72, 106)	49
18:58:20.839	25	10.9987	(719, 1065)	(72, 107)	49
18:58:20.866	25	11.14	(725, 1065)	(73, 107)	49
18:58:20.894	26	11.255	(735, 1066)	(74, 107)	49
18:58:20.922	26	11.3901	(745, 1066)	(75, 107)	49
18:58:20.957	26	11.4517	(755, 1066)	(76, 107)	49
18:58:20.985	26	11.5714	(765, 1066)	(77, 107)	49
18:58:21.012	27	11.7336	(775, 1067)	(78, 107)	49
18:58:21.047	27	11.8865	(785, 1067)	(79, 107)	49
18:58:21.082	26	11.9326	(795, 1068)	(80, 107)	49
18:58:21.116	32	12.0338	(805, 1069)	(81, 107)	49
18:58:21.152	33	12.1102	(815, 1070)	(82, 107)	49
18:58:21.194	33	12.2526	(825, 1071)	(83, 107)	49
18:58:21.235	29	12.4081	(835, 1072)	(84, 107)	49
18:58:21.269	27	12.573	(845, 1073)	(85, 107)	49
18:58:21.304	26	12.8476	(856, 1074)	(86, 107)	49
18:58:21.339	39	12.8287	(862, 1075)	(86, 108)	49
18:58:21.383	39	12.8914	(865, 1075)	(87, 108)	49
18:58:21.431	36	13.1295	(875, 1075)	(88, 108)	49
18:58:21.471	30	13.3179	(885, 1076)	(89, 108)	49
18:58:21.506	26	13.6825	(895, 1077)	(90, 108)	49
18:58:21.533	29	13.8139	(905, 1078)	(91, 108)	49
18:58:21.568	34	13.9553	(915, 1078)	(92, 108)	49
18:58:21.604	32	14.1984	(925, 1079)	(93, 108)	49
18:58:21.639	33	14.4486	(935, 1080)	(94, 108)	49
18:58:21.681	32	14.5736	(945, 1081)	(95, 108)	49
18:58:21.715	33	14.7487	(955, 1082)	(96, 108)	49
18:58:21.750	32	15.0599	(965, 1082)	(97, 108)	49
18:58:21.785	34	15.0587	(975, 1083)	(98, 108)	49
18:58:21.826	33	15.2164	(986, 1083)	(99, 108)	49
18:58:21.861	32	15.3464	(995, 1084)	(100, 108)	49
18:58:21.895	31	15.4582	(1005, 1084)	(101, 108)	49
18:58:21.930	30	15.5375	(1015, 1084)	(102, 108)	49
18:58:21.965	30	15.3754	(1017, 1085)	(102, 109)	49
18:58:22.000	40	15.4727	(1025, 1085)	(103, 109)	49
18:58:22.050	41	15.4757	(1040, 1085)	(104, 109)	49
18:58:22.098	36	15.5516	(1048, 1085)	(105, 109)	49
18:58:22.139	32	15.6218	(1055, 1086)	(106, 109)	49
18:58:22.174	31	15.6437	(1065, 1086)	(107, 109)	49
18:58:22.215	32	15.6213	(1075, 1086)	(108, 109)	49
18:58:22.250	32	15.7126	(1085, 1086)	(109, 109)	49
18:58:22.285	32	15.9661	(1096, 1086)	(110, 109)	49
18:58:22.327	36	15.876	(1105, 1086)	(111, 109)	49
18:58:22.370	42	15.9816	(1115, 1086)	(112, 109)	49
18:58:22.418	44	16.1373	(1126, 1086)	(113, 109)	49
18:58:22.467	44	16.2541	(1135, 1086)	(114, 109)	49
18:58:22.516	35	16.3707	(1146, 1086)	(115, 109)	49
18:58:22.556	38	16.4505	(1155, 1086)	(116, 109)	49
18:58:22.598	34	16.5252	(1166, 1086)	(117, 109)	49
18:58:22.640	34	16.4846	(1175, 1086)	(118, 109)	49
18:58:22.681	35	16.5176	(1185, 1085)	(119, 109)	49
18:58:22.723	32	16.5151	(1188, 1084)	(119, 108)	49
18:58:22.756	31	16.5447	(1195, 1084)	(120, 108)	49
18:58:22.791	34	16.6304	(1205, 1082)	(121, 108)	49
18:58:22.827	35	16.673	(1215, 1081)	(122, 108)	49
18:58:22.869	40	16.6393	(1225, 1081)	(123, 108)	49
18:58:22.919	34	16.5818	(1235, 1081)	(124, 108)	49
18:58:22.959	30	16.6079	(1245, 1080)	(125, 108)	49
18:58:22.993	31	16.4788	(1255, 1080)	(126, 108)	49
18:58:23.028	34	16.4499	(1265, 1079)	(127, 108)	49
18:58:23.071	33	16.4511	(1275, 1078)	(128, 108)	49
18:58:23.113	33	16.5461	(1286, 1077)	(129, 108)	49
18:58:23.154	34	16.2353	(1295, 1077)	(130, 108)	49
18:58:23.195	35	16.1501	(1305, 1077)	(131, 108)	49
18:58:23.237	31	16.0969	(1315, 1077)	(132, 108)	49
18:58:23.271	34	16.0167	(1325, 1077)	(133, 108)	49
18:58:23.307	34	15.9557	(1335, 1077)	(134, 108)	49
18:58:23.349	34	15.8517	(1345, 1077)	(135, 108)	49
18:58:23.390	34	15.8533	(1355, 1077)	(136, 108)	49
18:58:23.432	33	15.721	(1365, 1079)	(137, 108)	49
18:58:23.474	39	15.7166	(1375, 1080)	(138, 108)	49
18:58:23.523	40	15.4274	(1385, 1081)	(139, 108)	49
18:58:23.571	37	15.3034	(1395, 1081)	(140, 108)	49
18:58:23.614	32	15.1209	(1405, 1083)	(141, 108)	49
18:58:23.655	36	15.0499	(1416, 1084)	(142, 108)	49
18:58:23.696	37	14.9464	(1418, 1085)	(142, 109)	49
18:58:23.738	34	14.8902	(1425, 1085)	(143, 109)	49
18:58:23.779	32	14.7973	(1437, 1088)	(144, 109)	49
18:58:23.814	32	14.6859	(1445, 1088)	(145, 109)	49
18:58:23.849	31	14.5471	(1455, 1089)	(146, 109)	49
18:58:23.884	30	14.4705	(1465, 1090)	(147, 109)	49
18:58:23.919	31	14.4053	(1476, 1091)	(148, 109)	49
18:58:23.953	30	14.0807	(1485, 1092)	(149, 109)	49
18:58:23.988	31	13.8748	(1495, 1093)	(150, 109)	49
18:58:24.023	30	13.7895	(1505, 1093)	(151, 109)	49
18:58:24.065	30	13.8575	(1515, 1093)	(152, 109)	49
18:58:24.099	30	13.48	(1525, 1093)	(153, 109)	49
18:58:24.134	30	13.4004	(1535, 1094)	(154, 109)	49
18:58:24.169	30	13.3681	(1545, 1094)	(155, 109)	49
18:58:24.203	27	13.2739	(1555, 1094)	(156, 109)	49
18:58:24.238	26	13.1631	(1565, 1094)	(157, 109)	49
18:58:24.265	27	12.9982	(1566, 1095)	(157, 110)	49
18:58:24.293	30	12.8911	(1575, 1095)	(158, 110)	49
18:58:24.329	32	12.7071	(1585, 1095)	(159, 110)	49
18:58:24.363	33	12.551	(1596, 1096)	(160, 110)	49
18:58:24.397	28	12.4044	(1605, 1096)	(161, 110)	49
18:58:24.432	26	12.296	(1615, 1096)	(162, 110)	49
18:58:24.460	27	12.0652	(1625, 1097)	(163, 110)	49
18:58:24.489	25	11.8646	(1635, 1097)	(164, 110)	49
18:58:24.516	25	11.6406	(1645, 1097)	(165, 110)	49
18:58:24.543	26	11.48	(1655, 1098)	(166, 110)	49
18:58:24.571	25	11.3	(1665, 1098)	(167, 110)	49
18:58:24.599	25	11.0233	(1675, 1099)	(168, 110)	49
18:58:24.627	28	10.8818	(1685, 1099)	(169, 110)	49
18:58:24.662	31	10.6455	(1695, 1100)	(170, 110)	49
18:58:24.697	31	10.3523	(1705, 1100)	(171, 110)	49
18:58:24.732	30	10.1502	(1715, 1101)	(172, 110)	49
18:58:24.767	30	10.0255	(1725, 1101)	(173, 110)	49
18:58:24.801	27	9.87674	(1735, 1103)	(174, 110)	49
18:58:24.836	24	9.73763	(1748, 1104)	(175, 110)	49
18:58:24.863	26	9.70044	(1753, 1105)	(175, 111)	49
18:58:24.891	25	9.67437	(1755, 1105)	(176, 111)	49
18:58:24.919	24	9.59467	(1765, 1106)	(177, 111)	49
18:58:24.947	25	9.38652	(1775, 1107)	(178, 111)	49
18:58:24.975	25	9.20341	(1785, 1108)	(179, 111)	49
18:58:25.003	25	8.94696	(1798, 1109)	(180, 111)	49
18:58:25.031	23	8.84607	(1806, 1111)	(181, 111)	49
18:58:25.058	24	8.588	(1815, 1112)	(182, 111)	49
18:58:25.086	24	8.3643	(1825, 1112)	(183, 111)	49
18:58:25.113	25	8.21096	(1835, 1113)	(184, 111)	49
18:58:25.142	22	7.95733	(1850, 1114)	(185, 111)	49
18:58:25.169	24	7.91733	(1855, 1114)	(186, 111)	49
18:58:25.198	22	7.8757	(1858, 1115)	(186, 112)	49
18:58:25.225	23	7.75718	(1865, 1116)	(187, 112)	49
18:58:25.253	23	7.57052	(1877, 1117)	(188, 112)	49
18:58:25.281	23	7.45911	(1885, 1118)	(189, 112)	49
18:58:25.309	22	7.3083	(1895, 1120)	(190, 112)	49
18:58:25.336	23	7.14711	(1905, 1121)	(191, 112)	49
18:58:25.364	19	3.55644	(0, 0)	(0, 0)	49
EOM

