BOM
Frame extends: 2263, 1306
_ms_area: 10
measurements taken: 585
current rendering method: 2
is mouse replay: 1
Camera settings: Roation Quaternion: ( 0.118211, -0.32703, -0.289435, 0.891787), Translationsvektor: ( 0.0238621, -0.133231, 2.11).
System_Time	Elapsed_Time_PaintGL	Elapsed_Kernel_Time	Frame_Coordinates	Grid_Position	Manual_Measurement
18:58:30.153	22	10.4467	(318, 226)	(32, 23)	49
18:58:30.182	22	10.3959	(325, 225)	(33, 23)	49
18:58:30.210	21	10.4044	(335, 225)	(34, 23)	49
18:58:30.237	28	10.4404	(345, 225)	(35, 23)	49
18:58:30.274	30	10.4354	(357, 225)	(36, 23)	49
18:58:30.307	22	10.5104	(372, 225)	(37, 23)	49
18:58:30.334	21	10.4898	(375, 225)	(38, 23)	49
18:58:30.362	24	10.5659	(385, 225)	(39, 23)	49
18:58:30.391	20	10.5551	(395, 225)	(40, 23)	49
18:58:30.418	19	10.5698	(405, 225)	(41, 23)	49
18:58:30.445	24	10.537	(415, 225)	(42, 23)	49
18:58:30.474	26	10.6393	(425, 225)	(43, 23)	49
18:58:30.510	26	10.8619	(435, 226)	(44, 23)	49
18:58:30.543	22	11.1342	(445, 226)	(45, 23)	49
18:58:30.571	31	11.3101	(455, 226)	(46, 23)	49
18:58:30.608	30	11.5049	(465, 227)	(47, 23)	49
18:58:30.649	30	11.5584	(475, 227)	(48, 23)	49
18:58:30.684	27	11.5987	(485, 228)	(49, 23)	49
18:58:30.717	24	11.781	(495, 228)	(50, 23)	49
18:58:30.745	20	11.7674	(505, 229)	(51, 23)	49
18:58:30.772	21	11.8456	(515, 229)	(52, 23)	49
18:58:30.800	24	11.8557	(525, 229)	(53, 23)	49
18:58:30.829	26	11.9279	(535, 229)	(54, 23)	49
18:58:30.864	27	12.1524	(545, 229)	(55, 23)	49
18:58:30.898	27	12.0502	(555, 229)	(56, 23)	49
18:58:30.933	32	12.1173	(565, 229)	(57, 23)	49
18:58:30.967	22	12.1886	(575, 229)	(58, 23)	49
18:58:30.995	21	12.3736	(585, 229)	(59, 23)	49
18:58:31.022	22	12.2387	(596, 229)	(60, 23)	49
18:58:31.051	28	12.4156	(605, 230)	(61, 23)	49
18:58:31.087	29	12.349	(615, 230)	(62, 23)	49
18:58:31.121	27	12.3803	(626, 230)	(63, 23)	49
18:58:31.155	23	12.3754	(635, 230)	(64, 23)	49
18:58:31.182	23	12.5363	(645, 230)	(65, 23)	49
18:58:31.211	23	12.4696	(655, 230)	(66, 23)	49
18:58:31.238	22	12.699	(665, 230)	(67, 23)	49
18:58:31.266	23	12.6624	(680, 230)	(68, 23)	49
18:58:31.294	23	12.7041	(685, 230)	(69, 23)	49
18:58:31.323	27	12.7461	(695, 230)	(70, 23)	49
18:58:31.357	24	12.8052	(705, 230)	(71, 23)	49
18:58:31.385	23	12.8579	(715, 230)	(72, 23)	49
18:58:31.412	24	12.8825	(725, 230)	(73, 23)	49
18:58:31.440	24	12.873	(735, 230)	(74, 23)	49
18:58:31.468	24	12.9376	(749, 230)	(75, 23)	49
18:58:31.496	24	12.979	(756, 230)	(76, 23)	49
18:58:31.524	24	13.0427	(766, 230)	(77, 23)	49
18:58:31.552	24	13.0538	(775, 230)	(78, 23)	49
18:58:31.579	24	13.0867	(785, 230)	(79, 23)	49
18:58:31.607	24	13.1249	(796, 229)	(80, 23)	49
18:58:31.635	24	13.2039	(805, 229)	(81, 23)	49
18:58:31.662	26	13.1339	(815, 229)	(82, 23)	49
18:58:31.692	28	13.3243	(825, 228)	(83, 23)	49
18:58:31.726	30	13.2124	(835, 228)	(84, 23)	49
18:58:31.764	26	13.1416	(845, 228)	(85, 23)	49
18:58:31.795	24	13.1899	(855, 228)	(86, 23)	49
18:58:31.822	25	12.7387	(865, 228)	(87, 23)	49
18:58:31.851	24	12.6173	(875, 228)	(88, 23)	49
18:58:31.879	24	12.651	(885, 228)	(89, 23)	49
18:58:31.906	24	12.5513	(895, 228)	(90, 23)	49
18:58:31.934	24	12.6298	(905, 228)	(91, 23)	49
18:58:31.961	24	12.5693	(915, 228)	(92, 23)	49
18:58:31.989	24	12.5689	(925, 228)	(93, 23)	49
18:58:32.017	25	12.5846	(935, 228)	(94, 23)	49
18:58:32.046	24	12.6708	(945, 227)	(95, 23)	49
18:58:32.073	24	12.7105	(957, 227)	(96, 23)	49
18:58:32.101	24	12.6942	(966, 227)	(97, 23)	49
18:58:32.128	25	12.6656	(975, 227)	(98, 23)	49
18:58:32.157	24	12.6412	(985, 227)	(99, 23)	49
18:58:32.185	24	12.735	(995, 227)	(100, 23)	49
18:58:32.212	24	12.6785	(1005, 227)	(101, 23)	49
18:58:32.240	24	12.8277	(1015, 226)	(102, 23)	49
18:58:32.267	24	12.8556	(1025, 226)	(103, 23)	49
18:58:32.295	24	12.7886	(1035, 226)	(104, 23)	49
18:58:32.323	24	12.7898	(1045, 225)	(105, 23)	49
18:58:32.351	24	12.7313	(1055, 225)	(106, 23)	49
18:58:32.379	24	12.8299	(1065, 225)	(107, 23)	49
18:58:32.406	22	12.7176	(1071, 224)	(107, 22)	49
18:58:32.434	21	12.7416	(1075, 224)	(108, 22)	49
18:58:32.463	25	12.7236	(1085, 224)	(109, 22)	49
18:58:32.497	26	12.6123	(1095, 224)	(110, 22)	49
18:58:32.533	26	12.6476	(1105, 224)	(111, 22)	49
18:58:32.567	28	12.8116	(1115, 224)	(112, 22)	49
18:58:32.602	24	12.6883	(1125, 224)	(113, 22)	49
18:58:32.629	23	12.5089	(1135, 224)	(114, 22)	49
18:58:32.657	22	12.5397	(1146, 223)	(115, 22)	49
18:58:32.684	23	12.5566	(1155, 223)	(116, 22)	49
18:58:32.712	23	12.5387	(1165, 223)	(117, 22)	49
18:58:32.740	23	12.4902	(1175, 223)	(118, 22)	49
18:58:32.768	24	12.7193	(1185, 223)	(119, 22)	49
18:58:32.796	23	12.8197	(1195, 223)	(120, 22)	49
18:58:32.823	24	12.6828	(1205, 223)	(121, 22)	49
18:58:32.851	24	12.8305	(1215, 223)	(122, 22)	49
18:58:32.879	24	12.876	(1225, 223)	(123, 22)	49
18:58:32.906	24	12.7261	(1235, 223)	(124, 22)	49
18:58:32.935	24	12.6884	(1245, 223)	(125, 22)	49
18:58:32.962	25	12.628	(1255, 223)	(126, 22)	49
18:58:32.991	24	12.6836	(1265, 224)	(127, 22)	49
18:58:33.018	24	12.6033	(1275, 224)	(128, 22)	49
18:58:33.046	23	12.5332	(1282, 225)	(128, 23)	49
18:58:33.074	23	12.3907	(1285, 225)	(129, 23)	49
18:58:33.102	23	12.3701	(1295, 226)	(130, 23)	49
18:58:33.130	22	12.475	(1305, 226)	(131, 23)	49
18:58:33.157	23	12.3684	(1316, 228)	(132, 23)	49
18:58:33.185	23	12.1444	(1326, 228)	(133, 23)	49
18:58:33.213	23	12.1647	(1335, 228)	(134, 23)	49
18:58:33.241	23	12.2261	(1345, 229)	(135, 23)	49
18:58:33.269	23	12.2121	(1355, 230)	(136, 23)	49
18:58:33.296	23	12.1247	(1366, 230)	(137, 23)	49
18:58:33.324	23	12.0296	(1375, 230)	(138, 23)	49
18:58:33.352	23	12.0126	(1386, 231)	(139, 23)	49
18:58:33.379	23	12.1274	(1395, 231)	(140, 23)	49
18:58:33.407	23	12.0616	(1405, 232)	(141, 23)	49
18:58:33.435	23	11.9874	(1415, 232)	(142, 23)	49
18:58:33.462	22	11.9953	(1425, 232)	(143, 23)	49
18:58:33.490	23	12.0766	(1435, 233)	(144, 23)	49
18:58:33.521	25	12.0277	(1445, 234)	(145, 23)	49
18:58:33.554	27	11.9098	(1455, 234)	(146, 23)	49
18:58:33.589	25	11.9179	(1465, 234)	(147, 23)	49
18:58:33.616	28	11.8461	(1478, 234)	(148, 23)	49
18:58:33.652	24	12.1216	(1485, 234)	(149, 23)	49
18:58:33.678	23	11.8847	(1488, 235)	(149, 24)	49
18:58:33.706	23	12.0021	(1495, 235)	(150, 24)	49
18:58:33.734	23	11.9058	(1506, 235)	(151, 24)	49
18:58:33.762	23	11.9353	(1516, 235)	(152, 24)	49
18:58:33.790	23	11.8647	(1526, 236)	(153, 24)	49
18:58:33.818	23	11.8076	(1535, 236)	(154, 24)	49
18:58:33.846	23	11.9086	(1546, 236)	(155, 24)	49
18:58:33.873	21	11.6723	(1556, 237)	(156, 24)	49
18:58:33.901	20	11.7123	(1565, 237)	(157, 24)	49
18:58:33.929	22	11.5782	(1575, 238)	(158, 24)	49
18:58:33.964	20	11.4246	(1585, 238)	(159, 24)	49
18:58:33.991	21	11.3204	(1595, 239)	(160, 24)	49
18:58:34.019	21	11.3319	(1605, 239)	(161, 24)	49
18:58:34.047	22	11.1194	(1615, 240)	(162, 24)	49
18:58:34.075	22	10.7861	(1625, 240)	(163, 24)	49
18:58:34.102	22	10.6161	(1636, 241)	(164, 24)	49
18:58:34.130	21	10.4237	(1645, 242)	(165, 24)	49
18:58:34.158	21	10.4083	(1655, 242)	(166, 24)	49
18:58:34.186	21	10.427	(1666, 243)	(167, 24)	49
18:58:34.213	22	10.3809	(1676, 244)	(168, 24)	49
18:58:34.242	21	10.4597	(1677, 245)	(168, 25)	49
18:58:34.270	21	10.415	(1686, 245)	(169, 25)	49
18:58:34.297	22	10.404	(1696, 246)	(170, 25)	49
18:58:34.325	21	10.4197	(1705, 246)	(171, 25)	49
18:58:34.353	21	10.3287	(1715, 248)	(172, 25)	49
18:58:34.381	20	10.3701	(1726, 249)	(173, 25)	49
18:58:34.408	21	10.3914	(1735, 250)	(174, 25)	49
18:58:34.436	21	10.303	(1745, 251)	(175, 25)	49
18:58:34.464	21	10.3175	(1755, 253)	(176, 25)	49
18:58:34.492	21	10.3373	(1765, 254)	(177, 25)	49
18:58:34.520	21	10.3542	(1768, 255)	(177, 26)	49
18:58:34.547	21	10.2693	(1775, 256)	(178, 26)	49
18:58:34.576	21	10.2587	(1785, 258)	(179, 26)	49
18:58:34.603	21	10.2493	(1795, 260)	(180, 26)	49
18:58:34.631	21	10.2624	(1805, 262)	(181, 26)	49
18:58:34.658	21	10.2465	(1815, 264)	(182, 26)	49
18:58:34.686	22	10.2994	(1817, 265)	(182, 27)	49
18:58:34.714	21	10.2265	(1825, 267)	(183, 27)	49
18:58:34.742	21	10.2324	(1838, 271)	(184, 27)	49
18:58:34.770	21	10.1963	(1845, 273)	(185, 27)	49
18:58:34.798	21	10.2084	(1849, 275)	(185, 28)	49
18:58:34.826	21	10.2264	(1858, 278)	(186, 28)	49
18:58:34.854	20	10.1893	(1865, 280)	(187, 28)	49
18:58:34.881	21	10.2178	(1874, 285)	(187, 29)	49
18:58:34.910	21	10.2533	(1875, 285)	(188, 29)	49
18:58:34.936	20	10.1822	(1885, 289)	(189, 29)	49
18:58:34.964	20	10.2243	(1895, 294)	(190, 29)	49
18:58:34.993	20	10.2735	(1895, 295)	(190, 30)	49
18:58:35.021	20	10.181	(1905, 299)	(191, 30)	49
18:58:35.048	22	10.2612	(1912, 305)	(191, 31)	49
18:58:35.076	21	10.1684	(1915, 307)	(192, 31)	49
18:58:35.104	21	10.1578	(1925, 314)	(193, 31)	49
18:58:35.132	21	10.1403	(1926, 315)	(193, 32)	49
18:58:35.159	21	10.1679	(1935, 322)	(194, 32)	49
18:58:35.187	21	10.1744	(1937, 325)	(194, 33)	49
18:58:35.215	21	10.1326	(1945, 333)	(195, 33)	49
18:58:35.243	20	10.1538	(1947, 335)	(195, 34)	49
18:58:35.270	22	10.1378	(1955, 344)	(196, 34)	49
18:58:35.298	21	10.1957	(1955, 345)	(196, 35)	49
18:58:35.326	21	10.1975	(1963, 355)	(196, 36)	49
18:58:35.354	21	10.1966	(1965, 358)	(197, 36)	49
18:58:35.381	20	10.187	(1968, 365)	(197, 37)	49
18:58:35.409	20	10.1447	(1973, 375)	(197, 38)	49
18:58:35.430	20	10.1539	(1975, 379)	(198, 38)	49
18:58:35.451	20	10.2012	(1976, 385)	(198, 39)	49
18:58:35.473	19	10.172	(1980, 395)	(198, 40)	49
18:58:35.493	20	10.1662	(1982, 405)	(198, 41)	49
18:58:35.521	20	10.2001	(1984, 415)	(198, 42)	49
18:58:35.549	20	10.2083	(1985, 417)	(199, 42)	49
18:58:35.577	20	10.1843	(1985, 425)	(199, 43)	49
18:58:35.604	21	10.2256	(1987, 435)	(199, 44)	49
18:58:35.632	20	10.2145	(1988, 445)	(199, 45)	49
18:58:35.660	20	10.2316	(1989, 455)	(199, 46)	49
18:58:35.687	23	10.2541	(1989, 465)	(199, 47)	49
18:58:35.716	23	10.2388	(1989, 475)	(199, 48)	49
18:58:35.744	23	10.2908	(1988, 485)	(199, 49)	49
18:58:35.772	22	10.2401	(1985, 495)	(199, 50)	49
18:58:35.799	21	10.2575	(1984, 495)	(198, 50)	49
18:58:35.826	20	10.3416	(1980, 505)	(198, 51)	49
18:58:35.847	23	10.2701	(1972, 516)	(197, 52)	49
18:58:35.875	24	10.3047	(1965, 525)	(197, 53)	49
18:58:35.904	24	10.3068	(1964, 526)	(196, 53)	49
18:58:35.931	23	10.3314	(1954, 534)	(195, 53)	49
18:58:35.959	25	10.3098	(1953, 535)	(195, 54)	49
18:58:35.989	24	10.2893	(1944, 539)	(194, 54)	49
18:58:36.022	24	10.3825	(1937, 545)	(194, 55)	49
18:58:36.050	24	10.3951	(1934, 547)	(193, 55)	49
18:58:36.078	22	10.4197	(1924, 555)	(192, 56)	49
18:58:36.105	24	10.3916	(1914, 561)	(191, 56)	49
18:58:36.133	23	10.3975	(1907, 565)	(191, 57)	49
18:58:36.161	22	10.4613	(1904, 567)	(190, 57)	49
18:58:36.188	24	10.4511	(1894, 572)	(189, 57)	49
18:58:36.215	21	10.4818	(1890, 575)	(189, 58)	49
18:58:36.244	20	10.4873	(1884, 577)	(188, 58)	49
18:58:36.271	20	10.4533	(1874, 581)	(187, 58)	49
18:58:36.300	20	10.6717	(1866, 585)	(187, 59)	49
18:58:36.327	26	10.7969	(1864, 585)	(186, 59)	49
18:58:36.363	28	11.5961	(1854, 590)	(185, 59)	49
18:58:36.397	23	11.8487	(1844, 594)	(184, 59)	49
18:58:36.425	23	11.9204	(1843, 595)	(184, 60)	49
18:58:36.452	24	12.1898	(1834, 597)	(183, 60)	49
18:58:36.480	24	12.0385	(1823, 601)	(182, 60)	49
18:58:36.508	23	12.208	(1810, 606)	(181, 61)	49
18:58:36.535	23	12.2316	(1804, 609)	(180, 61)	49
18:58:36.563	24	12.1079	(1794, 612)	(179, 61)	49
18:58:36.592	24	12.1144	(1787, 615)	(179, 62)	49
18:58:36.620	24	12.0929	(1784, 616)	(178, 62)	49
18:58:36.648	23	12.143	(1774, 619)	(177, 62)	49
18:58:36.675	24	12.2656	(1764, 622)	(176, 62)	49
18:58:36.703	23	12.3049	(1758, 625)	(176, 63)	49
18:58:36.731	23	12.1987	(1754, 626)	(175, 63)	49
18:58:36.758	24	12.4301	(1744, 628)	(174, 63)	49
18:58:36.787	24	12.3698	(1734, 631)	(173, 63)	49
18:58:36.814	25	12.3883	(1724, 633)	(172, 63)	49
18:58:36.842	21	12.6302	(1715, 635)	(172, 64)	49
18:58:36.869	22	12.5231	(1714, 635)	(171, 64)	49
18:58:36.897	24	12.5584	(1704, 637)	(170, 64)	49
18:58:36.926	24	12.6889	(1694, 638)	(169, 64)	49
18:58:36.953	24	12.7233	(1684, 640)	(168, 64)	49
18:58:36.981	22	12.8151	(1674, 641)	(167, 64)	49
18:58:37.008	21	12.8481	(1664, 642)	(166, 64)	49
18:58:37.036	23	12.9727	(1654, 643)	(165, 64)	49
18:58:37.064	23	13.1677	(1644, 644)	(164, 64)	49
18:58:37.091	23	13.064	(1633, 644)	(163, 64)	49
18:58:37.134	27	13.1655	(1624, 644)	(162, 64)	49
18:58:37.170	26	13.0741	(1614, 644)	(161, 64)	49
18:58:37.204	29	13.1357	(1604, 644)	(160, 64)	49
18:58:37.242	27	13.3344	(1594, 644)	(159, 64)	49
18:58:37.274	23	13.4138	(1584, 644)	(158, 64)	49
18:58:37.300	23	13.3415	(1574, 644)	(157, 64)	49
18:58:37.328	23	13.3218	(1564, 644)	(156, 64)	49
18:58:37.356	23	13.4209	(1554, 644)	(155, 64)	49
18:58:37.385	26	13.4957	(1548, 645)	(155, 65)	49
18:58:37.420	27	13.3453	(1544, 645)	(154, 65)	49
18:58:37.454	27	13.5004	(1534, 645)	(153, 65)	49
18:58:37.488	25	13.513	(1524, 646)	(152, 65)	49
18:58:37.516	23	13.6265	(1514, 647)	(151, 65)	49
18:58:37.543	24	13.5126	(1504, 648)	(150, 65)	49
18:58:37.571	26	13.5394	(1494, 649)	(149, 65)	49
18:58:37.601	24	13.5092	(1484, 651)	(148, 65)	49
18:58:37.629	25	13.4467	(1474, 652)	(147, 65)	49
18:58:37.662	24	13.2865	(1464, 652)	(146, 65)	49
18:58:37.690	24	13.348	(1454, 653)	(145, 65)	49
18:58:37.718	24	13.2807	(1444, 654)	(144, 65)	49
18:58:37.746	24	13.3084	(1434, 654)	(143, 65)	49
18:58:37.773	25	13.2997	(1419, 654)	(142, 65)	49
18:58:37.802	24	13.1827	(1414, 654)	(141, 65)	49
18:58:37.829	25	13.2356	(1404, 654)	(140, 65)	49
18:58:37.856	25	13.3324	(1394, 654)	(139, 65)	49
18:58:37.884	25	13.1604	(1384, 654)	(138, 65)	49
18:58:37.913	24	13.2739	(1374, 654)	(137, 65)	49
18:58:37.941	24	13.1859	(1356, 653)	(136, 65)	49
18:58:37.968	24	13.2382	(1354, 653)	(135, 65)	49
18:58:37.996	24	13.1504	(1344, 652)	(134, 65)	49
18:58:38.024	25	13.0227	(1334, 651)	(133, 65)	49
18:58:38.053	24	13.2031	(1323, 651)	(132, 65)	49
18:58:38.080	25	13.1799	(1314, 650)	(131, 65)	49
18:58:38.114	25	13.0584	(1303, 649)	(130, 65)	49
18:58:38.142	24	13.0493	(1294, 648)	(129, 65)	49
18:58:38.170	24	13.0265	(1284, 647)	(128, 65)	49
18:58:38.197	25	13.0684	(1274, 647)	(127, 65)	49
18:58:38.226	23	13.1239	(1264, 646)	(126, 65)	49
18:58:38.253	24	13.1153	(1256, 644)	(126, 64)	49
18:58:38.280	24	13.0839	(1254, 644)	(125, 64)	49
18:58:38.309	23	13.2265	(1244, 643)	(124, 64)	49
18:58:38.336	22	13.1621	(1234, 643)	(123, 64)	49
18:58:38.363	27	13.1459	(1224, 641)	(122, 64)	49
18:58:38.393	28	13.2394	(1214, 641)	(121, 64)	49
18:58:38.428	27	13.2751	(1204, 641)	(120, 64)	49
18:58:38.462	28	13.3418	(1194, 640)	(119, 64)	49
18:58:38.497	30	13.2963	(1184, 639)	(118, 64)	49
18:58:38.531	24	13.3108	(1174, 639)	(117, 64)	49
18:58:38.558	23	13.4098	(1164, 637)	(116, 64)	49
18:58:38.586	22	13.3579	(1154, 637)	(115, 64)	49
18:58:38.614	27	13.2901	(1144, 636)	(114, 64)	49
18:58:38.649	27	13.2939	(1134, 636)	(113, 64)	49
18:58:38.684	27	13.515	(1124, 635)	(112, 64)	49
18:58:38.719	26	13.433	(1114, 635)	(111, 64)	49
18:58:38.753	27	13.3083	(1110, 634)	(111, 63)	49
18:58:38.789	26	13.3933	(1104, 634)	(110, 63)	49
18:58:38.823	27	13.3668	(1093, 633)	(109, 63)	49
18:58:38.858	26	13.392	(1084, 632)	(108, 63)	49
18:58:38.892	27	13.4516	(1074, 632)	(107, 63)	49
18:58:38.927	28	13.3526	(1064, 631)	(106, 63)	49
18:58:38.963	26	13.3982	(1051, 631)	(105, 63)	49
18:58:38.997	27	13.335	(1032, 629)	(103, 63)	49
18:58:39.032	26	13.401	(1024, 629)	(102, 63)	49
18:58:39.067	25	13.4701	(1014, 629)	(101, 63)	49
18:58:39.101	27	13.5667	(1004, 628)	(100, 63)	49
18:58:39.137	25	13.5713	(994, 627)	(99, 63)	49
18:58:39.170	28	13.5359	(984, 627)	(98, 63)	49
18:58:39.206	27	13.5858	(974, 627)	(97, 63)	49
18:58:39.240	27	13.5004	(964, 626)	(96, 63)	49
18:58:39.275	27	13.6144	(954, 626)	(95, 63)	49
18:58:39.310	26	13.5953	(944, 626)	(94, 63)	49
18:58:39.345	26	13.5366	(934, 625)	(93, 63)	49
18:58:39.379	24	13.4939	(927, 624)	(93, 62)	49
18:58:39.406	24	13.4791	(924, 624)	(92, 62)	49
18:58:39.434	26	13.4862	(914, 623)	(91, 62)	49
18:58:39.462	24	13.365	(904, 622)	(90, 62)	49
18:58:39.491	23	13.4258	(894, 621)	(89, 62)	49
18:58:39.520	24	13.3015	(884, 620)	(88, 62)	49
18:58:39.554	24	13.3004	(873, 619)	(87, 62)	49
18:58:39.582	22	13.1871	(864, 619)	(86, 62)	49
18:58:39.608	24	13.1719	(854, 619)	(85, 62)	49
18:58:39.636	24	13.0167	(843, 618)	(84, 62)	49
18:58:39.663	24	12.9563	(834, 618)	(83, 62)	49
18:58:39.691	24	12.9142	(823, 617)	(82, 62)	49
18:58:39.720	24	12.8733	(814, 617)	(81, 62)	49
18:58:39.748	22	12.8055	(804, 617)	(80, 62)	49
18:58:39.775	24	12.7628	(794, 617)	(79, 62)	49
18:58:39.802	25	12.6538	(784, 616)	(78, 62)	49
18:58:39.831	24	12.5828	(772, 616)	(77, 62)	49
18:58:39.859	22	12.5717	(764, 615)	(76, 62)	49
18:58:39.886	23	12.5547	(754, 615)	(75, 62)	49
18:58:39.914	23	12.496	(744, 615)	(74, 62)	49
18:58:39.942	22	12.4978	(734, 615)	(73, 62)	49
18:58:39.969	23	12.3763	(724, 615)	(72, 62)	49
18:58:39.997	23	12.4302	(714, 615)	(71, 62)	49
18:58:40.025	21	12.348	(704, 615)	(70, 62)	49
18:58:40.052	22	12.2341	(694, 615)	(69, 62)	49
18:58:40.081	30	12.2852	(684, 615)	(68, 62)	49
18:58:40.117	28	12.3456	(674, 615)	(67, 62)	49
18:58:40.151	29	12.2662	(664, 616)	(66, 62)	49
18:58:40.187	28	12.2393	(654, 617)	(65, 62)	49
18:58:40.222	25	12.088	(644, 618)	(64, 62)	49
18:58:40.255	22	12.243	(634, 618)	(63, 62)	49
18:58:40.282	22	11.9705	(624, 619)	(62, 62)	49
18:58:40.310	25	12.0213	(614, 619)	(61, 62)	49
18:58:40.339	29	12.0187	(604, 621)	(60, 62)	49
18:58:40.375	27	11.9961	(594, 621)	(59, 62)	49
18:58:40.409	25	11.9422	(584, 622)	(58, 62)	49
18:58:40.443	25	12.0639	(574, 624)	(57, 62)	49
18:58:40.471	21	12.0601	(566, 625)	(57, 63)	49
18:58:40.498	22	12.0889	(564, 625)	(56, 63)	49
18:58:40.525	22	12.1271	(554, 625)	(55, 63)	49
18:58:40.553	26	12.0566	(544, 626)	(54, 63)	49
18:58:40.583	24	12.2504	(534, 628)	(53, 63)	49
18:58:40.610	21	12.2409	(524, 629)	(52, 63)	49
18:58:40.638	28	12.2631	(514, 631)	(51, 63)	49
18:58:40.672	22	12.2519	(504, 633)	(50, 63)	49
18:58:40.700	25	12.3381	(494, 634)	(49, 63)	49
18:58:40.729	26	12.3665	(493, 635)	(49, 64)	49
18:58:40.763	27	12.3561	(484, 637)	(48, 64)	49
18:58:40.798	26	12.3967	(467, 641)	(47, 64)	49
18:58:40.832	23	12.3791	(464, 642)	(46, 64)	49
18:58:40.860	23	12.4092	(458, 645)	(46, 65)	49
18:58:40.887	26	12.3221	(454, 646)	(45, 65)	49
18:58:40.923	27	12.417	(444, 650)	(44, 65)	49
18:58:40.958	26	12.4004	(434, 654)	(43, 65)	49
18:58:40.992	28	12.3105	(432, 655)	(43, 66)	49
18:58:41.028	26	12.2898	(424, 658)	(42, 66)	49
18:58:41.062	26	12.3585	(414, 662)	(41, 66)	49
18:58:41.096	27	12.3191	(409, 665)	(41, 67)	49
18:58:41.131	27	12.2954	(404, 667)	(40, 67)	49
18:58:41.166	26	12.22	(394, 671)	(39, 67)	49
18:58:41.201	26	12.2345	(387, 675)	(39, 68)	49
18:58:41.239	28	12.1514	(384, 676)	(38, 68)	49
18:58:41.272	24	12.2041	(374, 680)	(37, 68)	49
18:58:41.298	22	12.0938	(367, 685)	(37, 69)	49
18:58:41.326	21	12.0907	(364, 687)	(36, 69)	49
18:58:41.353	22	12.1665	(356, 695)	(36, 70)	49
18:58:41.381	22	12.1412	(354, 695)	(35, 70)	49
18:58:41.410	21	12.0499	(344, 704)	(34, 70)	49
18:58:41.437	25	12.0717	(344, 705)	(34, 71)	49
18:58:41.464	23	12.0382	(337, 715)	(34, 72)	49
18:58:41.492	22	11.8748	(335, 725)	(34, 73)	49
18:58:41.520	23	11.8889	(334, 727)	(33, 73)	49
18:58:41.548	22	11.9043	(331, 735)	(33, 74)	49
18:58:41.575	23	11.8711	(329, 746)	(33, 75)	49
18:58:41.604	22	11.7526	(329, 755)	(33, 76)	49
18:58:41.632	25	11.6542	(329, 765)	(33, 77)	49
18:58:41.668	28	11.6188	(329, 775)	(33, 78)	49
18:58:41.701	22	11.5591	(329, 785)	(33, 79)	49
18:58:41.729	22	11.5855	(329, 795)	(33, 80)	49
18:58:41.757	21	11.4073	(329, 805)	(33, 81)	49
18:58:41.784	22	11.3473	(329, 833)	(33, 83)	49
18:58:41.812	22	11.3324	(329, 836)	(33, 84)	49
18:58:41.840	21	11.3108	(329, 845)	(33, 85)	49
18:58:41.868	21	11.1775	(329, 855)	(33, 86)	49
18:58:41.896	21	11.1964	(330, 865)	(33, 87)	49
18:58:41.923	20	11.0933	(332, 875)	(33, 88)	49
18:58:41.950	21	11.1179	(335, 883)	(34, 88)	49
18:58:41.979	23	11.083	(335, 885)	(34, 89)	49
18:58:42.007	24	11.0556	(338, 895)	(34, 90)	49
18:58:42.034	24	11.0601	(341, 905)	(34, 91)	49
18:58:42.063	23	11.0201	(345, 914)	(35, 91)	49
18:58:42.091	21	11.096	(346, 915)	(35, 92)	49
18:58:42.118	21	11.0138	(350, 925)	(35, 93)	49
18:58:42.146	20	11.023	(355, 931)	(36, 93)	49
18:58:42.181	22	11.1071	(357, 935)	(36, 94)	49
18:58:42.208	21	11.0659	(364, 945)	(36, 95)	49
18:58:42.236	21	11.0535	(365, 945)	(37, 95)	49
18:58:42.264	20	10.9899	(373, 955)	(37, 96)	49
18:58:42.291	22	10.9639	(375, 956)	(38, 96)	49
18:58:42.320	21	10.9486	(384, 965)	(38, 97)	49
18:58:42.347	21	11.0289	(385, 966)	(39, 97)	49
18:58:42.375	21	10.9825	(395, 975)	(40, 98)	49
18:58:42.402	22	10.9596	(405, 982)	(41, 98)	49
18:58:42.431	22	10.9679	(411, 987)	(41, 99)	49
18:58:42.459	21	10.9727	(415, 989)	(42, 99)	49
18:58:42.487	21	10.9213	(423, 995)	(42, 100)	49
18:58:42.514	20	10.9941	(425, 996)	(43, 100)	49
18:58:42.541	23	10.9093	(435, 1001)	(44, 100)	49
18:58:42.570	23	10.9304	(441, 1005)	(44, 101)	49
18:58:42.597	26	10.9458	(446, 1007)	(45, 101)	49
18:58:42.626	24	10.9124	(455, 1012)	(46, 101)	49
18:58:42.654	23	10.9431	(461, 1015)	(46, 102)	49
18:58:42.682	32	10.9228	(465, 1017)	(47, 102)	49
18:58:42.717	22	10.916	(475, 1022)	(48, 102)	49
18:58:42.744	20	10.8935	(481, 1025)	(48, 103)	49
18:58:42.771	25	10.8548	(485, 1026)	(49, 103)	49
18:58:42.800	27	10.8498	(495, 1030)	(50, 103)	49
18:58:42.835	24	10.9787	(505, 1034)	(51, 103)	49
18:58:42.862	22	10.8868	(506, 1035)	(51, 104)	49
18:58:42.890	22	10.8359	(515, 1037)	(52, 104)	49
18:58:42.918	22	10.8164	(525, 1040)	(53, 104)	49
18:58:42.945	22	10.8745	(540, 1043)	(54, 104)	49
18:58:42.973	25	10.8883	(545, 1044)	(55, 104)	49
18:58:43.001	22	10.8209	(549, 1045)	(55, 105)	49
18:58:43.029	22	10.8573	(555, 1046)	(56, 105)	49
18:58:43.057	22	10.951	(577, 1050)	(58, 105)	49
18:58:43.084	22	10.8759	(585, 1052)	(59, 105)	49
18:58:43.114	23	10.8679	(595, 1053)	(60, 105)	49
18:58:43.140	21	10.9121	(605, 1054)	(61, 105)	49
18:58:43.168	21	10.8717	(608, 1055)	(61, 106)	49
18:58:43.195	21	10.9084	(615, 1056)	(62, 106)	49
18:58:43.223	22	10.9225	(625, 1057)	(63, 106)	49
18:58:43.251	25	10.9181	(635, 1058)	(64, 106)	49
18:58:43.280	27	10.9182	(645, 1059)	(65, 106)	49
18:58:43.318	28	11.0139	(655, 1060)	(66, 106)	49
18:58:43.350	22	11.1019	(665, 1061)	(67, 106)	49
18:58:43.376	21	11.1136	(675, 1061)	(68, 106)	49
18:58:43.404	20	11.1821	(685, 1063)	(69, 106)	49
18:58:43.432	23	11.3218	(695, 1063)	(70, 106)	49
18:58:43.460	25	11.3348	(705, 1064)	(71, 106)	49
18:58:43.488	24	11.3227	(715, 1064)	(72, 106)	49
18:58:43.516	23	11.359	(719, 1065)	(72, 107)	49
18:58:43.543	23	11.3204	(725, 1065)	(73, 107)	49
18:58:43.570	22	11.2656	(735, 1066)	(74, 107)	49
18:58:43.599	22	11.329	(745, 1066)	(75, 107)	49
18:58:43.627	21	11.3819	(755, 1066)	(76, 107)	49
18:58:43.654	22	11.3169	(765, 1066)	(77, 107)	49
18:58:43.682	22	11.4015	(775, 1067)	(78, 107)	49
18:58:43.710	21	11.4129	(785, 1067)	(79, 107)	49
18:58:43.737	22	11.4381	(795, 1068)	(80, 107)	49
18:58:43.765	23	11.4981	(805, 1069)	(81, 107)	49
18:58:43.794	22	11.5077	(815, 1070)	(82, 107)	49
18:58:43.821	22	11.6204	(825, 1071)	(83, 107)	49
18:58:43.848	22	11.5022	(835, 1072)	(84, 107)	49
18:58:43.877	22	11.629	(845, 1073)	(85, 107)	49
18:58:43.904	23	11.5913	(856, 1074)	(86, 107)	49
18:58:43.932	23	11.6164	(862, 1075)	(86, 108)	49
18:58:43.961	23	11.693	(865, 1075)	(87, 108)	49
18:58:43.989	22	11.753	(875, 1075)	(88, 108)	49
18:58:44.016	23	11.8797	(885, 1076)	(89, 108)	49
18:58:44.043	23	11.9027	(895, 1077)	(90, 108)	49
18:58:44.072	22	11.9607	(905, 1078)	(91, 108)	49
18:58:44.099	22	12.031	(915, 1078)	(92, 108)	49
18:58:44.127	22	12.0999	(925, 1079)	(93, 108)	49
18:58:44.154	23	12.0659	(935, 1080)	(94, 108)	49
18:58:44.182	23	12.2382	(945, 1081)	(95, 108)	49
18:58:44.210	23	12.2533	(955, 1082)	(96, 108)	49
18:58:44.238	23	12.236	(965, 1082)	(97, 108)	49
18:58:44.266	23	12.3881	(975, 1083)	(98, 108)	49
18:58:44.293	23	12.495	(986, 1083)	(99, 108)	49
18:58:44.321	24	12.6375	(995, 1084)	(100, 108)	49
18:58:44.349	24	12.5653	(1005, 1084)	(101, 108)	49
18:58:44.377	23	12.6203	(1015, 1084)	(102, 108)	49
18:58:44.405	24	12.6239	(1017, 1085)	(102, 109)	49
18:58:44.432	24	12.7101	(1025, 1085)	(103, 109)	49
18:58:44.460	25	12.7719	(1040, 1085)	(104, 109)	49
18:58:44.489	23	12.683	(1048, 1085)	(105, 109)	49
18:58:44.516	24	12.7059	(1055, 1086)	(106, 109)	49
18:58:44.544	24	12.7807	(1065, 1086)	(107, 109)	49
18:58:44.572	24	12.788	(1075, 1086)	(108, 109)	49
18:58:44.600	23	12.82	(1085, 1086)	(109, 109)	49
18:58:44.627	22	12.8652	(1096, 1086)	(110, 109)	49
18:58:44.655	21	12.9279	(1105, 1086)	(111, 109)	49
18:58:44.682	24	12.949	(1115, 1086)	(112, 109)	49
18:58:44.712	24	12.9559	(1126, 1086)	(113, 109)	49
18:58:44.746	26	13.0739	(1135, 1086)	(114, 109)	49
18:58:44.781	27	13.1231	(1146, 1086)	(115, 109)	49
18:58:44.817	26	13.2293	(1155, 1086)	(116, 109)	49
18:58:44.851	22	13.2145	(1166, 1086)	(117, 109)	49
18:58:44.878	22	13.3093	(1175, 1086)	(118, 109)	49
18:58:44.905	23	13.3953	(1185, 1085)	(119, 109)	49
18:58:44.933	25	13.4093	(1188, 1084)	(119, 108)	49
18:58:44.961	27	13.4501	(1195, 1084)	(120, 108)	49
18:58:44.998	27	13.4036	(1205, 1082)	(121, 108)	49
18:58:45.030	24	13.5924	(1215, 1081)	(122, 108)	49
18:58:45.058	25	13.6348	(1225, 1081)	(123, 108)	49
18:58:45.086	26	13.6861	(1235, 1081)	(124, 108)	49
18:58:45.121	27	13.7624	(1245, 1080)	(125, 108)	49
18:58:45.156	27	13.8041	(1255, 1080)	(126, 108)	49
18:58:45.191	27	13.7541	(1265, 1079)	(127, 108)	49
18:58:45.226	26	13.8424	(1275, 1078)	(128, 108)	49
18:58:45.260	25	13.8759	(1286, 1077)	(129, 108)	49
18:58:45.288	26	13.868	(1295, 1077)	(130, 108)	49
18:58:45.323	26	13.9966	(1305, 1077)	(131, 108)	49
18:58:45.358	27	13.9021	(1315, 1077)	(132, 108)	49
18:58:45.392	28	14.0264	(1325, 1077)	(133, 108)	49
18:58:45.429	28	13.9824	(1335, 1077)	(134, 108)	49
18:58:45.462	24	14.2244	(1345, 1077)	(135, 108)	49
18:58:45.489	25	14.1233	(1355, 1077)	(136, 108)	49
18:58:45.517	25	14.0686	(1365, 1079)	(137, 108)	49
18:58:45.545	25	14.0074	(1375, 1080)	(138, 108)	49
18:58:45.572	26	14.0997	(1385, 1081)	(139, 108)	49
18:58:45.601	25	14.0976	(1395, 1081)	(140, 108)	49
18:58:45.629	25	14.0862	(1405, 1083)	(141, 108)	49
18:58:45.656	25	13.9856	(1416, 1084)	(142, 108)	49
18:58:45.684	24	14.0822	(1418, 1085)	(142, 109)	49
18:58:45.712	25	13.9969	(1425, 1085)	(143, 109)	49
18:58:45.740	26	13.977	(1437, 1088)	(144, 109)	49
18:58:45.775	27	13.9644	(1445, 1088)	(145, 109)	49
18:58:45.810	26	13.8564	(1455, 1089)	(146, 109)	49
18:58:45.844	25	13.7979	(1465, 1090)	(147, 109)	49
18:58:45.872	25	13.791	(1476, 1091)	(148, 109)	49
18:58:45.900	24	13.7527	(1485, 1092)	(149, 109)	49
18:58:45.927	24	13.7459	(1495, 1093)	(150, 109)	49
18:58:45.955	25	13.7067	(1505, 1093)	(151, 109)	49
18:58:45.983	23	13.6111	(1515, 1093)	(152, 109)	49
18:58:46.011	23	13.5342	(1525, 1093)	(153, 109)	49
18:58:46.038	24	13.4317	(1535, 1094)	(154, 109)	49
18:58:46.066	24	13.4301	(1545, 1094)	(155, 109)	49
18:58:46.094	24	13.3492	(1555, 1094)	(156, 109)	49
18:58:46.122	22	13.2083	(1565, 1094)	(157, 109)	49
18:58:46.149	24	13.2036	(1566, 1095)	(157, 110)	49
18:58:46.179	26	13.0556	(1575, 1095)	(158, 110)	49
18:58:46.213	28	13.0391	(1585, 1095)	(159, 110)	49
18:58:46.248	27	13.056	(1596, 1096)	(160, 110)	49
18:58:46.283	25	12.9033	(1605, 1096)	(161, 110)	49
18:58:46.310	23	12.7954	(1615, 1096)	(162, 110)	49
18:58:46.338	22	12.745	(1625, 1097)	(163, 110)	49
18:58:46.365	22	12.6834	(1635, 1097)	(164, 110)	49
18:58:46.394	26	12.627	(1645, 1097)	(165, 110)	49
18:58:46.429	25	12.4293	(1655, 1098)	(166, 110)	49
18:58:46.456	26	12.3613	(1665, 1098)	(167, 110)	49
18:58:46.491	22	12.3637	(1675, 1099)	(168, 110)	49
18:58:46.518	21	12.2581	(1685, 1099)	(169, 110)	49
18:58:46.545	24	12.1544	(1695, 1100)	(170, 110)	49
18:58:46.574	27	12.0764	(1705, 1100)	(171, 110)	49
18:58:46.609	27	12.0681	(1715, 1101)	(172, 110)	49
18:58:46.644	26	12.0364	(1725, 1101)	(173, 110)	49
18:58:46.679	27	11.9046	(1735, 1103)	(174, 110)	49
18:58:46.713	22	11.9308	(1748, 1104)	(175, 110)	49
18:58:46.741	21	11.8022	(1753, 1105)	(175, 111)	49
18:58:46.768	22	11.8474	(1755, 1105)	(176, 111)	49
18:58:46.796	23	11.8453	(1765, 1106)	(177, 111)	49
18:58:46.824	23	11.8447	(1775, 1107)	(178, 111)	49
18:58:46.852	22	11.6852	(1785, 1108)	(179, 111)	49
18:58:46.880	20	11.6107	(1798, 1109)	(180, 111)	49
18:58:46.907	22	11.5753	(1806, 1111)	(181, 111)	49
18:58:46.935	21	11.5246	(1815, 1112)	(182, 111)	49
18:58:46.963	21	11.5596	(1825, 1112)	(183, 111)	49
18:58:46.991	20	11.468	(1835, 1113)	(184, 111)	49
18:58:47.018	22	11.4607	(1850, 1114)	(185, 111)	49
18:58:47.046	22	11.3228	(1855, 1114)	(186, 111)	49
18:58:47.074	21	11.376	(1858, 1115)	(186, 112)	49
18:58:47.102	22	11.3129	(1865, 1116)	(187, 112)	49
18:58:47.130	21	11.2853	(1877, 1117)	(188, 112)	49
18:58:47.157	25	11.2735	(1885, 1118)	(189, 112)	49
18:58:47.186	26	11.2247	(1895, 1120)	(190, 112)	49
18:58:47.221	26	11.2388	(1905, 1121)	(191, 112)	49
18:58:47.256	25	10.0633	(0, 0)	(0, 0)	49
EOM

