BOM
Frame extends: 2263, 1306
_ms_area: 10
measurements taken: 585
current rendering method: 2
is mouse replay: 1
Camera settings: Roation Quaternion: ( -0.651198, -0.435252, 0.484274, 0.389832), Translationsvektor: ( -0.068935, -0.00459421, 1.585).
System_Time	Elapsed_Time_PaintGL	Elapsed_Kernel_Time	Frame_Coordinates	Grid_Position	Manual_Measurement
18:38:46.382	43	32.2188	(318, 226)	(32, 23)	49
18:38:46.433	47	32.0084	(325, 225)	(33, 23)	49
18:38:46.491	46	31.9606	(335, 225)	(34, 23)	49
18:38:46.545	47	32.2256	(345, 225)	(35, 23)	49
18:38:46.600	45	32.177	(357, 225)	(36, 23)	49
18:38:46.649	49	32.1711	(372, 225)	(37, 23)	49
18:38:46.708	50	32.1833	(375, 225)	(38, 23)	49
18:38:46.768	49	32.0604	(385, 225)	(39, 23)	49
18:38:46.823	48	32.1566	(395, 225)	(40, 23)	49
18:38:46.879	51	32.0996	(405, 225)	(41, 23)	49
18:38:46.935	51	32.0742	(415, 225)	(42, 23)	49
18:38:46.997	46	32.1006	(425, 225)	(43, 23)	49
18:38:47.051	45	32.1156	(435, 226)	(44, 23)	49
18:38:47.102	48	32.1622	(445, 226)	(45, 23)	49
18:38:47.157	49	32.2169	(455, 226)	(46, 23)	49
18:38:47.221	43	32.1496	(465, 227)	(47, 23)	49
18:38:47.267	42	32.2052	(475, 227)	(48, 23)	49
18:38:47.317	49	32.3277	(485, 228)	(49, 23)	49
18:38:47.373	48	32.223	(495, 228)	(50, 23)	49
18:38:47.430	45	32.4024	(505, 229)	(51, 23)	49
18:38:47.483	47	32.76	(515, 229)	(52, 23)	49
18:38:47.540	53	32.869	(525, 229)	(53, 23)	49
18:38:47.603	52	33.36	(535, 229)	(54, 23)	49
18:38:47.666	45	33.3156	(545, 229)	(55, 23)	49
18:38:47.719	44	33.607	(555, 229)	(56, 23)	49
18:38:47.770	52	33.7196	(565, 229)	(57, 23)	49
18:38:47.833	50	33.8354	(575, 229)	(58, 23)	49
18:38:47.887	45	34.0576	(585, 229)	(59, 23)	49
18:38:47.935	44	34.0985	(596, 229)	(60, 23)	49
18:38:47.983	46	34.196	(605, 230)	(61, 23)	49
18:38:48.032	47	34.2467	(615, 230)	(62, 23)	49
18:38:48.087	48	34.2384	(626, 230)	(63, 23)	49
18:38:48.144	52	34.4493	(635, 230)	(64, 23)	49
18:38:48.200	54	34.4382	(645, 230)	(65, 23)	49
18:38:48.263	53	34.7738	(655, 230)	(66, 23)	49
18:38:48.327	48	34.764	(665, 230)	(67, 23)	49
18:38:48.379	48	35.0364	(680, 230)	(68, 23)	49
18:38:48.436	54	35.0492	(685, 230)	(69, 23)	49
18:38:48.500	51	34.9873	(695, 230)	(70, 23)	49
18:38:48.561	50	35.4179	(705, 230)	(71, 23)	49
18:38:48.618	54	35.6359	(715, 230)	(72, 23)	49
18:38:48.680	54	35.4886	(725, 230)	(73, 23)	49
18:38:48.743	55	35.8607	(735, 230)	(74, 23)	49
18:38:48.805	51	36.1561	(749, 230)	(75, 23)	49
18:38:48.859	52	36.4859	(756, 230)	(76, 23)	49
18:38:48.916	54	36.3658	(766, 230)	(77, 23)	49
18:38:48.977	50	36.5363	(775, 230)	(78, 23)	49
18:38:49.036	56	36.672	(785, 230)	(79, 23)	49
18:38:49.097	52	36.6524	(796, 229)	(80, 23)	49
18:38:49.153	51	36.8658	(805, 229)	(81, 23)	49
18:38:49.210	50	37.1058	(815, 229)	(82, 23)	49
18:38:49.263	50	37.3354	(825, 228)	(83, 23)	49
18:38:49.319	51	37.7788	(835, 228)	(84, 23)	49
18:38:49.374	49	37.8204	(845, 228)	(85, 23)	49
18:38:49.429	49	37.9964	(855, 228)	(86, 23)	49
18:38:49.487	56	38.1653	(865, 228)	(87, 23)	49
18:38:49.548	48	38.34	(875, 228)	(88, 23)	49
18:38:49.603	53	38.7702	(885, 228)	(89, 23)	49
18:38:49.667	58	38.5157	(895, 228)	(90, 23)	49
18:38:49.730	58	38.8327	(905, 228)	(91, 23)	49
18:38:49.793	54	39.1945	(915, 228)	(92, 23)	49
18:38:49.854	54	39.2074	(925, 228)	(93, 23)	49
18:38:49.917	59	39.4643	(935, 228)	(94, 23)	49
18:38:49.996	55	39.583	(945, 227)	(95, 23)	49
18:38:50.055	53	40.0228	(957, 227)	(96, 23)	49
18:38:50.119	55	40.0363	(966, 227)	(97, 23)	49
18:38:50.181	52	40.1809	(975, 227)	(98, 23)	49
18:38:50.235	51	40.1661	(985, 227)	(99, 23)	49
18:38:50.292	56	40.355	(995, 227)	(100, 23)	49
18:38:50.354	58	40.6036	(1005, 227)	(101, 23)	49
18:38:50.417	55	40.1739	(1015, 226)	(102, 23)	49
18:38:50.479	56	40.2907	(1025, 226)	(103, 23)	49
18:38:50.542	60	40.284	(1035, 226)	(104, 23)	49
18:38:50.614	53	40.116	(1045, 225)	(105, 23)	49
18:38:50.675	59	40.2142	(1055, 225)	(106, 23)	49
18:38:50.745	58	40.3453	(1065, 225)	(107, 23)	49
18:38:50.808	57	40.3031	(1071, 224)	(107, 22)	49
18:38:50.869	50	40.4653	(1075, 224)	(108, 22)	49
18:38:50.924	54	40.7982	(1085, 224)	(109, 22)	49
18:38:50.988	56	40.7105	(1095, 224)	(110, 22)	49
18:38:51.051	54	40.8093	(1105, 224)	(111, 22)	49
18:38:51.111	52	41.0468	(1115, 224)	(112, 22)	49
18:38:51.168	54	41.025	(1125, 224)	(113, 22)	49
18:38:51.230	56	41.1824	(1135, 224)	(114, 22)	49
18:38:51.293	59	41.2271	(1146, 223)	(115, 22)	49
18:38:51.357	59	41.4296	(1155, 223)	(116, 22)	49
18:38:51.426	60	41.1606	(1165, 223)	(117, 22)	49
18:38:51.495	53	41.1564	(1175, 223)	(118, 22)	49
18:38:51.558	60	40.9061	(1185, 223)	(119, 22)	49
18:38:51.628	59	41.14	(1195, 223)	(120, 22)	49
18:38:51.696	51	41.0347	(1205, 223)	(121, 22)	49
18:38:51.751	59	40.9372	(1215, 223)	(122, 22)	49
18:38:51.818	55	40.6567	(1225, 223)	(123, 22)	49
18:38:51.887	56	40.611	(1235, 223)	(124, 22)	49
18:38:51.945	54	40.6979	(1245, 223)	(125, 22)	49
18:38:52.002	60	40.5099	(1255, 223)	(126, 22)	49
18:38:52.071	54	40.472	(1265, 224)	(127, 22)	49
18:38:52.133	50	40.2662	(1275, 224)	(128, 22)	49
18:38:52.188	55	40.3812	(1282, 225)	(128, 23)	49
18:38:52.253	60	40.2062	(1285, 225)	(129, 23)	49
18:38:52.322	50	40.0936	(1295, 226)	(130, 23)	49
18:38:52.376	57	40.0613	(1305, 226)	(131, 23)	49
18:38:52.442	58	40.0741	(1316, 228)	(132, 23)	49
18:38:52.511	53	39.6593	(1326, 228)	(133, 23)	49
18:38:52.571	49	39.7927	(1335, 228)	(134, 23)	49
18:38:52.629	59	39.5627	(1345, 229)	(135, 23)	49
18:38:52.698	54	39.3625	(1355, 230)	(136, 23)	49
18:38:52.759	49	39.0336	(1366, 230)	(137, 23)	49
18:38:52.814	52	38.8945	(1375, 230)	(138, 23)	49
18:38:52.872	58	38.7532	(1386, 231)	(139, 23)	49
18:38:52.944	55	38.7966	(1395, 231)	(140, 23)	49
18:38:53.003	52	38.4464	(1405, 232)	(141, 23)	49
18:38:53.066	57	38.1034	(1415, 232)	(142, 23)	49
18:38:53.129	54	38.0129	(1425, 232)	(143, 23)	49
18:38:53.190	54	37.8327	(1435, 233)	(144, 23)	49
18:38:53.254	56	37.5619	(1445, 234)	(145, 23)	49
18:38:53.317	56	37.1741	(1455, 234)	(146, 23)	49
18:38:53.380	48	37.1861	(1465, 234)	(147, 23)	49
18:38:53.467	47	36.6853	(1478, 234)	(148, 23)	49
18:38:53.516	47	36.5524	(1485, 234)	(149, 23)	49
18:38:53.565	46	36.44	(1488, 235)	(149, 24)	49
18:38:53.614	46	36.2956	(1495, 235)	(150, 24)	49
18:38:53.662	46	36.2333	(1506, 235)	(151, 24)	49
18:38:53.711	46	35.8676	(1516, 235)	(152, 24)	49
18:38:53.760	44	35.5561	(1526, 236)	(153, 24)	49
18:38:53.808	46	35.4596	(1535, 236)	(154, 24)	49
18:38:53.859	54	35.308	(1546, 236)	(155, 24)	49
18:38:53.921	55	35.4367	(1556, 237)	(156, 24)	49
18:38:53.985	48	35.1095	(1565, 237)	(157, 24)	49
18:38:54.038	45	34.9381	(1575, 238)	(158, 24)	49
18:38:54.087	50	34.8061	(1585, 238)	(159, 24)	49
18:38:54.144	48	34.664	(1595, 239)	(160, 24)	49
18:38:54.198	45	34.5439	(1605, 239)	(161, 24)	49
18:38:54.247	43	34.2087	(1615, 240)	(162, 24)	49
18:38:54.295	50	34.2053	(1625, 240)	(163, 24)	49
18:38:54.352	54	34.1936	(1636, 241)	(164, 24)	49
18:38:54.418	48	34.0164	(1645, 242)	(165, 24)	49
18:38:54.469	48	34.0273	(1655, 242)	(166, 24)	49
18:38:54.526	53	34.005	(1666, 243)	(167, 24)	49
18:38:54.588	53	33.9313	(1676, 244)	(168, 24)	49
18:38:54.652	48	33.888	(1677, 245)	(168, 25)	49
18:38:54.706	45	33.8486	(1686, 245)	(169, 25)	49
18:38:54.755	54	33.8271	(1696, 246)	(170, 25)	49
18:38:54.821	50	33.6902	(1705, 246)	(171, 25)	49
18:38:54.880	47	33.6237	(1715, 248)	(172, 25)	49
18:38:54.937	52	33.5339	(1726, 249)	(173, 25)	49
18:38:54.998	54	33.4304	(1735, 250)	(174, 25)	49
18:38:55.061	49	33.0513	(1745, 251)	(175, 25)	49
18:38:55.115	51	32.9585	(1755, 253)	(176, 25)	49
18:38:55.173	51	32.7333	(1765, 254)	(177, 25)	49
18:38:55.235	49	32.9603	(1768, 255)	(177, 26)	49
18:38:55.290	46	32.5981	(1775, 256)	(178, 26)	49
18:38:55.345	49	32.2994	(1785, 258)	(179, 26)	49
18:38:55.402	48	32.1941	(1795, 260)	(180, 26)	49
18:38:55.458	45	32.3064	(1805, 262)	(181, 26)	49
18:38:55.505	42	32.5144	(1815, 264)	(182, 26)	49
18:38:55.553	42	32.2696	(1817, 265)	(182, 27)	49
18:38:55.602	47	32.4004	(1825, 267)	(183, 27)	49
18:38:55.660	47	32.3711	(1838, 271)	(184, 27)	49
18:38:55.714	42	32.2855	(1845, 273)	(185, 27)	49
18:38:55.762	46	32.3484	(1849, 275)	(185, 28)	49
18:38:55.820	49	32.3089	(1858, 278)	(186, 28)	49
18:38:55.875	50	32.2641	(1865, 280)	(187, 28)	49
18:38:55.930	58	32.3419	(1874, 285)	(187, 29)	49
18:38:55.992	46	32.3591	(1875, 285)	(188, 29)	49
18:38:56.047	50	32.3524	(1885, 289)	(189, 29)	49
18:38:56.104	47	32.1332	(1895, 294)	(190, 29)	49
18:38:56.159	51	32.2585	(1895, 295)	(190, 30)	49
18:38:56.215	51	32.3533	(1905, 299)	(191, 30)	49
18:38:56.272	46	32.199	(1912, 305)	(191, 31)	49
18:38:56.326	44	32.3462	(1915, 307)	(192, 31)	49
18:38:56.374	48	32.2327	(1925, 314)	(193, 31)	49
18:38:56.432	49	32.5317	(1926, 315)	(193, 32)	49
18:38:56.487	49	32.3207	(1935, 322)	(194, 32)	49
18:38:56.544	48	32.2576	(1937, 325)	(194, 33)	49
18:38:56.597	44	32.4228	(1945, 333)	(195, 33)	49
18:38:56.646	45	32.4713	(1947, 335)	(195, 34)	49
18:38:56.695	45	32.3513	(1955, 344)	(196, 34)	49
18:38:56.744	45	32.3763	(1955, 345)	(196, 35)	49
18:38:56.799	44	32.4717	(1963, 355)	(196, 36)	49
18:38:56.846	46	32.3521	(1965, 358)	(197, 36)	49
18:38:56.897	45	32.5059	(1968, 365)	(197, 37)	49
18:38:56.945	48	32.3467	(1973, 375)	(197, 38)	49
18:38:57.000	42	32.2336	(1975, 379)	(198, 38)	49
18:38:57.047	42	32.5744	(1976, 385)	(198, 39)	49
18:38:57.098	47	32.3259	(1980, 395)	(198, 40)	49
18:38:57.153	46	32.4077	(1982, 405)	(198, 41)	49
18:38:57.202	43	32.303	(1984, 415)	(198, 42)	49
18:38:57.250	41	32.319	(1985, 417)	(199, 42)	49
18:38:57.298	47	32.3422	(1985, 425)	(199, 43)	49
18:38:57.356	56	32.2319	(1987, 435)	(199, 44)	49
18:38:57.419	45	32.2486	(1988, 445)	(199, 45)	49
18:38:57.473	43	32.1932	(1989, 455)	(199, 46)	49
18:38:57.521	47	32.3667	(1989, 465)	(199, 47)	49
18:38:57.577	45	32.2696	(1989, 475)	(199, 48)	49
18:38:57.626	44	32.2444	(1988, 485)	(199, 49)	49
18:38:57.674	45	32.2338	(1985, 495)	(199, 50)	49
18:38:57.724	46	32.2637	(1984, 495)	(198, 50)	49
18:38:57.779	51	32.2889	(1980, 505)	(198, 51)	49
18:38:57.837	45	32.3031	(1972, 516)	(197, 52)	49
18:38:57.890	45	32.341	(1965, 525)	(197, 53)	49
18:38:57.940	51	32.1924	(1964, 526)	(196, 53)	49
18:38:58.002	50	32.4067	(1954, 534)	(195, 53)	49
18:38:58.057	45	32.3504	(1953, 535)	(195, 54)	49
18:38:58.105	47	32.2933	(1944, 539)	(194, 54)	49
18:38:58.162	51	32.2102	(1937, 545)	(194, 55)	49
18:38:58.218	49	32.1604	(1934, 547)	(193, 55)	49
18:38:58.276	44	32.2348	(1924, 555)	(192, 56)	49
18:38:58.328	42	32.2564	(1914, 561)	(191, 56)	49
18:38:58.376	48	32.4053	(1907, 565)	(191, 57)	49
18:38:58.433	53	32.9142	(1904, 567)	(190, 57)	49
18:38:58.496	45	32.9839	(1894, 572)	(189, 57)	49
18:38:58.542	43	33.2317	(1890, 575)	(189, 58)	49
18:38:58.591	49	33.3566	(1884, 577)	(188, 58)	49
18:38:58.649	54	33.5006	(1874, 581)	(187, 58)	49
18:38:58.713	44	33.5756	(1866, 585)	(187, 59)	49
18:38:58.758	48	33.5101	(1864, 585)	(186, 59)	49
18:38:58.819	53	33.6695	(1854, 590)	(185, 59)	49
18:38:58.880	50	34.3262	(1844, 594)	(184, 59)	49
18:38:58.933	60	33.9449	(1843, 595)	(184, 60)	49
18:38:59.003	52	34.1757	(1834, 597)	(183, 60)	49
18:38:59.067	53	33.9879	(1823, 601)	(182, 60)	49
18:38:59.128	49	34.2243	(1810, 606)	(181, 61)	49
18:38:59.183	49	34.3071	(1804, 609)	(180, 61)	49
18:38:59.240	53	34.6132	(1794, 612)	(179, 61)	49
18:38:59.302	50	34.6807	(1787, 615)	(179, 62)	49
18:38:59.357	46	34.6179	(1784, 616)	(178, 62)	49
18:38:59.413	54	35.1631	(1774, 619)	(177, 62)	49
18:38:59.476	56	35.412	(1764, 622)	(176, 62)	49
18:38:59.539	50	35.6452	(1758, 625)	(176, 63)	49
18:38:59.593	51	35.773	(1754, 626)	(175, 63)	49
18:38:59.649	59	35.9742	(1744, 628)	(174, 63)	49
18:38:59.719	54	36.3022	(1734, 631)	(173, 63)	49
18:38:59.782	52	36.7819	(1724, 633)	(172, 63)	49
18:38:59.843	53	37.0292	(1715, 635)	(172, 64)	49
18:38:59.907	55	37.0924	(1714, 635)	(171, 64)	49
18:38:59.969	48	37.3311	(1704, 637)	(170, 64)	49
18:39:00.023	50	37.5136	(1694, 638)	(169, 64)	49
18:39:00.082	57	37.8148	(1684, 640)	(168, 64)	49
18:39:00.144	52	38.8396	(1674, 641)	(167, 64)	49
18:39:00.197	49	39.0985	(1664, 642)	(166, 64)	49
18:39:00.253	53	39.1942	(1654, 643)	(165, 64)	49
18:39:00.317	58	39.8899	(1644, 644)	(164, 64)	49
18:39:00.380	55	40.1176	(1633, 644)	(163, 64)	49
18:39:00.441	53	40.1704	(1624, 644)	(162, 64)	49
18:39:00.507	59	40.7713	(1614, 644)	(161, 64)	49
18:39:00.574	57	40.9381	(1604, 644)	(160, 64)	49
18:39:00.636	54	41.2119	(1594, 644)	(159, 64)	49
18:39:00.699	61	41.5627	(1584, 644)	(158, 64)	49
18:39:00.769	61	41.6867	(1574, 644)	(157, 64)	49
18:39:00.839	55	42.1126	(1564, 644)	(156, 64)	49
18:39:00.899	60	42.6588	(1554, 644)	(155, 64)	49
18:39:00.971	62	42.82	(1548, 645)	(155, 65)	49
18:39:01.041	57	42.6471	(1544, 645)	(154, 65)	49
18:39:01.109	59	43.115	(1534, 645)	(153, 65)	49
18:39:01.172	62	43.1096	(1524, 646)	(152, 65)	49
18:39:01.245	58	43.3464	(1514, 647)	(151, 65)	49
18:39:01.310	57	43.5788	(1504, 648)	(150, 65)	49
18:39:01.374	63	43.7981	(1494, 649)	(149, 65)	49
18:39:01.442	55	44.1781	(1484, 651)	(148, 65)	49
18:39:01.504	53	44.2347	(1474, 652)	(147, 65)	49
18:39:01.559	58	44.3098	(1464, 652)	(146, 65)	49
18:39:01.622	60	44.6233	(1454, 653)	(145, 65)	49
18:39:01.687	60	44.7633	(1444, 654)	(144, 65)	49
18:39:01.757	63	45.177	(1434, 654)	(143, 65)	49
18:39:01.826	64	45.0881	(1419, 654)	(142, 65)	49
18:39:01.897	59	45.1404	(1414, 654)	(141, 65)	49
18:39:01.964	61	45.2324	(1404, 654)	(140, 65)	49
18:39:02.034	65	45.4819	(1394, 654)	(139, 65)	49
18:39:02.104	58	45.3563	(1384, 654)	(138, 65)	49
18:39:02.173	64	45.132	(1374, 654)	(137, 65)	49
18:39:02.243	64	45.4092	(1356, 653)	(136, 65)	49
18:39:02.311	58	45.4898	(1354, 653)	(135, 65)	49
18:39:02.374	60	45.3582	(1344, 652)	(134, 65)	49
18:39:02.445	62	45.5413	(1334, 651)	(133, 65)	49
18:39:02.513	61	45.6833	(1323, 651)	(132, 65)	49
18:39:02.583	65	45.8219	(1314, 650)	(131, 65)	49
18:39:02.653	64	45.6914	(1303, 649)	(130, 65)	49
18:39:02.724	61	45.3556	(1294, 648)	(129, 65)	49
18:39:02.791	65	45.983	(1284, 647)	(128, 65)	49
18:39:02.860	64	46.3359	(1274, 647)	(127, 65)	49
18:39:02.931	61	46.5173	(1264, 646)	(126, 65)	49
18:39:02.999	57	46.607	(1256, 644)	(126, 64)	49
18:39:03.064	64	46.5797	(1254, 644)	(125, 64)	49
18:39:03.140	63	46.6216	(1244, 643)	(124, 64)	49
18:39:03.208	57	46.3879	(1234, 643)	(123, 64)	49
18:39:03.270	59	46.5261	(1224, 641)	(122, 64)	49
18:39:03.335	64	46.5443	(1214, 641)	(121, 64)	49
18:39:03.403	60	46.5209	(1204, 641)	(120, 64)	49
18:39:03.472	60	46.8234	(1194, 640)	(119, 64)	49
18:39:03.542	60	46.4476	(1184, 639)	(118, 64)	49
18:39:03.605	59	46.6505	(1174, 639)	(117, 64)	49
18:39:03.668	65	46.9735	(1164, 637)	(116, 64)	49
18:39:03.746	63	46.9551	(1154, 637)	(115, 64)	49
18:39:03.818	64	46.769	(1144, 636)	(114, 64)	49
18:39:03.889	63	46.9274	(1134, 636)	(113, 64)	49
18:39:03.963	66	46.9015	(1124, 635)	(112, 64)	49
18:39:04.037	61	46.8956	(1114, 635)	(111, 64)	49
18:39:04.105	59	46.6276	(1110, 634)	(111, 63)	49
18:39:04.168	59	46.9304	(1104, 634)	(110, 63)	49
18:39:04.236	57	46.6745	(1093, 633)	(109, 63)	49
18:39:04.299	59	46.829	(1084, 632)	(108, 63)	49
18:39:04.381	59	46.5785	(1074, 632)	(107, 63)	49
18:39:04.446	56	46.5769	(1064, 631)	(106, 63)	49
18:39:04.508	57	46.7677	(1051, 631)	(105, 63)	49
18:39:04.571	57	46.7296	(1032, 629)	(103, 63)	49
18:39:04.632	56	46.5459	(1024, 629)	(102, 63)	49
18:39:04.694	56	46.516	(1014, 629)	(101, 63)	49
18:39:04.758	57	46.5714	(1004, 628)	(100, 63)	49
18:39:04.823	60	46.7719	(994, 627)	(99, 63)	49
18:39:04.890	60	46.832	(984, 627)	(98, 63)	49
18:39:04.954	58	46.5148	(974, 627)	(97, 63)	49
18:39:05.016	60	46.7941	(964, 626)	(96, 63)	49
18:39:05.079	56	46.8262	(954, 626)	(95, 63)	49
18:39:05.141	60	46.3526	(944, 626)	(94, 63)	49
18:39:05.210	62	46.136	(934, 625)	(93, 63)	49
18:39:05.286	59	46.053	(927, 624)	(93, 62)	49
18:39:05.351	62	46.7034	(924, 624)	(92, 62)	49
18:39:05.440	69	47.5453	(914, 623)	(91, 62)	49
18:39:05.522	55	45.6653	(904, 622)	(90, 62)	49
18:39:05.587	60	45.2773	(894, 621)	(89, 62)	49
18:39:05.656	63	45.3736	(884, 620)	(88, 62)	49
18:39:05.724	65	45.641	(873, 619)	(87, 62)	49
18:39:05.811	63	45.3859	(864, 619)	(86, 62)	49
18:39:05.877	57	45.4452	(854, 619)	(85, 62)	49
18:39:05.942	56	45.2924	(843, 618)	(84, 62)	49
18:39:06.005	55	45.412	(834, 618)	(83, 62)	49
18:39:06.066	56	45.4119	(823, 617)	(82, 62)	49
18:39:06.127	56	45.3862	(814, 617)	(81, 62)	49
18:39:06.196	66	45.0015	(804, 617)	(80, 62)	49
18:39:06.271	59	45.0284	(794, 617)	(79, 62)	49
18:39:06.337	55	44.9859	(784, 616)	(78, 62)	49
18:39:06.398	54	44.7185	(772, 616)	(77, 62)	49
18:39:06.454	53	44.5684	(764, 615)	(76, 62)	49
18:39:06.510	54	44.503	(754, 615)	(75, 62)	49
18:39:06.572	59	44.3267	(744, 615)	(74, 62)	49
18:39:06.637	61	43.8404	(734, 615)	(73, 62)	49
18:39:06.705	61	43.9339	(724, 615)	(72, 62)	49
18:39:06.774	61	43.5836	(714, 615)	(71, 62)	49
18:39:06.843	56	43.652	(704, 615)	(70, 62)	49
18:39:06.907	54	43.2499	(694, 615)	(69, 62)	49
18:39:06.968	53	43.4267	(684, 615)	(68, 62)	49
18:39:07.024	51	42.8345	(674, 615)	(67, 62)	49
18:39:07.080	51	42.724	(664, 616)	(66, 62)	49
18:39:07.135	52	42.5526	(654, 617)	(65, 62)	49
18:39:07.191	54	42.1267	(644, 618)	(64, 62)	49
18:39:07.257	58	41.5271	(634, 618)	(63, 62)	49
18:39:07.327	54	41.4221	(624, 619)	(62, 62)	49
18:39:07.387	50	41.0271	(614, 619)	(61, 62)	49
18:39:07.441	53	40.9326	(604, 621)	(60, 62)	49
18:39:07.504	56	40.6664	(594, 621)	(59, 62)	49
18:39:07.570	50	39.9815	(584, 622)	(58, 62)	49
18:39:07.628	50	40.0073	(574, 624)	(57, 62)	49
18:39:07.684	50	39.783	(566, 625)	(57, 63)	49
18:39:07.741	53	39.9881	(564, 625)	(56, 63)	49
18:39:07.798	49	39.309	(554, 625)	(55, 63)	49
18:39:07.851	49	38.8877	(544, 626)	(54, 63)	49
18:39:07.907	50	38.7025	(534, 628)	(53, 63)	49
18:39:07.963	51	38.5144	(524, 629)	(52, 63)	49
18:39:08.021	49	38.0441	(514, 631)	(51, 63)	49
18:39:08.074	49	38.0028	(504, 633)	(50, 63)	49
18:39:08.130	50	37.1625	(494, 634)	(49, 63)	49
18:39:08.185	49	37.2919	(493, 635)	(49, 64)	49
18:39:08.241	46	37.2705	(484, 637)	(48, 64)	49
18:39:08.290	46	36.7353	(467, 641)	(47, 64)	49
18:39:08.338	47	36.3834	(464, 642)	(46, 64)	49
18:39:08.386	46	36.6399	(458, 645)	(46, 65)	49
18:39:08.435	46	36.2224	(454, 646)	(45, 65)	49
18:39:08.484	45	35.8481	(444, 650)	(44, 65)	49
18:39:08.532	45	35.6727	(434, 654)	(43, 65)	49
18:39:08.581	45	35.529	(432, 655)	(43, 66)	49
18:39:08.629	44	35.3997	(424, 658)	(42, 66)	49
18:39:08.679	45	35.627	(414, 662)	(41, 66)	49
18:39:08.727	46	35.4261	(409, 665)	(41, 67)	49
18:39:08.776	45	35.2237	(404, 667)	(40, 67)	49
18:39:08.825	44	35.0692	(394, 671)	(39, 67)	49
18:39:08.873	47	35.0804	(387, 675)	(39, 68)	49
18:39:08.929	52	34.7059	(384, 676)	(38, 68)	49
18:39:08.986	51	34.5347	(374, 680)	(37, 68)	49
18:39:09.048	48	34.4126	(367, 685)	(37, 69)	49
18:39:09.102	50	34.6043	(364, 687)	(36, 69)	49
18:39:09.161	49	34.472	(356, 695)	(36, 70)	49
18:39:09.215	54	34.3252	(354, 695)	(35, 70)	49
18:39:09.277	45	34.201	(344, 704)	(34, 70)	49
18:39:09.326	43	34.2849	(344, 705)	(34, 71)	49
18:39:09.375	43	34.216	(337, 715)	(34, 72)	49
18:39:09.423	44	34.3673	(335, 725)	(34, 73)	49
18:39:09.472	43	34.4027	(334, 727)	(33, 73)	49
18:39:09.520	45	34.42	(331, 735)	(33, 74)	49
18:39:09.577	47	34.4819	(329, 746)	(33, 75)	49
18:39:09.640	47	34.5169	(329, 755)	(33, 76)	49
18:39:09.708	45	34.5847	(329, 765)	(33, 77)	49
18:39:09.758	48	34.6745	(329, 775)	(33, 78)	49
18:39:09.821	47	34.6468	(329, 785)	(33, 79)	49
18:39:09.876	49	34.7006	(329, 795)	(33, 80)	49
18:39:09.930	48	34.6539	(329, 805)	(33, 81)	49
18:39:09.986	50	34.8219	(329, 833)	(33, 83)	49
18:39:10.043	54	34.5916	(329, 836)	(33, 84)	49
18:39:10.108	48	34.4625	(329, 845)	(33, 85)	49
18:39:10.159	46	34.4941	(329, 855)	(33, 86)	49
18:39:10.216	53	34.6754	(330, 865)	(33, 87)	49
18:39:10.279	56	34.5007	(332, 875)	(33, 88)	49
18:39:10.344	49	34.4886	(335, 883)	(34, 88)	49
18:39:10.396	47	34.5705	(335, 885)	(34, 89)	49
18:39:10.453	53	34.6741	(338, 895)	(34, 90)	49
18:39:10.516	54	34.6908	(341, 905)	(34, 91)	49
18:39:10.577	46	34.603	(345, 914)	(35, 91)	49
18:39:10.632	46	34.7241	(346, 915)	(35, 92)	49
18:39:10.680	50	34.652	(350, 925)	(35, 93)	49
18:39:10.737	47	35.037	(355, 931)	(36, 93)	49
18:39:10.792	45	34.8416	(357, 935)	(36, 94)	49
18:39:10.841	43	34.975	(364, 945)	(36, 95)	49
18:39:10.888	52	34.8625	(365, 945)	(37, 95)	49
18:39:10.946	50	34.9176	(373, 955)	(37, 96)	49
18:39:11.001	47	34.8121	(375, 956)	(38, 96)	49
18:39:11.058	54	34.8855	(384, 965)	(38, 97)	49
18:39:11.120	53	35.0492	(385, 966)	(39, 97)	49
18:39:11.183	49	35.095	(395, 975)	(40, 98)	49
18:39:11.237	47	35.2188	(405, 982)	(41, 98)	49
18:39:11.293	49	35.3089	(411, 987)	(41, 99)	49
18:39:11.349	55	35.2206	(415, 989)	(42, 99)	49
18:39:11.410	46	35.3321	(423, 995)	(42, 100)	49
18:39:11.459	52	35.4693	(425, 996)	(43, 100)	49
18:39:11.515	54	35.7012	(435, 1001)	(44, 100)	49
18:39:11.579	50	35.8956	(441, 1005)	(44, 101)	49
18:39:11.634	47	35.6015	(446, 1007)	(45, 101)	49
18:39:11.688	47	35.8929	(455, 1012)	(46, 101)	49
18:39:11.745	55	35.8692	(461, 1015)	(46, 102)	49
18:39:11.809	57	35.9855	(465, 1017)	(47, 102)	49
18:39:11.870	50	36.2601	(475, 1022)	(48, 102)	49
18:39:11.928	54	36.1359	(481, 1025)	(48, 103)	49
18:39:11.989	49	36.167	(485, 1026)	(49, 103)	49
18:39:12.044	49	36.1877	(495, 1030)	(50, 103)	49
18:39:12.099	53	36.4621	(505, 1034)	(51, 103)	49
18:39:12.163	57	36.4104	(506, 1035)	(51, 104)	49
18:39:12.228	52	36.5034	(515, 1037)	(52, 104)	49
18:39:12.287	46	36.7873	(525, 1040)	(53, 104)	49
18:39:12.334	54	37.2041	(540, 1043)	(54, 104)	49
18:39:12.392	55	36.9884	(545, 1044)	(55, 104)	49
18:39:12.455	53	37.0876	(549, 1045)	(55, 105)	49
18:39:12.516	50	37.2154	(555, 1046)	(56, 105)	49
18:39:12.571	53	37.547	(577, 1050)	(58, 105)	49
18:39:12.628	56	37.5668	(585, 1052)	(59, 105)	49
18:39:12.692	49	37.6141	(595, 1053)	(60, 105)	49
18:39:12.745	54	37.8536	(605, 1054)	(61, 105)	49
18:39:12.803	53	37.7782	(608, 1055)	(61, 106)	49
18:39:12.864	52	37.8544	(615, 1056)	(62, 106)	49
18:39:12.920	51	38.145	(625, 1057)	(63, 106)	49
18:39:12.975	51	38.1249	(635, 1058)	(64, 106)	49
18:39:13.031	52	38.2846	(645, 1059)	(65, 106)	49
18:39:13.086	52	38.0601	(655, 1060)	(66, 106)	49
18:39:13.142	52	38.3816	(665, 1061)	(67, 106)	49
18:39:13.197	56	38.341	(675, 1061)	(68, 106)	49
18:39:13.261	57	38.409	(685, 1063)	(69, 106)	49
18:39:13.325	54	38.3356	(695, 1063)	(70, 106)	49
18:39:13.386	53	38.4188	(705, 1064)	(71, 106)	49
18:39:13.449	58	38.4298	(715, 1064)	(72, 106)	49
18:39:13.519	58	38.4184	(719, 1065)	(72, 107)	49
18:39:13.588	51	38.3385	(725, 1065)	(73, 107)	49
18:39:13.642	52	38.3049	(735, 1066)	(74, 107)	49
18:39:13.699	55	38.4003	(745, 1066)	(75, 107)	49
18:39:13.761	50	38.5265	(755, 1066)	(76, 107)	49
18:39:13.817	51	38.6373	(765, 1066)	(77, 107)	49
18:39:13.873	57	38.6024	(775, 1067)	(78, 107)	49
18:39:13.936	57	38.8019	(785, 1067)	(79, 107)	49
18:39:13.997	51	39.0483	(795, 1068)	(80, 107)	49
18:39:14.051	51	39.0613	(805, 1069)	(81, 107)	49
18:39:14.109	55	38.9206	(815, 1070)	(82, 107)	49
18:39:14.171	51	39.1597	(825, 1071)	(83, 107)	49
18:39:14.226	48	39.227	(835, 1072)	(84, 107)	49
18:39:14.282	57	39.4683	(845, 1073)	(85, 107)	49
18:39:14.345	51	39.1966	(856, 1074)	(86, 107)	49
18:39:14.400	53	39.2661	(862, 1075)	(86, 108)	49
18:39:14.456	58	39.2298	(865, 1075)	(87, 108)	49
18:39:14.522	60	39.4092	(875, 1075)	(88, 108)	49
18:39:14.589	58	39.4083	(885, 1076)	(89, 108)	49
18:39:14.650	51	39.1984	(895, 1077)	(90, 108)	49
18:39:14.707	53	39.431	(905, 1078)	(91, 108)	49
18:39:14.768	58	39.455	(915, 1078)	(92, 108)	49
18:39:14.833	52	39.5696	(925, 1079)	(93, 108)	49
18:39:14.894	56	39.3356	(935, 1080)	(94, 108)	49
18:39:14.961	59	39.4052	(945, 1081)	(95, 108)	49
18:39:15.027	55	39.2353	(955, 1082)	(96, 108)	49
18:39:15.089	55	39.2161	(965, 1082)	(97, 108)	49
18:39:15.152	59	39.0671	(975, 1083)	(98, 108)	49
18:39:15.222	58	39.3999	(986, 1083)	(99, 108)	49
18:39:15.283	52	39.2382	(995, 1084)	(100, 108)	49
18:39:15.339	54	39.3052	(1005, 1084)	(101, 108)	49
18:39:15.402	59	39.1241	(1015, 1084)	(102, 108)	49
18:39:15.472	52	39.1239	(1017, 1085)	(102, 109)	49
18:39:15.525	50	39.1772	(1025, 1085)	(103, 109)	49
18:39:15.584	60	38.9135	(1040, 1085)	(104, 109)	49
18:39:15.653	53	38.7896	(1048, 1085)	(105, 109)	49
18:39:15.714	49	38.8939	(1055, 1086)	(106, 109)	49
18:39:15.770	51	38.8721	(1065, 1086)	(107, 109)	49
18:39:15.824	52	38.6994	(1075, 1086)	(108, 109)	49
18:39:15.882	56	38.7933	(1085, 1086)	(109, 109)	49
18:39:15.944	48	38.6151	(1096, 1086)	(110, 109)	49
18:39:16.000	54	38.583	(1105, 1086)	(111, 109)	49
18:39:16.062	59	38.4735	(1115, 1086)	(112, 109)	49
18:39:16.134	55	38.4631	(1126, 1086)	(113, 109)	49
18:39:16.194	52	38.1713	(1135, 1086)	(114, 109)	49
18:39:16.251	56	38.36	(1146, 1086)	(115, 109)	49
18:39:16.313	60	38.2434	(1155, 1086)	(116, 109)	49
18:39:16.381	54	38.2876	(1166, 1086)	(117, 109)	49
18:39:16.446	55	37.9495	(1175, 1086)	(118, 109)	49
18:39:16.508	56	37.833	(1185, 1085)	(119, 109)	49
18:39:16.570	48	37.8521	(1188, 1084)	(119, 108)	49
18:39:16.625	48	37.4021	(1195, 1084)	(120, 108)	49
18:39:16.680	53	37.4396	(1205, 1082)	(121, 108)	49
18:39:16.745	51	37.3579	(1215, 1081)	(122, 108)	49
18:39:16.798	49	37.4176	(1225, 1081)	(123, 108)	49
18:39:16.854	52	37.1339	(1235, 1081)	(124, 108)	49
18:39:16.911	58	37.1216	(1245, 1080)	(125, 108)	49
18:39:16.981	54	36.959	(1255, 1080)	(126, 108)	49
18:39:17.042	46	36.9942	(1265, 1079)	(127, 108)	49
18:39:17.090	48	37.2612	(1275, 1078)	(128, 108)	49
18:39:17.154	48	36.9425	(1286, 1077)	(129, 108)	49
18:39:17.211	45	36.6876	(1295, 1077)	(130, 108)	49
18:39:17.257	49	36.6348	(1305, 1077)	(131, 108)	49
18:39:17.316	53	36.4351	(1315, 1077)	(132, 108)	49
18:39:17.375	48	36.4723	(1325, 1077)	(133, 108)	49
18:39:17.431	47	36.335	(1335, 1077)	(134, 108)	49
18:39:17.480	46	36.5289	(1345, 1077)	(135, 108)	49
18:39:17.528	51	36.6018	(1355, 1077)	(136, 108)	49
18:39:17.585	49	36.5661	(1365, 1079)	(137, 108)	49
18:39:17.640	45	36.2724	(1375, 1080)	(138, 108)	49
18:39:17.688	45	36.4871	(1385, 1081)	(139, 108)	49
18:39:17.737	45	36.4196	(1395, 1081)	(140, 108)	49
18:39:17.785	45	36.2641	(1405, 1083)	(141, 108)	49
18:39:17.834	45	36.5415	(1416, 1084)	(142, 108)	49
18:39:17.883	45	36.432	(1418, 1085)	(142, 109)	49
18:39:17.931	45	36.5007	(1425, 1085)	(143, 109)	49
18:39:17.980	46	36.4547	(1437, 1088)	(144, 109)	49
18:39:18.028	48	36.4434	(1445, 1088)	(145, 109)	49
18:39:18.085	49	36.4391	(1455, 1089)	(146, 109)	49
18:39:18.140	49	36.2641	(1465, 1090)	(147, 109)	49
18:39:18.196	48	36.4637	(1476, 1091)	(148, 109)	49
18:39:18.251	48	36.6907	(1485, 1092)	(149, 109)	49
18:39:18.309	48	36.4982	(1495, 1093)	(150, 109)	49
18:39:18.364	50	37.0456	(1505, 1093)	(151, 109)	49
18:39:18.427	47	36.5533	(1515, 1093)	(152, 109)	49
18:39:18.488	50	36.8799	(1525, 1093)	(153, 109)	49
18:39:18.559	51	36.6773	(1535, 1094)	(154, 109)	49
18:39:18.620	53	36.8597	(1545, 1094)	(155, 109)	49
18:39:18.676	91	36.9111	(1555, 1094)	(156, 109)	49
18:39:18.773	47	36.7554	(1565, 1094)	(157, 109)	49
18:39:18.822	47	36.912	(1566, 1095)	(157, 110)	49
18:39:18.891	49	36.7022	(1575, 1095)	(158, 110)	49
18:39:18.954	47	37.0228	(1585, 1095)	(159, 110)	49
18:39:19.009	46	36.8908	(1596, 1096)	(160, 110)	49
18:39:19.058	47	36.8572	(1605, 1096)	(161, 110)	49
18:39:19.113	46	36.7994	(1615, 1096)	(162, 110)	49
18:39:19.161	47	36.8907	(1625, 1097)	(163, 110)	49
18:39:19.217	47	36.685	(1635, 1097)	(164, 110)	49
18:39:19.266	46	36.7467	(1645, 1097)	(165, 110)	49
18:39:19.314	48	36.393	(1655, 1098)	(166, 110)	49
18:39:19.371	48	36.472	(1665, 1098)	(167, 110)	49
18:39:19.426	45	36.3437	(1675, 1099)	(168, 110)	49
18:39:19.474	46	36.3344	(1685, 1099)	(169, 110)	49
18:39:19.523	46	36.0927	(1695, 1100)	(170, 110)	49
18:39:19.572	45	35.8453	(1705, 1100)	(171, 110)	49
18:39:19.620	54	35.9659	(1715, 1101)	(172, 110)	49
18:39:19.678	51	35.7567	(1725, 1101)	(173, 110)	49
18:39:19.732	50	35.5527	(1735, 1103)	(174, 110)	49
18:39:19.789	54	35.5911	(1748, 1104)	(175, 110)	49
18:39:19.850	50	35.5361	(1753, 1105)	(175, 111)	49
18:39:19.906	45	35.4681	(1755, 1105)	(176, 111)	49
18:39:19.954	45	35.4321	(1765, 1106)	(177, 111)	49
18:39:20.003	47	35.0707	(1775, 1107)	(178, 111)	49
18:39:20.060	55	34.9101	(1785, 1108)	(179, 111)	49
18:39:20.123	48	34.7547	(1798, 1109)	(180, 111)	49
18:39:20.177	45	34.8258	(1806, 1111)	(181, 111)	49
18:39:20.226	47	34.6161	(1815, 1112)	(182, 111)	49
18:39:20.282	53	34.5895	(1825, 1112)	(183, 111)	49
18:39:20.345	46	34.4089	(1835, 1113)	(184, 111)	49
18:39:20.399	51	34.3276	(1850, 1114)	(185, 111)	49
18:39:20.456	53	33.9559	(1855, 1114)	(186, 111)	49
18:39:20.519	53	33.9196	(1858, 1115)	(186, 112)	49
18:39:20.581	45	34.1775	(1865, 1116)	(187, 112)	49
18:39:20.628	46	33.9333	(1877, 1117)	(188, 112)	49
18:39:20.678	48	33.8517	(1885, 1118)	(189, 112)	49
18:39:20.734	52	33.4105	(1895, 1120)	(190, 112)	49
18:39:20.796	45	33.3827	(1905, 1121)	(191, 112)	49
18:39:20.844	48	32.0034	(0, 0)	(0, 0)	49
EOM

