BOM
Frame extends: 2263, 1306
_ms_area: 10
measurements taken: 585
current rendering method: 1
is mouse replay: 1
Camera settings: Roation Quaternion: ( -0.651198, -0.435252, 0.484274, 0.389832), Translationsvektor: ( -0.068935, -0.00459421, 1.585).
System_Time	Elapsed_Time_PaintGL	Elapsed_Kernel_Time	Frame_Coordinates	Grid_Position	Manual_Measurement
18:38:10.985	23	8.32385	(318, 226)	(32, 23)	49
18:38:11.013	22	8.39363	(325, 225)	(33, 23)	49
18:38:11.041	23	8.57304	(335, 225)	(34, 23)	49
18:38:11.069	23	8.73941	(345, 225)	(35, 23)	49
18:38:11.097	29	9.09452	(357, 225)	(36, 23)	49
18:38:11.133	30	9.35615	(372, 225)	(37, 23)	49
18:38:11.167	31	9.53185	(375, 225)	(38, 23)	49
18:38:11.204	26	9.85096	(385, 225)	(39, 23)	49
18:38:11.236	24	10.1039	(395, 225)	(40, 23)	49
18:38:11.264	26	10.3699	(405, 225)	(41, 23)	49
18:38:11.292	25	10.7281	(415, 225)	(42, 23)	49
18:38:11.319	27	11.0299	(425, 225)	(43, 23)	49
18:38:11.348	25	11.2593	(435, 226)	(44, 23)	49
18:38:11.375	27	11.5647	(445, 226)	(45, 23)	49
18:38:11.410	26	11.9759	(455, 226)	(46, 23)	49
18:38:11.437	26	12.2135	(465, 227)	(47, 23)	49
18:38:11.465	26	12.5151	(475, 227)	(48, 23)	49
18:38:11.493	27	12.8129	(485, 228)	(49, 23)	49
18:38:11.521	26	13.0201	(495, 228)	(50, 23)	49
18:38:11.549	31	13.2676	(505, 229)	(51, 23)	49
18:38:11.585	33	13.7501	(515, 229)	(52, 23)	49
18:38:11.628	31	14.2287	(525, 229)	(53, 23)	49
18:38:11.667	28	14.5273	(535, 229)	(54, 23)	49
18:38:11.702	35	14.9135	(545, 229)	(55, 23)	49
18:38:11.744	34	15.5649	(555, 229)	(56, 23)	49
18:38:11.787	34	15.2523	(565, 229)	(57, 23)	49
18:38:11.831	31	15.5338	(575, 229)	(58, 23)	49
18:38:11.869	31	15.7396	(585, 229)	(59, 23)	49
18:38:11.904	31	15.9111	(596, 229)	(60, 23)	49
18:38:11.939	31	16.5364	(605, 230)	(61, 23)	49
18:38:11.974	32	17.0569	(615, 230)	(62, 23)	49
18:38:12.021	39	17.629	(626, 230)	(63, 23)	49
18:38:12.064	32	18.1873	(635, 230)	(64, 23)	49
18:38:12.099	37	18.8513	(645, 230)	(65, 23)	49
18:38:12.140	34	19.3607	(655, 230)	(66, 23)	49
18:38:12.181	36	20.1468	(665, 230)	(67, 23)	49
18:38:12.224	36	20.9351	(680, 230)	(68, 23)	49
18:38:12.267	36	21.0954	(685, 230)	(69, 23)	49
18:38:12.307	36	21.7881	(695, 230)	(70, 23)	49
18:38:12.350	36	22.3443	(705, 230)	(71, 23)	49
18:38:12.391	47	22.8593	(715, 230)	(72, 23)	49
18:38:12.448	43	23.2236	(725, 230)	(73, 23)	49
18:38:12.495	41	23.9747	(735, 230)	(74, 23)	49
18:38:12.549	48	24.3401	(749, 230)	(75, 23)	49
18:38:12.609	47	24.6194	(756, 230)	(76, 23)	49
18:38:12.692	41	25.036	(766, 230)	(77, 23)	49
18:38:12.738	41	25.5049	(775, 230)	(78, 23)	49
18:38:12.788	59	25.9222	(785, 230)	(79, 23)	49
18:38:12.850	46	26.4671	(796, 229)	(80, 23)	49
18:38:12.904	45	26.937	(805, 229)	(81, 23)	49
18:38:12.954	47	27.483	(815, 229)	(82, 23)	49
18:38:13.011	53	27.7667	(825, 228)	(83, 23)	49
18:38:13.073	47	28.1661	(835, 228)	(84, 23)	49
18:38:13.127	42	28.6133	(845, 228)	(85, 23)	49
18:38:13.176	47	29.2323	(855, 228)	(86, 23)	49
18:38:13.234	51	29.5145	(865, 228)	(87, 23)	49
18:38:13.289	51	29.8004	(875, 228)	(88, 23)	49
18:38:13.345	48	30.1161	(885, 228)	(89, 23)	49
18:38:13.399	48	30.5213	(895, 228)	(90, 23)	49
18:38:13.456	58	30.8636	(905, 228)	(91, 23)	49
18:38:13.519	54	31.132	(915, 228)	(92, 23)	49
18:38:13.580	54	31.2156	(925, 228)	(93, 23)	49
18:38:13.643	59	31.4861	(935, 228)	(94, 23)	49
18:38:13.713	58	31.7446	(945, 227)	(95, 23)	49
18:38:13.774	51	31.6566	(957, 227)	(96, 23)	49
18:38:13.830	52	31.9157	(966, 227)	(97, 23)	49
18:38:13.886	51	31.9553	(975, 227)	(98, 23)	49
18:38:13.942	52	31.9169	(985, 227)	(99, 23)	49
18:38:13.997	55	31.9599	(995, 227)	(100, 23)	49
18:38:14.061	60	32.0317	(1005, 227)	(101, 23)	49
18:38:14.131	48	31.7252	(1015, 226)	(102, 23)	49
18:38:14.184	54	31.7332	(1025, 226)	(103, 23)	49
18:38:14.248	59	31.6978	(1035, 226)	(104, 23)	49
18:38:14.317	59	31.8499	(1045, 225)	(105, 23)	49
18:38:14.387	57	31.5776	(1055, 225)	(106, 23)	49
18:38:14.448	52	31.6145	(1065, 225)	(107, 23)	49
18:38:14.505	58	31.4456	(1071, 224)	(107, 22)	49
18:38:14.567	54	31.5673	(1075, 224)	(108, 22)	49
18:38:14.629	46	31.459	(1085, 224)	(109, 22)	49
18:38:14.677	50	31.4477	(1095, 224)	(110, 22)	49
18:38:14.734	54	31.2369	(1105, 224)	(111, 22)	49
18:38:14.797	51	31.3081	(1115, 224)	(112, 22)	49
18:38:14.851	45	31.3751	(1125, 224)	(113, 22)	49
18:38:14.900	51	31.3314	(1135, 224)	(114, 22)	49
18:38:14.957	66	31.137	(1146, 223)	(115, 22)	49
18:38:15.032	48	31.2233	(1155, 223)	(116, 22)	49
18:38:15.088	54	31.2948	(1165, 223)	(117, 22)	49
18:38:15.152	51	31.3544	(1175, 223)	(118, 22)	49
18:38:15.206	47	31.5733	(1185, 223)	(119, 22)	49
18:38:15.261	54	31.5926	(1195, 223)	(120, 22)	49
18:38:15.325	59	31.6787	(1205, 223)	(121, 22)	49
18:38:15.388	58	31.7584	(1215, 223)	(122, 22)	49
18:38:15.450	52	31.7521	(1225, 223)	(123, 22)	49
18:38:15.505	56	31.7495	(1235, 223)	(124, 22)	49
18:38:15.569	58	31.7222	(1245, 223)	(125, 22)	49
18:38:15.639	51	31.611	(1255, 223)	(126, 22)	49
18:38:15.692	55	31.7034	(1265, 224)	(127, 22)	49
18:38:15.757	58	31.6507	(1275, 224)	(128, 22)	49
18:38:15.826	52	31.5809	(1282, 225)	(128, 23)	49
18:38:15.880	45	31.7079	(1285, 225)	(129, 23)	49
18:38:15.928	52	31.6978	(1295, 226)	(130, 23)	49
18:38:15.985	54	31.4806	(1305, 226)	(131, 23)	49
18:38:16.048	55	31.5302	(1316, 228)	(132, 23)	49
18:38:16.110	52	31.3018	(1326, 228)	(133, 23)	49
18:38:16.165	51	31.1204	(1335, 228)	(134, 23)	49
18:38:16.222	54	30.9527	(1345, 229)	(135, 23)	49
18:38:16.286	51	30.7627	(1355, 230)	(136, 23)	49
18:38:16.345	46	30.5499	(1366, 230)	(137, 23)	49
18:38:16.394	48	30.2948	(1375, 230)	(138, 23)	49
18:38:16.450	54	30.1013	(1386, 231)	(139, 23)	49
18:38:16.515	50	29.5759	(1395, 231)	(140, 23)	49
18:38:16.568	43	29.4252	(1405, 232)	(141, 23)	49
18:38:16.617	51	29.1644	(1415, 232)	(142, 23)	49
18:38:16.674	64	28.6873	(1425, 232)	(143, 23)	49
18:38:16.742	44	28.3868	(1435, 233)	(144, 23)	49
18:38:16.790	44	27.9613	(1445, 234)	(145, 23)	49
18:38:16.839	48	27.5067	(1455, 234)	(146, 23)	49
18:38:16.897	49	27.1262	(1465, 234)	(147, 23)	49
18:38:16.952	47	26.6769	(1478, 234)	(148, 23)	49
18:38:17.006	49	26.3227	(1485, 234)	(149, 23)	49
18:38:17.063	52	26.2609	(1488, 235)	(149, 24)	49
18:38:17.126	53	25.8521	(1495, 235)	(150, 24)	49
18:38:17.188	43	25.4978	(1506, 235)	(151, 24)	49
18:38:17.235	44	25.1514	(1516, 235)	(152, 24)	49
18:38:17.285	48	25.2024	(1526, 236)	(153, 24)	49
18:38:17.342	47	24.5147	(1535, 236)	(154, 24)	49
18:38:17.396	44	23.9914	(1546, 236)	(155, 24)	49
18:38:17.447	47	23.5778	(1556, 237)	(156, 24)	49
18:38:17.501	47	23.1991	(1565, 237)	(157, 24)	49
18:38:17.556	47	22.6507	(1575, 238)	(158, 24)	49
18:38:17.612	44	22.0923	(1585, 238)	(159, 24)	49
18:38:17.668	49	21.5111	(1595, 239)	(160, 24)	49
18:38:17.724	48	20.9336	(1605, 239)	(161, 24)	49
18:38:17.780	45	20.3231	(1615, 240)	(162, 24)	49
18:38:17.827	33	19.8895	(1625, 240)	(163, 24)	49
18:38:17.868	33	19.415	(1636, 241)	(164, 24)	49
18:38:17.903	36	18.8025	(1645, 242)	(165, 24)	49
18:38:17.946	39	18.0653	(1655, 242)	(166, 24)	49
18:38:17.995	37	17.3947	(1666, 243)	(167, 24)	49
18:38:18.035	31	16.8846	(1676, 244)	(168, 24)	49
18:38:18.070	30	16.9304	(1677, 245)	(168, 25)	49
18:38:18.105	30	16.2513	(1686, 245)	(169, 25)	49
18:38:18.139	33	15.8059	(1696, 246)	(170, 25)	49
18:38:18.174	34	15.4501	(1705, 246)	(171, 25)	49
18:38:18.216	33	15.0041	(1715, 248)	(172, 25)	49
18:38:18.257	29	14.5947	(1726, 249)	(173, 25)	49
18:38:18.292	29	14.2787	(1735, 250)	(174, 25)	49
18:38:18.327	29	13.9862	(1745, 251)	(175, 25)	49
18:38:18.362	28	13.6711	(1755, 253)	(176, 25)	49
18:38:18.396	29	13.4262	(1765, 254)	(177, 25)	49
18:38:18.431	29	13.3619	(1768, 255)	(177, 26)	49
18:38:18.466	28	13.1987	(1775, 256)	(178, 26)	49
18:38:18.501	27	12.8481	(1785, 258)	(179, 26)	49
18:38:18.535	35	12.6372	(1795, 260)	(180, 26)	49
18:38:18.578	36	12.263	(1805, 262)	(181, 26)	49
18:38:18.620	37	12.1434	(1815, 264)	(182, 26)	49
18:38:18.661	28	12.2148	(1817, 265)	(182, 27)	49
18:38:18.695	29	11.9399	(1825, 267)	(183, 27)	49
18:38:18.730	29	11.6681	(1838, 271)	(184, 27)	49
18:38:18.765	30	11.9689	(1845, 273)	(185, 27)	49
18:38:18.800	30	11.4089	(1849, 275)	(185, 28)	49
18:38:18.835	27	11.216	(1858, 278)	(186, 28)	49
18:38:18.869	26	11.0644	(1865, 280)	(187, 28)	49
18:38:18.897	25	10.8667	(1874, 285)	(187, 29)	49
18:38:18.925	25	10.7999	(1875, 285)	(188, 29)	49
18:38:18.953	25	10.6443	(1885, 289)	(189, 29)	49
18:38:18.980	25	10.4764	(1895, 294)	(190, 29)	49
18:38:19.008	30	10.4711	(1895, 295)	(190, 30)	49
18:38:19.044	30	10.2801	(1905, 299)	(191, 30)	49
18:38:19.078	26	10.1856	(1912, 305)	(191, 31)	49
18:38:19.112	26	10.1858	(1915, 307)	(192, 31)	49
18:38:19.140	27	10.0178	(1925, 314)	(193, 31)	49
18:38:19.176	25	10.0102	(1926, 315)	(193, 32)	49
18:38:19.210	27	9.82296	(1935, 322)	(194, 32)	49
18:38:19.244	31	9.84163	(1937, 325)	(194, 33)	49
18:38:19.279	25	9.71482	(1945, 333)	(195, 33)	49
18:38:19.306	23	9.69556	(1947, 335)	(195, 34)	49
18:38:19.334	23	9.5963	(1955, 344)	(196, 34)	49
18:38:19.362	24	9.63704	(1955, 345)	(196, 35)	49
18:38:19.390	24	9.53807	(1963, 355)	(196, 36)	49
18:38:19.418	25	9.49911	(1965, 358)	(197, 36)	49
18:38:19.447	29	9.46593	(1968, 365)	(197, 37)	49
18:38:19.481	27	9.47037	(1973, 375)	(197, 38)	49
18:38:19.515	25	9.4917	(1975, 379)	(198, 38)	49
18:38:19.543	26	9.53407	(1976, 385)	(198, 39)	49
18:38:19.571	25	9.52785	(1980, 395)	(198, 40)	49
18:38:19.599	25	9.59556	(1982, 405)	(198, 41)	49
18:38:19.627	25	9.668	(1984, 415)	(198, 42)	49
18:38:19.655	26	9.6483	(1985, 417)	(199, 42)	49
18:38:19.690	24	9.78711	(1985, 425)	(199, 43)	49
18:38:19.717	26	9.864	(1987, 435)	(199, 44)	49
18:38:19.745	25	9.95141	(1988, 445)	(199, 45)	49
18:38:19.773	26	10.0356	(1989, 455)	(199, 46)	49
18:38:19.801	26	10.1763	(1989, 465)	(199, 47)	49
18:38:19.835	29	10.3544	(1989, 475)	(199, 48)	49
18:38:19.872	33	10.4936	(1988, 485)	(199, 49)	49
18:38:19.914	29	10.7603	(1985, 495)	(199, 50)	49
18:38:19.947	26	10.8292	(1984, 495)	(198, 50)	49
18:38:19.981	27	11.1409	(1980, 505)	(198, 51)	49
18:38:20.016	27	11.6999	(1972, 516)	(197, 52)	49
18:38:20.051	33	12.0799	(1965, 525)	(197, 53)	49
18:38:20.096	31	12.0976	(1964, 526)	(196, 53)	49
18:38:20.134	31	12.6096	(1954, 534)	(195, 53)	49
18:38:20.168	30	12.8227	(1953, 535)	(195, 54)	49
18:38:20.205	34	13.1108	(1944, 539)	(194, 54)	49
18:38:20.247	34	13.3616	(1937, 545)	(194, 55)	49
18:38:20.288	32	13.4548	(1934, 547)	(193, 55)	49
18:38:20.323	29	13.965	(1924, 555)	(192, 56)	49
18:38:20.357	30	14.3901	(1914, 561)	(191, 56)	49
18:38:20.392	29	14.5815	(1907, 565)	(191, 57)	49
18:38:20.426	30	14.6681	(1904, 567)	(190, 57)	49
18:38:20.461	33	15.1388	(1894, 572)	(189, 57)	49
18:38:20.505	42	15.2163	(1890, 575)	(189, 58)	49
18:38:20.552	35	15.4803	(1884, 577)	(188, 58)	49
18:38:20.594	34	16.0596	(1874, 581)	(187, 58)	49
18:38:20.636	35	16.9059	(1866, 585)	(187, 59)	49
18:38:20.677	36	16.7159	(1864, 585)	(186, 59)	49
18:38:20.718	41	17.5893	(1854, 590)	(185, 59)	49
18:38:20.767	34	18.5627	(1844, 594)	(184, 59)	49
18:38:20.809	32	18.667	(1843, 595)	(184, 60)	49
18:38:20.843	38	19.5474	(1834, 597)	(183, 60)	49
18:38:20.886	41	20.5855	(1823, 601)	(182, 60)	49
18:38:20.934	44	22.0055	(1810, 606)	(181, 61)	49
18:38:20.984	40	22.7001	(1804, 609)	(180, 61)	49
18:38:21.031	40	23.8369	(1794, 612)	(179, 61)	49
18:38:21.073	43	24.5867	(1787, 615)	(179, 62)	49
18:38:21.122	46	24.833	(1784, 616)	(178, 62)	49
18:38:21.170	44	25.4613	(1774, 619)	(177, 62)	49
18:38:21.219	49	26.3433	(1764, 622)	(176, 62)	49
18:38:21.276	54	26.7486	(1758, 625)	(176, 63)	49
18:38:21.337	48	26.9108	(1754, 626)	(175, 63)	49
18:38:21.394	47	27.6119	(1744, 628)	(174, 63)	49
18:38:21.449	53	28.392	(1734, 631)	(173, 63)	49
18:38:21.512	56	29.2676	(1724, 633)	(172, 63)	49
18:38:21.575	57	29.7708	(1715, 635)	(172, 64)	49
18:38:21.638	52	29.843	(1714, 635)	(171, 64)	49
18:38:21.694	58	30.4563	(1704, 637)	(170, 64)	49
18:38:21.763	65	31.0796	(1694, 638)	(169, 64)	49
18:38:21.833	51	31.7052	(1684, 640)	(168, 64)	49
18:38:21.887	51	32.4018	(1674, 641)	(167, 64)	49
18:38:21.944	59	33.0919	(1664, 642)	(166, 64)	49
18:38:22.013	53	33.6338	(1654, 643)	(165, 64)	49
18:38:22.074	57	34.2831	(1644, 644)	(164, 64)	49
18:38:22.138	60	34.8184	(1633, 644)	(163, 64)	49
18:38:22.208	61	35.3942	(1624, 644)	(162, 64)	49
18:38:22.276	52	35.917	(1614, 644)	(161, 64)	49
18:38:22.331	51	36.5674	(1604, 644)	(160, 64)	49
18:38:22.387	52	37.1521	(1594, 644)	(159, 64)	49
18:38:22.446	55	37.6656	(1584, 644)	(158, 64)	49
18:38:22.505	61	38.0741	(1574, 644)	(157, 64)	49
18:38:22.577	65	38.7415	(1564, 644)	(156, 64)	49
18:38:22.652	55	39.2296	(1554, 644)	(155, 64)	49
18:38:22.713	61	39.7323	(1548, 645)	(155, 65)	49
18:38:22.778	63	39.7427	(1544, 645)	(154, 65)	49
18:38:22.847	64	40.2369	(1534, 645)	(153, 65)	49
18:38:22.916	60	40.7904	(1524, 646)	(152, 65)	49
18:38:22.978	64	41.2932	(1514, 647)	(151, 65)	49
18:38:23.049	64	41.4563	(1504, 648)	(150, 65)	49
18:38:23.117	66	41.8566	(1494, 649)	(149, 65)	49
18:38:23.188	69	42.2641	(1484, 651)	(148, 65)	49
18:38:23.265	71	42.5298	(1474, 652)	(147, 65)	49
18:38:23.341	60	43.1834	(1464, 652)	(146, 65)	49
18:38:23.409	67	43.5446	(1454, 653)	(145, 65)	49
18:38:23.480	69	43.803	(1444, 654)	(144, 65)	49
18:38:23.555	64	44.4135	(1434, 654)	(143, 65)	49
18:38:23.626	72	44.8437	(1419, 654)	(142, 65)	49
18:38:23.703	66	45.1207	(1414, 654)	(141, 65)	49
18:38:23.778	59	45.3824	(1404, 654)	(140, 65)	49
18:38:23.840	68	46.0812	(1394, 654)	(139, 65)	49
18:38:23.918	66	46.2015	(1384, 654)	(138, 65)	49
18:38:23.986	61	46.2936	(1374, 654)	(137, 65)	49
18:38:24.048	68	46.8644	(1356, 653)	(136, 65)	49
18:38:24.126	74	46.928	(1354, 653)	(135, 65)	49
18:38:24.210	68	47.5068	(1344, 652)	(134, 65)	49
18:38:24.286	74	47.771	(1334, 651)	(133, 65)	49
18:38:24.370	67	48.1733	(1323, 651)	(132, 65)	49
18:38:24.444	71	48.2923	(1314, 650)	(131, 65)	49
18:38:24.523	80	48.4582	(1303, 649)	(130, 65)	49
18:38:24.611	72	48.7462	(1294, 648)	(129, 65)	49
18:38:24.690	77	48.977	(1284, 647)	(128, 65)	49
18:38:24.774	71	49.3773	(1274, 647)	(127, 65)	49
18:38:24.848	71	49.749	(1264, 646)	(126, 65)	49
18:38:24.926	77	49.6321	(1256, 644)	(126, 64)	49
18:38:25.012	70	49.6511	(1254, 644)	(125, 64)	49
18:38:25.093	77	49.9782	(1244, 643)	(124, 64)	49
18:38:25.177	79	50.3821	(1234, 643)	(123, 64)	49
18:38:25.265	75	50.5881	(1224, 641)	(122, 64)	49
18:38:25.350	77	50.5975	(1214, 641)	(121, 64)	49
18:38:25.434	68	51.009	(1204, 641)	(120, 64)	49
18:38:25.508	75	51.6087	(1194, 640)	(119, 64)	49
18:38:25.593	78	51.7391	(1184, 639)	(118, 64)	49
18:38:25.680	67	51.6938	(1174, 639)	(117, 64)	49
18:38:25.751	75	51.8902	(1164, 637)	(116, 64)	49
18:38:25.836	72	52.0012	(1154, 637)	(115, 64)	49
18:38:25.912	76	52.2279	(1144, 636)	(114, 64)	49
18:38:25.996	80	52.3567	(1134, 636)	(113, 64)	49
18:38:26.087	76	52.4089	(1124, 635)	(112, 64)	49
18:38:26.184	78	52.6926	(1114, 635)	(111, 64)	49
18:38:26.268	78	52.7258	(1110, 634)	(111, 63)	49
18:38:26.349	78	52.8668	(1104, 634)	(110, 63)	49
18:38:26.435	73	53.0151	(1093, 633)	(109, 63)	49
18:38:26.516	73	53.0834	(1084, 632)	(108, 63)	49
18:38:26.594	81	53.4001	(1074, 632)	(107, 63)	49
18:38:26.685	80	53.3468	(1064, 631)	(106, 63)	49
18:38:26.767	77	53.7119	(1051, 631)	(105, 63)	49
18:38:26.853	80	53.701	(1032, 629)	(103, 63)	49
18:38:26.944	74	53.7293	(1024, 629)	(102, 63)	49
18:38:27.024	77	53.9856	(1014, 629)	(101, 63)	49
18:38:27.108	78	53.6978	(1004, 628)	(100, 63)	49
18:38:27.190	68	53.6628	(994, 627)	(99, 63)	49
18:38:27.259	76	53.6667	(984, 627)	(98, 63)	49
18:38:27.346	75	53.3613	(974, 627)	(97, 63)	49
18:38:27.427	73	52.8133	(964, 626)	(96, 63)	49
18:38:27.506	73	52.4628	(954, 626)	(95, 63)	49
18:38:27.588	71	52.284	(944, 626)	(94, 63)	49
18:38:27.664	76	52.1335	(934, 625)	(93, 63)	49
18:38:27.748	74	51.885	(927, 624)	(93, 62)	49
18:38:27.830	77	52	(924, 624)	(92, 62)	49
18:38:27.915	79	52.1477	(914, 623)	(91, 62)	49
18:38:27.998	76	51.9092	(904, 622)	(90, 62)	49
18:38:28.082	76	51.6164	(894, 621)	(89, 62)	49
18:38:28.165	80	51.4416	(884, 620)	(88, 62)	49
18:38:28.257	76	51.3407	(873, 619)	(87, 62)	49
18:38:28.339	79	51.0745	(864, 619)	(86, 62)	49
18:38:28.423	73	51.3655	(854, 619)	(85, 62)	49
18:38:28.505	68	51.1719	(843, 618)	(84, 62)	49
18:38:28.581	74	51.5391	(834, 618)	(83, 62)	49
18:38:28.657	71	50.8191	(823, 617)	(82, 62)	49
18:38:28.734	75	50.8135	(814, 617)	(81, 62)	49
18:38:28.821	71	50.7302	(804, 617)	(80, 62)	49
18:38:28.893	66	50.5957	(794, 617)	(79, 62)	49
18:38:28.963	72	50.3676	(784, 616)	(78, 62)	49
18:38:29.041	69	49.7987	(772, 616)	(77, 62)	49
18:38:29.116	72	49.6319	(764, 615)	(76, 62)	49
18:38:29.194	75	49.1068	(754, 615)	(75, 62)	49
18:38:29.279	68	48.6324	(744, 615)	(74, 62)	49
18:38:29.354	74	47.8775	(734, 615)	(73, 62)	49
18:38:29.437	75	47.7908	(724, 615)	(72, 62)	49
18:38:29.521	66	47.2963	(714, 615)	(71, 62)	49
18:38:29.590	71	46.7533	(704, 615)	(70, 62)	49
18:38:29.667	70	46.0658	(694, 615)	(69, 62)	49
18:38:29.742	69	45.76	(684, 615)	(68, 62)	49
18:38:29.821	69	45.2184	(674, 615)	(67, 62)	49
18:38:29.896	72	44.7975	(664, 616)	(66, 62)	49
18:38:29.978	69	44.1726	(654, 617)	(65, 62)	49
18:38:30.056	71	43.3807	(644, 618)	(64, 62)	49
18:38:30.134	64	42.8781	(634, 618)	(63, 62)	49
18:38:30.201	66	42.2443	(624, 619)	(62, 62)	49
18:38:30.271	68	41.5687	(614, 619)	(61, 62)	49
18:38:30.351	59	41.0314	(604, 621)	(60, 62)	49
18:38:30.415	56	40.6616	(594, 621)	(59, 62)	49
18:38:30.478	62	39.9313	(584, 622)	(58, 62)	49
18:38:30.550	59	39.4627	(574, 624)	(57, 62)	49
18:38:30.617	62	38.8738	(566, 625)	(57, 63)	49
18:38:30.688	60	38.6895	(564, 625)	(56, 63)	49
18:38:30.750	58	38.0625	(554, 625)	(55, 63)	49
18:38:30.813	57	37.3999	(544, 626)	(54, 63)	49
18:38:30.875	62	36.5976	(534, 628)	(53, 63)	49
18:38:30.946	63	35.8039	(524, 629)	(52, 63)	49
18:38:31.015	55	35.1184	(514, 631)	(51, 63)	49
18:38:31.076	60	34.293	(504, 633)	(50, 63)	49
18:38:31.141	61	33.363	(494, 634)	(49, 63)	49
18:38:31.210	52	33.4073	(493, 635)	(49, 64)	49
18:38:31.273	60	32.6778	(484, 637)	(48, 64)	49
18:38:31.343	57	31.3579	(467, 641)	(47, 64)	49
18:38:31.405	53	31.1837	(464, 642)	(46, 64)	49
18:38:31.466	55	30.7596	(458, 645)	(46, 65)	49
18:38:31.530	59	30.5216	(454, 646)	(45, 65)	49
18:38:31.599	50	29.6193	(444, 650)	(44, 65)	49
18:38:31.654	47	28.9271	(434, 654)	(43, 65)	49
18:38:31.709	55	28.9496	(432, 655)	(43, 66)	49
18:38:31.773	58	28.3439	(424, 658)	(42, 66)	49
18:38:31.835	44	27.5382	(414, 662)	(41, 66)	49
18:38:31.883	43	27.2382	(409, 665)	(41, 67)	49
18:38:31.933	53	26.8145	(404, 667)	(40, 67)	49
18:38:31.996	52	26.2261	(394, 671)	(39, 67)	49
18:38:32.058	47	25.7015	(387, 675)	(39, 68)	49
18:38:32.112	40	25.4341	(384, 676)	(38, 68)	49
18:38:32.154	42	24.7327	(374, 680)	(37, 68)	49
18:38:32.203	44	24.3046	(367, 685)	(37, 69)	49
18:38:32.252	41	24.0793	(364, 687)	(36, 69)	49
18:38:32.300	38	23.6061	(356, 695)	(36, 70)	49
18:38:32.343	47	23.4839	(354, 695)	(35, 70)	49
18:38:32.399	46	22.767	(344, 704)	(34, 70)	49
18:38:32.454	44	22.8041	(344, 705)	(34, 71)	49
18:38:32.502	39	22.5345	(337, 715)	(34, 72)	49
18:38:32.543	40	22.5927	(335, 725)	(34, 73)	49
18:38:32.585	41	22.6618	(334, 727)	(33, 73)	49
18:38:32.634	40	22.3385	(331, 735)	(33, 74)	49
18:38:32.676	37	22.5034	(329, 746)	(33, 75)	49
18:38:32.717	40	22.587	(329, 755)	(33, 76)	49
18:38:32.767	46	22.7521	(329, 765)	(33, 77)	49
18:38:32.823	45	22.7477	(329, 775)	(33, 78)	49
18:38:32.870	43	22.8323	(329, 785)	(33, 79)	49
18:38:32.919	48	22.7604	(329, 795)	(33, 80)	49
18:38:32.975	44	22.9538	(329, 805)	(33, 81)	49
18:38:33.024	41	22.9576	(329, 833)	(33, 83)	49
18:38:33.073	44	22.9495	(329, 836)	(33, 84)	49
18:38:33.121	44	23.4116	(329, 845)	(33, 85)	49
18:38:33.170	47	22.9991	(329, 855)	(33, 86)	49
18:38:33.227	46	22.9308	(330, 865)	(33, 87)	49
18:38:33.282	48	22.9575	(332, 875)	(33, 88)	49
18:38:33.336	40	23.2498	(335, 883)	(34, 88)	49
18:38:33.385	47	23.2754	(335, 885)	(34, 89)	49
18:38:33.444	50	23.3561	(338, 895)	(34, 90)	49
18:38:33.506	42	23.3634	(341, 905)	(34, 91)	49
18:38:33.552	37	23.4406	(345, 914)	(35, 91)	49
18:38:33.593	41	23.4973	(346, 915)	(35, 92)	49
18:38:33.644	43	23.3804	(350, 925)	(35, 93)	49
18:38:33.692	38	23.5658	(355, 931)	(36, 93)	49
18:38:33.732	39	23.5633	(357, 935)	(36, 94)	49
18:38:33.773	41	23.5615	(364, 945)	(36, 95)	49
18:38:33.824	49	23.7284	(365, 945)	(37, 95)	49
18:38:33.880	51	23.7561	(373, 955)	(37, 96)	49
18:38:33.944	47	23.7991	(375, 956)	(38, 96)	49
18:38:33.997	42	23.8604	(384, 965)	(38, 97)	49
18:38:34.045	48	23.8716	(385, 966)	(39, 97)	49
18:38:34.102	52	24.0979	(395, 975)	(40, 98)	49
18:38:34.165	43	24.1984	(405, 982)	(41, 98)	49
18:38:34.212	42	24.3299	(411, 987)	(41, 99)	49
18:38:34.260	49	24.4628	(415, 989)	(42, 99)	49
18:38:34.318	54	24.6757	(423, 995)	(42, 100)	49
18:38:34.380	41	24.7532	(425, 996)	(43, 100)	49
18:38:34.427	46	24.9517	(435, 1001)	(44, 100)	49
18:38:34.478	48	24.9744	(441, 1005)	(44, 101)	49
18:38:34.533	50	25.1194	(446, 1007)	(45, 101)	49
18:38:34.589	46	25.3441	(455, 1012)	(46, 101)	49
18:38:34.643	47	25.4831	(461, 1015)	(46, 102)	49
18:38:34.700	45	25.5273	(465, 1017)	(47, 102)	49
18:38:34.754	50	25.8721	(475, 1022)	(48, 102)	49
18:38:34.811	46	25.8787	(481, 1025)	(48, 103)	49
18:38:34.865	45	25.9887	(485, 1026)	(49, 103)	49
18:38:34.914	47	26.3403	(495, 1030)	(50, 103)	49
18:38:34.971	55	26.5855	(505, 1034)	(51, 103)	49
18:38:35.035	44	26.5753	(506, 1035)	(51, 104)	49
18:38:35.081	41	26.8939	(515, 1037)	(52, 104)	49
18:38:35.129	49	27.1126	(525, 1040)	(53, 104)	49
18:38:35.187	55	27.4979	(540, 1043)	(54, 104)	49
18:38:35.251	45	27.6267	(545, 1044)	(55, 104)	49
18:38:35.304	49	27.6736	(549, 1045)	(55, 105)	49
18:38:35.361	54	27.8321	(555, 1046)	(56, 105)	49
18:38:35.423	54	28.211	(577, 1050)	(58, 105)	49
18:38:35.485	47	28.2985	(585, 1052)	(59, 105)	49
18:38:35.539	49	28.4425	(595, 1053)	(60, 105)	49
18:38:35.597	56	28.6507	(605, 1054)	(61, 105)	49
18:38:35.661	48	28.6676	(608, 1055)	(61, 106)	49
18:38:35.713	47	28.8616	(615, 1056)	(62, 106)	49
18:38:35.762	47	29.0841	(625, 1057)	(63, 106)	49
18:38:35.817	54	29.2117	(635, 1058)	(64, 106)	49
18:38:35.881	47	29.3785	(645, 1059)	(65, 106)	49
18:38:35.936	52	29.5799	(655, 1060)	(66, 106)	49
18:38:35.993	56	29.6735	(665, 1061)	(67, 106)	49
18:38:36.056	57	29.9647	(675, 1061)	(68, 106)	49
18:38:36.118	50	30.0511	(685, 1063)	(69, 106)	49
18:38:36.173	53	30.4693	(695, 1063)	(70, 106)	49
18:38:36.237	57	30.7481	(705, 1064)	(71, 106)	49
18:38:36.304	51	30.9907	(715, 1064)	(72, 106)	49
18:38:36.360	52	30.9901	(719, 1065)	(72, 107)	49
18:38:36.416	55	31.1514	(725, 1065)	(73, 107)	49
18:38:36.480	52	31.348	(735, 1066)	(74, 107)	49
18:38:36.541	47	31.7439	(745, 1066)	(75, 107)	49
18:38:36.589	48	32.1129	(755, 1066)	(76, 107)	49
18:38:36.646	59	32.4135	(765, 1066)	(77, 107)	49
18:38:36.716	52	32.4108	(775, 1067)	(78, 107)	49
18:38:36.777	47	32.705	(785, 1067)	(79, 107)	49
18:38:36.825	48	32.7881	(795, 1068)	(80, 107)	49
18:38:36.882	61	32.6893	(805, 1069)	(81, 107)	49
18:38:36.953	51	32.7865	(815, 1070)	(82, 107)	49
18:38:37.013	57	32.8216	(825, 1071)	(83, 107)	49
18:38:37.078	58	32.969	(835, 1072)	(84, 107)	49
18:38:37.147	54	32.9333	(845, 1073)	(85, 107)	49
18:38:37.208	57	33.6227	(856, 1074)	(86, 107)	49
18:38:37.272	57	33.1144	(862, 1075)	(86, 108)	49
18:38:37.335	59	33.1959	(865, 1075)	(87, 108)	49
18:38:37.404	52	33.315	(875, 1075)	(88, 108)	49
18:38:37.465	58	33.3037	(885, 1076)	(89, 108)	49
18:38:37.529	61	33.2403	(895, 1077)	(90, 108)	49
18:38:37.601	52	33.2999	(905, 1078)	(91, 108)	49
18:38:37.660	58	33.3117	(915, 1078)	(92, 108)	49
18:38:37.724	58	33.0723	(925, 1079)	(93, 108)	49
18:38:37.794	52	33.0404	(935, 1080)	(94, 108)	49
18:38:37.854	57	32.8415	(945, 1081)	(95, 108)	49
18:38:37.919	59	32.5975	(955, 1082)	(96, 108)	49
18:38:37.988	54	32.4593	(965, 1082)	(97, 108)	49
18:38:38.049	46	32.2013	(975, 1083)	(98, 108)	49
18:38:38.097	54	32.0396	(986, 1083)	(99, 108)	49
18:38:38.164	59	31.783	(995, 1084)	(100, 108)	49
18:38:38.231	52	31.6313	(1005, 1084)	(101, 108)	49
18:38:38.285	46	31.5901	(1015, 1084)	(102, 108)	49
18:38:38.333	55	31.413	(1017, 1085)	(102, 109)	49
18:38:38.398	59	31.3144	(1025, 1085)	(103, 109)	49
18:38:38.467	50	31.0791	(1040, 1085)	(104, 109)	49
18:38:38.523	55	30.9864	(1048, 1085)	(105, 109)	49
18:38:38.589	58	30.9446	(1055, 1086)	(106, 109)	49
18:38:38.656	50	30.7976	(1065, 1086)	(107, 109)	49
18:38:38.709	45	30.8096	(1075, 1086)	(108, 109)	49
18:38:38.758	54	30.6852	(1085, 1086)	(109, 109)	49
18:38:38.822	48	30.5599	(1096, 1086)	(110, 109)	49
18:38:38.876	51	30.416	(1105, 1086)	(111, 109)	49
18:38:38.933	56	30.3033	(1115, 1086)	(112, 109)	49
18:38:38.996	58	30.1517	(1126, 1086)	(113, 109)	49
18:38:39.059	52	30.0336	(1135, 1086)	(114, 109)	49
18:38:39.114	52	29.7181	(1146, 1086)	(115, 109)	49
18:38:39.180	54	29.4732	(1155, 1086)	(116, 109)	49
18:38:39.239	57	29.265	(1166, 1086)	(117, 109)	49
18:38:39.303	46	29.0511	(1175, 1086)	(118, 109)	49
18:38:39.356	53	28.9406	(1185, 1085)	(119, 109)	49
18:38:39.414	55	28.9572	(1188, 1084)	(119, 108)	49
18:38:39.476	50	28.7679	(1195, 1084)	(120, 108)	49
18:38:39.530	46	28.6299	(1205, 1082)	(121, 108)	49
18:38:39.578	42	28.369	(1215, 1081)	(122, 108)	49
18:38:39.626	52	27.7907	(1225, 1081)	(123, 108)	49
18:38:39.684	55	27.3856	(1235, 1081)	(124, 108)	49
18:38:39.747	44	27.1444	(1245, 1080)	(125, 108)	49
18:38:39.794	40	26.7533	(1255, 1080)	(126, 108)	49
18:38:39.836	42	26.5132	(1265, 1079)	(127, 108)	49
18:38:39.884	47	26.5677	(1275, 1078)	(128, 108)	49
18:38:39.935	43	26.125	(1286, 1077)	(129, 108)	49
18:38:39.982	42	25.977	(1295, 1077)	(130, 108)	49
18:38:40.030	42	25.8081	(1305, 1077)	(131, 108)	49
18:38:40.079	49	25.6545	(1315, 1077)	(132, 108)	49
18:38:40.142	43	25.4437	(1325, 1077)	(133, 108)	49
18:38:40.191	50	25.3892	(1335, 1077)	(134, 108)	49
18:38:40.246	46	25.2554	(1345, 1077)	(135, 108)	49
18:38:40.295	44	25.1127	(1355, 1077)	(136, 108)	49
18:38:40.343	45	24.8852	(1365, 1079)	(137, 108)	49
18:38:40.393	41	24.6357	(1375, 1080)	(138, 108)	49
18:38:40.441	46	24.3548	(1385, 1081)	(139, 108)	49
18:38:40.497	50	24.2406	(1395, 1081)	(140, 108)	49
18:38:40.553	52	23.9064	(1405, 1083)	(141, 108)	49
18:38:40.610	44	23.7133	(1416, 1084)	(142, 108)	49
18:38:40.656	45	23.6367	(1418, 1085)	(142, 109)	49
18:38:40.706	47	23.5129	(1425, 1085)	(143, 109)	49
18:38:40.761	49	23.0833	(1437, 1088)	(144, 109)	49
18:38:40.818	41	23.0671	(1445, 1088)	(145, 109)	49
18:38:40.864	38	22.8428	(1455, 1089)	(146, 109)	49
18:38:40.906	38	22.6492	(1465, 1090)	(147, 109)	49
18:38:40.947	44	22.3299	(1476, 1091)	(148, 109)	49
18:38:40.997	42	22.1225	(1485, 1092)	(149, 109)	49
18:38:41.045	39	21.9483	(1495, 1093)	(150, 109)	49
18:38:41.087	41	21.8867	(1505, 1093)	(151, 109)	49
18:38:41.136	41	21.8147	(1515, 1093)	(152, 109)	49
18:38:41.184	42	21.911	(1525, 1093)	(153, 109)	49
18:38:41.233	38	21.7747	(1535, 1094)	(154, 109)	49
18:38:41.274	36	21.6492	(1545, 1094)	(155, 109)	49
18:38:41.316	40	21.3907	(1555, 1094)	(156, 109)	49
18:38:41.359	40	21.2381	(1565, 1094)	(157, 109)	49
18:38:41.408	40	21.0757	(1566, 1095)	(157, 110)	49
18:38:41.456	40	21.0068	(1575, 1095)	(158, 110)	49
18:38:41.505	39	20.688	(1585, 1095)	(159, 110)	49
18:38:41.553	45	20.4239	(1596, 1096)	(160, 110)	49
18:38:41.603	47	20.2219	(1605, 1096)	(161, 110)	49
18:38:41.659	42	19.9858	(1615, 1096)	(162, 110)	49
18:38:41.706	39	19.7656	(1625, 1097)	(163, 110)	49
18:38:41.748	39	19.6455	(1635, 1097)	(164, 110)	49
18:38:41.790	37	19.6028	(1645, 1097)	(165, 110)	49
18:38:41.831	38	19.2284	(1655, 1098)	(166, 110)	49
18:38:41.873	38	19.2239	(1665, 1098)	(167, 110)	49
18:38:41.914	38	19.019	(1675, 1099)	(168, 110)	49
18:38:41.957	39	18.9055	(1685, 1099)	(169, 110)	49
18:38:42.005	44	18.7745	(1695, 1100)	(170, 110)	49
18:38:42.054	48	18.6948	(1705, 1100)	(171, 110)	49
18:38:42.112	40	18.4613	(1715, 1101)	(172, 110)	49
18:38:42.158	37	18.3797	(1725, 1101)	(173, 110)	49
18:38:42.200	38	18.1273	(1735, 1103)	(174, 110)	49
18:38:42.242	38	17.9284	(1748, 1104)	(175, 110)	49
18:38:42.284	38	17.7233	(1753, 1105)	(175, 111)	49
18:38:42.326	34	17.6911	(1755, 1105)	(176, 111)	49
18:38:42.367	34	17.576	(1765, 1106)	(177, 111)	49
18:38:42.410	38	17.2489	(1775, 1107)	(178, 111)	49
18:38:42.461	37	17.1447	(1785, 1108)	(179, 111)	49
18:38:42.506	37	16.8741	(1798, 1109)	(180, 111)	49
18:38:42.547	34	16.5993	(1806, 1111)	(181, 111)	49
18:38:42.589	35	16.4384	(1815, 1112)	(182, 111)	49
18:38:42.652	36	16.1742	(1825, 1112)	(183, 111)	49
18:38:42.699	39	15.9516	(1835, 1113)	(184, 111)	49
18:38:42.748	32	15.5916	(1850, 1114)	(185, 111)	49
18:38:42.784	29	15.5813	(1855, 1114)	(186, 111)	49
18:38:42.818	29	15.4907	(1858, 1115)	(186, 112)	49
18:38:42.852	33	15.281	(1865, 1116)	(187, 112)	49
18:38:42.890	33	14.9166	(1877, 1117)	(188, 112)	49
18:38:42.930	34	14.6542	(1885, 1118)	(189, 112)	49
18:38:42.971	28	14.3679	(1895, 1120)	(190, 112)	49
18:38:43.005	29	13.9927	(1905, 1121)	(191, 112)	49
18:38:43.040	21	6.49867	(0, 0)	(0, 0)	49
EOM

