BOM
Frame extends: 2263, 1306
_ms_area: 10
measurements taken: 585
current rendering method: 0
is mouse replay: 1
Camera settings: Roation Quaternion: ( -0.651198, -0.435252, 0.484274, 0.389832), Translationsvektor: ( -0.068935, -0.00459421, 1.585).
System_Time	Elapsed_Time_PaintGL	Elapsed_Kernel_Time	Frame_Coordinates	Grid_Position	Manual_Measurement
18:36:53.941	96	89.7738	(-1, -1)	(-1, -1)	49
18:36:54.047	102	89.7338	(-1, -1)	(-1, -1)	49
18:36:54.157	102	89.6741	(-1, -1)	(-1, -1)	49
18:36:54.270	100	89.7338	(-1, -1)	(-1, -1)	49
18:36:54.379	102	89.6893	(-1, -1)	(-1, -1)	49
18:36:54.489	101	89.6815	(-1, -1)	(-1, -1)	49
18:36:54.596	101	89.7233	(-1, -1)	(-1, -1)	49
18:36:54.709	102	89.6769	(-1, -1)	(-1, -1)	49
18:36:54.818	101	89.6351	(-1, -1)	(-1, -1)	49
18:36:54.928	102	89.6861	(-1, -1)	(-1, -1)	49
18:36:55.039	99	89.6437	(-1, -1)	(-1, -1)	49
18:36:55.143	98	89.7723	(-1, -1)	(-1, -1)	49
18:36:55.249	101	89.6627	(-1, -1)	(-1, -1)	49
18:36:55.358	99	89.7982	(-1, -1)	(-1, -1)	49
18:36:55.464	101	89.6659	(-1, -1)	(-1, -1)	49
18:36:55.574	98	89.832	(-1, -1)	(-1, -1)	49
18:36:55.681	100	89.6705	(-1, -1)	(-1, -1)	49
18:36:55.795	99	89.7015	(-1, -1)	(-1, -1)	49
18:36:55.928	98	89.7507	(-1, -1)	(-1, -1)	49
18:36:56.035	99	89.721	(-1, -1)	(-1, -1)	49
18:36:56.138	99	89.6921	(-1, -1)	(-1, -1)	49
18:36:56.241	98	89.7773	(-1, -1)	(-1, -1)	49
18:36:56.347	100	89.7507	(-1, -1)	(-1, -1)	49
18:36:56.457	100	89.6295	(-1, -1)	(-1, -1)	49
18:36:56.562	101	89.7427	(-1, -1)	(-1, -1)	49
18:36:56.666	97	89.6474	(-1, -1)	(-1, -1)	49
18:36:56.771	100	89.7074	(-1, -1)	(-1, -1)	49
18:36:56.874	97	89.7593	(-1, -1)	(-1, -1)	49
18:36:56.978	97	89.8206	(-1, -1)	(-1, -1)	49
18:36:57.082	98	89.7732	(-1, -1)	(-1, -1)	49
18:36:57.188	102	89.6738	(-1, -1)	(-1, -1)	49
18:36:57.299	99	89.6563	(-1, -1)	(-1, -1)	49
18:36:57.404	102	89.7468	(-1, -1)	(-1, -1)	49
18:36:57.513	99	89.6729	(-1, -1)	(-1, -1)	49
18:36:57.619	102	89.6895	(-1, -1)	(-1, -1)	49
18:36:57.728	98	89.7864	(-1, -1)	(-1, -1)	49
18:36:57.835	100	89.675	(-1, -1)	(-1, -1)	49
18:36:57.945	101	89.7258	(-1, -1)	(-1, -1)	49
18:36:58.057	101	89.707	(-1, -1)	(-1, -1)	49
18:36:58.166	97	89.7919	(-1, -1)	(-1, -1)	49
18:36:58.273	100	89.6519	(-1, -1)	(-1, -1)	49
18:36:58.375	98	89.6683	(-1, -1)	(-1, -1)	49
18:36:58.481	100	89.6684	(-1, -1)	(-1, -1)	49
18:36:58.584	98	89.735	(-1, -1)	(-1, -1)	49
18:36:58.689	103	89.655	(-1, -1)	(-1, -1)	49
18:36:58.800	100	89.6535	(-1, -1)	(-1, -1)	49
18:36:58.905	100	89.7471	(-1, -1)	(-1, -1)	49
18:36:59.008	99	89.657	(-1, -1)	(-1, -1)	49
18:36:59.114	102	89.685	(-1, -1)	(-1, -1)	49
18:36:59.225	100	89.6883	(-1, -1)	(-1, -1)	49
18:36:59.329	100	89.6879	(-1, -1)	(-1, -1)	49
18:36:59.432	99	89.7458	(-1, -1)	(-1, -1)	49
18:36:59.537	102	89.6806	(-1, -1)	(-1, -1)	49
18:36:59.647	99	89.6787	(-1, -1)	(-1, -1)	49
18:36:59.753	101	89.6735	(-1, -1)	(-1, -1)	49
18:36:59.855	97	89.7797	(-1, -1)	(-1, -1)	49
18:36:59.962	100	89.7102	(-1, -1)	(-1, -1)	49
18:37:00.064	96	89.7215	(-1, -1)	(-1, -1)	49
18:37:00.170	102	89.7467	(-1, -1)	(-1, -1)	49
18:37:00.280	99	89.6967	(-1, -1)	(-1, -1)	49
18:37:00.386	101	89.667	(-1, -1)	(-1, -1)	49
18:37:00.497	99	89.7273	(-1, -1)	(-1, -1)	49
18:37:00.601	101	89.6729	(-1, -1)	(-1, -1)	49
18:37:00.704	99	89.6927	(-1, -1)	(-1, -1)	49
18:37:00.809	103	89.6822	(-1, -1)	(-1, -1)	49
18:37:00.920	99	89.677	(-1, -1)	(-1, -1)	49
18:37:01.025	103	89.6542	(-1, -1)	(-1, -1)	49
18:37:01.136	97	89.7121	(-1, -1)	(-1, -1)	49
18:37:01.240	102	89.7001	(-1, -1)	(-1, -1)	49
18:37:01.351	96	89.7702	(-1, -1)	(-1, -1)	49
18:37:01.456	101	89.7024	(-1, -1)	(-1, -1)	49
18:37:01.559	98	89.7594	(-1, -1)	(-1, -1)	49
18:37:01.665	101	89.759	(-1, -1)	(-1, -1)	49
18:37:01.775	98	89.6959	(-1, -1)	(-1, -1)	49
18:37:01.882	101	89.6976	(-1, -1)	(-1, -1)	49
18:37:01.990	99	89.7824	(-1, -1)	(-1, -1)	49
18:37:02.097	100	89.6773	(-1, -1)	(-1, -1)	49
18:37:02.206	99	89.5991	(-1, -1)	(-1, -1)	49
18:37:02.311	102	89.7311	(-1, -1)	(-1, -1)	49
18:37:02.422	99	89.6701	(-1, -1)	(-1, -1)	49
18:37:02.527	101	89.7044	(-1, -1)	(-1, -1)	49
18:37:02.637	99	89.7071	(-1, -1)	(-1, -1)	49
18:37:02.742	102	89.7113	(-1, -1)	(-1, -1)	49
18:37:02.853	98	89.6961	(-1, -1)	(-1, -1)	49
18:37:02.960	100	89.7154	(-1, -1)	(-1, -1)	49
18:37:03.067	97	89.7945	(-1, -1)	(-1, -1)	49
18:37:03.173	101	89.6459	(-1, -1)	(-1, -1)	49
18:37:03.276	96	89.7607	(-1, -1)	(-1, -1)	49
18:37:03.382	100	89.663	(-1, -1)	(-1, -1)	49
18:37:03.485	98	89.796	(-1, -1)	(-1, -1)	49
18:37:03.591	100	89.6476	(-1, -1)	(-1, -1)	49
18:37:03.701	98	89.6973	(-1, -1)	(-1, -1)	49
18:37:03.806	101	89.7304	(-1, -1)	(-1, -1)	49
18:37:03.916	99	89.7151	(-1, -1)	(-1, -1)	49
18:37:04.022	100	89.6859	(-1, -1)	(-1, -1)	49
18:37:04.125	98	89.783	(-1, -1)	(-1, -1)	49
18:37:04.230	101	89.6879	(-1, -1)	(-1, -1)	49
18:37:04.340	100	89.7207	(-1, -1)	(-1, -1)	49
18:37:04.446	102	89.7726	(-1, -1)	(-1, -1)	49
18:37:04.555	98	89.7559	(-1, -1)	(-1, -1)	49
18:37:04.661	101	89.693	(-1, -1)	(-1, -1)	49
18:37:04.765	98	89.7338	(-1, -1)	(-1, -1)	49
18:37:04.870	101	89.6615	(-1, -1)	(-1, -1)	49
18:37:04.973	99	89.7587	(-1, -1)	(-1, -1)	49
18:37:05.078	102	89.6929	(-1, -1)	(-1, -1)	49
18:37:05.189	98	89.7153	(-1, -1)	(-1, -1)	49
18:37:05.294	102	89.6633	(-1, -1)	(-1, -1)	49
18:37:05.404	97	89.7647	(-1, -1)	(-1, -1)	49
18:37:05.513	99	89.7203	(-1, -1)	(-1, -1)	49
18:37:05.624	99	89.6901	(-1, -1)	(-1, -1)	49
18:37:05.732	98	89.7511	(-1, -1)	(-1, -1)	49
18:37:05.835	97	89.7274	(-1, -1)	(-1, -1)	49
18:37:05.954	104	89.7236	(-1, -1)	(-1, -1)	49
18:37:06.066	96	89.7587	(-1, -1)	(-1, -1)	49
18:37:06.174	100	89.864	(-1, -1)	(-1, -1)	49
18:37:06.279	95	89.9664	(-1, -1)	(-1, -1)	49
18:37:06.377	97	90.0218	(-1, -1)	(-1, -1)	49
18:37:06.482	99	89.8166	(-1, -1)	(-1, -1)	49
18:37:06.588	102	89.7985	(-1, -1)	(-1, -1)	49
18:37:06.707	126	92.3079	(-1, -1)	(-1, -1)	49
18:37:06.838	98	89.7726	(-1, -1)	(-1, -1)	49
18:37:07.003	96	89.9769	(-1, -1)	(-1, -1)	49
18:37:07.107	96	90.1735	(-1, -1)	(-1, -1)	49
18:37:07.210	96	89.8616	(-1, -1)	(-1, -1)	49
18:37:07.316	97	90.3316	(-1, -1)	(-1, -1)	49
18:37:07.420	95	90.071	(-1, -1)	(-1, -1)	49
18:37:07.531	96	89.7634	(-1, -1)	(-1, -1)	49
18:37:07.636	102	89.8113	(-1, -1)	(-1, -1)	49
18:37:07.746	97	89.8173	(-1, -1)	(-1, -1)	49
18:37:07.850	99	90.2489	(-1, -1)	(-1, -1)	49
18:37:07.955	95	89.8947	(-1, -1)	(-1, -1)	49
18:37:08.053	96	90.2401	(-1, -1)	(-1, -1)	49
18:37:08.156	97	90.4313	(-1, -1)	(-1, -1)	49
18:37:08.267	95	89.7227	(-1, -1)	(-1, -1)	49
18:37:08.366	98	89.6859	(-1, -1)	(-1, -1)	49
18:37:08.470	102	89.6618	(-1, -1)	(-1, -1)	49
18:37:08.581	100	89.7296	(-1, -1)	(-1, -1)	49
18:37:08.686	100	89.6855	(-1, -1)	(-1, -1)	49
18:37:08.788	99	89.6508	(-1, -1)	(-1, -1)	49
18:37:08.895	101	89.6941	(-1, -1)	(-1, -1)	49
18:37:09.006	100	89.7167	(-1, -1)	(-1, -1)	49
18:37:09.110	100	89.6849	(-1, -1)	(-1, -1)	49
18:37:09.213	98	89.6681	(-1, -1)	(-1, -1)	49
18:37:09.319	102	89.7474	(-1, -1)	(-1, -1)	49
18:37:09.428	97	89.7317	(-1, -1)	(-1, -1)	49
18:37:09.536	99	89.6914	(-1, -1)	(-1, -1)	49
18:37:09.637	98	89.7055	(-1, -1)	(-1, -1)	49
18:37:09.749	98	90.4677	(-1, -1)	(-1, -1)	49
18:37:09.853	96	90.4748	(-1, -1)	(-1, -1)	49
18:37:09.956	97	89.823	(-1, -1)	(-1, -1)	49
18:37:10.062	99	89.6858	(-1, -1)	(-1, -1)	49
18:37:10.169	104	90.0778	(-1, -1)	(-1, -1)	49
18:37:10.284	96	90.0696	(-1, -1)	(-1, -1)	49
18:37:10.388	99	90.2927	(-1, -1)	(-1, -1)	49
18:37:10.499	97	90.3788	(-1, -1)	(-1, -1)	49
18:37:10.617	98	90.0065	(-1, -1)	(-1, -1)	49
18:37:10.736	95	89.8258	(-1, -1)	(-1, -1)	49
18:37:10.840	96	89.7836	(-1, -1)	(-1, -1)	49
18:37:10.946	96	89.7751	(-1, -1)	(-1, -1)	49
18:37:11.048	97	89.8507	(-1, -1)	(-1, -1)	49
18:37:11.154	98	90.2237	(-1, -1)	(-1, -1)	49
18:37:11.264	96	89.7413	(-1, -1)	(-1, -1)	49
18:37:11.369	107	89.948	(-1, -1)	(-1, -1)	49
18:37:11.486	99	90.2384	(-1, -1)	(-1, -1)	49
18:37:11.591	96	89.7732	(-1, -1)	(-1, -1)	49
18:37:11.694	97	89.8367	(-1, -1)	(-1, -1)	49
18:37:11.801	101	89.6852	(-1, -1)	(-1, -1)	49
18:37:11.911	99	89.6753	(-1, -1)	(-1, -1)	49
18:37:12.016	102	89.6742	(-1, -1)	(-1, -1)	49
18:37:12.127	97	89.6816	(-1, -1)	(-1, -1)	49
18:37:12.231	102	89.6859	(-1, -1)	(-1, -1)	49
18:37:12.343	101	89.7227	(-1, -1)	(-1, -1)	49
18:37:12.455	103	89.6391	(-1, -1)	(-1, -1)	49
18:37:12.566	98	90.2284	(-1, -1)	(-1, -1)	49
18:37:12.669	96	90.1345	(-1, -1)	(-1, -1)	49
18:37:12.787	96	89.7976	(-1, -1)	(-1, -1)	49
18:37:12.891	97	89.8136	(-1, -1)	(-1, -1)	49
18:37:12.995	98	89.6846	(-1, -1)	(-1, -1)	49
18:37:13.101	100	89.7148	(-1, -1)	(-1, -1)	49
18:37:13.210	95	89.885	(-1, -1)	(-1, -1)	49
18:37:13.307	96	89.812	(-1, -1)	(-1, -1)	49
18:37:13.412	97	89.9079	(-1, -1)	(-1, -1)	49
18:37:13.516	95	90.2279	(-1, -1)	(-1, -1)	49
18:37:13.614	96	89.7499	(-1, -1)	(-1, -1)	49
18:37:13.718	97	89.7511	(-1, -1)	(-1, -1)	49
18:37:13.822	96	89.7975	(-1, -1)	(-1, -1)	49
18:37:13.927	96	90.0819	(-1, -1)	(-1, -1)	49
18:37:14.030	96	90.165	(-1, -1)	(-1, -1)	49
18:37:14.128	96	89.884	(-1, -1)	(-1, -1)	49
18:37:14.232	97	90.3719	(-1, -1)	(-1, -1)	49
18:37:14.336	96	89.743	(-1, -1)	(-1, -1)	49
18:37:14.441	98	89.8452	(-1, -1)	(-1, -1)	49
18:37:14.546	102	89.6831	(-1, -1)	(-1, -1)	49
18:37:14.656	99	89.6692	(-1, -1)	(-1, -1)	49
18:37:14.762	99	89.7474	(-1, -1)	(-1, -1)	49
18:37:14.865	99	89.6704	(-1, -1)	(-1, -1)	49
18:37:14.970	100	89.6942	(-1, -1)	(-1, -1)	49
18:37:15.073	100	89.7079	(-1, -1)	(-1, -1)	49
18:37:15.179	101	89.6948	(-1, -1)	(-1, -1)	49
18:37:15.289	99	89.7427	(-1, -1)	(-1, -1)	49
18:37:15.396	100	89.72	(-1, -1)	(-1, -1)	49
18:37:15.504	97	89.8367	(-1, -1)	(-1, -1)	49
18:37:15.609	97	90.9199	(-1, -1)	(-1, -1)	49
18:37:15.720	98	89.8511	(-1, -1)	(-1, -1)	49
18:37:15.826	102	89.7972	(-1, -1)	(-1, -1)	49
18:37:15.936	99	89.7089	(-1, -1)	(-1, -1)	49
18:37:16.045	113	89.7043	(-1, -1)	(-1, -1)	49
18:37:16.164	97	89.8701	(-1, -1)	(-1, -1)	49
18:37:16.269	97	89.716	(-1, -1)	(-1, -1)	49
18:37:16.374	99	89.6628	(-1, -1)	(-1, -1)	49
18:37:16.482	103	89.6535	(-1, -1)	(-1, -1)	49
18:37:16.588	98	89.929	(-1, -1)	(-1, -1)	49
18:37:16.694	101	89.7173	(-1, -1)	(-1, -1)	49
18:37:16.797	97	90.0596	(-1, -1)	(-1, -1)	49
18:37:16.915	98	89.8393	(-1, -1)	(-1, -1)	49
18:37:17.022	97	89.7428	(-1, -1)	(-1, -1)	49
18:37:17.139	95	89.7841	(-1, -1)	(-1, -1)	49
18:37:17.242	96	89.7412	(-1, -1)	(-1, -1)	49
18:37:17.347	101	89.6644	(-1, -1)	(-1, -1)	49
18:37:17.450	97	89.7399	(-1, -1)	(-1, -1)	49
18:37:17.557	104	89.8939	(-1, -1)	(-1, -1)	49
18:37:17.667	99	90.3631	(-1, -1)	(-1, -1)	49
18:37:17.782	100	89.7357	(-1, -1)	(-1, -1)	49
18:37:17.931	98	89.6194	(-1, -1)	(-1, -1)	49
18:37:18.035	99	89.7467	(-1, -1)	(-1, -1)	49
18:37:18.141	102	89.687	(-1, -1)	(-1, -1)	49
18:37:18.250	98	89.6856	(-1, -1)	(-1, -1)	49
18:37:18.356	101	89.715	(-1, -1)	(-1, -1)	49
18:37:18.465	99	89.7433	(-1, -1)	(-1, -1)	49
18:37:18.571	101	89.7388	(-1, -1)	(-1, -1)	49
18:37:18.683	100	89.6818	(-1, -1)	(-1, -1)	49
18:37:18.794	100	89.6547	(-1, -1)	(-1, -1)	49
18:37:18.896	97	89.7569	(-1, -1)	(-1, -1)	49
18:37:19.002	100	89.6831	(-1, -1)	(-1, -1)	49
18:37:19.105	97	89.8422	(-1, -1)	(-1, -1)	49
18:37:19.210	95	89.7732	(-1, -1)	(-1, -1)	49
18:37:19.307	95	89.7236	(-1, -1)	(-1, -1)	49
18:37:19.404	95	89.7062	(-1, -1)	(-1, -1)	49
18:37:19.501	96	89.733	(-1, -1)	(-1, -1)	49
18:37:19.599	94	89.6769	(-1, -1)	(-1, -1)	49
18:37:19.695	97	89.6741	(-1, -1)	(-1, -1)	49
18:37:19.793	96	89.7483	(-1, -1)	(-1, -1)	49
18:37:19.891	95	89.7791	(-1, -1)	(-1, -1)	49
18:37:19.988	95	89.803	(-1, -1)	(-1, -1)	49
18:37:20.086	95	89.7053	(-1, -1)	(-1, -1)	49
18:37:20.182	96	89.7348	(-1, -1)	(-1, -1)	49
18:37:20.279	97	89.7203	(-1, -1)	(-1, -1)	49
18:37:20.386	103	89.7289	(-1, -1)	(-1, -1)	49
18:37:20.496	99	89.691	(-1, -1)	(-1, -1)	49
18:37:20.601	103	89.7264	(-1, -1)	(-1, -1)	49
18:37:20.713	99	89.6523	(-1, -1)	(-1, -1)	49
18:37:20.815	97	89.6553	(-1, -1)	(-1, -1)	49
18:37:20.921	102	89.6843	(-1, -1)	(-1, -1)	49
18:37:21.033	101	89.6655	(-1, -1)	(-1, -1)	49
18:37:21.144	102	89.6936	(-1, -1)	(-1, -1)	49
18:37:21.255	103	89.6772	(-1, -1)	(-1, -1)	49
18:37:21.366	97	89.7093	(-1, -1)	(-1, -1)	49
18:37:21.470	101	89.7256	(-1, -1)	(-1, -1)	49
18:37:21.585	104	89.6806	(-1, -1)	(-1, -1)	49
18:37:21.700	101	89.6956	(-1, -1)	(-1, -1)	49
18:37:21.811	98	89.7363	(-1, -1)	(-1, -1)	49
18:37:21.915	103	89.7299	(-1, -1)	(-1, -1)	49
18:37:22.025	100	89.723	(-1, -1)	(-1, -1)	49
18:37:22.132	100	89.6591	(-1, -1)	(-1, -1)	49
18:37:22.240	99	89.8139	(-1, -1)	(-1, -1)	49
18:37:22.349	100	89.6769	(-1, -1)	(-1, -1)	49
18:37:22.456	96	89.7364	(-1, -1)	(-1, -1)	49
18:37:22.559	102	89.6738	(-1, -1)	(-1, -1)	49
18:37:22.665	97	89.7926	(-1, -1)	(-1, -1)	49
18:37:22.770	100	89.7444	(-1, -1)	(-1, -1)	49
18:37:22.873	98	89.829	(-1, -1)	(-1, -1)	49
18:37:22.979	101	89.6622	(-1, -1)	(-1, -1)	49
18:37:23.082	97	89.7421	(-1, -1)	(-1, -1)	49
18:37:23.187	101	89.6431	(-1, -1)	(-1, -1)	49
18:37:23.290	99	89.6609	(-1, -1)	(-1, -1)	49
18:37:23.398	101	89.6723	(-1, -1)	(-1, -1)	49
18:37:23.508	105	89.6178	(-1, -1)	(-1, -1)	49
18:37:23.618	102	89.655	(-1, -1)	(-1, -1)	49
18:37:23.730	98	89.7065	(-1, -1)	(-1, -1)	49
18:37:23.832	100	89.683	(-1, -1)	(-1, -1)	49
18:37:23.939	102	89.6716	(-1, -1)	(-1, -1)	49
18:37:24.050	101	89.7459	(-1, -1)	(-1, -1)	49
18:37:24.160	99	89.6796	(-1, -1)	(-1, -1)	49
18:37:24.265	101	89.6173	(-1, -1)	(-1, -1)	49
18:37:24.376	101	89.6723	(-1, -1)	(-1, -1)	49
18:37:24.488	102	89.6957	(-1, -1)	(-1, -1)	49
18:37:24.599	99	89.7323	(-1, -1)	(-1, -1)	49
18:37:24.702	103	89.6887	(-1, -1)	(-1, -1)	49
18:37:24.814	99	89.6834	(-1, -1)	(-1, -1)	49
18:37:24.918	101	89.6764	(-1, -1)	(-1, -1)	49
18:37:25.028	100	89.6961	(-1, -1)	(-1, -1)	49
18:37:25.134	101	89.6837	(-1, -1)	(-1, -1)	49
18:37:25.240	98	89.6775	(-1, -1)	(-1, -1)	49
18:37:25.349	101	89.6376	(-1, -1)	(-1, -1)	49
18:37:25.452	98	89.817	(-1, -1)	(-1, -1)	49
18:37:25.558	102	89.6806	(-1, -1)	(-1, -1)	49
18:37:25.669	98	89.7121	(-1, -1)	(-1, -1)	49
18:37:25.773	102	89.7212	(-1, -1)	(-1, -1)	49
18:37:25.883	98	89.7804	(-1, -1)	(-1, -1)	49
18:37:25.989	102	89.7178	(-1, -1)	(-1, -1)	49
18:37:26.101	98	89.6563	(-1, -1)	(-1, -1)	49
18:37:26.204	101	89.6815	(-1, -1)	(-1, -1)	49
18:37:26.314	100	89.7036	(-1, -1)	(-1, -1)	49
18:37:26.420	101	89.6596	(-1, -1)	(-1, -1)	49
18:37:26.530	99	89.6999	(-1, -1)	(-1, -1)	49
18:37:26.636	101	89.6716	(-1, -1)	(-1, -1)	49
18:37:26.746	99	89.7104	(-1, -1)	(-1, -1)	49
18:37:26.850	99	89.7056	(-1, -1)	(-1, -1)	49
18:37:26.956	100	89.6132	(-1, -1)	(-1, -1)	49
18:37:27.069	101	89.6926	(-1, -1)	(-1, -1)	49
18:37:27.177	97	89.6948	(-1, -1)	(-1, -1)	49
18:37:27.282	101	89.7095	(-1, -1)	(-1, -1)	49
18:37:27.385	97	89.7964	(-1, -1)	(-1, -1)	49
18:37:27.490	101	89.6736	(-1, -1)	(-1, -1)	49
18:37:27.593	99	89.7133	(-1, -1)	(-1, -1)	49
18:37:27.699	101	89.6921	(-1, -1)	(-1, -1)	49
18:37:27.809	98	89.7658	(-1, -1)	(-1, -1)	49
18:37:27.914	102	89.6292	(-1, -1)	(-1, -1)	49
18:37:28.024	97	89.7699	(-1, -1)	(-1, -1)	49
18:37:28.130	101	89.7117	(-1, -1)	(-1, -1)	49
18:37:28.233	98	89.6984	(-1, -1)	(-1, -1)	49
18:37:28.338	103	89.6584	(-1, -1)	(-1, -1)	49
18:37:28.449	97	89.7508	(-1, -1)	(-1, -1)	49
18:37:28.554	101	89.7108	(-1, -1)	(-1, -1)	49
18:37:28.656	98	89.7865	(-1, -1)	(-1, -1)	49
18:37:28.763	100	89.7256	(-1, -1)	(-1, -1)	49
18:37:28.865	98	89.8053	(-1, -1)	(-1, -1)	49
18:37:28.971	103	89.6956	(-1, -1)	(-1, -1)	49
18:37:29.082	100	89.667	(-1, -1)	(-1, -1)	49
18:37:29.187	102	89.7273	(-1, -1)	(-1, -1)	49
18:37:29.298	102	89.7145	(-1, -1)	(-1, -1)	49
18:37:29.409	102	89.6619	(-1, -1)	(-1, -1)	49
18:37:29.519	98	89.792	(-1, -1)	(-1, -1)	49
18:37:29.625	102	89.7095	(-1, -1)	(-1, -1)	49
18:37:29.735	100	89.7213	(-1, -1)	(-1, -1)	49
18:37:29.841	100	89.7076	(-1, -1)	(-1, -1)	49
18:37:29.950	96	89.7658	(-1, -1)	(-1, -1)	49
18:37:30.056	101	89.7016	(-1, -1)	(-1, -1)	49
18:37:30.158	96	89.7404	(-1, -1)	(-1, -1)	49
18:37:30.264	103	89.6993	(-1, -1)	(-1, -1)	49
18:37:30.376	102	89.7129	(-1, -1)	(-1, -1)	49
18:37:30.487	102	89.7136	(-1, -1)	(-1, -1)	49
18:37:30.598	102	89.6569	(-1, -1)	(-1, -1)	49
18:37:30.711	102	89.6507	(-1, -1)	(-1, -1)	49
18:37:30.820	103	89.7127	(-1, -1)	(-1, -1)	49
18:37:30.933	104	89.6991	(-1, -1)	(-1, -1)	49
18:37:31.043	103	89.643	(-1, -1)	(-1, -1)	49
18:37:31.155	100	89.6993	(-1, -1)	(-1, -1)	49
18:37:31.265	102	89.6793	(-1, -1)	(-1, -1)	49
18:37:31.378	100	89.6905	(-1, -1)	(-1, -1)	49
18:37:31.488	102	89.725	(-1, -1)	(-1, -1)	49
18:37:31.598	97	89.7772	(-1, -1)	(-1, -1)	49
18:37:31.704	100	89.7199	(-1, -1)	(-1, -1)	49
18:37:31.814	98	89.6766	(-1, -1)	(-1, -1)	49
18:37:31.919	102	89.6286	(-1, -1)	(-1, -1)	49
18:37:32.030	101	89.6996	(-1, -1)	(-1, -1)	49
18:37:32.141	104	89.6959	(-1, -1)	(-1, -1)	49
18:37:32.252	98	89.685	(-1, -1)	(-1, -1)	49
18:37:32.357	102	89.7058	(-1, -1)	(-1, -1)	49
18:37:32.467	97	89.7396	(-1, -1)	(-1, -1)	49
18:37:32.572	101	89.729	(-1, -1)	(-1, -1)	49
18:37:32.676	98	89.6514	(-1, -1)	(-1, -1)	49
18:37:32.781	101	89.6775	(-1, -1)	(-1, -1)	49
18:37:32.891	98	89.7923	(-1, -1)	(-1, -1)	49
18:37:32.997	101	89.647	(-1, -1)	(-1, -1)	49
18:37:33.108	99	89.7505	(-1, -1)	(-1, -1)	49
18:37:33.210	102	89.6914	(-1, -1)	(-1, -1)	49
18:37:33.324	100	89.7516	(-1, -1)	(-1, -1)	49
18:37:33.426	98	89.8452	(-1, -1)	(-1, -1)	49
18:37:33.531	102	89.6947	(-1, -1)	(-1, -1)	49
18:37:33.645	101	89.6927	(-1, -1)	(-1, -1)	49
18:37:33.754	98	89.6964	(-1, -1)	(-1, -1)	49
18:37:33.859	103	89.6544	(-1, -1)	(-1, -1)	49
18:37:33.968	100	89.6873	(-1, -1)	(-1, -1)	49
18:37:34.074	102	89.6819	(-1, -1)	(-1, -1)	49
18:37:34.185	102	89.744	(-1, -1)	(-1, -1)	49
18:37:34.297	100	89.7089	(-1, -1)	(-1, -1)	49
18:37:34.399	98	89.8366	(-1, -1)	(-1, -1)	49
18:37:34.505	101	89.6756	(-1, -1)	(-1, -1)	49
18:37:34.615	99	89.7001	(-1, -1)	(-1, -1)	49
18:37:34.721	103	89.6825	(-1, -1)	(-1, -1)	49
18:37:34.831	97	89.7637	(-1, -1)	(-1, -1)	49
18:37:34.935	100	89.7404	(-1, -1)	(-1, -1)	49
18:37:35.041	99	89.6588	(-1, -1)	(-1, -1)	49
18:37:35.151	101	89.6661	(-1, -1)	(-1, -1)	49
18:37:35.255	98	89.725	(-1, -1)	(-1, -1)	49
18:37:35.360	100	89.7292	(-1, -1)	(-1, -1)	49
18:37:35.470	100	89.7012	(-1, -1)	(-1, -1)	49
18:37:35.576	101	89.6704	(-1, -1)	(-1, -1)	49
18:37:35.686	100	89.6659	(-1, -1)	(-1, -1)	49
18:37:35.791	101	89.7132	(-1, -1)	(-1, -1)	49
18:37:35.902	99	89.6864	(-1, -1)	(-1, -1)	49
18:37:36.007	101	89.6865	(-1, -1)	(-1, -1)	49
18:37:36.118	101	89.7079	(-1, -1)	(-1, -1)	49
18:37:36.229	102	89.7412	(-1, -1)	(-1, -1)	49
18:37:36.338	98	89.8027	(-1, -1)	(-1, -1)	49
18:37:36.444	101	89.7323	(-1, -1)	(-1, -1)	49
18:37:36.555	98	89.7212	(-1, -1)	(-1, -1)	49
18:37:36.661	101	89.6578	(-1, -1)	(-1, -1)	49
18:37:36.772	101	89.6705	(-1, -1)	(-1, -1)	49
18:37:36.883	101	89.6924	(-1, -1)	(-1, -1)	49
18:37:36.993	98	89.7061	(-1, -1)	(-1, -1)	49
18:37:37.098	101	89.6821	(-1, -1)	(-1, -1)	49
18:37:37.208	99	89.7332	(-1, -1)	(-1, -1)	49
18:37:37.314	99	89.6458	(-1, -1)	(-1, -1)	49
18:37:37.416	98	89.6917	(-1, -1)	(-1, -1)	49
18:37:37.522	101	89.6963	(-1, -1)	(-1, -1)	49
18:37:37.632	101	89.715	(-1, -1)	(-1, -1)	49
18:37:37.745	101	89.6844	(-1, -1)	(-1, -1)	49
18:37:37.854	97	89.8096	(-1, -1)	(-1, -1)	49
18:37:37.963	100	89.6458	(-1, -1)	(-1, -1)	49
18:37:38.069	96	89.7378	(-1, -1)	(-1, -1)	49
18:37:38.167	96	89.8449	(-1, -1)	(-1, -1)	49
18:37:38.271	100	89.7246	(-1, -1)	(-1, -1)	49
18:37:38.377	101	89.6501	(-1, -1)	(-1, -1)	49
18:37:38.480	98	89.7079	(-1, -1)	(-1, -1)	49
18:37:38.585	101	89.7428	(-1, -1)	(-1, -1)	49
18:37:38.695	99	89.8274	(-1, -1)	(-1, -1)	49
18:37:38.801	100	89.6785	(-1, -1)	(-1, -1)	49
18:37:38.903	98	89.7249	(-1, -1)	(-1, -1)	49
18:37:39.009	101	89.7828	(-1, -1)	(-1, -1)	49
18:37:39.120	102	89.6993	(-1, -1)	(-1, -1)	49
18:37:39.232	101	89.7243	(-1, -1)	(-1, -1)	49
18:37:39.341	100	89.7953	(-1, -1)	(-1, -1)	49
18:37:39.448	100	89.687	(-1, -1)	(-1, -1)	49
18:37:39.550	96	89.7653	(-1, -1)	(-1, -1)	49
18:37:39.656	100	89.6625	(-1, -1)	(-1, -1)	49
18:37:39.758	96	89.705	(-1, -1)	(-1, -1)	49
18:37:39.857	97	89.7086	(-1, -1)	(-1, -1)	49
18:37:39.961	99	89.7047	(-1, -1)	(-1, -1)	49
18:37:40.068	99	89.6827	(-1, -1)	(-1, -1)	49
18:37:40.176	99	89.6978	(-1, -1)	(-1, -1)	49
18:37:40.283	101	89.6049	(-1, -1)	(-1, -1)	49
18:37:40.392	99	89.7012	(-1, -1)	(-1, -1)	49
18:37:40.497	101	89.7105	(-1, -1)	(-1, -1)	49
18:37:40.601	98	89.6206	(-1, -1)	(-1, -1)	49
18:37:40.706	101	89.7265	(-1, -1)	(-1, -1)	49
18:37:40.810	98	89.7009	(-1, -1)	(-1, -1)	49
18:37:40.914	102	89.6376	(-1, -1)	(-1, -1)	49
18:37:41.025	97	89.7477	(-1, -1)	(-1, -1)	49
18:37:41.128	96	89.7914	(-1, -1)	(-1, -1)	49
18:37:41.232	97	89.7308	(-1, -1)	(-1, -1)	49
18:37:41.338	102	89.7176	(-1, -1)	(-1, -1)	49
18:37:41.448	97	89.7252	(-1, -1)	(-1, -1)	49
18:37:41.554	101	89.6831	(-1, -1)	(-1, -1)	49
18:37:41.657	99	89.7241	(-1, -1)	(-1, -1)	49
18:37:41.764	101	89.6911	(-1, -1)	(-1, -1)	49
18:37:41.872	99	89.7341	(-1, -1)	(-1, -1)	49
18:37:41.978	101	89.6844	(-1, -1)	(-1, -1)	49
18:37:42.088	99	89.6908	(-1, -1)	(-1, -1)	49
18:37:42.194	102	89.7578	(-1, -1)	(-1, -1)	49
18:37:42.304	97	89.7596	(-1, -1)	(-1, -1)	49
18:37:42.410	99	89.7095	(-1, -1)	(-1, -1)	49
18:37:42.519	99	89.6396	(-1, -1)	(-1, -1)	49
18:37:42.625	101	89.6597	(-1, -1)	(-1, -1)	49
18:37:42.734	99	89.6997	(-1, -1)	(-1, -1)	49
18:37:42.840	98	89.7307	(-1, -1)	(-1, -1)	49
18:37:42.942	97	89.7419	(-1, -1)	(-1, -1)	49
18:37:43.048	101	89.6769	(-1, -1)	(-1, -1)	49
18:37:43.151	96	89.6997	(-1, -1)	(-1, -1)	49
18:37:43.257	102	89.7001	(-1, -1)	(-1, -1)	49
18:37:43.369	102	89.7221	(-1, -1)	(-1, -1)	49
18:37:43.480	101	89.712	(-1, -1)	(-1, -1)	49
18:37:43.590	102	89.6702	(-1, -1)	(-1, -1)	49
18:37:43.703	104	89.6904	(-1, -1)	(-1, -1)	49
18:37:43.813	102	89.6914	(-1, -1)	(-1, -1)	49
18:37:43.927	106	89.6766	(-1, -1)	(-1, -1)	49
18:37:44.043	101	89.7086	(-1, -1)	(-1, -1)	49
18:37:44.156	102	89.7047	(-1, -1)	(-1, -1)	49
18:37:44.266	101	89.7079	(-1, -1)	(-1, -1)	49
18:37:44.375	98	89.7684	(-1, -1)	(-1, -1)	49
18:37:44.480	101	89.6895	(-1, -1)	(-1, -1)	49
18:37:44.583	100	89.7689	(-1, -1)	(-1, -1)	49
18:37:44.689	101	89.6561	(-1, -1)	(-1, -1)	49
18:37:44.800	98	89.7178	(-1, -1)	(-1, -1)	49
18:37:44.904	102	89.6796	(-1, -1)	(-1, -1)	49
18:37:45.017	101	89.7658	(-1, -1)	(-1, -1)	49
18:37:45.128	102	89.7203	(-1, -1)	(-1, -1)	49
18:37:45.238	98	89.6881	(-1, -1)	(-1, -1)	49
18:37:45.342	101	89.6519	(-1, -1)	(-1, -1)	49
18:37:45.453	100	89.7007	(-1, -1)	(-1, -1)	49
18:37:45.558	102	89.7077	(-1, -1)	(-1, -1)	49
18:37:45.668	100	89.6576	(-1, -1)	(-1, -1)	49
18:37:45.774	100	89.7059	(-1, -1)	(-1, -1)	49
18:37:45.877	98	89.7332	(-1, -1)	(-1, -1)	49
18:37:45.982	101	89.6281	(-1, -1)	(-1, -1)	49
18:37:46.086	98	89.6779	(-1, -1)	(-1, -1)	49
18:37:46.189	98	89.7803	(-1, -1)	(-1, -1)	49
18:37:46.295	99	89.6662	(-1, -1)	(-1, -1)	49
18:37:46.399	102	89.7201	(-1, -1)	(-1, -1)	49
18:37:46.510	98	89.6686	(-1, -1)	(-1, -1)	49
18:37:46.616	104	89.7019	(-1, -1)	(-1, -1)	49
18:37:46.727	104	89.6876	(-1, -1)	(-1, -1)	49
18:37:46.838	103	89.6948	(-1, -1)	(-1, -1)	49
18:37:46.949	96	89.6879	(-1, -1)	(-1, -1)	49
18:37:47.052	101	89.6824	(-1, -1)	(-1, -1)	49
18:37:47.163	99	89.6855	(-1, -1)	(-1, -1)	49
18:37:47.268	103	89.6593	(-1, -1)	(-1, -1)	49
18:37:47.382	98	89.6588	(-1, -1)	(-1, -1)	49
18:37:47.491	100	89.6794	(-1, -1)	(-1, -1)	49
18:37:47.594	98	89.7613	(-1, -1)	(-1, -1)	49
18:37:47.699	100	89.6745	(-1, -1)	(-1, -1)	49
18:37:47.803	98	89.6716	(-1, -1)	(-1, -1)	49
18:37:47.907	103	89.6698	(-1, -1)	(-1, -1)	49
18:37:48.019	102	89.653	(-1, -1)	(-1, -1)	49
18:37:48.130	101	89.6867	(-1, -1)	(-1, -1)	49
18:37:48.233	101	89.6916	(-1, -1)	(-1, -1)	49
18:37:48.339	102	89.6927	(-1, -1)	(-1, -1)	49
18:37:48.450	99	89.7477	(-1, -1)	(-1, -1)	49
18:37:48.554	101	89.7483	(-1, -1)	(-1, -1)	49
18:37:48.664	99	89.7339	(-1, -1)	(-1, -1)	49
18:37:48.770	100	89.6621	(-1, -1)	(-1, -1)	49
18:37:48.873	98	89.7376	(-1, -1)	(-1, -1)	49
18:37:48.979	100	89.6723	(-1, -1)	(-1, -1)	49
18:37:49.088	98	89.6599	(-1, -1)	(-1, -1)	49
18:37:49.195	100	89.6603	(-1, -1)	(-1, -1)	49
18:37:49.297	96	89.7567	(-1, -1)	(-1, -1)	49
18:37:49.402	101	89.6801	(-1, -1)	(-1, -1)	49
18:37:49.506	98	89.7573	(-1, -1)	(-1, -1)	49
18:37:49.613	100	89.6545	(-1, -1)	(-1, -1)	49
18:37:49.721	98	89.6887	(-1, -1)	(-1, -1)	49
18:37:49.826	97	89.7462	(-1, -1)	(-1, -1)	49
18:37:49.931	99	89.6791	(-1, -1)	(-1, -1)	49
18:37:50.036	100	89.6659	(-1, -1)	(-1, -1)	49
18:37:50.145	99	89.7317	(-1, -1)	(-1, -1)	49
18:37:50.250	102	89.6963	(-1, -1)	(-1, -1)	49
18:37:50.361	97	89.7905	(-1, -1)	(-1, -1)	49
18:37:50.466	100	89.6609	(-1, -1)	(-1, -1)	49
18:37:50.569	99	89.7041	(-1, -1)	(-1, -1)	49
18:37:50.675	100	89.7087	(-1, -1)	(-1, -1)	49
18:37:50.784	99	89.7175	(-1, -1)	(-1, -1)	49
18:37:50.890	102	89.6644	(-1, -1)	(-1, -1)	49
18:37:51.000	97	89.7827	(-1, -1)	(-1, -1)	49
18:37:51.106	100	89.688	(-1, -1)	(-1, -1)	49
18:37:51.214	98	89.8203	(-1, -1)	(-1, -1)	49
18:37:51.321	101	89.6908	(-1, -1)	(-1, -1)	49
18:37:51.424	98	89.6622	(-1, -1)	(-1, -1)	49
18:37:51.530	102	89.6904	(-1, -1)	(-1, -1)	49
18:37:51.640	99	89.7194	(-1, -1)	(-1, -1)	49
18:37:51.745	101	89.7009	(-1, -1)	(-1, -1)	49
18:37:51.855	103	89.7236	(-1, -1)	(-1, -1)	49
18:37:51.967	102	89.7302	(-1, -1)	(-1, -1)	49
18:37:52.078	98	89.6791	(-1, -1)	(-1, -1)	49
18:37:52.183	101	89.6813	(-1, -1)	(-1, -1)	49
18:37:52.286	98	89.6954	(-1, -1)	(-1, -1)	49
18:37:52.392	100	89.6801	(-1, -1)	(-1, -1)	49
18:37:52.494	99	89.7465	(-1, -1)	(-1, -1)	49
18:37:52.600	99	89.6415	(-1, -1)	(-1, -1)	49
18:37:52.703	98	89.7646	(-1, -1)	(-1, -1)	49
18:37:52.808	102	89.8096	(-1, -1)	(-1, -1)	49
18:37:52.919	97	89.797	(-1, -1)	(-1, -1)	49
18:37:53.024	102	89.6996	(-1, -1)	(-1, -1)	49
18:37:53.134	98	89.8406	(-1, -1)	(-1, -1)	49
18:37:53.240	102	89.6686	(-1, -1)	(-1, -1)	49
18:37:53.350	99	89.6677	(-1, -1)	(-1, -1)	49
18:37:53.457	100	89.66	(-1, -1)	(-1, -1)	49
18:37:53.565	98	89.7489	(-1, -1)	(-1, -1)	49
18:37:53.670	99	89.6539	(-1, -1)	(-1, -1)	49
18:37:53.774	97	89.7804	(-1, -1)	(-1, -1)	49
18:37:53.880	101	89.6572	(-1, -1)	(-1, -1)	49
18:37:53.989	100	89.6443	(-1, -1)	(-1, -1)	49
18:37:54.095	102	89.685	(-1, -1)	(-1, -1)	49
18:37:54.205	98	89.8191	(-1, -1)	(-1, -1)	49
18:37:54.310	102	89.719	(-1, -1)	(-1, -1)	49
18:37:54.421	96	89.8044	(-1, -1)	(-1, -1)	49
18:37:54.526	99	89.6807	(-1, -1)	(-1, -1)	49
18:37:54.629	99	89.6495	(-1, -1)	(-1, -1)	49
18:37:54.735	101	89.6988	(-1, -1)	(-1, -1)	49
18:37:54.844	100	89.6916	(-1, -1)	(-1, -1)	49
18:37:54.950	100	89.6871	(-1, -1)	(-1, -1)	49
18:37:55.053	99	89.6439	(-1, -1)	(-1, -1)	49
18:37:55.158	101	89.6815	(-1, -1)	(-1, -1)	49
18:37:55.262	98	89.6803	(-1, -1)	(-1, -1)	49
18:37:55.367	101	89.6954	(-1, -1)	(-1, -1)	49
18:37:55.470	97	89.752	(-1, -1)	(-1, -1)	49
18:37:55.575	102	89.7073	(-1, -1)	(-1, -1)	49
18:37:55.685	98	89.7954	(-1, -1)	(-1, -1)	49
18:37:55.791	101	89.6256	(-1, -1)	(-1, -1)	49
18:37:55.901	97	89.7477	(-1, -1)	(-1, -1)	49
18:37:56.007	102	89.7271	(-1, -1)	(-1, -1)	49
18:37:56.116	100	89.7187	(-1, -1)	(-1, -1)	49
18:37:56.222	100	89.6622	(-1, -1)	(-1, -1)	49
18:37:56.325	98	89.8236	(-1, -1)	(-1, -1)	49
18:37:56.431	105	89.6841	(-1, -1)	(-1, -1)	49
18:37:56.542	100	89.6427	(-1, -1)	(-1, -1)	49
EOM

