BOM
Frame extends: 2263, 1306
_ms_area: 10
measurements taken: 585
current rendering method: 0
is mouse replay: 1
Camera settings: Roation Quaternion: ( 0.0635341, 0.68235, -0.135584, -0.715522), Translationsvektor: ( 0.164384, -0.174579, 1.775).
System_Time	Elapsed_Time_PaintGL	Elapsed_Kernel_Time	Frame_Coordinates	Grid_Position	Manual_Measurement
00:11:50.258	43	27.5554	(-1, -1)	(-1, -1)	172
00:11:50.309	35	27.6295	(-1, -1)	(-1, -1)	172
00:11:50.351	37	27.688	(-1, -1)	(-1, -1)	172
00:11:50.396	40	27.6975	(-1, -1)	(-1, -1)	172
00:11:50.445	39	27.8166	(-1, -1)	(-1, -1)	172
00:11:50.490	36	27.9104	(-1, -1)	(-1, -1)	172
00:11:50.531	35	28.0327	(-1, -1)	(-1, -1)	172
00:11:50.574	40	27.9759	(-1, -1)	(-1, -1)	172
00:11:50.623	40	28.0896	(-1, -1)	(-1, -1)	172
00:11:50.672	40	28.1317	(-1, -1)	(-1, -1)	172
00:11:50.720	35	28.208	(-1, -1)	(-1, -1)	172
00:11:50.760	36	28.3031	(-1, -1)	(-1, -1)	172
00:11:50.803	37	28.3313	(-1, -1)	(-1, -1)	172
00:11:50.844	38	28.351	(-1, -1)	(-1, -1)	172
00:11:50.886	38	28.4197	(-1, -1)	(-1, -1)	172
00:11:50.927	35	28.5609	(-1, -1)	(-1, -1)	172
00:11:50.968	36	28.6264	(-1, -1)	(-1, -1)	172
00:11:51.011	41	28.6727	(-1, -1)	(-1, -1)	172
00:11:51.061	42	28.7056	(-1, -1)	(-1, -1)	172
00:11:51.109	37	28.7556	(-1, -1)	(-1, -1)	172
00:11:51.149	38	28.8188	(-1, -1)	(-1, -1)	172
00:11:51.191	36	28.9624	(-1, -1)	(-1, -1)	172
00:11:51.232	37	28.9665	(-1, -1)	(-1, -1)	172
00:11:51.276	42	29.0336	(-1, -1)	(-1, -1)	172
00:11:51.323	37	29.0905	(-1, -1)	(-1, -1)	172
00:11:51.365	36	29.1702	(-1, -1)	(-1, -1)	172
00:11:51.408	38	29.1498	(-1, -1)	(-1, -1)	172
00:11:51.450	37	29.2231	(-1, -1)	(-1, -1)	172
00:11:51.498	39	29.256	(-1, -1)	(-1, -1)	172
00:11:51.539	36	29.4047	(-1, -1)	(-1, -1)	172
00:11:51.581	37	29.4567	(-1, -1)	(-1, -1)	172
00:11:51.623	44	29.4773	(-1, -1)	(-1, -1)	172
00:11:51.673	42	29.4505	(-1, -1)	(-1, -1)	172
00:11:51.722	44	29.5219	(-1, -1)	(-1, -1)	172
00:11:51.775	37	29.6679	(-1, -1)	(-1, -1)	172
00:11:51.817	39	29.6093	(-1, -1)	(-1, -1)	172
00:11:51.859	39	29.693	(-1, -1)	(-1, -1)	172
00:11:51.900	42	29.717	(-1, -1)	(-1, -1)	172
00:11:51.950	38	29.7567	(-1, -1)	(-1, -1)	172
00:11:51.991	38	29.841	(-1, -1)	(-1, -1)	172
00:11:52.036	41	29.8652	(-1, -1)	(-1, -1)	172
00:11:52.084	43	29.8527	(-1, -1)	(-1, -1)	172
00:11:52.142	45	29.9064	(-1, -1)	(-1, -1)	172
00:11:52.193	38	30.076	(-1, -1)	(-1, -1)	172
00:11:52.236	41	29.9973	(-1, -1)	(-1, -1)	172
00:11:52.287	43	30.0286	(-1, -1)	(-1, -1)	172
00:11:52.332	39	30.0609	(-1, -1)	(-1, -1)	172
00:11:52.375	38	30.0665	(-1, -1)	(-1, -1)	172
00:11:52.422	39	30.072	(-1, -1)	(-1, -1)	172
00:11:52.464	39	30.1511	(-1, -1)	(-1, -1)	172
00:11:52.513	38	30.1862	(-1, -1)	(-1, -1)	172
00:11:52.563	43	30.2326	(-1, -1)	(-1, -1)	172
00:11:52.610	36	30.343	(-1, -1)	(-1, -1)	172
00:11:52.651	36	30.3329	(-1, -1)	(-1, -1)	172
00:11:52.692	38	30.3249	(-1, -1)	(-1, -1)	172
00:11:52.735	44	30.2753	(-1, -1)	(-1, -1)	172
00:11:52.784	38	30.2924	(-1, -1)	(-1, -1)	172
00:11:52.826	38	30.3159	(-1, -1)	(-1, -1)	172
00:11:52.867	39	30.3059	(-1, -1)	(-1, -1)	172
00:11:52.909	37	30.4631	(-1, -1)	(-1, -1)	172
00:11:52.950	40	30.3521	(-1, -1)	(-1, -1)	172
00:11:52.992	40	30.4391	(-1, -1)	(-1, -1)	172
00:11:53.042	44	30.3864	(-1, -1)	(-1, -1)	172
00:11:53.091	44	30.452	(-1, -1)	(-1, -1)	172
00:11:53.140	42	30.4434	(-1, -1)	(-1, -1)	172
00:11:53.188	41	30.4686	(-1, -1)	(-1, -1)	172
00:11:53.235	39	30.4628	(-1, -1)	(-1, -1)	172
00:11:53.290	44	30.4976	(-1, -1)	(-1, -1)	172
00:11:53.342	43	30.4086	(-1, -1)	(-1, -1)	172
00:11:53.390	40	30.4144	(-1, -1)	(-1, -1)	172
00:11:53.436	37	30.5148	(-1, -1)	(-1, -1)	172
00:11:53.478	39	30.5206	(-1, -1)	(-1, -1)	172
00:11:53.523	43	30.4304	(-1, -1)	(-1, -1)	172
00:11:53.570	43	30.432	(-1, -1)	(-1, -1)	172
00:11:53.619	43	30.4815	(-1, -1)	(-1, -1)	172
00:11:53.666	37	30.4757	(-1, -1)	(-1, -1)	172
00:11:53.708	38	30.4376	(-1, -1)	(-1, -1)	172
00:11:53.750	43	30.4396	(-1, -1)	(-1, -1)	172
00:11:53.802	42	30.376	(-1, -1)	(-1, -1)	172
00:11:53.847	40	30.389	(-1, -1)	(-1, -1)	172
00:11:53.896	39	30.3867	(-1, -1)	(-1, -1)	172
00:11:53.937	39	30.3513	(-1, -1)	(-1, -1)	172
00:11:53.979	38	30.3825	(-1, -1)	(-1, -1)	172
00:11:54.022	38	30.376	(-1, -1)	(-1, -1)	172
00:11:54.063	36	30.3727	(-1, -1)	(-1, -1)	172
00:11:54.104	36	30.3477	(-1, -1)	(-1, -1)	172
00:11:54.147	43	30.2778	(-1, -1)	(-1, -1)	172
00:11:54.196	42	30.2247	(-1, -1)	(-1, -1)	172
00:11:54.245	42	30.2726	(-1, -1)	(-1, -1)	172
00:11:54.292	37	30.3344	(-1, -1)	(-1, -1)	172
00:11:54.334	36	30.231	(-1, -1)	(-1, -1)	172
00:11:54.375	38	30.1945	(-1, -1)	(-1, -1)	172
00:11:54.419	39	30.089	(-1, -1)	(-1, -1)	172
00:11:54.467	38	30.1739	(-1, -1)	(-1, -1)	172
00:11:54.508	36	30.1453	(-1, -1)	(-1, -1)	172
00:11:54.552	41	30.0526	(-1, -1)	(-1, -1)	172
00:11:54.602	42	30.0124	(-1, -1)	(-1, -1)	172
00:11:54.656	45	29.9883	(-1, -1)	(-1, -1)	172
00:11:54.710	38	30.121	(-1, -1)	(-1, -1)	172
00:11:54.753	41	29.9578	(-1, -1)	(-1, -1)	172
00:11:54.804	42	29.9326	(-1, -1)	(-1, -1)	172
00:11:54.856	40	29.9076	(-1, -1)	(-1, -1)	172
00:11:54.905	38	29.868	(-1, -1)	(-1, -1)	172
00:11:54.946	39	29.8376	(-1, -1)	(-1, -1)	172
00:11:54.996	41	29.788	(-1, -1)	(-1, -1)	172
00:11:55.044	42	29.7839	(-1, -1)	(-1, -1)	172
00:11:55.092	38	29.7019	(-1, -1)	(-1, -1)	172
00:11:55.133	39	29.6788	(-1, -1)	(-1, -1)	172
00:11:55.176	38	29.6727	(-1, -1)	(-1, -1)	172
00:11:55.216	39	29.5941	(-1, -1)	(-1, -1)	172
00:11:55.261	51	29.5333	(-1, -1)	(-1, -1)	172
00:11:55.320	36	29.5923	(-1, -1)	(-1, -1)	172
00:11:55.364	37	29.4588	(-1, -1)	(-1, -1)	172
00:11:55.406	40	29.4286	(-1, -1)	(-1, -1)	172
00:11:55.454	40	29.3252	(-1, -1)	(-1, -1)	172
00:11:55.503	37	29.3015	(-1, -1)	(-1, -1)	172
00:11:55.543	36	29.311	(-1, -1)	(-1, -1)	172
00:11:55.587	40	29.2046	(-1, -1)	(-1, -1)	172
00:11:55.634	41	29.0985	(-1, -1)	(-1, -1)	172
00:11:55.684	36	29.08	(-1, -1)	(-1, -1)	172
00:11:55.723	36	29.1344	(-1, -1)	(-1, -1)	172
00:11:55.768	40	29.0397	(-1, -1)	(-1, -1)	172
00:11:55.817	41	28.9661	(-1, -1)	(-1, -1)	172
00:11:55.867	40	28.9247	(-1, -1)	(-1, -1)	172
00:11:55.913	37	28.8548	(-1, -1)	(-1, -1)	172
00:11:55.953	36	28.9199	(-1, -1)	(-1, -1)	172
00:11:55.994	37	28.796	(-1, -1)	(-1, -1)	172
00:11:56.038	41	28.6871	(-1, -1)	(-1, -1)	172
00:11:56.089	39	28.6554	(-1, -1)	(-1, -1)	172
00:11:56.134	37	28.6001	(-1, -1)	(-1, -1)	172
00:11:56.176	36	28.5861	(-1, -1)	(-1, -1)	172
00:11:56.219	41	28.4601	(-1, -1)	(-1, -1)	172
00:11:56.269	40	28.4243	(-1, -1)	(-1, -1)	172
00:11:56.321	38	28.3298	(-1, -1)	(-1, -1)	172
00:11:56.364	36	28.3716	(-1, -1)	(-1, -1)	172
00:11:56.407	39	28.2796	(-1, -1)	(-1, -1)	172
00:11:56.456	43	28.1904	(-1, -1)	(-1, -1)	172
00:11:56.504	40	28.1616	(-1, -1)	(-1, -1)	172
00:11:56.552	36	28.0698	(-1, -1)	(-1, -1)	172
00:11:56.593	35	28.1276	(-1, -1)	(-1, -1)	172
00:11:56.636	40	27.987	(-1, -1)	(-1, -1)	172
00:11:56.685	40	27.9536	(-1, -1)	(-1, -1)	172
00:11:56.734	42	27.8633	(-1, -1)	(-1, -1)	172
00:11:56.781	36	27.8255	(-1, -1)	(-1, -1)	172
00:11:56.822	37	27.7407	(-1, -1)	(-1, -1)	172
00:11:56.868	41	27.6753	(-1, -1)	(-1, -1)	172
00:11:56.921	41	27.6212	(-1, -1)	(-1, -1)	172
00:11:56.969	35	27.5665	(-1, -1)	(-1, -1)	172
00:11:57.009	33	27.5815	(-1, -1)	(-1, -1)	172
00:11:57.044	34	27.4714	(-1, -1)	(-1, -1)	172
00:11:57.088	40	27.4105	(-1, -1)	(-1, -1)	172
00:11:57.137	39	27.3639	(-1, -1)	(-1, -1)	172
00:11:57.185	34	27.2862	(-1, -1)	(-1, -1)	172
00:11:57.226	35	27.2513	(-1, -1)	(-1, -1)	172
00:11:57.267	33	27.2185	(-1, -1)	(-1, -1)	172
00:11:57.302	36	27.181	(-1, -1)	(-1, -1)	172
00:11:57.344	36	27.1084	(-1, -1)	(-1, -1)	172
00:11:57.386	33	27.1461	(-1, -1)	(-1, -1)	172
00:11:57.427	34	27.0187	(-1, -1)	(-1, -1)	172
00:11:57.470	39	26.9353	(-1, -1)	(-1, -1)	172
00:11:57.523	37	26.917	(-1, -1)	(-1, -1)	172
00:11:57.571	38	26.8473	(-1, -1)	(-1, -1)	172
00:11:57.615	35	26.8689	(-1, -1)	(-1, -1)	172
00:11:57.659	41	26.804	(-1, -1)	(-1, -1)	172
00:11:57.709	36	26.8341	(-1, -1)	(-1, -1)	172
00:11:57.758	38	26.7548	(-1, -1)	(-1, -1)	172
00:11:57.804	34	26.679	(-1, -1)	(-1, -1)	172
00:11:57.844	34	26.7468	(-1, -1)	(-1, -1)	172
00:11:57.886	36	26.6243	(-1, -1)	(-1, -1)	172
00:11:57.929	40	26.5775	(-1, -1)	(-1, -1)	172
00:11:57.978	38	26.5883	(-1, -1)	(-1, -1)	172
00:11:58.019	33	26.7145	(-1, -1)	(-1, -1)	172
00:11:58.060	33	26.6578	(-1, -1)	(-1, -1)	172
00:11:58.103	39	26.505	(-1, -1)	(-1, -1)	172
00:11:58.152	39	26.4997	(-1, -1)	(-1, -1)	172
00:11:58.204	37	26.4433	(-1, -1)	(-1, -1)	172
00:11:58.247	36	26.4874	(-1, -1)	(-1, -1)	172
00:11:58.291	40	26.4523	(-1, -1)	(-1, -1)	172
00:11:58.338	34	26.4993	(-1, -1)	(-1, -1)	172
00:11:58.381	38	26.3844	(-1, -1)	(-1, -1)	172
00:11:58.430	34	26.4116	(-1, -1)	(-1, -1)	172
00:11:58.469	32	26.4793	(-1, -1)	(-1, -1)	172
00:11:58.504	33	26.4281	(-1, -1)	(-1, -1)	172
00:11:58.547	37	26.3945	(-1, -1)	(-1, -1)	172
00:11:58.589	38	26.3831	(-1, -1)	(-1, -1)	172
00:11:58.640	34	26.3399	(-1, -1)	(-1, -1)	172
00:11:58.678	33	26.5079	(-1, -1)	(-1, -1)	172
00:11:58.712	34	26.5434	(-1, -1)	(-1, -1)	172
00:11:58.755	38	26.4799	(-1, -1)	(-1, -1)	172
00:11:58.797	37	26.5007	(-1, -1)	(-1, -1)	172
00:11:58.842	35	26.475	(-1, -1)	(-1, -1)	172
00:11:58.880	33	26.548	(-1, -1)	(-1, -1)	172
00:11:58.922	35	26.5492	(-1, -1)	(-1, -1)	172
00:11:58.964	33	26.5754	(-1, -1)	(-1, -1)	172
00:11:59.007	37	26.5828	(-1, -1)	(-1, -1)	172
00:11:59.047	36	26.6794	(-1, -1)	(-1, -1)	172
00:11:59.088	35	26.7176	(-1, -1)	(-1, -1)	172
00:11:59.132	39	26.6317	(-1, -1)	(-1, -1)	172
00:11:59.186	39	26.6815	(-1, -1)	(-1, -1)	172
00:11:59.235	39	26.8117	(-1, -1)	(-1, -1)	172
00:11:59.276	36	26.9053	(-1, -1)	(-1, -1)	172
00:11:59.318	34	26.9881	(-1, -1)	(-1, -1)	172
00:11:59.360	39	26.9594	(-1, -1)	(-1, -1)	172
00:11:59.410	38	26.9961	(-1, -1)	(-1, -1)	172
00:11:59.458	38	27.1074	(-1, -1)	(-1, -1)	172
00:11:59.499	34	27.2313	(-1, -1)	(-1, -1)	172
00:11:59.540	40	27.1646	(-1, -1)	(-1, -1)	172
00:11:59.591	39	27.2327	(-1, -1)	(-1, -1)	172
00:11:59.639	39	27.348	(-1, -1)	(-1, -1)	172
00:11:59.688	37	27.4366	(-1, -1)	(-1, -1)	172
00:11:59.729	35	27.4305	(-1, -1)	(-1, -1)	172
00:11:59.770	35	27.6566	(-1, -1)	(-1, -1)	172
00:11:59.813	38	27.5741	(-1, -1)	(-1, -1)	172
00:11:59.855	40	27.7161	(-1, -1)	(-1, -1)	172
00:11:59.904	36	27.7674	(-1, -1)	(-1, -1)	172
00:11:59.944	46	27.8006	(-1, -1)	(-1, -1)	172
00:11:59.994	40	27.8653	(-1, -1)	(-1, -1)	172
00:12:00.041	36	28.0719	(-1, -1)	(-1, -1)	172
00:12:00.083	34	28.1883	(-1, -1)	(-1, -1)	172
00:12:00.124	34	28.0836	(-1, -1)	(-1, -1)	172
00:12:00.166	34	28.1455	(-1, -1)	(-1, -1)	172
00:12:00.209	37	28.1976	(-1, -1)	(-1, -1)	172
00:12:00.250	39	28.2841	(-1, -1)	(-1, -1)	172
00:12:00.299	39	28.4084	(-1, -1)	(-1, -1)	172
00:12:00.340	35	28.5948	(-1, -1)	(-1, -1)	172
00:12:00.382	34	28.5988	(-1, -1)	(-1, -1)	172
00:12:00.423	35	28.5895	(-1, -1)	(-1, -1)	172
00:12:00.465	39	28.5541	(-1, -1)	(-1, -1)	172
00:12:00.515	38	28.7754	(-1, -1)	(-1, -1)	172
00:12:00.556	35	28.8039	(-1, -1)	(-1, -1)	172
00:12:00.597	36	28.8407	(-1, -1)	(-1, -1)	172
00:12:00.640	40	28.873	(-1, -1)	(-1, -1)	172
00:12:00.689	41	28.9108	(-1, -1)	(-1, -1)	172
00:12:00.740	38	29.0807	(-1, -1)	(-1, -1)	172
00:12:00.785	36	29.1911	(-1, -1)	(-1, -1)	172
00:12:00.827	39	29.0302	(-1, -1)	(-1, -1)	172
00:12:00.877	40	29.1727	(-1, -1)	(-1, -1)	172
00:12:00.925	40	29.2204	(-1, -1)	(-1, -1)	172
00:12:00.975	40	29.3286	(-1, -1)	(-1, -1)	172
00:12:01.022	43	29.4188	(-1, -1)	(-1, -1)	172
00:12:01.071	38	29.5119	(-1, -1)	(-1, -1)	172
00:12:01.113	38	29.5465	(-1, -1)	(-1, -1)	172
00:12:01.153	37	29.7831	(-1, -1)	(-1, -1)	172
00:12:01.196	40	29.7181	(-1, -1)	(-1, -1)	172
00:12:01.245	41	29.7747	(-1, -1)	(-1, -1)	172
00:12:01.294	43	29.8465	(-1, -1)	(-1, -1)	172
00:12:01.341	40	29.9172	(-1, -1)	(-1, -1)	172
00:12:01.390	38	30.0409	(-1, -1)	(-1, -1)	172
00:12:01.433	43	30.0062	(-1, -1)	(-1, -1)	172
00:12:01.482	43	30.0927	(-1, -1)	(-1, -1)	172
00:12:01.531	42	30.1233	(-1, -1)	(-1, -1)	172
00:12:01.578	37	30.1948	(-1, -1)	(-1, -1)	172
00:12:01.618	36	30.3071	(-1, -1)	(-1, -1)	172
00:12:01.660	37	30.3281	(-1, -1)	(-1, -1)	172
00:12:01.704	40	30.2876	(-1, -1)	(-1, -1)	172
00:12:01.752	38	30.461	(-1, -1)	(-1, -1)	172
00:12:01.793	36	30.5121	(-1, -1)	(-1, -1)	172
00:12:01.836	42	30.537	(-1, -1)	(-1, -1)	172
00:12:01.885	43	30.6818	(-1, -1)	(-1, -1)	172
00:12:01.934	42	30.6719	(-1, -1)	(-1, -1)	172
00:12:01.981	39	30.7204	(-1, -1)	(-1, -1)	172
00:12:02.022	40	30.8277	(-1, -1)	(-1, -1)	172
00:12:02.073	42	30.9067	(-1, -1)	(-1, -1)	172
00:12:02.121	42	31.0159	(-1, -1)	(-1, -1)	172
00:12:02.169	38	31.0455	(-1, -1)	(-1, -1)	172
00:12:02.209	40	31.1262	(-1, -1)	(-1, -1)	172
00:12:02.252	42	31.1009	(-1, -1)	(-1, -1)	172
00:12:02.302	42	31.1516	(-1, -1)	(-1, -1)	172
00:12:02.350	42	31.1873	(-1, -1)	(-1, -1)	172
00:12:02.401	41	31.293	(-1, -1)	(-1, -1)	172
00:12:02.446	39	31.3391	(-1, -1)	(-1, -1)	172
00:12:02.493	45	31.3759	(-1, -1)	(-1, -1)	172
00:12:02.544	41	31.3841	(-1, -1)	(-1, -1)	172
00:12:02.593	41	31.4748	(-1, -1)	(-1, -1)	172
00:12:02.641	39	31.3984	(-1, -1)	(-1, -1)	172
00:12:02.690	43	31.4321	(-1, -1)	(-1, -1)	172
00:12:02.739	46	31.4782	(-1, -1)	(-1, -1)	172
00:12:02.797	45	31.5311	(-1, -1)	(-1, -1)	172
00:12:02.850	38	31.6433	(-1, -1)	(-1, -1)	172
00:12:02.892	40	31.6594	(-1, -1)	(-1, -1)	172
00:12:02.943	46	31.6433	(-1, -1)	(-1, -1)	172
00:12:02.997	46	31.6646	(-1, -1)	(-1, -1)	172
00:12:03.051	38	31.744	(-1, -1)	(-1, -1)	172
00:12:03.092	38	31.7904	(-1, -1)	(-1, -1)	172
00:12:03.134	39	31.8812	(-1, -1)	(-1, -1)	172
00:12:03.178	45	31.8293	(-1, -1)	(-1, -1)	172
00:12:03.233	39	31.8231	(-1, -1)	(-1, -1)	172
00:12:03.274	37	31.9978	(-1, -1)	(-1, -1)	172
00:12:03.315	40	32.0456	(-1, -1)	(-1, -1)	172
00:12:03.366	44	31.959	(-1, -1)	(-1, -1)	172
00:12:03.421	43	31.9841	(-1, -1)	(-1, -1)	172
00:12:03.468	40	32.0841	(-1, -1)	(-1, -1)	172
00:12:03.517	42	32.0336	(-1, -1)	(-1, -1)	172
00:12:03.569	46	32.0844	(-1, -1)	(-1, -1)	172
00:12:03.623	44	32.0844	(-1, -1)	(-1, -1)	172
00:12:03.670	42	32.027	(-1, -1)	(-1, -1)	172
00:12:03.719	42	32.0253	(-1, -1)	(-1, -1)	172
00:12:03.768	42	32.0163	(-1, -1)	(-1, -1)	172
00:12:03.821	43	32.0361	(-1, -1)	(-1, -1)	172
00:12:03.873	44	32.0874	(-1, -1)	(-1, -1)	172
00:12:03.920	41	32.1124	(-1, -1)	(-1, -1)	172
00:12:03.970	44	32.0243	(-1, -1)	(-1, -1)	172
00:12:04.018	45	32.0052	(-1, -1)	(-1, -1)	172
00:12:04.071	40	32.0681	(-1, -1)	(-1, -1)	172
00:12:04.116	41	32.0812	(-1, -1)	(-1, -1)	172
00:12:04.165	44	31.9853	(-1, -1)	(-1, -1)	172
00:12:04.221	44	31.9864	(-1, -1)	(-1, -1)	172
00:12:04.278	49	31.9865	(-1, -1)	(-1, -1)	172
00:12:04.330	38	32.0479	(-1, -1)	(-1, -1)	172
00:12:04.374	43	31.9837	(-1, -1)	(-1, -1)	172
00:12:04.422	44	31.9723	(-1, -1)	(-1, -1)	172
00:12:04.471	44	32.0133	(-1, -1)	(-1, -1)	172
00:12:04.520	39	31.9711	(-1, -1)	(-1, -1)	172
00:12:04.567	41	31.9296	(-1, -1)	(-1, -1)	172
00:12:04.617	44	32.0024	(-1, -1)	(-1, -1)	172
00:12:04.673	44	31.8987	(-1, -1)	(-1, -1)	172
00:12:04.720	39	32.0219	(-1, -1)	(-1, -1)	172
00:12:04.761	39	31.9972	(-1, -1)	(-1, -1)	172
00:12:04.812	44	31.9071	(-1, -1)	(-1, -1)	172
00:12:04.867	44	31.9264	(-1, -1)	(-1, -1)	172
00:12:04.917	40	31.8449	(-1, -1)	(-1, -1)	172
00:12:04.963	40	31.8788	(-1, -1)	(-1, -1)	172
00:12:05.014	45	31.8037	(-1, -1)	(-1, -1)	172
00:12:05.068	44	31.8153	(-1, -1)	(-1, -1)	172
00:12:05.118	42	31.7477	(-1, -1)	(-1, -1)	172
00:12:05.165	38	31.7622	(-1, -1)	(-1, -1)	172
00:12:05.206	41	31.7397	(-1, -1)	(-1, -1)	172
00:12:05.256	41	31.6148	(-1, -1)	(-1, -1)	172
00:12:05.305	42	31.6484	(-1, -1)	(-1, -1)	172
00:12:05.352	38	31.6652	(-1, -1)	(-1, -1)	172
00:12:05.398	50	31.5742	(-1, -1)	(-1, -1)	172
00:12:05.457	44	31.5135	(-1, -1)	(-1, -1)	172
00:12:05.506	43	31.4554	(-1, -1)	(-1, -1)	172
00:12:05.554	39	31.4736	(-1, -1)	(-1, -1)	172
00:12:05.595	40	31.4896	(-1, -1)	(-1, -1)	172
00:12:05.651	42	31.353	(-1, -1)	(-1, -1)	172
00:12:05.701	44	31.3	(-1, -1)	(-1, -1)	172
00:12:05.751	39	31.2419	(-1, -1)	(-1, -1)	172
00:12:05.797	38	31.3236	(-1, -1)	(-1, -1)	172
00:12:05.839	45	31.2311	(-1, -1)	(-1, -1)	172
00:12:05.889	44	31.2117	(-1, -1)	(-1, -1)	172
00:12:05.938	43	31.1081	(-1, -1)	(-1, -1)	172
00:12:05.985	39	31.0443	(-1, -1)	(-1, -1)	172
00:12:06.027	39	31.0775	(-1, -1)	(-1, -1)	172
00:12:06.076	43	30.949	(-1, -1)	(-1, -1)	172
00:12:06.125	44	30.9062	(-1, -1)	(-1, -1)	172
00:12:06.173	38	30.867	(-1, -1)	(-1, -1)	172
00:12:06.214	38	30.8329	(-1, -1)	(-1, -1)	172
00:12:06.256	40	30.6926	(-1, -1)	(-1, -1)	172
00:12:06.305	41	30.691	(-1, -1)	(-1, -1)	172
00:12:06.354	39	30.6593	(-1, -1)	(-1, -1)	172
00:12:06.402	38	30.633	(-1, -1)	(-1, -1)	172
00:12:06.443	37	30.691	(-1, -1)	(-1, -1)	172
00:12:06.492	36	30.5267	(-1, -1)	(-1, -1)	172
00:12:06.537	44	30.4833	(-1, -1)	(-1, -1)	172
00:12:06.591	40	30.4427	(-1, -1)	(-1, -1)	172
00:12:06.638	37	30.4424	(-1, -1)	(-1, -1)	172
00:12:06.680	39	30.2932	(-1, -1)	(-1, -1)	172
00:12:06.725	40	30.244	(-1, -1)	(-1, -1)	172
00:12:06.775	42	30.1733	(-1, -1)	(-1, -1)	172
00:12:06.820	38	30.1653	(-1, -1)	(-1, -1)	172
00:12:06.860	38	30.128	(-1, -1)	(-1, -1)	172
00:12:06.902	40	30.0388	(-1, -1)	(-1, -1)	172
00:12:06.945	39	29.9443	(-1, -1)	(-1, -1)	172
00:12:06.994	42	29.8754	(-1, -1)	(-1, -1)	172
00:12:07.043	38	29.8759	(-1, -1)	(-1, -1)	172
00:12:07.090	39	29.8181	(-1, -1)	(-1, -1)	172
00:12:07.134	42	29.7698	(-1, -1)	(-1, -1)	172
00:12:07.183	42	29.7219	(-1, -1)	(-1, -1)	172
00:12:07.231	38	29.7052	(-1, -1)	(-1, -1)	172
00:12:07.278	39	29.6253	(-1, -1)	(-1, -1)	172
00:12:07.320	38	29.6169	(-1, -1)	(-1, -1)	172
00:12:07.362	37	29.5581	(-1, -1)	(-1, -1)	172
00:12:07.405	41	29.481	(-1, -1)	(-1, -1)	172
00:12:07.452	38	29.4704	(-1, -1)	(-1, -1)	172
00:12:07.494	40	29.389	(-1, -1)	(-1, -1)	172
00:12:07.543	41	29.3754	(-1, -1)	(-1, -1)	172
00:12:07.593	41	29.339	(-1, -1)	(-1, -1)	172
00:12:07.641	38	29.3247	(-1, -1)	(-1, -1)	172
00:12:07.681	36	29.3794	(-1, -1)	(-1, -1)	172
00:12:07.723	36	29.3615	(-1, -1)	(-1, -1)	172
00:12:07.766	41	29.1756	(-1, -1)	(-1, -1)	172
00:12:07.815	40	29.1545	(-1, -1)	(-1, -1)	172
00:12:07.863	38	29.1458	(-1, -1)	(-1, -1)	172
00:12:07.903	35	29.1782	(-1, -1)	(-1, -1)	172
00:12:07.946	42	29.0237	(-1, -1)	(-1, -1)	172
00:12:07.995	41	29.0394	(-1, -1)	(-1, -1)	172
00:12:08.044	41	29.0861	(-1, -1)	(-1, -1)	172
00:12:08.090	36	29.1081	(-1, -1)	(-1, -1)	172
00:12:08.132	37	29.1107	(-1, -1)	(-1, -1)	172
00:12:08.175	40	29.0721	(-1, -1)	(-1, -1)	172
00:12:08.224	40	29.0727	(-1, -1)	(-1, -1)	172
00:12:08.273	39	29.0526	(-1, -1)	(-1, -1)	172
00:12:08.320	36	29.1397	(-1, -1)	(-1, -1)	172
00:12:08.365	41	29.0649	(-1, -1)	(-1, -1)	172
00:12:08.412	41	29.0702	(-1, -1)	(-1, -1)	172
00:12:08.468	41	29.1087	(-1, -1)	(-1, -1)	172
00:12:08.516	37	29.1364	(-1, -1)	(-1, -1)	172
00:12:08.557	37	29.0267	(-1, -1)	(-1, -1)	172
00:12:08.600	41	29.0241	(-1, -1)	(-1, -1)	172
00:12:08.648	41	29.0511	(-1, -1)	(-1, -1)	172
00:12:08.696	37	29.0464	(-1, -1)	(-1, -1)	172
00:12:08.739	37	29.0994	(-1, -1)	(-1, -1)	172
00:12:08.780	37	29.0994	(-1, -1)	(-1, -1)	172
00:12:08.822	42	29.1561	(-1, -1)	(-1, -1)	172
00:12:08.871	41	29.0825	(-1, -1)	(-1, -1)	172
00:12:08.919	37	29.1234	(-1, -1)	(-1, -1)	172
00:12:08.960	37	29.1696	(-1, -1)	(-1, -1)	172
00:12:09.002	37	29.1582	(-1, -1)	(-1, -1)	172
00:12:09.044	38	29.2265	(-1, -1)	(-1, -1)	172
00:12:09.087	40	29.1756	(-1, -1)	(-1, -1)	172
00:12:09.135	36	29.1972	(-1, -1)	(-1, -1)	172
00:12:09.177	40	29.2428	(-1, -1)	(-1, -1)	172
00:12:09.226	41	29.3252	(-1, -1)	(-1, -1)	172
00:12:09.275	42	29.3016	(-1, -1)	(-1, -1)	172
00:12:09.322	37	29.3493	(-1, -1)	(-1, -1)	172
00:12:09.365	36	29.3376	(-1, -1)	(-1, -1)	172
00:12:09.405	38	29.5363	(-1, -1)	(-1, -1)	172
00:12:09.448	40	29.495	(-1, -1)	(-1, -1)	172
00:12:09.498	41	29.5399	(-1, -1)	(-1, -1)	172
00:12:09.545	36	29.5628	(-1, -1)	(-1, -1)	172
00:12:09.585	37	29.6444	(-1, -1)	(-1, -1)	172
00:12:09.629	41	29.6151	(-1, -1)	(-1, -1)	172
00:12:09.677	43	29.7502	(-1, -1)	(-1, -1)	172
00:12:09.726	39	29.7536	(-1, -1)	(-1, -1)	172
00:12:09.773	36	29.9105	(-1, -1)	(-1, -1)	172
00:12:09.815	36	29.8551	(-1, -1)	(-1, -1)	172
00:12:09.858	42	29.8788	(-1, -1)	(-1, -1)	172
00:12:09.907	41	29.9415	(-1, -1)	(-1, -1)	172
00:12:09.955	37	29.9836	(-1, -1)	(-1, -1)	172
00:12:09.996	38	30.0338	(-1, -1)	(-1, -1)	172
00:12:10.038	39	29.9941	(-1, -1)	(-1, -1)	172
00:12:10.088	42	30.0856	(-1, -1)	(-1, -1)	172
00:12:10.136	43	30.1596	(-1, -1)	(-1, -1)	172
00:12:10.184	39	30.1062	(-1, -1)	(-1, -1)	172
00:12:10.234	42	30.1984	(-1, -1)	(-1, -1)	172
00:12:10.281	38	30.2609	(-1, -1)	(-1, -1)	172
00:12:10.322	36	30.3963	(-1, -1)	(-1, -1)	172
00:12:10.364	38	30.4027	(-1, -1)	(-1, -1)	172
00:12:10.407	43	30.3858	(-1, -1)	(-1, -1)	172
00:12:10.460	42	30.4012	(-1, -1)	(-1, -1)	172
00:12:10.511	38	30.6159	(-1, -1)	(-1, -1)	172
00:12:10.552	39	30.5797	(-1, -1)	(-1, -1)	172
00:12:10.594	39	30.6747	(-1, -1)	(-1, -1)	172
00:12:10.636	38	30.7643	(-1, -1)	(-1, -1)	172
00:12:10.685	45	30.7138	(-1, -1)	(-1, -1)	172
00:12:10.734	41	30.7846	(-1, -1)	(-1, -1)	172
00:12:10.782	40	30.8727	(-1, -1)	(-1, -1)	172
00:12:10.834	39	30.887	(-1, -1)	(-1, -1)	172
00:12:10.880	42	30.9671	(-1, -1)	(-1, -1)	172
00:12:10.934	41	31.0033	(-1, -1)	(-1, -1)	172
00:12:10.986	47	31.1286	(-1, -1)	(-1, -1)	172
00:12:11.038	37	31.2603	(-1, -1)	(-1, -1)	172
00:12:11.080	37	31.2363	(-1, -1)	(-1, -1)	172
00:12:11.121	39	31.3113	(-1, -1)	(-1, -1)	172
00:12:11.165	41	31.3468	(-1, -1)	(-1, -1)	172
00:12:11.214	40	31.2781	(-1, -1)	(-1, -1)	172
00:12:11.261	38	31.4108	(-1, -1)	(-1, -1)	172
00:12:11.303	39	31.5406	(-1, -1)	(-1, -1)	172
00:12:11.353	43	31.4447	(-1, -1)	(-1, -1)	172
00:12:11.402	42	31.4566	(-1, -1)	(-1, -1)	172
00:12:11.449	39	31.5618	(-1, -1)	(-1, -1)	172
00:12:11.499	43	31.5956	(-1, -1)	(-1, -1)	172
00:12:11.546	41	31.573	(-1, -1)	(-1, -1)	172
00:12:11.596	40	31.6462	(-1, -1)	(-1, -1)	172
00:12:11.643	38	31.7843	(-1, -1)	(-1, -1)	172
00:12:11.685	40	31.7169	(-1, -1)	(-1, -1)	172
00:12:11.735	45	31.7624	(-1, -1)	(-1, -1)	172
00:12:11.784	44	31.7581	(-1, -1)	(-1, -1)	172
00:12:11.834	40	31.8151	(-1, -1)	(-1, -1)	172
00:12:11.880	41	31.9519	(-1, -1)	(-1, -1)	172
00:12:11.929	43	31.9182	(-1, -1)	(-1, -1)	172
00:12:11.985	45	31.956	(-1, -1)	(-1, -1)	172
00:12:12.035	43	31.8655	(-1, -1)	(-1, -1)	172
00:12:12.081	41	31.9264	(-1, -1)	(-1, -1)	172
00:12:12.132	43	31.9341	(-1, -1)	(-1, -1)	172
00:12:12.180	45	32.0339	(-1, -1)	(-1, -1)	172
00:12:12.236	47	31.9853	(-1, -1)	(-1, -1)	172
00:12:12.291	39	32.0305	(-1, -1)	(-1, -1)	172
00:12:12.332	39	32.1201	(-1, -1)	(-1, -1)	172
00:12:12.373	39	32.1656	(-1, -1)	(-1, -1)	172
00:12:12.415	38	32.2923	(-1, -1)	(-1, -1)	172
00:12:12.457	38	32.1876	(-1, -1)	(-1, -1)	172
00:12:12.499	38	32.2526	(-1, -1)	(-1, -1)	172
00:12:12.540	39	32.1834	(-1, -1)	(-1, -1)	172
00:12:12.582	39	32.2434	(-1, -1)	(-1, -1)	172
00:12:12.633	43	32.1627	(-1, -1)	(-1, -1)	172
00:12:12.681	38	32.1942	(-1, -1)	(-1, -1)	172
00:12:12.720	39	32.3305	(-1, -1)	(-1, -1)	172
00:12:12.762	39	32.2785	(-1, -1)	(-1, -1)	172
00:12:12.805	44	32.2599	(-1, -1)	(-1, -1)	172
00:12:12.854	42	32.2766	(-1, -1)	(-1, -1)	172
00:12:12.901	39	32.2827	(-1, -1)	(-1, -1)	172
00:12:12.943	41	32.3361	(-1, -1)	(-1, -1)	172
00:12:12.993	46	32.2464	(-1, -1)	(-1, -1)	172
00:12:13.049	42	32.2178	(-1, -1)	(-1, -1)	172
00:12:13.096	41	32.3867	(-1, -1)	(-1, -1)	172
00:12:13.145	41	32.2219	(-1, -1)	(-1, -1)	172
00:12:13.195	45	32.2464	(-1, -1)	(-1, -1)	172
00:12:13.251	42	32.1379	(-1, -1)	(-1, -1)	172
00:12:13.299	44	32.1973	(-1, -1)	(-1, -1)	172
00:12:13.346	48	32.1467	(-1, -1)	(-1, -1)	172
00:12:13.403	46	32.1793	(-1, -1)	(-1, -1)	172
00:12:13.461	45	32.1256	(-1, -1)	(-1, -1)	172
00:12:13.516	42	32.0994	(-1, -1)	(-1, -1)	172
00:12:13.562	39	32.1439	(-1, -1)	(-1, -1)	172
00:12:13.604	45	32.0473	(-1, -1)	(-1, -1)	172
00:12:13.653	40	32.0399	(-1, -1)	(-1, -1)	172
00:12:13.702	40	32.0566	(-1, -1)	(-1, -1)	172
00:12:13.749	40	32.0819	(-1, -1)	(-1, -1)	172
00:12:13.793	44	31.9465	(-1, -1)	(-1, -1)	172
00:12:13.850	41	31.9535	(-1, -1)	(-1, -1)	172
00:12:13.896	39	32.0067	(-1, -1)	(-1, -1)	172
00:12:13.937	39	31.9773	(-1, -1)	(-1, -1)	172
00:12:13.990	43	31.8972	(-1, -1)	(-1, -1)	172
00:12:14.071	40	31.851	(-1, -1)	(-1, -1)	172
00:12:14.122	37	31.8107	(-1, -1)	(-1, -1)	172
00:12:14.166	39	31.9727	(-1, -1)	(-1, -1)	172
00:12:14.208	40	31.9047	(-1, -1)	(-1, -1)	172
00:12:14.258	41	31.7763	(-1, -1)	(-1, -1)	172
00:12:14.307	43	31.7	(-1, -1)	(-1, -1)	172
00:12:14.355	38	31.8865	(-1, -1)	(-1, -1)	172
00:12:14.396	38	31.7599	(-1, -1)	(-1, -1)	172
00:12:14.439	41	31.6772	(-1, -1)	(-1, -1)	172
00:12:14.491	44	31.5764	(-1, -1)	(-1, -1)	172
00:12:14.543	40	31.5012	(-1, -1)	(-1, -1)	172
00:12:14.591	39	31.4868	(-1, -1)	(-1, -1)	172
00:12:14.634	43	31.4228	(-1, -1)	(-1, -1)	172
00:12:14.684	45	31.3486	(-1, -1)	(-1, -1)	172
00:12:14.743	43	31.3326	(-1, -1)	(-1, -1)	172
00:12:14.794	39	31.1856	(-1, -1)	(-1, -1)	172
00:12:14.835	39	31.3228	(-1, -1)	(-1, -1)	172
00:12:14.885	42	31.103	(-1, -1)	(-1, -1)	172
00:12:14.941	42	31.0659	(-1, -1)	(-1, -1)	172
00:12:14.987	39	31.1041	(-1, -1)	(-1, -1)	172
00:12:15.039	43	30.9324	(-1, -1)	(-1, -1)	172
00:12:15.093	43	30.8819	(-1, -1)	(-1, -1)	172
00:12:15.143	43	30.8597	(-1, -1)	(-1, -1)	172
00:12:15.190	39	30.8114	(-1, -1)	(-1, -1)	172
00:12:15.240	44	30.6889	(-1, -1)	(-1, -1)	172
00:12:15.296	43	30.651	(-1, -1)	(-1, -1)	172
00:12:15.343	40	30.5634	(-1, -1)	(-1, -1)	172
00:12:15.390	37	30.6092	(-1, -1)	(-1, -1)	172
00:12:15.432	37	30.5049	(-1, -1)	(-1, -1)	172
00:12:15.475	43	30.3363	(-1, -1)	(-1, -1)	172
00:12:15.524	43	30.3019	(-1, -1)	(-1, -1)	172
00:12:15.573	43	30.2141	(-1, -1)	(-1, -1)	172
00:12:15.620	39	30.3037	(-1, -1)	(-1, -1)	172
00:12:15.670	41	30.1618	(-1, -1)	(-1, -1)	172
00:12:15.719	42	30.104	(-1, -1)	(-1, -1)	172
00:12:15.778	41	30.0289	(-1, -1)	(-1, -1)	172
00:12:15.822	37	29.9834	(-1, -1)	(-1, -1)	172
00:12:15.863	35	29.9484	(-1, -1)	(-1, -1)	172
00:12:15.905	38	29.8182	(-1, -1)	(-1, -1)	172
00:12:15.954	35	29.8127	(-1, -1)	(-1, -1)	172
00:12:15.995	36	29.8344	(-1, -1)	(-1, -1)	172
00:12:16.037	36	29.5982	(-1, -1)	(-1, -1)	172
00:12:16.087	43	29.4873	(-1, -1)	(-1, -1)	172
00:12:16.136	41	29.3935	(-1, -1)	(-1, -1)	172
00:12:16.185	37	29.3095	(-1, -1)	(-1, -1)	172
00:12:16.225	35	29.2735	(-1, -1)	(-1, -1)	172
00:12:16.267	38	29.0797	(-1, -1)	(-1, -1)	172
00:12:16.309	37	29.0201	(-1, -1)	(-1, -1)	172
00:12:16.351	37	28.9723	(-1, -1)	(-1, -1)	172
00:12:16.391	35	28.9139	(-1, -1)	(-1, -1)	172
00:12:16.435	41	28.7747	(-1, -1)	(-1, -1)	172
00:12:16.484	41	28.7887	(-1, -1)	(-1, -1)	172
00:12:16.533	41	28.6927	(-1, -1)	(-1, -1)	172
00:12:16.581	40	28.6794	(-1, -1)	(-1, -1)	172
00:12:16.628	36	28.5489	(-1, -1)	(-1, -1)	172
00:12:16.669	38	28.6027	(-1, -1)	(-1, -1)	172
00:12:16.713	36	28.373	(-1, -1)	(-1, -1)	172
00:12:16.755	37	28.3081	(-1, -1)	(-1, -1)	172
00:12:16.804	39	28.2541	(-1, -1)	(-1, -1)	172
00:12:16.850	35	28.1741	(-1, -1)	(-1, -1)	172
00:12:16.895	37	28.0575	(-1, -1)	(-1, -1)	172
00:12:16.943	40	27.9671	(-1, -1)	(-1, -1)	172
00:12:16.991	41	27.9698	(-1, -1)	(-1, -1)	172
00:12:17.040	41	27.9028	(-1, -1)	(-1, -1)	172
00:12:17.086	37	27.8951	(-1, -1)	(-1, -1)	172
00:12:17.132	39	27.6569	(-1, -1)	(-1, -1)	172
00:12:17.183	41	27.636	(-1, -1)	(-1, -1)	172
00:12:17.240	36	27.5041	(-1, -1)	(-1, -1)	172
00:12:17.282	33	27.4776	(-1, -1)	(-1, -1)	172
00:12:17.323	30	24.1973	(-1, -1)	(-1, -1)	172
EOM

