BOM
Frame extends: 2263, 1306
_ms_area: 10
measurements taken: 585
current rendering method: 0
is mouse replay: 1
Camera settings: Roation Quaternion: ( 0.0635341, 0.68235, -0.135584, -0.715522), Translationsvektor: ( 0.164384, -0.174579, 1.775).
System_Time	Elapsed_Time_PaintGL	Elapsed_Kernel_Time	Frame_Coordinates	Grid_Position	Manual_Measurement
00:09:23.121	43	36.939	(-1, -1)	(-1, -1)	144
00:09:23.167	45	37.0012	(-1, -1)	(-1, -1)	144
00:09:23.218	47	36.947	(-1, -1)	(-1, -1)	144
00:09:23.274	49	36.8692	(-1, -1)	(-1, -1)	144
00:09:23.329	45	36.9399	(-1, -1)	(-1, -1)	144
00:09:23.376	45	36.9729	(-1, -1)	(-1, -1)	144
00:09:23.430	49	36.8985	(-1, -1)	(-1, -1)	144
00:09:23.490	49	36.9367	(-1, -1)	(-1, -1)	144
00:09:23.546	48	36.9622	(-1, -1)	(-1, -1)	144
00:09:23.599	46	36.9378	(-1, -1)	(-1, -1)	144
00:09:23.656	50	36.911	(-1, -1)	(-1, -1)	144
00:09:23.712	48	36.9679	(-1, -1)	(-1, -1)	144
00:09:23.767	44	36.8726	(-1, -1)	(-1, -1)	144
00:09:23.818	48	36.9321	(-1, -1)	(-1, -1)	144
00:09:23.872	48	36.8865	(-1, -1)	(-1, -1)	144
00:09:23.927	49	36.8633	(-1, -1)	(-1, -1)	144
00:09:23.982	44	36.9127	(-1, -1)	(-1, -1)	144
00:09:24.030	45	36.9287	(-1, -1)	(-1, -1)	144
00:09:24.079	48	36.8788	(-1, -1)	(-1, -1)	144
00:09:24.136	48	36.8624	(-1, -1)	(-1, -1)	144
00:09:24.191	45	36.9199	(-1, -1)	(-1, -1)	144
00:09:24.238	43	36.9933	(-1, -1)	(-1, -1)	144
00:09:24.292	47	36.8338	(-1, -1)	(-1, -1)	144
00:09:24.343	46	36.9481	(-1, -1)	(-1, -1)	144
00:09:24.391	45	37.0353	(-1, -1)	(-1, -1)	144
00:09:24.441	43	36.9628	(-1, -1)	(-1, -1)	144
00:09:24.492	48	36.881	(-1, -1)	(-1, -1)	144
00:09:24.546	48	36.9862	(-1, -1)	(-1, -1)	144
00:09:24.601	45	36.8864	(-1, -1)	(-1, -1)	144
00:09:24.648	47	36.9985	(-1, -1)	(-1, -1)	144
00:09:24.709	47	36.8794	(-1, -1)	(-1, -1)	144
00:09:24.762	48	36.8911	(-1, -1)	(-1, -1)	144
00:09:24.819	46	36.9099	(-1, -1)	(-1, -1)	144
00:09:24.871	45	36.948	(-1, -1)	(-1, -1)	144
00:09:24.921	46	36.8884	(-1, -1)	(-1, -1)	144
00:09:24.980	48	36.8541	(-1, -1)	(-1, -1)	144
00:09:25.031	45	36.9607	(-1, -1)	(-1, -1)	144
00:09:25.080	45	36.9907	(-1, -1)	(-1, -1)	144
00:09:25.129	51	36.8953	(-1, -1)	(-1, -1)	144
00:09:25.195	49	36.872	(-1, -1)	(-1, -1)	144
00:09:25.248	45	36.9056	(-1, -1)	(-1, -1)	144
00:09:25.304	50	36.9246	(-1, -1)	(-1, -1)	144
00:09:25.360	49	36.9563	(-1, -1)	(-1, -1)	144
00:09:25.416	51	36.9068	(-1, -1)	(-1, -1)	144
00:09:25.469	45	36.933	(-1, -1)	(-1, -1)	144
00:09:25.519	48	36.9141	(-1, -1)	(-1, -1)	144
00:09:25.574	50	36.8699	(-1, -1)	(-1, -1)	144
00:09:25.632	48	36.899	(-1, -1)	(-1, -1)	144
00:09:25.684	44	37.009	(-1, -1)	(-1, -1)	144
00:09:25.735	48	36.9329	(-1, -1)	(-1, -1)	144
00:09:25.794	50	36.9576	(-1, -1)	(-1, -1)	144
00:09:25.852	45	36.8927	(-1, -1)	(-1, -1)	144
00:09:25.900	44	36.9443	(-1, -1)	(-1, -1)	144
00:09:25.950	49	36.8677	(-1, -1)	(-1, -1)	144
00:09:26.007	48	36.9535	(-1, -1)	(-1, -1)	144
00:09:26.061	45	36.8961	(-1, -1)	(-1, -1)	144
00:09:26.108	43	36.9824	(-1, -1)	(-1, -1)	144
00:09:26.159	46	36.9336	(-1, -1)	(-1, -1)	144
00:09:26.214	50	36.9034	(-1, -1)	(-1, -1)	144
00:09:26.272	46	36.948	(-1, -1)	(-1, -1)	144
00:09:26.324	44	36.9991	(-1, -1)	(-1, -1)	144
00:09:26.375	49	36.8387	(-1, -1)	(-1, -1)	144
00:09:26.430	55	36.8287	(-1, -1)	(-1, -1)	144
00:09:26.492	46	36.8879	(-1, -1)	(-1, -1)	144
00:09:26.547	45	36.8751	(-1, -1)	(-1, -1)	144
00:09:26.595	47	36.8511	(-1, -1)	(-1, -1)	144
00:09:26.652	49	36.9264	(-1, -1)	(-1, -1)	144
00:09:26.711	48	36.9788	(-1, -1)	(-1, -1)	144
00:09:26.762	44	36.9797	(-1, -1)	(-1, -1)	144
00:09:26.811	49	36.8815	(-1, -1)	(-1, -1)	144
00:09:26.868	49	36.944	(-1, -1)	(-1, -1)	144
00:09:26.925	46	36.9431	(-1, -1)	(-1, -1)	144
00:09:26.978	42	36.9458	(-1, -1)	(-1, -1)	144
00:09:27.028	49	36.8729	(-1, -1)	(-1, -1)	144
00:09:27.084	48	36.8437	(-1, -1)	(-1, -1)	144
00:09:27.138	43	36.9529	(-1, -1)	(-1, -1)	144
00:09:27.185	44	37.017	(-1, -1)	(-1, -1)	144
00:09:27.236	50	36.9957	(-1, -1)	(-1, -1)	144
00:09:27.293	48	36.8853	(-1, -1)	(-1, -1)	144
00:09:27.346	44	36.9834	(-1, -1)	(-1, -1)	144
00:09:27.396	44	36.8693	(-1, -1)	(-1, -1)	144
00:09:27.449	48	36.9452	(-1, -1)	(-1, -1)	144
00:09:27.507	49	36.9652	(-1, -1)	(-1, -1)	144
00:09:27.562	45	36.8379	(-1, -1)	(-1, -1)	144
00:09:27.610	45	36.9988	(-1, -1)	(-1, -1)	144
00:09:27.663	49	36.9462	(-1, -1)	(-1, -1)	144
00:09:27.716	50	36.8966	(-1, -1)	(-1, -1)	144
00:09:27.772	46	36.9625	(-1, -1)	(-1, -1)	144
00:09:27.826	46	36.9302	(-1, -1)	(-1, -1)	144
00:09:27.882	50	36.9403	(-1, -1)	(-1, -1)	144
00:09:27.939	49	36.9853	(-1, -1)	(-1, -1)	144
00:09:27.994	45	36.9273	(-1, -1)	(-1, -1)	144
00:09:28.049	50	36.888	(-1, -1)	(-1, -1)	144
00:09:28.106	49	36.9123	(-1, -1)	(-1, -1)	144
00:09:28.164	48	36.8644	(-1, -1)	(-1, -1)	144
00:09:28.215	44	37.0434	(-1, -1)	(-1, -1)	144
00:09:28.264	45	36.8634	(-1, -1)	(-1, -1)	144
00:09:28.312	46	36.9382	(-1, -1)	(-1, -1)	144
00:09:28.370	50	36.8853	(-1, -1)	(-1, -1)	144
00:09:28.424	46	36.8741	(-1, -1)	(-1, -1)	144
00:09:28.473	46	36.9216	(-1, -1)	(-1, -1)	144
00:09:28.529	51	36.9756	(-1, -1)	(-1, -1)	144
00:09:28.586	48	36.8899	(-1, -1)	(-1, -1)	144
00:09:28.640	43	36.8839	(-1, -1)	(-1, -1)	144
00:09:28.688	42	36.9655	(-1, -1)	(-1, -1)	144
00:09:28.740	48	36.9012	(-1, -1)	(-1, -1)	144
00:09:28.793	49	36.8988	(-1, -1)	(-1, -1)	144
00:09:28.848	46	36.8938	(-1, -1)	(-1, -1)	144
00:09:28.896	43	37.0679	(-1, -1)	(-1, -1)	144
00:09:28.945	49	36.9462	(-1, -1)	(-1, -1)	144
00:09:29.001	48	36.8876	(-1, -1)	(-1, -1)	144
00:09:29.057	45	36.9209	(-1, -1)	(-1, -1)	144
00:09:29.104	51	36.9713	(-1, -1)	(-1, -1)	144
00:09:29.163	50	36.8581	(-1, -1)	(-1, -1)	144
00:09:29.217	49	36.9256	(-1, -1)	(-1, -1)	144
00:09:29.272	42	37.0083	(-1, -1)	(-1, -1)	144
00:09:29.320	43	36.924	(-1, -1)	(-1, -1)	144
00:09:29.370	50	36.8644	(-1, -1)	(-1, -1)	144
00:09:29.429	47	36.8412	(-1, -1)	(-1, -1)	144
00:09:29.480	45	36.8991	(-1, -1)	(-1, -1)	144
00:09:29.528	46	36.8633	(-1, -1)	(-1, -1)	144
00:09:29.579	50	36.879	(-1, -1)	(-1, -1)	144
00:09:29.637	48	36.9222	(-1, -1)	(-1, -1)	144
00:09:29.690	58	36.8624	(-1, -1)	(-1, -1)	144
00:09:29.753	49	36.9757	(-1, -1)	(-1, -1)	144
00:09:29.808	49	36.9319	(-1, -1)	(-1, -1)	144
00:09:29.865	49	36.8939	(-1, -1)	(-1, -1)	144
00:09:29.918	46	36.9284	(-1, -1)	(-1, -1)	144
00:09:29.968	50	36.8456	(-1, -1)	(-1, -1)	144
00:09:30.024	49	36.9772	(-1, -1)	(-1, -1)	144
00:09:30.080	50	36.9444	(-1, -1)	(-1, -1)	144
00:09:30.134	44	36.9636	(-1, -1)	(-1, -1)	144
00:09:30.182	44	36.9316	(-1, -1)	(-1, -1)	144
00:09:30.232	49	36.9298	(-1, -1)	(-1, -1)	144
00:09:30.291	46	36.8978	(-1, -1)	(-1, -1)	144
00:09:30.342	44	36.9628	(-1, -1)	(-1, -1)	144
00:09:30.391	42	36.9216	(-1, -1)	(-1, -1)	144
00:09:30.440	49	36.9561	(-1, -1)	(-1, -1)	144
00:09:30.496	50	36.9716	(-1, -1)	(-1, -1)	144
00:09:30.551	47	36.9132	(-1, -1)	(-1, -1)	144
00:09:30.608	49	36.8622	(-1, -1)	(-1, -1)	144
00:09:30.667	49	36.9116	(-1, -1)	(-1, -1)	144
00:09:30.727	48	36.943	(-1, -1)	(-1, -1)	144
00:09:30.780	45	36.851	(-1, -1)	(-1, -1)	144
00:09:30.829	47	36.9176	(-1, -1)	(-1, -1)	144
00:09:30.886	50	36.9022	(-1, -1)	(-1, -1)	144
00:09:30.945	46	37.0006	(-1, -1)	(-1, -1)	144
00:09:30.996	45	36.8665	(-1, -1)	(-1, -1)	144
00:09:31.047	48	36.8892	(-1, -1)	(-1, -1)	144
00:09:31.102	50	36.8399	(-1, -1)	(-1, -1)	144
00:09:31.158	46	36.8274	(-1, -1)	(-1, -1)	144
00:09:31.212	46	36.9517	(-1, -1)	(-1, -1)	144
00:09:31.273	49	36.952	(-1, -1)	(-1, -1)	144
00:09:31.331	49	36.9296	(-1, -1)	(-1, -1)	144
00:09:31.385	45	36.9216	(-1, -1)	(-1, -1)	144
00:09:31.434	47	36.8994	(-1, -1)	(-1, -1)	144
00:09:31.490	46	36.8507	(-1, -1)	(-1, -1)	144
00:09:31.545	47	36.8788	(-1, -1)	(-1, -1)	144
00:09:31.601	48	36.9003	(-1, -1)	(-1, -1)	144
00:09:31.658	49	36.8464	(-1, -1)	(-1, -1)	144
00:09:31.713	50	36.8409	(-1, -1)	(-1, -1)	144
00:09:31.769	48	36.8576	(-1, -1)	(-1, -1)	144
00:09:31.823	43	37.0227	(-1, -1)	(-1, -1)	144
00:09:31.871	44	36.8474	(-1, -1)	(-1, -1)	144
00:09:31.921	45	36.8618	(-1, -1)	(-1, -1)	144
00:09:31.969	46	36.9089	(-1, -1)	(-1, -1)	144
00:09:32.017	45	37.0018	(-1, -1)	(-1, -1)	144
00:09:32.068	48	36.8954	(-1, -1)	(-1, -1)	144
00:09:32.123	50	36.931	(-1, -1)	(-1, -1)	144
00:09:32.179	47	36.9298	(-1, -1)	(-1, -1)	144
00:09:32.234	46	36.881	(-1, -1)	(-1, -1)	144
00:09:32.288	45	36.9631	(-1, -1)	(-1, -1)	144
00:09:32.339	48	36.861	(-1, -1)	(-1, -1)	144
00:09:32.397	48	36.9449	(-1, -1)	(-1, -1)	144
00:09:32.449	44	36.9107	(-1, -1)	(-1, -1)	144
00:09:32.497	49	36.9883	(-1, -1)	(-1, -1)	144
00:09:32.554	50	36.9462	(-1, -1)	(-1, -1)	144
00:09:32.610	48	36.8354	(-1, -1)	(-1, -1)	144
00:09:32.665	45	36.8859	(-1, -1)	(-1, -1)	144
00:09:32.713	44	37.0372	(-1, -1)	(-1, -1)	144
00:09:32.763	49	36.9295	(-1, -1)	(-1, -1)	144
00:09:32.818	49	36.9914	(-1, -1)	(-1, -1)	144
00:09:32.873	45	36.9379	(-1, -1)	(-1, -1)	144
00:09:32.921	49	36.8988	(-1, -1)	(-1, -1)	144
00:09:32.978	48	36.8652	(-1, -1)	(-1, -1)	144
00:09:33.034	48	37.0119	(-1, -1)	(-1, -1)	144
00:09:33.088	44	36.9401	(-1, -1)	(-1, -1)	144
00:09:33.136	44	37.0487	(-1, -1)	(-1, -1)	144
00:09:33.186	47	36.8659	(-1, -1)	(-1, -1)	144
00:09:33.243	48	36.9356	(-1, -1)	(-1, -1)	144
00:09:33.297	42	37.0819	(-1, -1)	(-1, -1)	144
00:09:33.345	43	37.0065	(-1, -1)	(-1, -1)	144
00:09:33.394	44	36.9681	(-1, -1)	(-1, -1)	144
00:09:33.445	47	36.9447	(-1, -1)	(-1, -1)	144
00:09:33.498	44	36.84	(-1, -1)	(-1, -1)	144
00:09:33.546	45	36.9776	(-1, -1)	(-1, -1)	144
00:09:33.600	47	36.8407	(-1, -1)	(-1, -1)	144
00:09:33.653	48	36.9761	(-1, -1)	(-1, -1)	144
00:09:33.709	46	37.0013	(-1, -1)	(-1, -1)	144
00:09:33.762	46	36.9639	(-1, -1)	(-1, -1)	144
00:09:33.820	49	36.8373	(-1, -1)	(-1, -1)	144
00:09:33.875	49	36.9381	(-1, -1)	(-1, -1)	144
00:09:33.930	45	36.9493	(-1, -1)	(-1, -1)	144
00:09:33.978	46	36.9978	(-1, -1)	(-1, -1)	144
00:09:34.029	49	36.8441	(-1, -1)	(-1, -1)	144
00:09:34.084	48	36.9076	(-1, -1)	(-1, -1)	144
00:09:34.138	46	36.9684	(-1, -1)	(-1, -1)	144
00:09:34.187	46	36.8993	(-1, -1)	(-1, -1)	144
00:09:34.243	49	36.9357	(-1, -1)	(-1, -1)	144
00:09:34.299	48	36.9849	(-1, -1)	(-1, -1)	144
00:09:34.353	44	36.9865	(-1, -1)	(-1, -1)	144
00:09:34.403	50	36.9428	(-1, -1)	(-1, -1)	144
00:09:34.460	48	36.8664	(-1, -1)	(-1, -1)	144
00:09:34.515	50	36.8471	(-1, -1)	(-1, -1)	144
00:09:34.569	44	36.9634	(-1, -1)	(-1, -1)	144
00:09:34.617	44	37.0224	(-1, -1)	(-1, -1)	144
00:09:34.667	50	36.8684	(-1, -1)	(-1, -1)	144
00:09:34.728	48	36.9553	(-1, -1)	(-1, -1)	144
00:09:34.784	44	36.8268	(-1, -1)	(-1, -1)	144
00:09:34.832	45	36.973	(-1, -1)	(-1, -1)	144
00:09:34.883	49	36.9047	(-1, -1)	(-1, -1)	144
00:09:34.942	48	36.8908	(-1, -1)	(-1, -1)	144
00:09:34.994	46	36.8847	(-1, -1)	(-1, -1)	144
00:09:35.052	49	36.9898	(-1, -1)	(-1, -1)	144
00:09:35.106	48	36.9818	(-1, -1)	(-1, -1)	144
00:09:35.163	48	36.9901	(-1, -1)	(-1, -1)	144
00:09:35.215	43	36.949	(-1, -1)	(-1, -1)	144
00:09:35.264	47	36.9077	(-1, -1)	(-1, -1)	144
00:09:35.320	45	36.9973	(-1, -1)	(-1, -1)	144
00:09:35.370	46	36.9716	(-1, -1)	(-1, -1)	144
00:09:35.424	44	36.8787	(-1, -1)	(-1, -1)	144
00:09:35.473	45	36.948	(-1, -1)	(-1, -1)	144
00:09:35.529	51	36.9616	(-1, -1)	(-1, -1)	144
00:09:35.590	46	36.9321	(-1, -1)	(-1, -1)	144
00:09:35.639	43	37.031	(-1, -1)	(-1, -1)	144
00:09:35.687	47	36.957	(-1, -1)	(-1, -1)	144
00:09:35.742	47	36.8609	(-1, -1)	(-1, -1)	144
00:09:35.805	46	36.9154	(-1, -1)	(-1, -1)	144
00:09:35.855	46	36.9412	(-1, -1)	(-1, -1)	144
00:09:35.914	48	36.9615	(-1, -1)	(-1, -1)	144
00:09:35.967	48	36.8698	(-1, -1)	(-1, -1)	144
00:09:36.022	46	36.9741	(-1, -1)	(-1, -1)	144
00:09:36.070	44	36.9227	(-1, -1)	(-1, -1)	144
00:09:36.120	49	36.9222	(-1, -1)	(-1, -1)	144
00:09:36.178	48	36.9262	(-1, -1)	(-1, -1)	144
00:09:36.232	43	36.9058	(-1, -1)	(-1, -1)	144
00:09:36.279	44	36.9606	(-1, -1)	(-1, -1)	144
00:09:36.329	48	36.9793	(-1, -1)	(-1, -1)	144
00:09:36.385	50	36.9319	(-1, -1)	(-1, -1)	144
00:09:36.448	52	36.9357	(-1, -1)	(-1, -1)	144
00:09:36.509	45	36.9083	(-1, -1)	(-1, -1)	144
00:09:36.557	45	36.996	(-1, -1)	(-1, -1)	144
00:09:36.607	49	36.8695	(-1, -1)	(-1, -1)	144
00:09:36.663	45	36.9342	(-1, -1)	(-1, -1)	144
00:09:36.709	44	36.9684	(-1, -1)	(-1, -1)	144
00:09:36.762	51	36.8724	(-1, -1)	(-1, -1)	144
00:09:36.823	50	36.8719	(-1, -1)	(-1, -1)	144
00:09:36.883	46	36.8717	(-1, -1)	(-1, -1)	144
00:09:36.933	44	36.9419	(-1, -1)	(-1, -1)	144
00:09:36.982	50	36.8807	(-1, -1)	(-1, -1)	144
00:09:37.038	48	36.964	(-1, -1)	(-1, -1)	144
00:09:37.093	46	36.9821	(-1, -1)	(-1, -1)	144
00:09:37.148	47	36.8624	(-1, -1)	(-1, -1)	144
00:09:37.206	48	36.8627	(-1, -1)	(-1, -1)	144
00:09:37.261	49	36.9553	(-1, -1)	(-1, -1)	144
00:09:37.315	43	37.0262	(-1, -1)	(-1, -1)	144
00:09:37.365	44	36.9452	(-1, -1)	(-1, -1)	144
00:09:37.416	48	36.8855	(-1, -1)	(-1, -1)	144
00:09:37.469	50	36.9184	(-1, -1)	(-1, -1)	144
00:09:37.524	46	36.9855	(-1, -1)	(-1, -1)	144
00:09:37.579	46	36.9167	(-1, -1)	(-1, -1)	144
00:09:37.631	48	36.9019	(-1, -1)	(-1, -1)	144
00:09:37.684	49	36.8899	(-1, -1)	(-1, -1)	144
00:09:37.739	45	36.9444	(-1, -1)	(-1, -1)	144
00:09:37.787	44	36.9289	(-1, -1)	(-1, -1)	144
00:09:37.840	49	36.8978	(-1, -1)	(-1, -1)	144
00:09:37.893	49	36.8956	(-1, -1)	(-1, -1)	144
00:09:37.948	45	36.8766	(-1, -1)	(-1, -1)	144
00:09:37.996	44	36.9121	(-1, -1)	(-1, -1)	144
00:09:38.046	48	36.8889	(-1, -1)	(-1, -1)	144
00:09:38.102	48	36.9816	(-1, -1)	(-1, -1)	144
00:09:38.157	45	36.9074	(-1, -1)	(-1, -1)	144
00:09:38.204	45	36.9381	(-1, -1)	(-1, -1)	144
00:09:38.255	50	36.9864	(-1, -1)	(-1, -1)	144
00:09:38.311	48	36.8664	(-1, -1)	(-1, -1)	144
00:09:38.366	46	36.9292	(-1, -1)	(-1, -1)	144
00:09:38.420	44	36.9953	(-1, -1)	(-1, -1)	144
00:09:38.470	45	36.8683	(-1, -1)	(-1, -1)	144
00:09:38.525	48	36.9462	(-1, -1)	(-1, -1)	144
00:09:38.581	47	36.9231	(-1, -1)	(-1, -1)	144
00:09:38.635	45	36.9304	(-1, -1)	(-1, -1)	144
00:09:38.686	51	36.9889	(-1, -1)	(-1, -1)	144
00:09:38.748	50	37.0216	(-1, -1)	(-1, -1)	144
00:09:38.803	46	36.9175	(-1, -1)	(-1, -1)	144
00:09:38.851	43	36.9419	(-1, -1)	(-1, -1)	144
00:09:38.901	50	36.9735	(-1, -1)	(-1, -1)	144
00:09:38.959	49	36.8846	(-1, -1)	(-1, -1)	144
00:09:39.012	46	36.9404	(-1, -1)	(-1, -1)	144
00:09:39.066	44	36.9517	(-1, -1)	(-1, -1)	144
00:09:39.124	48	36.9314	(-1, -1)	(-1, -1)	144
00:09:39.179	48	36.991	(-1, -1)	(-1, -1)	144
00:09:39.234	44	36.9105	(-1, -1)	(-1, -1)	144
00:09:39.282	44	36.9859	(-1, -1)	(-1, -1)	144
00:09:39.330	45	37.0439	(-1, -1)	(-1, -1)	144
00:09:39.381	47	36.8782	(-1, -1)	(-1, -1)	144
00:09:39.437	45	36.8858	(-1, -1)	(-1, -1)	144
00:09:39.491	43	37.0304	(-1, -1)	(-1, -1)	144
00:09:39.539	44	36.9628	(-1, -1)	(-1, -1)	144
00:09:39.590	48	36.9193	(-1, -1)	(-1, -1)	144
00:09:39.647	46	36.9191	(-1, -1)	(-1, -1)	144
00:09:39.699	45	36.948	(-1, -1)	(-1, -1)	144
00:09:39.749	50	36.9154	(-1, -1)	(-1, -1)	144
00:09:39.812	48	36.9119	(-1, -1)	(-1, -1)	144
00:09:39.865	44	36.9793	(-1, -1)	(-1, -1)	144
00:09:39.914	46	37.0133	(-1, -1)	(-1, -1)	144
00:09:39.973	49	36.8948	(-1, -1)	(-1, -1)	144
00:09:40.027	49	36.8141	(-1, -1)	(-1, -1)	144
00:09:40.083	45	36.9578	(-1, -1)	(-1, -1)	144
00:09:40.131	49	36.9074	(-1, -1)	(-1, -1)	144
00:09:40.187	49	36.9459	(-1, -1)	(-1, -1)	144
00:09:40.244	48	37.0064	(-1, -1)	(-1, -1)	144
00:09:40.298	46	36.9387	(-1, -1)	(-1, -1)	144
00:09:40.354	48	36.8624	(-1, -1)	(-1, -1)	144
00:09:40.409	50	36.9339	(-1, -1)	(-1, -1)	144
00:09:40.466	50	36.8939	(-1, -1)	(-1, -1)	144
00:09:40.521	44	36.8929	(-1, -1)	(-1, -1)	144
00:09:40.569	45	36.9698	(-1, -1)	(-1, -1)	144
00:09:40.625	50	36.9156	(-1, -1)	(-1, -1)	144
00:09:40.686	46	36.9793	(-1, -1)	(-1, -1)	144
00:09:40.735	45	36.92	(-1, -1)	(-1, -1)	144
00:09:40.784	47	36.9194	(-1, -1)	(-1, -1)	144
00:09:40.841	49	36.8972	(-1, -1)	(-1, -1)	144
00:09:40.896	49	36.9113	(-1, -1)	(-1, -1)	144
00:09:40.950	42	36.9133	(-1, -1)	(-1, -1)	144
00:09:40.999	42	36.9819	(-1, -1)	(-1, -1)	144
00:09:41.047	44	36.9767	(-1, -1)	(-1, -1)	144
00:09:41.100	45	36.9596	(-1, -1)	(-1, -1)	144
00:09:41.152	45	36.9564	(-1, -1)	(-1, -1)	144
00:09:41.202	50	36.9239	(-1, -1)	(-1, -1)	144
00:09:41.260	51	36.8382	(-1, -1)	(-1, -1)	144
00:09:41.322	47	36.8647	(-1, -1)	(-1, -1)	144
00:09:41.375	44	36.9564	(-1, -1)	(-1, -1)	144
00:09:41.428	50	36.9178	(-1, -1)	(-1, -1)	144
00:09:41.490	48	36.9313	(-1, -1)	(-1, -1)	144
00:09:41.541	45	36.9056	(-1, -1)	(-1, -1)	144
00:09:41.590	45	37.0056	(-1, -1)	(-1, -1)	144
00:09:41.649	50	36.9535	(-1, -1)	(-1, -1)	144
00:09:41.710	48	36.9561	(-1, -1)	(-1, -1)	144
00:09:41.764	45	36.9465	(-1, -1)	(-1, -1)	144
00:09:41.814	50	37.0093	(-1, -1)	(-1, -1)	144
00:09:41.869	51	36.8711	(-1, -1)	(-1, -1)	144
00:09:41.925	50	36.8858	(-1, -1)	(-1, -1)	144
00:09:41.980	44	37.1289	(-1, -1)	(-1, -1)	144
00:09:42.029	46	36.8856	(-1, -1)	(-1, -1)	144
00:09:42.087	48	36.9123	(-1, -1)	(-1, -1)	144
00:09:42.141	49	36.8286	(-1, -1)	(-1, -1)	144
00:09:42.195	46	37.0247	(-1, -1)	(-1, -1)	144
00:09:42.252	49	36.8997	(-1, -1)	(-1, -1)	144
00:09:42.310	49	36.8727	(-1, -1)	(-1, -1)	144
00:09:42.375	46	36.8884	(-1, -1)	(-1, -1)	144
00:09:42.424	42	36.9339	(-1, -1)	(-1, -1)	144
00:09:42.475	50	36.9117	(-1, -1)	(-1, -1)	144
00:09:42.530	49	36.8855	(-1, -1)	(-1, -1)	144
00:09:42.586	43	36.8745	(-1, -1)	(-1, -1)	144
00:09:42.633	43	36.9858	(-1, -1)	(-1, -1)	144
00:09:42.684	48	36.9107	(-1, -1)	(-1, -1)	144
00:09:42.741	49	36.8381	(-1, -1)	(-1, -1)	144
00:09:42.795	47	36.9498	(-1, -1)	(-1, -1)	144
00:09:42.850	47	36.9557	(-1, -1)	(-1, -1)	144
00:09:42.906	48	36.8684	(-1, -1)	(-1, -1)	144
00:09:42.961	49	36.9547	(-1, -1)	(-1, -1)	144
00:09:43.016	44	36.904	(-1, -1)	(-1, -1)	144
00:09:43.063	44	37.0191	(-1, -1)	(-1, -1)	144
00:09:43.115	50	36.8649	(-1, -1)	(-1, -1)	144
00:09:43.169	49	36.9126	(-1, -1)	(-1, -1)	144
00:09:43.224	45	36.9566	(-1, -1)	(-1, -1)	144
00:09:43.272	46	36.8713	(-1, -1)	(-1, -1)	144
00:09:43.321	45	36.9153	(-1, -1)	(-1, -1)	144
00:09:43.369	48	36.8653	(-1, -1)	(-1, -1)	144
00:09:43.430	51	37.0145	(-1, -1)	(-1, -1)	144
00:09:43.488	44	36.9881	(-1, -1)	(-1, -1)	144
00:09:43.538	49	36.8899	(-1, -1)	(-1, -1)	144
00:09:43.594	48	36.9252	(-1, -1)	(-1, -1)	144
00:09:43.649	44	36.9988	(-1, -1)	(-1, -1)	144
00:09:43.697	46	36.8443	(-1, -1)	(-1, -1)	144
00:09:43.758	49	36.9324	(-1, -1)	(-1, -1)	144
00:09:43.819	47	36.9394	(-1, -1)	(-1, -1)	144
00:09:43.871	45	36.9173	(-1, -1)	(-1, -1)	144
00:09:43.918	44	36.9665	(-1, -1)	(-1, -1)	144
00:09:43.969	47	36.8573	(-1, -1)	(-1, -1)	144
00:09:44.024	45	36.8563	(-1, -1)	(-1, -1)	144
00:09:44.072	43	37.0701	(-1, -1)	(-1, -1)	144
00:09:44.120	47	36.8944	(-1, -1)	(-1, -1)	144
00:09:44.177	50	36.9388	(-1, -1)	(-1, -1)	144
00:09:44.233	49	36.9458	(-1, -1)	(-1, -1)	144
00:09:44.289	46	36.9148	(-1, -1)	(-1, -1)	144
00:09:44.345	48	36.9006	(-1, -1)	(-1, -1)	144
00:09:44.400	50	36.9136	(-1, -1)	(-1, -1)	144
00:09:44.459	48	36.9757	(-1, -1)	(-1, -1)	144
00:09:44.510	45	36.8858	(-1, -1)	(-1, -1)	144
00:09:44.559	52	36.9058	(-1, -1)	(-1, -1)	144
00:09:44.623	50	36.9785	(-1, -1)	(-1, -1)	144
00:09:44.678	49	36.9037	(-1, -1)	(-1, -1)	144
00:09:44.732	45	36.9083	(-1, -1)	(-1, -1)	144
00:09:44.781	50	36.9461	(-1, -1)	(-1, -1)	144
00:09:44.839	48	36.9151	(-1, -1)	(-1, -1)	144
00:09:44.901	45	36.8841	(-1, -1)	(-1, -1)	144
00:09:44.955	46	37.0289	(-1, -1)	(-1, -1)	144
00:09:45.013	49	36.9047	(-1, -1)	(-1, -1)	144
00:09:45.069	48	36.9185	(-1, -1)	(-1, -1)	144
00:09:45.122	44	36.9468	(-1, -1)	(-1, -1)	144
00:09:45.170	47	36.8778	(-1, -1)	(-1, -1)	144
00:09:45.227	50	36.9495	(-1, -1)	(-1, -1)	144
00:09:45.283	50	36.8271	(-1, -1)	(-1, -1)	144
00:09:45.337	45	36.991	(-1, -1)	(-1, -1)	144
00:09:45.385	42	36.9797	(-1, -1)	(-1, -1)	144
00:09:45.434	44	37.044	(-1, -1)	(-1, -1)	144
00:09:45.485	48	36.8711	(-1, -1)	(-1, -1)	144
00:09:45.539	45	36.8708	(-1, -1)	(-1, -1)	144
00:09:45.587	44	37.0387	(-1, -1)	(-1, -1)	144
00:09:45.637	44	37.0145	(-1, -1)	(-1, -1)	144
00:09:45.686	50	36.852	(-1, -1)	(-1, -1)	144
00:09:45.740	44	36.9658	(-1, -1)	(-1, -1)	144
00:09:45.789	49	36.8796	(-1, -1)	(-1, -1)	144
00:09:45.848	48	36.8899	(-1, -1)	(-1, -1)	144
00:09:45.902	48	36.9499	(-1, -1)	(-1, -1)	144
00:09:45.958	45	36.9464	(-1, -1)	(-1, -1)	144
00:09:46.012	46	36.9053	(-1, -1)	(-1, -1)	144
00:09:46.061	44	36.9496	(-1, -1)	(-1, -1)	144
00:09:46.110	47	36.8502	(-1, -1)	(-1, -1)	144
00:09:46.165	45	36.8676	(-1, -1)	(-1, -1)	144
00:09:46.212	45	36.9185	(-1, -1)	(-1, -1)	144
00:09:46.263	49	36.8698	(-1, -1)	(-1, -1)	144
00:09:46.317	45	36.9154	(-1, -1)	(-1, -1)	144
00:09:46.366	46	36.9163	(-1, -1)	(-1, -1)	144
00:09:46.415	45	36.9926	(-1, -1)	(-1, -1)	144
00:09:46.465	49	36.9372	(-1, -1)	(-1, -1)	144
00:09:46.523	48	36.8859	(-1, -1)	(-1, -1)	144
00:09:46.586	52	36.932	(-1, -1)	(-1, -1)	144
00:09:46.644	43	36.9633	(-1, -1)	(-1, -1)	144
00:09:46.693	45	36.9831	(-1, -1)	(-1, -1)	144
00:09:46.743	49	36.9719	(-1, -1)	(-1, -1)	144
00:09:46.797	46	36.9166	(-1, -1)	(-1, -1)	144
00:09:46.845	44	36.9844	(-1, -1)	(-1, -1)	144
00:09:46.896	48	36.9495	(-1, -1)	(-1, -1)	144
00:09:46.951	47	36.8698	(-1, -1)	(-1, -1)	144
00:09:47.006	45	36.8961	(-1, -1)	(-1, -1)	144
00:09:47.054	46	36.9917	(-1, -1)	(-1, -1)	144
00:09:47.105	48	36.8702	(-1, -1)	(-1, -1)	144
00:09:47.160	47	36.9945	(-1, -1)	(-1, -1)	144
00:09:47.214	46	36.9074	(-1, -1)	(-1, -1)	144
00:09:47.262	44	36.9799	(-1, -1)	(-1, -1)	144
00:09:47.311	44	37.0188	(-1, -1)	(-1, -1)	144
00:09:47.361	48	36.913	(-1, -1)	(-1, -1)	144
00:09:47.417	47	36.8636	(-1, -1)	(-1, -1)	144
00:09:47.473	45	36.8603	(-1, -1)	(-1, -1)	144
00:09:47.530	49	36.9919	(-1, -1)	(-1, -1)	144
00:09:47.584	50	36.8883	(-1, -1)	(-1, -1)	144
00:09:47.641	49	36.9456	(-1, -1)	(-1, -1)	144
00:09:47.694	45	36.9428	(-1, -1)	(-1, -1)	144
00:09:47.743	50	36.9156	(-1, -1)	(-1, -1)	144
00:09:47.801	51	36.9693	(-1, -1)	(-1, -1)	144
00:09:47.854	44	36.9077	(-1, -1)	(-1, -1)	144
00:09:47.903	44	36.8833	(-1, -1)	(-1, -1)	144
00:09:47.951	43	36.9455	(-1, -1)	(-1, -1)	144
00:09:47.999	44	36.9073	(-1, -1)	(-1, -1)	144
00:09:48.049	46	36.9479	(-1, -1)	(-1, -1)	144
00:09:48.097	43	36.9167	(-1, -1)	(-1, -1)	144
00:09:48.145	44	36.947	(-1, -1)	(-1, -1)	144
00:09:48.195	47	36.9076	(-1, -1)	(-1, -1)	144
00:09:48.252	47	36.8573	(-1, -1)	(-1, -1)	144
00:09:48.305	42	36.9443	(-1, -1)	(-1, -1)	144
00:09:48.355	49	36.8564	(-1, -1)	(-1, -1)	144
00:09:48.413	48	36.9961	(-1, -1)	(-1, -1)	144
00:09:48.468	47	36.9625	(-1, -1)	(-1, -1)	144
00:09:48.520	45	36.9886	(-1, -1)	(-1, -1)	144
00:09:48.571	49	36.8708	(-1, -1)	(-1, -1)	144
00:09:48.627	50	36.9502	(-1, -1)	(-1, -1)	144
00:09:48.683	47	36.8973	(-1, -1)	(-1, -1)	144
00:09:48.736	45	36.9647	(-1, -1)	(-1, -1)	144
00:09:48.791	49	36.873	(-1, -1)	(-1, -1)	144
00:09:48.850	48	36.8948	(-1, -1)	(-1, -1)	144
00:09:48.904	45	36.9145	(-1, -1)	(-1, -1)	144
00:09:48.953	51	36.8483	(-1, -1)	(-1, -1)	144
00:09:49.016	49	36.8582	(-1, -1)	(-1, -1)	144
00:09:49.072	47	36.9104	(-1, -1)	(-1, -1)	144
00:09:49.126	45	37.0138	(-1, -1)	(-1, -1)	144
00:09:49.175	49	36.848	(-1, -1)	(-1, -1)	144
00:09:49.232	51	36.9333	(-1, -1)	(-1, -1)	144
00:09:49.293	47	36.9086	(-1, -1)	(-1, -1)	144
00:09:49.348	43	36.9361	(-1, -1)	(-1, -1)	144
00:09:49.397	45	36.9554	(-1, -1)	(-1, -1)	144
00:09:49.447	49	36.875	(-1, -1)	(-1, -1)	144
00:09:49.502	49	36.9007	(-1, -1)	(-1, -1)	144
00:09:49.556	43	36.936	(-1, -1)	(-1, -1)	144
00:09:49.605	44	37.0101	(-1, -1)	(-1, -1)	144
00:09:49.656	49	36.9486	(-1, -1)	(-1, -1)	144
00:09:49.713	48	36.9612	(-1, -1)	(-1, -1)	144
00:09:49.765	44	36.969	(-1, -1)	(-1, -1)	144
00:09:49.813	45	37.0461	(-1, -1)	(-1, -1)	144
00:09:49.865	48	36.8806	(-1, -1)	(-1, -1)	144
00:09:49.919	49	36.8815	(-1, -1)	(-1, -1)	144
00:09:49.975	44	36.9907	(-1, -1)	(-1, -1)	144
00:09:50.023	44	36.9652	(-1, -1)	(-1, -1)	144
00:09:50.073	49	36.8827	(-1, -1)	(-1, -1)	144
00:09:50.128	49	36.9305	(-1, -1)	(-1, -1)	144
00:09:50.183	46	36.8979	(-1, -1)	(-1, -1)	144
00:09:50.239	48	36.9729	(-1, -1)	(-1, -1)	144
00:09:50.295	50	36.9582	(-1, -1)	(-1, -1)	144
00:09:50.351	48	36.8822	(-1, -1)	(-1, -1)	144
00:09:50.405	45	36.8801	(-1, -1)	(-1, -1)	144
00:09:50.455	51	36.9068	(-1, -1)	(-1, -1)	144
00:09:50.518	49	36.9945	(-1, -1)	(-1, -1)	144
00:09:50.575	48	36.881	(-1, -1)	(-1, -1)	144
00:09:50.628	45	36.8801	(-1, -1)	(-1, -1)	144
00:09:50.677	46	36.917	(-1, -1)	(-1, -1)	144
00:09:50.733	50	36.912	(-1, -1)	(-1, -1)	144
00:09:50.793	47	36.9483	(-1, -1)	(-1, -1)	144
00:09:50.842	43	36.9502	(-1, -1)	(-1, -1)	144
00:09:50.891	44	36.9219	(-1, -1)	(-1, -1)	144
00:09:50.943	50	36.864	(-1, -1)	(-1, -1)	144
00:09:50.996	45	36.9637	(-1, -1)	(-1, -1)	144
00:09:51.045	44	36.8803	(-1, -1)	(-1, -1)	144
00:09:51.092	44	36.983	(-1, -1)	(-1, -1)	144
00:09:51.145	50	36.8887	(-1, -1)	(-1, -1)	144
00:09:51.210	47	36.8895	(-1, -1)	(-1, -1)	144
00:09:51.260	44	37.0828	(-1, -1)	(-1, -1)	144
00:09:51.309	43	37.0333	(-1, -1)	(-1, -1)	144
00:09:51.357	45	36.9456	(-1, -1)	(-1, -1)	144
00:09:51.407	46	36.8993	(-1, -1)	(-1, -1)	144
00:09:51.455	44	36.9953	(-1, -1)	(-1, -1)	144
00:09:51.504	43	36.9225	(-1, -1)	(-1, -1)	144
00:09:51.552	43	36.999	(-1, -1)	(-1, -1)	144
00:09:51.601	49	36.9939	(-1, -1)	(-1, -1)	144
00:09:51.659	48	36.9123	(-1, -1)	(-1, -1)	144
00:09:51.712	45	37.0671	(-1, -1)	(-1, -1)	144
00:09:51.762	49	36.9284	(-1, -1)	(-1, -1)	144
00:09:51.820	49	36.9511	(-1, -1)	(-1, -1)	144
00:09:51.874	49	36.9904	(-1, -1)	(-1, -1)	144
00:09:51.928	45	36.8705	(-1, -1)	(-1, -1)	144
00:09:51.984	50	36.8462	(-1, -1)	(-1, -1)	144
00:09:52.040	50	36.8561	(-1, -1)	(-1, -1)	144
00:09:52.099	53	36.9476	(-1, -1)	(-1, -1)	144
00:09:52.157	45	36.9831	(-1, -1)	(-1, -1)	144
00:09:52.210	49	36.9236	(-1, -1)	(-1, -1)	144
00:09:52.271	48	36.9498	(-1, -1)	(-1, -1)	144
00:09:52.324	45	37.0006	(-1, -1)	(-1, -1)	144
00:09:52.374	49	36.8736	(-1, -1)	(-1, -1)	144
00:09:52.429	50	36.9396	(-1, -1)	(-1, -1)	144
00:09:52.486	46	37.0116	(-1, -1)	(-1, -1)	144
00:09:52.538	46	36.9779	(-1, -1)	(-1, -1)	144
00:09:52.590	50	36.9221	(-1, -1)	(-1, -1)	144
00:09:52.647	49	36.9117	(-1, -1)	(-1, -1)	144
00:09:52.701	48	36.901	(-1, -1)	(-1, -1)	144
00:09:52.754	45	37.099	(-1, -1)	(-1, -1)	144
00:09:52.803	44	36.9985	(-1, -1)	(-1, -1)	144
00:09:52.854	48	36.8862	(-1, -1)	(-1, -1)	144
00:09:52.911	49	36.9357	(-1, -1)	(-1, -1)	144
00:09:52.963	46	36.9364	(-1, -1)	(-1, -1)	144
00:09:53.022	49	36.9508	(-1, -1)	(-1, -1)	144
00:09:53.076	49	36.9079	(-1, -1)	(-1, -1)	144
00:09:53.134	49	37.0073	(-1, -1)	(-1, -1)	144
00:09:53.186	44	37.0519	(-1, -1)	(-1, -1)	144
00:09:53.235	45	37.0239	(-1, -1)	(-1, -1)	144
00:09:53.290	49	36.888	(-1, -1)	(-1, -1)	144
00:09:53.348	51	37.0016	(-1, -1)	(-1, -1)	144
00:09:53.401	45	36.9363	(-1, -1)	(-1, -1)	144
00:09:53.450	48	36.8581	(-1, -1)	(-1, -1)	144
00:09:53.509	49	36.9184	(-1, -1)	(-1, -1)	144
00:09:53.570	44	36.9274	(-1, -1)	(-1, -1)	144
00:09:53.616	43	36.925	(-1, -1)	(-1, -1)	144
00:09:53.666	49	36.9013	(-1, -1)	(-1, -1)	144
00:09:53.725	49	36.9181	(-1, -1)	(-1, -1)	144
00:09:53.779	46	36.9689	(-1, -1)	(-1, -1)	144
00:09:53.832	44	36.9548	(-1, -1)	(-1, -1)	144
00:09:53.885	49	36.916	(-1, -1)	(-1, -1)	144
00:09:53.945	48	36.9027	(-1, -1)	(-1, -1)	144
00:09:54.000	49	36.9951	(-1, -1)	(-1, -1)	144
00:09:54.054	45	36.8606	(-1, -1)	(-1, -1)	144
00:09:54.102	45	36.9286	(-1, -1)	(-1, -1)	144
00:09:54.154	48	36.9031	(-1, -1)	(-1, -1)	144
00:09:54.208	46	36.9253	(-1, -1)	(-1, -1)	144
00:09:54.256	44	36.9665	(-1, -1)	(-1, -1)	144
00:09:54.305	44	36.9921	(-1, -1)	(-1, -1)	144
00:09:54.355	51	36.9521	(-1, -1)	(-1, -1)	144
EOM

