BOM
Frame extends: 2263, 1306
_ms_area: 10
measurements taken: 585
current rendering method: 2
is mouse replay: 1
Camera settings: Roation Quaternion: ( 0.0635341, 0.68235, -0.135584, -0.715522), Translationsvektor: ( 0.164384, -0.174579, 1.775).
System_Time	Elapsed_Time_PaintGL	Elapsed_Kernel_Time	Frame_Coordinates	Grid_Position	Manual_Measurement
00:14:41.293	23	9.46948	(318, 226)	(32, 23)	172
00:14:41.321	20	9.49526	(325, 225)	(33, 23)	172
00:14:41.349	23	9.55037	(335, 225)	(34, 23)	172
00:14:41.377	25	9.6283	(345, 225)	(35, 23)	172
00:14:41.409	24	9.59867	(357, 225)	(36, 23)	172
00:14:41.447	22	9.77496	(372, 225)	(37, 23)	172
00:14:41.475	21	9.77911	(375, 225)	(38, 23)	172
00:14:41.502	22	9.87526	(385, 225)	(39, 23)	172
00:14:41.530	21	9.93437	(395, 225)	(40, 23)	172
00:14:41.558	21	9.992	(405, 225)	(41, 23)	172
00:14:41.586	21	10.0831	(415, 225)	(42, 23)	172
00:14:41.614	21	10.1481	(425, 225)	(43, 23)	172
00:14:41.641	23	10.2458	(435, 226)	(44, 23)	172
00:14:41.669	22	10.2999	(445, 226)	(45, 23)	172
00:14:41.696	23	10.3834	(455, 226)	(46, 23)	172
00:14:41.724	20	10.5305	(465, 227)	(47, 23)	172
00:14:41.752	25	10.5841	(475, 227)	(48, 23)	172
00:14:41.780	25	10.6836	(485, 228)	(49, 23)	172
00:14:41.808	25	10.7627	(495, 228)	(50, 23)	172
00:14:41.836	25	10.8717	(505, 229)	(51, 23)	172
00:14:41.865	25	10.9711	(515, 229)	(52, 23)	172
00:14:41.899	22	11.0796	(525, 229)	(53, 23)	172
00:14:41.928	22	11.1514	(535, 229)	(54, 23)	172
00:14:41.961	21	11.3044	(545, 229)	(55, 23)	172
00:14:41.988	22	11.384	(555, 229)	(56, 23)	172
00:14:42.016	27	11.4502	(565, 229)	(57, 23)	172
00:14:42.056	27	11.5151	(575, 229)	(58, 23)	172
00:14:42.086	25	11.6569	(585, 229)	(59, 23)	172
00:14:42.113	21	11.7378	(596, 229)	(60, 23)	172
00:14:42.141	21	11.8006	(605, 230)	(61, 23)	172
00:14:42.169	21	11.9896	(615, 230)	(62, 23)	172
00:14:42.197	26	12.1095	(626, 230)	(63, 23)	172
00:14:42.226	28	12.1437	(635, 230)	(64, 23)	172
00:14:42.262	27	12.1185	(645, 230)	(65, 23)	172
00:14:42.294	24	12.1695	(655, 230)	(66, 23)	172
00:14:42.322	23	12.3604	(665, 230)	(67, 23)	172
00:14:42.350	24	12.5456	(680, 230)	(68, 23)	172
00:14:42.378	24	12.6314	(685, 230)	(69, 23)	172
00:14:42.406	23	12.7437	(695, 230)	(70, 23)	172
00:14:42.433	25	12.9479	(705, 230)	(71, 23)	172
00:14:42.465	25	12.9492	(715, 230)	(72, 23)	172
00:14:42.496	25	13.2019	(725, 230)	(73, 23)	172
00:14:42.524	25	13.1207	(735, 230)	(74, 23)	172
00:14:42.551	25	13.2739	(749, 230)	(75, 23)	172
00:14:42.580	24	13.351	(756, 230)	(76, 23)	172
00:14:42.607	24	13.4062	(766, 230)	(77, 23)	172
00:14:42.635	23	13.4671	(775, 230)	(78, 23)	172
00:14:42.663	22	13.6412	(785, 230)	(79, 23)	172
00:14:42.692	27	13.7225	(796, 229)	(80, 23)	172
00:14:42.726	26	13.8917	(805, 229)	(81, 23)	172
00:14:42.761	27	13.8284	(815, 229)	(82, 23)	172
00:14:42.795	26	13.9292	(825, 228)	(83, 23)	172
00:14:42.823	26	13.9529	(835, 228)	(84, 23)	172
00:14:42.851	26	13.9622	(845, 228)	(85, 23)	172
00:14:42.886	27	13.9193	(855, 228)	(86, 23)	172
00:14:42.921	26	14.0523	(865, 228)	(87, 23)	172
00:14:42.957	25	14.0034	(875, 228)	(88, 23)	172
00:14:42.993	26	13.9012	(885, 228)	(89, 23)	172
00:14:43.024	28	13.9957	(895, 228)	(90, 23)	172
00:14:43.059	27	14.1142	(905, 228)	(91, 23)	172
00:14:43.094	27	14.1493	(915, 228)	(92, 23)	172
00:14:43.130	26	14.0967	(925, 228)	(93, 23)	172
00:14:43.163	28	14.0969	(935, 228)	(94, 23)	172
00:14:43.199	26	14.0821	(945, 227)	(95, 23)	172
00:14:43.233	27	14.0846	(957, 227)	(96, 23)	172
00:14:43.270	27	14.0413	(966, 227)	(97, 23)	172
00:14:43.303	27	13.9825	(975, 227)	(98, 23)	172
00:14:43.338	27	14.0764	(985, 227)	(99, 23)	172
00:14:43.372	23	14.101	(995, 227)	(100, 23)	172
00:14:43.399	23	14.0304	(1005, 227)	(101, 23)	172
00:14:43.428	28	13.9708	(1015, 226)	(102, 23)	172
00:14:43.464	27	14.025	(1025, 226)	(103, 23)	172
00:14:43.498	29	13.9997	(1035, 226)	(104, 23)	172
00:14:43.537	27	13.9153	(1045, 225)	(105, 23)	172
00:14:43.574	25	13.8347	(1055, 225)	(106, 23)	172
00:14:43.601	24	13.7516	(1065, 225)	(107, 23)	172
00:14:43.629	24	13.731	(1071, 224)	(107, 22)	172
00:14:43.656	24	13.8279	(1075, 224)	(108, 22)	172
00:14:43.684	25	13.6639	(1085, 224)	(109, 22)	172
00:14:43.712	23	13.557	(1095, 224)	(110, 22)	172
00:14:43.741	26	13.592	(1105, 224)	(111, 22)	172
00:14:43.776	28	13.5683	(1115, 224)	(112, 22)	172
00:14:43.810	27	13.5575	(1125, 224)	(113, 22)	172
00:14:43.845	27	13.3133	(1135, 224)	(114, 22)	172
00:14:43.882	27	13.3068	(1146, 223)	(115, 22)	172
00:14:43.915	25	13.2683	(1155, 223)	(116, 22)	172
00:14:43.949	28	13.1892	(1165, 223)	(117, 22)	172
00:14:43.984	27	13.109	(1175, 223)	(118, 22)	172
00:14:44.023	26	13.0178	(1185, 223)	(119, 22)	172
00:14:44.058	28	12.9981	(1195, 223)	(120, 22)	172
00:14:44.095	27	13.0473	(1205, 223)	(121, 22)	172
00:14:44.130	27	12.8883	(1215, 223)	(122, 22)	172
00:14:44.165	25	12.9311	(1225, 223)	(123, 22)	172
00:14:44.199	27	12.8819	(1235, 223)	(124, 22)	172
00:14:44.234	28	12.857	(1245, 223)	(125, 22)	172
00:14:44.271	27	12.6413	(1255, 223)	(126, 22)	172
00:14:44.304	26	12.6834	(1265, 224)	(127, 22)	172
00:14:44.338	27	12.6516	(1275, 224)	(128, 22)	172
00:14:44.373	26	12.5833	(1282, 225)	(128, 23)	172
00:14:44.409	26	12.5917	(1285, 225)	(129, 23)	172
00:14:44.444	24	12.4433	(1295, 226)	(130, 23)	172
00:14:44.471	23	12.4267	(1305, 226)	(131, 23)	172
00:14:44.498	23	12.432	(1316, 228)	(132, 23)	172
00:14:44.525	23	12.1961	(1326, 228)	(133, 23)	172
00:14:44.553	22	12.1464	(1335, 228)	(134, 23)	172
00:14:44.584	23	12.1064	(1345, 229)	(135, 23)	172
00:14:44.616	22	11.9964	(1355, 230)	(136, 23)	172
00:14:44.644	23	11.8756	(1366, 230)	(137, 23)	172
00:14:44.672	22	11.8527	(1375, 230)	(138, 23)	172
00:14:44.699	23	11.8133	(1386, 231)	(139, 23)	172
00:14:44.727	22	11.7401	(1395, 231)	(140, 23)	172
00:14:44.755	23	11.6893	(1405, 232)	(141, 23)	172
00:14:44.784	21	11.5059	(1415, 232)	(142, 23)	172
00:14:44.811	22	11.4818	(1425, 232)	(143, 23)	172
00:14:44.839	22	11.4585	(1435, 233)	(144, 23)	172
00:14:44.866	22	11.3841	(1445, 234)	(145, 23)	172
00:14:44.895	20	11.2721	(1455, 234)	(146, 23)	172
00:14:44.922	24	11.2661	(1465, 234)	(147, 23)	172
00:14:44.950	28	11.1477	(1478, 234)	(148, 23)	172
00:14:44.985	29	11.1267	(1485, 234)	(149, 23)	172
00:14:45.021	27	11.0825	(1488, 235)	(149, 24)	172
00:14:45.056	27	11.0766	(1495, 235)	(150, 24)	172
00:14:45.090	23	10.9696	(1506, 235)	(151, 24)	172
00:14:45.119	20	10.9098	(1516, 235)	(152, 24)	172
00:14:45.145	21	10.8212	(1526, 236)	(153, 24)	172
00:14:45.173	20	10.64	(1535, 236)	(154, 24)	172
00:14:45.200	24	10.648	(1546, 236)	(155, 24)	172
00:14:45.228	25	10.5502	(1556, 237)	(156, 24)	172
00:14:45.258	23	10.473	(1565, 237)	(157, 24)	172
00:14:45.287	21	10.4215	(1575, 238)	(158, 24)	172
00:14:45.312	20	10.3696	(1585, 238)	(159, 24)	172
00:14:45.340	21	10.2778	(1595, 239)	(160, 24)	172
00:14:45.367	21	10.2237	(1605, 239)	(161, 24)	172
00:14:45.395	21	10.1587	(1615, 240)	(162, 24)	172
00:14:45.422	21	10.1203	(1625, 240)	(163, 24)	172
00:14:45.450	21	9.95911	(1636, 241)	(164, 24)	172
00:14:45.478	26	9.91807	(1645, 242)	(165, 24)	172
00:14:45.506	20	9.83896	(1655, 242)	(166, 24)	172
00:14:45.533	20	9.80593	(1666, 243)	(167, 24)	172
00:14:45.554	20	9.73245	(1676, 244)	(168, 24)	172
00:14:45.582	23	9.78844	(1677, 245)	(168, 25)	172
00:14:45.611	25	9.74089	(1686, 245)	(169, 25)	172
00:14:45.639	23	9.65778	(1696, 246)	(170, 25)	172
00:14:45.669	23	9.59496	(1705, 246)	(171, 25)	172
00:14:45.700	20	9.59733	(1715, 248)	(172, 25)	172
00:14:45.728	21	9.56918	(1726, 249)	(173, 25)	172
00:14:45.756	21	9.50148	(1735, 250)	(174, 25)	172
00:14:45.784	20	9.38785	(1745, 251)	(175, 25)	172
00:14:45.812	20	9.41378	(1755, 253)	(176, 25)	172
00:14:45.840	20	9.33304	(1765, 254)	(177, 25)	172
00:14:45.867	20	9.31733	(1768, 255)	(177, 26)	172
00:14:45.895	20	9.28	(1775, 256)	(178, 26)	172
00:14:45.923	21	9.28711	(1785, 258)	(179, 26)	172
00:14:45.951	19	9.17867	(1795, 260)	(180, 26)	172
00:14:45.972	19	9.19022	(1805, 262)	(181, 26)	172
00:14:45.999	19	9.12059	(1815, 264)	(182, 26)	172
00:14:46.020	20	9.12356	(1817, 265)	(182, 27)	172
00:14:46.049	19	9.09808	(1825, 267)	(183, 27)	172
00:14:46.076	19	9.06741	(1838, 271)	(184, 27)	172
00:14:46.105	19	9.08696	(1845, 273)	(185, 27)	172
00:14:46.132	18	9.03348	(1849, 275)	(185, 28)	172
00:14:46.152	19	9.00489	(1858, 278)	(186, 28)	172
00:14:46.173	22	9.01644	(1865, 280)	(187, 28)	172
00:14:46.204	19	8.96059	(1874, 285)	(187, 29)	172
00:14:46.229	19	8.94104	(1875, 285)	(188, 29)	172
00:14:46.250	19	8.90385	(1885, 289)	(189, 29)	172
00:14:46.278	18	8.86474	(1895, 294)	(190, 29)	172
00:14:46.298	20	8.892	(1895, 295)	(190, 30)	172
00:14:46.327	19	8.84089	(1905, 299)	(191, 30)	172
00:14:46.354	19	8.87304	(1912, 305)	(191, 31)	172
00:14:46.375	18	8.8557	(1915, 307)	(192, 31)	172
00:14:46.396	17	8.82741	(1925, 314)	(193, 31)	172
00:14:46.416	20	8.73393	(1926, 315)	(193, 32)	172
00:14:46.438	21	8.72548	(1935, 322)	(194, 32)	172
00:14:46.465	22	8.75941	(1937, 325)	(194, 33)	172
00:14:46.494	21	8.70563	(1945, 333)	(195, 33)	172
00:14:46.522	19	8.74104	(1947, 335)	(195, 34)	172
00:14:46.549	19	8.71556	(1955, 344)	(196, 34)	172
00:14:46.576	19	8.68163	(1955, 345)	(196, 35)	172
00:14:46.598	17	8.65274	(1963, 355)	(196, 36)	172
00:14:46.618	18	8.74726	(1965, 358)	(197, 36)	172
00:14:46.639	18	8.71615	(1968, 365)	(197, 37)	172
00:14:46.660	18	8.70385	(1973, 375)	(197, 38)	172
00:14:46.680	18	8.65378	(1975, 379)	(198, 38)	172
00:14:46.702	19	8.72222	(1976, 385)	(198, 39)	172
00:14:46.732	19	8.6877	(1980, 395)	(198, 40)	172
00:14:46.758	19	8.65956	(1982, 405)	(198, 41)	172
00:14:46.786	18	8.68741	(1984, 415)	(198, 42)	172
00:14:46.806	19	8.71378	(1985, 417)	(199, 42)	172
00:14:46.827	17	8.7363	(1985, 425)	(199, 43)	172
00:14:46.847	19	8.704	(1987, 435)	(199, 44)	172
00:14:46.868	21	8.73274	(1988, 445)	(199, 45)	172
00:14:46.897	22	8.6877	(1989, 455)	(199, 46)	172
00:14:46.927	29	8.66148	(1989, 465)	(199, 47)	172
00:14:46.960	21	8.71482	(1989, 475)	(199, 48)	172
00:14:46.987	18	8.7437	(1988, 485)	(199, 49)	172
00:14:47.007	19	8.77956	(1985, 495)	(199, 50)	172
00:14:47.028	19	8.75363	(1984, 495)	(198, 50)	172
00:14:47.049	23	8.78385	(1980, 505)	(198, 51)	172
00:14:47.078	23	8.75971	(1972, 516)	(197, 52)	172
00:14:47.106	24	8.83452	(1965, 525)	(197, 53)	172
00:14:47.137	22	8.77185	(1964, 526)	(196, 53)	172
00:14:47.168	19	8.86563	(1954, 534)	(195, 53)	172
00:14:47.195	19	8.84474	(1953, 535)	(195, 54)	172
00:14:47.216	19	8.88207	(1944, 539)	(194, 54)	172
00:14:47.239	19	8.95911	(1937, 545)	(194, 55)	172
00:14:47.265	19	8.9123	(1934, 547)	(193, 55)	172
00:14:47.287	19	8.99126	(1924, 555)	(192, 56)	172
00:14:47.313	20	9.0163	(1914, 561)	(191, 56)	172
00:14:47.341	20	9.07733	(1907, 565)	(191, 57)	172
00:14:47.370	18	9.04045	(1904, 567)	(190, 57)	172
00:14:47.390	19	9.06429	(1894, 572)	(189, 57)	172
00:14:47.411	20	9.10845	(1890, 575)	(189, 58)	172
00:14:47.438	21	9.1797	(1884, 577)	(188, 58)	172
00:14:47.466	20	9.16533	(1874, 581)	(187, 58)	172
00:14:47.494	21	9.20889	(1866, 585)	(187, 59)	172
00:14:47.522	24	9.23704	(1864, 585)	(186, 59)	172
00:14:47.551	22	9.28252	(1854, 590)	(185, 59)	172
00:14:47.577	19	9.308	(1844, 594)	(184, 59)	172
00:14:47.598	19	9.3403	(1843, 595)	(184, 60)	172
00:14:47.619	21	9.37215	(1834, 597)	(183, 60)	172
00:14:47.648	25	9.33778	(1823, 601)	(182, 60)	172
00:14:47.679	24	9.38741	(1810, 606)	(181, 61)	172
00:14:47.712	27	9.36918	(1804, 609)	(180, 61)	172
00:14:47.745	26	9.44548	(1794, 612)	(179, 61)	172
00:14:47.783	20	9.42089	(1787, 615)	(179, 62)	172
00:14:47.814	18	9.46919	(1784, 616)	(178, 62)	172
00:14:47.834	20	9.50282	(1774, 619)	(177, 62)	172
00:14:47.855	21	9.61482	(1764, 622)	(176, 62)	172
00:14:47.884	23	9.6197	(1758, 625)	(176, 63)	172
00:14:47.912	22	9.65156	(1754, 626)	(175, 63)	172
00:14:47.939	19	9.688	(1744, 628)	(174, 63)	172
00:14:47.960	20	9.68815	(1734, 631)	(173, 63)	172
00:14:47.988	19	9.75467	(1724, 633)	(172, 63)	172
00:14:48.009	18	9.75778	(1715, 635)	(172, 64)	172
00:14:48.029	19	9.79096	(1714, 635)	(171, 64)	172
00:14:48.050	19	9.78267	(1704, 637)	(170, 64)	172
00:14:48.071	19	9.86296	(1694, 638)	(169, 64)	172
00:14:48.092	20	9.94978	(1684, 640)	(168, 64)	172
00:14:48.120	23	9.95259	(1674, 641)	(167, 64)	172
00:14:48.149	23	10.0554	(1664, 642)	(166, 64)	172
00:14:48.177	25	10.0576	(1654, 643)	(165, 64)	172
00:14:48.212	23	10.0924	(1644, 644)	(164, 64)	172
00:14:48.239	21	10.1517	(1633, 644)	(163, 64)	172
00:14:48.266	21	10.1659	(1624, 644)	(162, 64)	172
00:14:48.294	21	10.2185	(1614, 644)	(161, 64)	172
00:14:48.323	21	10.365	(1604, 644)	(160, 64)	172
00:14:48.351	22	10.2904	(1594, 644)	(159, 64)	172
00:14:48.377	22	10.3701	(1584, 644)	(158, 64)	172
00:14:48.405	22	10.4053	(1574, 644)	(157, 64)	172
00:14:48.433	22	10.5295	(1564, 644)	(156, 64)	172
00:14:48.461	25	10.5136	(1554, 644)	(155, 64)	172
00:14:48.496	27	10.583	(1548, 645)	(155, 65)	172
00:14:48.531	26	10.5041	(1544, 645)	(154, 65)	172
00:14:48.565	28	10.5713	(1534, 645)	(153, 65)	172
00:14:48.602	26	10.6573	(1524, 646)	(152, 65)	172
00:14:48.635	23	10.7207	(1514, 647)	(151, 65)	172
00:14:48.662	23	10.7247	(1504, 648)	(150, 65)	172
00:14:48.690	30	10.7336	(1494, 649)	(149, 65)	172
00:14:48.725	23	10.8616	(1484, 651)	(148, 65)	172
00:14:48.754	23	10.9539	(1474, 652)	(147, 65)	172
00:14:48.781	23	10.8456	(1464, 652)	(146, 65)	172
00:14:48.808	24	10.8933	(1454, 653)	(145, 65)	172
00:14:48.840	23	10.9164	(1444, 654)	(144, 65)	172
00:14:48.871	23	11.0474	(1434, 654)	(143, 65)	172
00:14:48.899	23	11.1726	(1419, 654)	(142, 65)	172
00:14:48.927	22	11.0993	(1414, 654)	(141, 65)	172
00:14:48.954	23	11.1714	(1404, 654)	(140, 65)	172
00:14:48.982	23	11.2293	(1394, 654)	(139, 65)	172
00:14:49.011	22	11.2034	(1384, 654)	(138, 65)	172
00:14:49.038	22	11.2018	(1374, 654)	(137, 65)	172
00:14:49.066	22	11.3028	(1356, 653)	(136, 65)	172
00:14:49.093	23	11.2336	(1354, 653)	(135, 65)	172
00:14:49.121	22	11.2335	(1344, 652)	(134, 65)	172
00:14:49.149	22	11.3111	(1334, 651)	(133, 65)	172
00:14:49.177	23	11.3584	(1323, 651)	(132, 65)	172
00:14:49.205	22	11.4339	(1314, 650)	(131, 65)	172
00:14:49.232	21	11.409	(1303, 649)	(130, 65)	172
00:14:49.260	21	11.4081	(1294, 648)	(129, 65)	172
00:14:49.288	20	11.4836	(1284, 647)	(128, 65)	172
00:14:49.316	21	11.4399	(1274, 647)	(127, 65)	172
00:14:49.344	25	11.4295	(1264, 646)	(126, 65)	172
00:14:49.375	27	11.4262	(1256, 644)	(126, 64)	172
00:14:49.414	24	11.469	(1254, 644)	(125, 64)	172
00:14:49.441	22	11.6249	(1244, 643)	(124, 64)	172
00:14:49.469	21	11.6001	(1234, 643)	(123, 64)	172
00:14:49.496	21	11.5969	(1224, 641)	(122, 64)	172
00:14:49.525	24	11.5707	(1214, 641)	(121, 64)	172
00:14:49.552	26	11.7114	(1204, 641)	(120, 64)	172
00:14:49.580	25	11.6539	(1194, 640)	(119, 64)	172
00:14:49.608	26	11.7015	(1184, 639)	(118, 64)	172
00:14:49.645	26	11.6385	(1174, 639)	(117, 64)	172
00:14:49.678	21	11.7967	(1164, 637)	(116, 64)	172
00:14:49.705	21	11.7348	(1154, 637)	(115, 64)	172
00:14:49.732	22	11.7393	(1144, 636)	(114, 64)	172
00:14:49.760	23	11.7547	(1134, 636)	(113, 64)	172
00:14:49.789	21	11.8299	(1124, 635)	(112, 64)	172
00:14:49.816	26	11.8698	(1114, 635)	(111, 64)	172
00:14:49.845	27	11.8279	(1110, 634)	(111, 63)	172
00:14:49.880	22	11.7564	(1104, 634)	(110, 63)	172
00:14:49.908	22	11.8043	(1093, 633)	(109, 63)	172
00:14:49.941	23	11.7994	(1084, 632)	(108, 63)	172
00:14:49.969	23	11.7991	(1074, 632)	(107, 63)	172
00:14:49.996	24	11.6914	(1064, 631)	(106, 63)	172
00:14:50.024	28	11.7874	(1051, 631)	(105, 63)	172
00:14:50.061	25	11.7542	(1032, 629)	(103, 63)	172
00:14:50.094	26	11.6772	(1024, 629)	(102, 63)	172
00:14:50.123	25	11.6507	(1014, 629)	(101, 63)	172
00:14:50.151	24	11.6545	(1004, 628)	(100, 63)	172
00:14:50.185	25	11.6959	(994, 627)	(99, 63)	172
00:14:50.213	24	11.6399	(984, 627)	(98, 63)	172
00:14:50.240	26	11.6671	(974, 627)	(97, 63)	172
00:14:50.270	27	11.6262	(964, 626)	(96, 63)	172
00:14:50.304	21	11.6547	(954, 626)	(95, 63)	172
00:14:50.332	22	11.6388	(944, 626)	(94, 63)	172
00:14:50.359	22	11.5394	(934, 625)	(93, 63)	172
00:14:50.386	22	11.5388	(927, 624)	(93, 62)	172
00:14:50.414	22	11.547	(924, 624)	(92, 62)	172
00:14:50.444	22	11.5673	(914, 623)	(91, 62)	172
00:14:50.477	22	11.5049	(904, 622)	(90, 62)	172
00:14:50.506	22	11.4521	(894, 621)	(89, 62)	172
00:14:50.532	22	11.4572	(884, 620)	(88, 62)	172
00:14:50.560	25	11.4676	(873, 619)	(87, 62)	172
00:14:50.595	29	11.4121	(864, 619)	(86, 62)	172
00:14:50.630	29	11.3861	(854, 619)	(85, 62)	172
00:14:50.665	28	11.3486	(843, 618)	(84, 62)	172
00:14:50.701	26	11.2841	(834, 618)	(83, 62)	172
00:14:50.734	22	11.281	(823, 617)	(82, 62)	172
00:14:50.762	20	11.1939	(814, 617)	(81, 62)	172
00:14:50.789	21	11.1453	(804, 617)	(80, 62)	172
00:14:50.817	21	11.1286	(794, 617)	(79, 62)	172
00:14:50.845	21	11.0761	(784, 616)	(78, 62)	172
00:14:50.874	27	11.053	(772, 616)	(77, 62)	172
00:14:50.907	22	11.0034	(764, 615)	(76, 62)	172
00:14:50.935	21	10.9757	(754, 615)	(75, 62)	172
00:14:50.964	20	10.9047	(744, 615)	(74, 62)	172
00:14:50.990	21	10.8599	(734, 615)	(73, 62)	172
00:14:51.018	23	10.816	(724, 615)	(72, 62)	172
00:14:51.047	25	10.8197	(714, 615)	(71, 62)	172
00:14:51.075	24	10.7357	(704, 615)	(70, 62)	172
00:14:51.103	25	10.8067	(694, 615)	(69, 62)	172
00:14:51.131	23	10.717	(684, 615)	(68, 62)	172
00:14:51.160	22	10.7594	(674, 615)	(67, 62)	172
00:14:51.186	21	10.657	(664, 616)	(66, 62)	172
00:14:51.214	21	10.6987	(654, 617)	(65, 62)	172
00:14:51.241	21	10.607	(644, 618)	(64, 62)	172
00:14:51.270	21	10.6336	(634, 618)	(63, 62)	172
00:14:51.297	22	10.559	(624, 619)	(62, 62)	172
00:14:51.325	22	10.6012	(614, 619)	(61, 62)	172
00:14:51.352	20	10.5273	(604, 621)	(60, 62)	172
00:14:51.380	19	10.4664	(594, 621)	(59, 62)	172
00:14:51.408	22	10.4316	(584, 622)	(58, 62)	172
00:14:51.436	24	10.4307	(574, 624)	(57, 62)	172
00:14:51.464	24	10.365	(566, 625)	(57, 63)	172
00:14:51.495	24	10.3179	(564, 625)	(56, 63)	172
00:14:51.534	21	10.3953	(554, 625)	(55, 63)	172
00:14:51.561	21	10.3404	(544, 626)	(54, 63)	172
00:14:51.589	20	10.3524	(534, 628)	(53, 63)	172
00:14:51.616	23	10.3185	(524, 629)	(52, 63)	172
00:14:51.645	23	10.2772	(514, 631)	(51, 63)	172
00:14:51.672	25	10.2001	(504, 633)	(50, 63)	172
00:14:51.701	23	10.2224	(494, 634)	(49, 63)	172
00:14:51.729	24	10.2618	(493, 635)	(49, 64)	172
00:14:51.757	22	10.14	(484, 637)	(48, 64)	172
00:14:51.783	20	10.148	(467, 641)	(47, 64)	172
00:14:51.811	21	10.0649	(464, 642)	(46, 64)	172
00:14:51.840	26	10.1084	(458, 645)	(46, 65)	172
00:14:51.874	24	10.0813	(454, 646)	(45, 65)	172
00:14:51.903	25	10.0766	(444, 650)	(44, 65)	172
00:14:51.937	24	10.0244	(434, 654)	(43, 65)	172
00:14:51.964	23	10.0633	(432, 655)	(43, 66)	172
00:14:51.993	21	10.0689	(424, 658)	(42, 66)	172
00:14:52.022	21	10.0976	(414, 662)	(41, 66)	172
00:14:52.047	22	10.0305	(409, 665)	(41, 67)	172
00:14:52.076	21	10.0255	(404, 667)	(40, 67)	172
00:14:52.103	21	10.045	(394, 671)	(39, 67)	172
00:14:52.131	25	9.98163	(387, 675)	(39, 68)	172
00:14:52.160	20	9.93644	(384, 676)	(38, 68)	172
00:14:52.186	20	9.96459	(374, 680)	(37, 68)	172
00:14:52.209	19	9.92163	(367, 685)	(37, 69)	172
00:14:52.235	20	9.97185	(364, 687)	(36, 69)	172
00:14:52.264	18	9.95111	(356, 695)	(36, 70)	172
00:14:52.290	20	9.94519	(354, 695)	(35, 70)	172
00:14:52.318	19	9.93274	(344, 704)	(34, 70)	172
00:14:52.339	19	9.95156	(344, 705)	(34, 71)	172
00:14:52.360	19	9.95793	(337, 715)	(34, 72)	172
00:14:52.381	18	9.94993	(335, 725)	(34, 73)	172
00:14:52.402	23	9.95719	(334, 727)	(33, 73)	172
00:14:52.431	22	9.94682	(331, 735)	(33, 74)	172
00:14:52.458	23	9.98415	(329, 746)	(33, 75)	172
00:14:52.486	21	9.99926	(329, 755)	(33, 76)	172
00:14:52.514	22	10.0071	(329, 765)	(33, 77)	172
00:14:52.544	22	10.0465	(329, 775)	(33, 78)	172
00:14:52.572	23	9.88222	(329, 785)	(33, 79)	172
00:14:52.604	23	10.0136	(329, 795)	(33, 80)	172
00:14:52.632	22	9.94178	(329, 805)	(33, 81)	172
00:14:52.660	23	10.0421	(329, 833)	(33, 83)	172
00:14:52.687	22	10.0169	(329, 836)	(33, 84)	172
00:14:52.715	22	10.0607	(329, 845)	(33, 85)	172
00:14:52.744	22	9.9523	(329, 855)	(33, 86)	172
00:14:52.771	23	9.95496	(330, 865)	(33, 87)	172
00:14:52.798	21	9.97319	(332, 875)	(33, 88)	172
00:14:52.826	21	10.0379	(335, 883)	(34, 88)	172
00:14:52.855	22	10.0207	(335, 885)	(34, 89)	172
00:14:52.882	23	10.0557	(338, 895)	(34, 90)	172
00:14:52.910	23	10.0487	(341, 905)	(34, 91)	172
00:14:52.938	22	10.0859	(345, 914)	(35, 91)	172
00:14:52.966	22	10.0302	(346, 915)	(35, 92)	172
00:14:52.993	23	10.1359	(350, 925)	(35, 93)	172
00:14:53.022	23	10.0655	(355, 931)	(36, 93)	172
00:14:53.049	22	10.1459	(357, 935)	(36, 94)	172
00:14:53.077	22	10.1865	(364, 945)	(36, 95)	172
00:14:53.107	23	10.0764	(365, 945)	(37, 95)	172
00:14:53.139	23	10.2018	(373, 955)	(37, 96)	172
00:14:53.168	21	10.2561	(375, 956)	(38, 96)	172
00:14:53.194	21	10.2508	(384, 965)	(38, 97)	172
00:14:53.216	21	10.2704	(385, 966)	(39, 97)	172
00:14:53.243	21	10.2428	(395, 975)	(40, 98)	172
00:14:53.271	21	10.3569	(405, 982)	(41, 98)	172
00:14:53.299	20	10.3794	(411, 987)	(41, 99)	172
00:14:53.327	21	10.4536	(415, 989)	(42, 99)	172
00:14:53.355	21	10.4936	(423, 995)	(42, 100)	172
00:14:53.382	21	10.6126	(425, 996)	(43, 100)	172
00:14:53.410	21	10.6738	(435, 1001)	(44, 100)	172
00:14:53.438	20	10.8382	(441, 1005)	(44, 101)	172
00:14:53.466	22	10.8465	(446, 1007)	(45, 101)	172
00:14:53.500	22	10.8791	(455, 1012)	(46, 101)	172
00:14:53.529	20	10.9766	(461, 1015)	(46, 102)	172
00:14:53.557	21	11.1194	(465, 1017)	(47, 102)	172
00:14:53.584	20	11.1483	(475, 1022)	(48, 102)	172
00:14:53.613	21	11.2763	(481, 1025)	(48, 103)	172
00:14:53.639	22	11.3493	(485, 1026)	(49, 103)	172
00:14:53.667	21	11.4373	(495, 1030)	(50, 103)	172
00:14:53.696	25	11.6321	(505, 1034)	(51, 103)	172
00:14:53.724	24	11.513	(506, 1035)	(51, 104)	172
00:14:53.751	26	11.6985	(515, 1037)	(52, 104)	172
00:14:53.779	22	11.9628	(525, 1040)	(53, 104)	172
00:14:53.807	22	12.0437	(540, 1043)	(54, 104)	172
00:14:53.835	21	12.1708	(545, 1044)	(55, 104)	172
00:14:53.862	24	12.171	(549, 1045)	(55, 105)	172
00:14:53.890	27	12.2298	(555, 1046)	(56, 105)	172
00:14:53.926	29	12.5806	(577, 1050)	(58, 105)	172
00:14:53.961	27	12.6498	(585, 1052)	(59, 105)	172
00:14:53.996	26	12.8172	(595, 1053)	(60, 105)	172
00:14:54.029	24	12.9719	(605, 1054)	(61, 105)	172
00:14:54.057	25	13.0133	(608, 1055)	(61, 106)	172
00:14:54.086	28	13.1142	(615, 1056)	(62, 106)	172
00:14:54.120	29	13.265	(625, 1057)	(63, 106)	172
00:14:54.159	28	13.3022	(635, 1058)	(64, 106)	172
00:14:54.199	30	13.4404	(645, 1059)	(65, 106)	172
00:14:54.240	25	13.6892	(655, 1060)	(66, 106)	172
00:14:54.272	25	13.9179	(665, 1061)	(67, 106)	172
00:14:54.300	25	14.0892	(675, 1061)	(68, 106)	172
00:14:54.328	26	14.1809	(685, 1063)	(69, 106)	172
00:14:54.355	25	14.3003	(695, 1063)	(70, 106)	172
00:14:54.384	26	14.4791	(705, 1064)	(71, 106)	172
00:14:54.419	26	14.665	(715, 1064)	(72, 106)	172
00:14:54.454	26	14.6289	(719, 1065)	(72, 107)	172
00:14:54.489	31	14.7596	(725, 1065)	(73, 107)	172
00:14:54.531	34	14.7064	(735, 1066)	(74, 107)	172
00:14:54.573	36	14.8923	(745, 1066)	(75, 107)	172
00:14:54.618	32	15.0779	(755, 1066)	(76, 107)	172
00:14:54.655	25	15.2596	(765, 1066)	(77, 107)	172
00:14:54.684	32	15.2778	(775, 1067)	(78, 107)	172
00:14:54.725	27	15.5237	(785, 1067)	(79, 107)	172
00:14:54.761	27	15.7031	(795, 1068)	(80, 107)	172
00:14:54.795	28	15.7359	(805, 1069)	(81, 107)	172
00:14:54.829	27	15.8253	(815, 1070)	(82, 107)	172
00:14:54.864	29	15.9452	(825, 1071)	(83, 107)	172
00:14:54.899	28	16.0523	(835, 1072)	(84, 107)	172
00:14:54.933	27	16.108	(845, 1073)	(85, 107)	172
00:14:54.967	33	16.0151	(856, 1074)	(86, 107)	172
00:14:55.003	35	16.1739	(862, 1075)	(86, 108)	172
00:14:55.046	28	16.1726	(865, 1075)	(87, 108)	172
00:14:55.078	30	16.3403	(875, 1075)	(88, 108)	172
00:14:55.114	28	16.3424	(885, 1076)	(89, 108)	172
00:14:55.149	28	16.3224	(895, 1077)	(90, 108)	172
00:14:55.184	29	16.4513	(905, 1078)	(91, 108)	172
00:14:55.223	31	16.4157	(915, 1078)	(92, 108)	172
00:14:55.261	27	16.5031	(925, 1079)	(93, 108)	172
00:14:55.294	25	16.5203	(935, 1080)	(94, 108)	172
00:14:55.321	27	16.6287	(945, 1081)	(95, 108)	172
00:14:55.357	31	16.6554	(955, 1082)	(96, 108)	172
00:14:55.393	30	16.7296	(965, 1082)	(97, 108)	172
00:14:55.427	31	16.6271	(975, 1083)	(98, 108)	172
00:14:55.461	27	16.725	(986, 1083)	(99, 108)	172
00:14:55.496	25	16.7751	(995, 1084)	(100, 108)	172
00:14:55.523	26	16.7756	(1005, 1084)	(101, 108)	172
00:14:55.552	31	16.8084	(1015, 1084)	(102, 108)	172
00:14:55.586	31	16.9299	(1017, 1085)	(102, 109)	172
00:14:55.622	30	16.903	(1025, 1085)	(103, 109)	172
00:14:55.658	29	16.7498	(1040, 1085)	(104, 109)	172
00:14:55.691	35	16.8618	(1048, 1085)	(105, 109)	172
00:14:55.732	27	16.9182	(1055, 1086)	(106, 109)	172
00:14:55.769	26	17.1123	(1065, 1086)	(107, 109)	172
00:14:55.803	28	17.103	(1075, 1086)	(108, 109)	172
00:14:55.836	28	17.1492	(1085, 1086)	(109, 109)	172
00:14:55.871	28	16.931	(1096, 1086)	(110, 109)	172
00:14:55.906	32	17.0819	(1105, 1086)	(111, 109)	172
00:14:55.945	33	17.0627	(1115, 1086)	(112, 109)	172
00:14:55.982	31	17.009	(1126, 1086)	(113, 109)	172
00:14:56.018	34	17.0539	(1135, 1086)	(114, 109)	172
00:14:56.061	35	16.9876	(1146, 1086)	(115, 109)	172
00:14:56.101	28	17.0479	(1155, 1086)	(116, 109)	172
00:14:56.135	33	16.9116	(1166, 1086)	(117, 109)	172
00:14:56.170	28	17.0661	(1175, 1086)	(118, 109)	172
00:14:56.207	28	17.003	(1185, 1085)	(119, 109)	172
00:14:56.239	34	17.0738	(1188, 1084)	(119, 108)	172
00:14:56.288	31	17.0575	(1195, 1084)	(120, 108)	172
00:14:56.330	28	17.0539	(1205, 1082)	(121, 108)	172
00:14:56.365	28	16.9175	(1215, 1081)	(122, 108)	172
00:14:56.400	28	17.0385	(1225, 1081)	(123, 108)	172
00:14:56.434	29	16.9271	(1235, 1081)	(124, 108)	172
00:14:56.470	28	16.9967	(1245, 1080)	(125, 108)	172
00:14:56.507	29	16.8127	(1255, 1080)	(126, 108)	172
00:14:56.539	29	16.8477	(1265, 1079)	(127, 108)	172
00:14:56.574	28	17.0215	(1275, 1078)	(128, 108)	172
00:14:56.608	28	16.7329	(1286, 1077)	(129, 108)	172
00:14:56.643	29	16.7458	(1295, 1077)	(130, 108)	172
00:14:56.678	29	16.7083	(1305, 1077)	(131, 108)	172
00:14:56.712	27	16.6713	(1315, 1077)	(132, 108)	172
00:14:56.747	25	16.544	(1325, 1077)	(133, 108)	172
00:14:56.774	30	16.3446	(1335, 1077)	(134, 108)	172
00:14:56.813	31	16.3247	(1345, 1077)	(135, 108)	172
00:14:56.852	31	16.2199	(1355, 1077)	(136, 108)	172
00:14:56.888	30	16.0828	(1365, 1079)	(137, 108)	172
00:14:56.921	28	15.8816	(1375, 1080)	(138, 108)	172
00:14:56.956	26	15.9067	(1385, 1081)	(139, 108)	172
00:14:56.983	25	15.7074	(1395, 1081)	(140, 108)	172
00:14:57.011	27	15.5708	(1405, 1083)	(141, 108)	172
00:14:57.047	29	15.3846	(1416, 1084)	(142, 108)	172
00:14:57.083	29	15.46	(1418, 1085)	(142, 109)	172
00:14:57.116	29	15.2028	(1425, 1085)	(143, 109)	172
00:14:57.150	27	15.168	(1437, 1088)	(144, 109)	172
00:14:57.178	26	14.9523	(1445, 1088)	(145, 109)	172
00:14:57.206	25	14.8585	(1455, 1089)	(146, 109)	172
00:14:57.233	26	14.5696	(1465, 1090)	(147, 109)	172
00:14:57.261	24	14.4935	(1476, 1091)	(148, 109)	172
00:14:57.289	24	14.4673	(1485, 1092)	(149, 109)	172
00:14:57.317	25	14.0873	(1495, 1093)	(150, 109)	172
00:14:57.347	25	13.9514	(1505, 1093)	(151, 109)	172
00:14:57.380	24	13.8536	(1515, 1093)	(152, 109)	172
00:14:57.407	23	13.6834	(1525, 1093)	(153, 109)	172
00:14:57.435	26	13.5169	(1535, 1094)	(154, 109)	172
00:14:57.464	26	13.2956	(1545, 1094)	(155, 109)	172
00:14:57.498	27	13.1203	(1555, 1094)	(156, 109)	172
00:14:57.534	26	13.0043	(1565, 1094)	(157, 109)	172
00:14:57.568	23	12.8508	(1566, 1095)	(157, 110)	172
00:14:57.595	24	12.729	(1575, 1095)	(158, 110)	172
00:14:57.623	23	12.679	(1585, 1095)	(159, 110)	172
00:14:57.651	24	12.5077	(1596, 1096)	(160, 110)	172
00:14:57.679	22	12.4483	(1605, 1096)	(161, 110)	172
00:14:57.706	25	12.0498	(1615, 1096)	(162, 110)	172
00:14:57.734	24	12.0296	(1625, 1097)	(163, 110)	172
00:14:57.763	23	11.817	(1635, 1097)	(164, 110)	172
00:14:57.790	22	11.5881	(1645, 1097)	(165, 110)	172
00:14:57.818	23	11.4785	(1655, 1098)	(166, 110)	172
00:14:57.847	21	11.213	(1665, 1098)	(167, 110)	172
00:14:57.876	22	11.1416	(1675, 1099)	(168, 110)	172
00:14:57.908	22	10.9612	(1685, 1099)	(169, 110)	172
00:14:57.936	22	10.7474	(1695, 1100)	(170, 110)	172
00:14:57.964	21	10.6625	(1705, 1100)	(171, 110)	172
00:14:57.991	22	10.6024	(1715, 1101)	(172, 110)	172
00:14:58.019	21	10.5474	(1725, 1101)	(173, 110)	172
00:14:58.047	21	10.3886	(1735, 1103)	(174, 110)	172
00:14:58.075	21	10.2124	(1748, 1104)	(175, 110)	172
00:14:58.103	21	10.197	(1753, 1105)	(175, 111)	172
00:14:58.130	21	10.1348	(1755, 1105)	(176, 111)	172
00:14:58.159	21	10.1396	(1765, 1106)	(177, 111)	172
00:14:58.186	22	10.0404	(1775, 1107)	(178, 111)	172
00:14:58.215	22	9.90711	(1785, 1108)	(179, 111)	172
00:14:58.242	23	9.82	(1798, 1109)	(180, 111)	172
00:14:58.271	24	9.75807	(1806, 1111)	(181, 111)	172
00:14:58.298	24	9.71082	(1815, 1112)	(182, 111)	172
00:14:58.326	23	9.64207	(1825, 1112)	(183, 111)	172
00:14:58.354	21	9.57511	(1835, 1113)	(184, 111)	172
00:14:58.381	18	9.50148	(1850, 1114)	(185, 111)	172
00:14:58.403	19	9.35437	(1855, 1114)	(186, 111)	172
00:14:58.429	19	9.33259	(1858, 1115)	(186, 112)	172
00:14:58.450	22	9.3363	(1865, 1116)	(187, 112)	172
00:14:58.479	23	9.35674	(1877, 1117)	(188, 112)	172
00:14:58.508	21	9.21852	(1885, 1118)	(189, 112)	172
00:14:58.535	23	9.25052	(1895, 1120)	(190, 112)	172
00:14:58.562	23	9.08207	(1905, 1121)	(191, 112)	172
00:14:58.590	18	7.636	(0, 0)	(0, 0)	172
EOM

