BOM
Frame extends: 2263, 1306
_ms_area: 10
measurements taken: 585
current rendering method: 1
is mouse replay: 1
Camera settings: Roation Quaternion: ( -0.00487357, -0.580709, -0.0914651, 0.80893), Translationsvektor: ( 0.0238621, -0.133231, 2.11).
System_Time	Elapsed_Time_PaintGL	Elapsed_Kernel_Time	Frame_Coordinates	Grid_Position	Manual_Measurement
19:02:43.531	27	11.2936	(318, 226)	(32, 23)	49
19:02:43.566	27	11.3227	(325, 225)	(33, 23)	49
19:02:43.601	26	11.3557	(335, 225)	(34, 23)	49
19:02:43.635	26	11.329	(345, 225)	(35, 23)	49
19:02:43.663	25	11.4976	(357, 225)	(36, 23)	49
19:02:43.691	25	11.6231	(372, 225)	(37, 23)	49
19:02:43.718	25	11.6631	(375, 225)	(38, 23)	49
19:02:43.746	27	11.7271	(385, 225)	(39, 23)	49
19:02:43.782	32	11.5911	(395, 225)	(40, 23)	49
19:02:43.824	28	11.6255	(405, 225)	(41, 23)	49
19:02:43.857	27	11.887	(415, 225)	(42, 23)	49
19:02:43.885	26	12.1944	(425, 225)	(43, 23)	49
19:02:43.913	29	12.5249	(435, 226)	(44, 23)	49
19:02:43.949	31	12.7551	(445, 226)	(45, 23)	49
19:02:43.983	33	13.1018	(455, 226)	(46, 23)	49
19:02:44.025	30	14.1963	(465, 227)	(47, 23)	49
19:02:44.059	28	13.5433	(475, 227)	(48, 23)	49
19:02:44.094	28	13.8021	(485, 228)	(49, 23)	49
19:02:44.128	34	14.0604	(495, 228)	(50, 23)	49
19:02:44.172	35	14.3972	(505, 229)	(51, 23)	49
19:02:44.213	37	14.9738	(515, 229)	(52, 23)	49
19:02:44.254	31	15.8644	(525, 229)	(53, 23)	49
19:02:44.289	33	16.608	(535, 229)	(54, 23)	49
19:02:44.330	39	17.1601	(545, 229)	(55, 23)	49
19:02:44.373	42	17.7105	(555, 229)	(56, 23)	49
19:02:44.422	38	18.0775	(565, 229)	(57, 23)	49
19:02:44.462	38	18.5987	(575, 229)	(58, 23)	49
19:02:44.505	37	19.6881	(585, 229)	(59, 23)	49
19:02:44.546	34	19.397	(596, 229)	(60, 23)	49
19:02:44.588	44	19.648	(605, 230)	(61, 23)	49
19:02:44.638	41	20.1809	(615, 230)	(62, 23)	49
19:02:44.685	40	20.5947	(626, 230)	(63, 23)	49
19:02:44.734	45	21.0053	(635, 230)	(64, 23)	49
19:02:44.784	43	21.4295	(645, 230)	(65, 23)	49
19:02:44.833	41	21.9859	(655, 230)	(66, 23)	49
19:02:44.880	39	22.5213	(665, 230)	(67, 23)	49
19:02:44.921	42	23.3486	(680, 230)	(68, 23)	49
19:02:44.971	47	23.6425	(685, 230)	(69, 23)	49
19:02:45.027	53	24.0766	(695, 230)	(70, 23)	49
19:02:45.090	42	24.6253	(705, 230)	(71, 23)	49
19:02:45.137	43	25.2683	(715, 230)	(72, 23)	49
19:02:45.186	43	25.5996	(725, 230)	(73, 23)	49
19:02:45.234	46	25.8403	(735, 230)	(74, 23)	49
19:02:45.284	41	26.2964	(749, 230)	(75, 23)	49
19:02:45.331	46	26.5658	(756, 230)	(76, 23)	49
19:02:45.381	50	26.8815	(766, 230)	(77, 23)	49
19:02:45.437	52	26.909	(775, 230)	(78, 23)	49
19:02:45.493	47	27.0924	(785, 230)	(79, 23)	49
19:02:45.547	41	27.5391	(796, 229)	(80, 23)	49
19:02:45.595	48	27.5521	(805, 229)	(81, 23)	49
19:02:45.653	56	27.6664	(815, 229)	(82, 23)	49
19:02:45.716	47	27.6413	(825, 228)	(83, 23)	49
19:02:45.769	47	27.6873	(835, 228)	(84, 23)	49
19:02:45.820	46	27.6213	(845, 228)	(85, 23)	49
19:02:45.876	45	27.5582	(855, 228)	(86, 23)	49
19:02:45.932	45	27.5609	(865, 228)	(87, 23)	49
19:02:45.989	46	27.575	(875, 228)	(88, 23)	49
19:02:46.043	46	27.4889	(885, 228)	(89, 23)	49
19:02:46.097	47	27.4667	(895, 228)	(90, 23)	49
19:02:46.153	44	27.3616	(905, 228)	(91, 23)	49
19:02:46.209	44	27.249	(915, 228)	(92, 23)	49
19:02:46.261	44	27.303	(925, 228)	(93, 23)	49
19:02:46.315	52	27.2575	(935, 228)	(94, 23)	49
19:02:46.376	47	27.3364	(945, 227)	(95, 23)	49
19:02:46.431	48	27.3644	(957, 227)	(96, 23)	49
19:02:46.486	49	27.3868	(966, 227)	(97, 23)	49
19:02:46.542	45	27.3452	(975, 227)	(98, 23)	49
19:02:46.590	49	27.3441	(985, 227)	(99, 23)	49
19:02:46.647	52	27.2299	(995, 227)	(100, 23)	49
19:02:46.711	49	27.1807	(1005, 227)	(101, 23)	49
19:02:46.764	51	27.3022	(1015, 226)	(102, 23)	49
19:02:46.821	50	27.3994	(1025, 226)	(103, 23)	49
19:02:46.876	47	27.3652	(1035, 226)	(104, 23)	49
19:02:46.931	43	27.259	(1045, 225)	(105, 23)	49
19:02:46.979	46	27.3785	(1055, 225)	(106, 23)	49
19:02:47.035	53	27.329	(1065, 225)	(107, 23)	49
19:02:47.098	54	27.4892	(1071, 224)	(107, 22)	49
19:02:47.162	45	27.5796	(1075, 224)	(108, 22)	49
19:02:47.216	43	27.6637	(1085, 224)	(109, 22)	49
19:02:47.264	47	27.5018	(1095, 224)	(110, 22)	49
19:02:47.314	51	27.5536	(1105, 224)	(111, 22)	49
19:02:47.369	46	27.4044	(1115, 224)	(112, 22)	49
19:02:47.417	44	27.5348	(1125, 224)	(113, 22)	49
19:02:47.466	45	27.6113	(1135, 224)	(114, 22)	49
19:02:47.515	49	27.8563	(1146, 223)	(115, 22)	49
19:02:47.574	45	27.5043	(1155, 223)	(116, 22)	49
19:02:47.625	47	27.4828	(1165, 223)	(117, 22)	49
19:02:47.682	48	27.2633	(1175, 223)	(118, 22)	49
19:02:47.738	51	27.0302	(1185, 223)	(119, 22)	49
19:02:47.793	45	26.6864	(1195, 223)	(120, 22)	49
19:02:47.841	44	26.2687	(1205, 223)	(121, 22)	49
19:02:47.891	52	25.9061	(1215, 223)	(122, 22)	49
19:02:47.953	52	25.5163	(1225, 223)	(123, 22)	49
19:02:48.012	46	25.0767	(1235, 223)	(124, 22)	49
19:02:48.064	48	25.1564	(1245, 223)	(125, 22)	49
19:02:48.121	50	24.2708	(1255, 223)	(126, 22)	49
19:02:48.177	51	23.8409	(1265, 224)	(127, 22)	49
19:02:48.239	43	23.2369	(1275, 224)	(128, 22)	49
19:02:48.286	44	22.891	(1282, 225)	(128, 23)	49
19:02:48.336	42	22.6873	(1285, 225)	(129, 23)	49
19:02:48.384	42	22.0865	(1295, 226)	(130, 23)	49
19:02:48.433	39	21.5447	(1305, 226)	(131, 23)	49
19:02:48.481	35	20.9988	(1316, 228)	(132, 23)	49
19:02:48.522	41	20.6486	(1326, 228)	(133, 23)	49
19:02:48.572	44	20.4196	(1335, 228)	(134, 23)	49
19:02:48.621	43	20.1335	(1345, 229)	(135, 23)	49
19:02:48.668	35	19.7387	(1355, 230)	(136, 23)	49
19:02:48.710	33	19.1893	(1366, 230)	(137, 23)	49
19:02:48.744	37	18.7673	(1375, 230)	(138, 23)	49
19:02:48.787	39	18.2793	(1386, 231)	(139, 23)	49
19:02:48.836	38	17.7945	(1395, 231)	(140, 23)	49
19:02:48.877	34	17.4044	(1405, 232)	(141, 23)	49
19:02:48.919	36	16.7096	(1415, 232)	(142, 23)	49
19:02:48.961	37	16.1523	(1425, 232)	(143, 23)	49
19:02:49.002	39	15.6299	(1435, 233)	(144, 23)	49
19:02:49.045	36	15.1868	(1445, 234)	(145, 23)	49
19:02:49.086	33	14.4582	(1455, 234)	(146, 23)	49
19:02:49.127	30	13.7634	(1465, 234)	(147, 23)	49
19:02:49.162	29	13.0529	(1478, 234)	(148, 23)	49
19:02:49.198	30	12.8107	(1485, 234)	(149, 23)	49
19:02:49.232	28	12.6945	(1488, 235)	(149, 24)	49
19:02:49.267	29	12.4858	(1495, 235)	(150, 24)	49
19:02:49.308	28	12.0973	(1506, 235)	(151, 24)	49
19:02:49.343	27	11.9473	(1516, 235)	(152, 24)	49
19:02:49.377	28	11.5825	(1526, 236)	(153, 24)	49
19:02:49.412	27	11.4007	(1535, 236)	(154, 24)	49
19:02:49.447	27	11.0271	(1546, 236)	(155, 24)	49
19:02:49.481	28	10.717	(1556, 237)	(156, 24)	49
19:02:49.517	26	10.6314	(1565, 237)	(157, 24)	49
19:02:49.552	25	10.3161	(1575, 238)	(158, 24)	49
19:02:49.579	26	10.2004	(1585, 238)	(159, 24)	49
19:02:49.607	26	10.1004	(1595, 239)	(160, 24)	49
19:02:49.642	26	10.001	(1605, 239)	(161, 24)	49
19:02:49.677	24	9.68326	(1615, 240)	(162, 24)	49
19:02:49.704	23	9.5277	(1625, 240)	(163, 24)	49
19:02:49.732	27	9.15644	(1636, 241)	(164, 24)	49
19:02:49.767	28	8.91704	(1645, 242)	(165, 24)	49
19:02:49.802	27	8.65763	(1655, 242)	(166, 24)	49
19:02:49.836	29	8.51215	(1666, 243)	(167, 24)	49
19:02:49.871	26	8.27022	(1676, 244)	(168, 24)	49
19:02:49.906	23	8.31007	(1677, 245)	(168, 25)	49
19:02:49.934	24	7.9797	(1686, 245)	(169, 25)	49
19:02:49.962	28	7.59807	(1696, 246)	(170, 25)	49
19:02:49.997	28	7.36059	(1705, 246)	(171, 25)	49
19:02:50.031	29	7.19526	(1715, 248)	(172, 25)	49
19:02:50.067	28	7.12237	(1726, 249)	(173, 25)	49
19:02:50.101	23	7.1483	(1735, 250)	(174, 25)	49
19:02:50.129	23	7.89719	(1745, 251)	(175, 25)	49
19:02:50.156	21	7.03659	(1755, 253)	(176, 25)	49
19:02:50.184	21	6.98148	(1765, 254)	(177, 25)	49
19:02:50.212	21	6.96563	(1768, 255)	(177, 26)	49
19:02:50.240	21	6.92948	(1775, 256)	(178, 26)	49
19:02:50.267	22	6.876	(1785, 258)	(179, 26)	49
19:02:50.295	21	6.83141	(1795, 260)	(180, 26)	49
19:02:50.323	25	6.78311	(1805, 262)	(181, 26)	49
19:02:50.351	21	6.70163	(1815, 264)	(182, 26)	49
19:02:50.379	21	6.70089	(1817, 265)	(182, 27)	49
19:02:50.406	20	6.64237	(1825, 267)	(183, 27)	49
19:02:50.434	21	6.56948	(1838, 271)	(184, 27)	49
19:02:50.463	24	6.50119	(1845, 273)	(185, 27)	49
19:02:50.490	26	6.46222	(1849, 275)	(185, 28)	49
19:02:50.526	25	6.39719	(1858, 278)	(186, 28)	49
19:02:50.553	22	7.1163	(1865, 280)	(187, 28)	49
19:02:50.581	20	6.33807	(1874, 285)	(187, 29)	49
19:02:50.608	21	6.31778	(1875, 285)	(188, 29)	49
19:02:50.636	23	6.25052	(1885, 289)	(189, 29)	49
19:02:50.665	24	6.15215	(1895, 294)	(190, 29)	49
19:02:50.692	23	6.16637	(1895, 295)	(190, 30)	49
19:02:50.719	21	6.15852	(1905, 299)	(191, 30)	49
19:02:50.747	20	6.13081	(1912, 305)	(191, 31)	49
19:02:50.774	21	6.10578	(1915, 307)	(192, 31)	49
19:02:50.802	21	6.06444	(1925, 314)	(193, 31)	49
19:02:50.830	21	6.064	(1926, 315)	(193, 32)	49
19:02:50.858	20	6.00178	(1935, 322)	(194, 32)	49
19:02:50.886	20	6.01882	(1937, 325)	(194, 33)	49
19:02:50.914	20	5.97304	(1945, 333)	(195, 33)	49
19:02:50.941	22	5.99022	(1947, 335)	(195, 34)	49
19:02:50.970	20	5.93659	(1955, 344)	(196, 34)	49
19:02:50.997	21	5.91022	(1955, 345)	(196, 35)	49
19:02:51.025	20	5.89911	(1963, 355)	(196, 36)	49
19:02:51.052	21	5.87674	(1965, 358)	(197, 36)	49
19:02:51.080	20	5.86948	(1968, 365)	(197, 37)	49
19:02:51.108	21	5.82222	(1973, 375)	(197, 38)	49
19:02:51.137	21	5.83511	(1975, 379)	(198, 38)	49
19:02:51.164	21	5.81348	(1976, 385)	(198, 39)	49
19:02:51.192	20	5.81052	(1980, 395)	(198, 40)	49
19:02:51.220	20	5.8077	(1982, 405)	(198, 41)	49
19:02:51.247	21	5.81467	(1984, 415)	(198, 42)	49
19:02:51.276	29	5.81304	(1985, 417)	(199, 42)	49
19:02:51.318	23	5.76904	(1985, 425)	(199, 43)	49
19:02:51.346	23	5.7717	(1987, 435)	(199, 44)	49
19:02:51.373	22	5.81452	(1988, 445)	(199, 45)	49
19:02:51.401	22	5.81318	(1989, 455)	(199, 46)	49
19:02:51.428	22	5.89378	(1989, 465)	(199, 47)	49
19:02:51.456	22	5.84119	(1989, 475)	(199, 48)	49
19:02:51.484	21	5.89615	(1988, 485)	(199, 49)	49
19:02:51.511	23	5.87467	(1985, 495)	(199, 50)	49
19:02:51.540	20	5.86104	(1984, 495)	(198, 50)	49
19:02:51.567	19	5.90874	(1980, 505)	(198, 51)	49
19:02:51.588	20	6.004	(1972, 516)	(197, 52)	49
19:02:51.616	20	6.09867	(1965, 525)	(197, 53)	49
19:02:51.644	21	6.0837	(1964, 526)	(196, 53)	49
19:02:51.672	21	6.26533	(1954, 534)	(195, 53)	49
19:02:51.699	19	6.28726	(1953, 535)	(195, 54)	49
19:02:51.720	19	6.4197	(1944, 539)	(194, 54)	49
19:02:51.740	22	6.55585	(1937, 545)	(194, 55)	49
19:02:51.769	20	6.56711	(1934, 547)	(193, 55)	49
19:02:51.796	21	6.68563	(1924, 555)	(192, 56)	49
19:02:51.825	22	6.8723	(1914, 561)	(191, 56)	49
19:02:51.852	23	7.04163	(1907, 565)	(191, 57)	49
19:02:51.880	23	7.08089	(1904, 567)	(190, 57)	49
19:02:51.908	23	7.35052	(1894, 572)	(189, 57)	49
19:02:51.936	23	7.48193	(1890, 575)	(189, 58)	49
19:02:51.964	24	8.30607	(1884, 577)	(188, 58)	49
19:02:51.991	24	7.8197	(1874, 581)	(187, 58)	49
19:02:52.019	24	7.96252	(1866, 585)	(187, 59)	49
19:02:52.047	30	8.01333	(1864, 585)	(186, 59)	49
19:02:52.082	26	8.23867	(1854, 590)	(185, 59)	49
19:02:52.117	33	8.58756	(1844, 594)	(184, 59)	49
19:02:52.158	24	8.63437	(1843, 595)	(184, 60)	49
19:02:52.186	27	9.54489	(1834, 597)	(183, 60)	49
19:02:52.221	26	9.93867	(1823, 601)	(182, 60)	49
19:02:52.255	28	9.5923	(1810, 606)	(181, 61)	49
19:02:52.290	28	9.77837	(1804, 609)	(180, 61)	49
19:02:52.325	29	9.97807	(1794, 612)	(179, 61)	49
19:02:52.360	28	10.1963	(1787, 615)	(179, 62)	49
19:02:52.395	30	10.2204	(1784, 616)	(178, 62)	49
19:02:52.430	28	10.4852	(1774, 619)	(177, 62)	49
19:02:52.464	29	10.7964	(1764, 622)	(176, 62)	49
19:02:52.499	29	11.0262	(1758, 625)	(176, 63)	49
19:02:52.535	29	11.2479	(1754, 626)	(175, 63)	49
19:02:52.569	30	11.7105	(1744, 628)	(174, 63)	49
19:02:52.604	30	12.1736	(1734, 631)	(173, 63)	49
19:02:52.638	31	12.5633	(1724, 633)	(172, 63)	49
19:02:52.673	31	12.9807	(1715, 635)	(172, 64)	49
19:02:52.708	31	13.057	(1714, 635)	(171, 64)	49
19:02:52.742	27	13.5144	(1704, 637)	(170, 64)	49
19:02:52.778	31	13.9936	(1694, 638)	(169, 64)	49
19:02:52.812	29	14.628	(1684, 640)	(168, 64)	49
19:02:52.847	31	15.2356	(1674, 641)	(167, 64)	49
19:02:52.882	30	15.7284	(1664, 642)	(166, 64)	49
19:02:52.916	31	16.2212	(1654, 643)	(165, 64)	49
19:02:52.951	32	16.8467	(1644, 644)	(164, 64)	49
19:02:52.986	33	17.5053	(1633, 644)	(163, 64)	49
19:02:53.027	32	18.263	(1624, 644)	(162, 64)	49
19:02:53.061	32	18.8333	(1614, 644)	(161, 64)	49
19:02:53.097	33	19.5424	(1604, 644)	(160, 64)	49
19:02:53.133	40	20.2739	(1594, 644)	(159, 64)	49
19:02:53.182	39	20.9329	(1584, 644)	(158, 64)	49
19:02:53.229	37	21.6493	(1574, 644)	(157, 64)	49
19:02:53.270	37	22.2668	(1564, 644)	(156, 64)	49
19:02:53.313	47	22.7658	(1554, 644)	(155, 64)	49
19:02:53.369	52	23.1985	(1548, 645)	(155, 65)	49
19:02:53.432	39	23.4296	(1544, 645)	(154, 65)	49
19:02:53.479	42	23.9702	(1534, 645)	(153, 65)	49
19:02:53.528	49	24.3187	(1524, 646)	(152, 65)	49
19:02:53.585	56	24.8613	(1514, 647)	(151, 65)	49
19:02:53.646	42	25.3643	(1504, 648)	(150, 65)	49
19:02:53.695	46	25.9606	(1494, 649)	(149, 65)	49
19:02:53.751	46	26.3985	(1484, 651)	(148, 65)	49
19:02:53.806	43	27.216	(1474, 652)	(147, 65)	49
19:02:53.854	52	27.868	(1464, 652)	(146, 65)	49
19:02:53.911	55	28.241	(1454, 653)	(145, 65)	49
19:02:53.974	55	28.44	(1444, 654)	(144, 65)	49
19:02:54.039	51	28.9545	(1434, 654)	(143, 65)	49
19:02:54.098	48	29.5369	(1419, 654)	(142, 65)	49
19:02:54.153	56	29.608	(1414, 654)	(141, 65)	49
19:02:54.217	56	29.9924	(1404, 654)	(140, 65)	49
19:02:54.279	50	30.5145	(1394, 654)	(139, 65)	49
19:02:54.335	51	30.932	(1384, 654)	(138, 65)	49
19:02:54.390	56	31.1896	(1374, 654)	(137, 65)	49
19:02:54.454	54	31.9092	(1356, 653)	(136, 65)	49
19:02:54.515	46	32.0711	(1354, 653)	(135, 65)	49
19:02:54.564	54	32.1624	(1344, 652)	(134, 65)	49
19:02:54.628	59	32.3612	(1334, 651)	(133, 65)	49
19:02:54.696	50	33.7419	(1323, 651)	(132, 65)	49
19:02:54.751	47	33.189	(1314, 650)	(131, 65)	49
19:02:54.799	51	33.6683	(1303, 649)	(130, 65)	49
19:02:54.870	48	33.7923	(1294, 648)	(129, 65)	49
19:02:54.925	56	34.0564	(1284, 647)	(128, 65)	49
19:02:54.991	61	34.1043	(1274, 647)	(127, 65)	49
19:02:55.058	61	34.1324	(1264, 646)	(126, 65)	49
19:02:55.128	61	34.2636	(1256, 644)	(126, 64)	49
19:02:55.197	62	34.2644	(1254, 644)	(125, 64)	49
19:02:55.267	60	34.4923	(1244, 643)	(124, 64)	49
19:02:55.335	61	34.5471	(1234, 643)	(123, 64)	49
19:02:55.406	60	34.8921	(1224, 641)	(122, 64)	49
19:02:55.476	62	35.1822	(1214, 641)	(121, 64)	49
19:02:55.544	53	35.4913	(1204, 641)	(120, 64)	49
19:02:55.599	55	36.1576	(1194, 640)	(119, 64)	49
19:02:55.662	59	36.3499	(1184, 639)	(118, 64)	49
19:02:55.726	57	36.9341	(1174, 639)	(117, 64)	49
19:02:55.788	56	37.232	(1164, 637)	(116, 64)	49
19:02:55.850	60	37.4083	(1154, 637)	(115, 64)	49
19:02:55.920	64	37.636	(1144, 636)	(114, 64)	49
19:02:55.989	57	37.9824	(1134, 636)	(113, 64)	49
19:02:56.052	62	38.0769	(1124, 635)	(112, 64)	49
19:02:56.122	66	38.2077	(1114, 635)	(111, 64)	49
19:02:56.197	54	38.3123	(1110, 634)	(111, 63)	49
19:02:56.252	61	38.3004	(1104, 634)	(110, 63)	49
19:02:56.324	62	38.3087	(1093, 633)	(109, 63)	49
19:02:56.392	54	38.3027	(1084, 632)	(108, 63)	49
19:02:56.447	59	38.5187	(1074, 632)	(107, 63)	49
19:02:56.512	65	38.5099	(1064, 631)	(106, 63)	49
19:02:56.587	57	38.9156	(1051, 631)	(105, 63)	49
19:02:56.651	66	38.9401	(1032, 629)	(103, 63)	49
19:02:56.727	66	38.8947	(1024, 629)	(102, 63)	49
19:02:56.804	57	38.827	(1014, 629)	(101, 63)	49
19:02:56.864	57	38.7221	(1004, 628)	(100, 63)	49
19:02:56.928	64	38.5493	(994, 627)	(99, 63)	49
19:02:56.997	62	38.688	(984, 627)	(98, 63)	49
19:02:57.066	61	38.556	(974, 627)	(97, 63)	49
19:02:57.138	65	38.503	(964, 626)	(96, 63)	49
19:02:57.215	60	38.7121	(954, 626)	(95, 63)	49
19:02:57.281	60	38.5553	(944, 626)	(94, 63)	49
19:02:57.353	65	38.4521	(934, 625)	(93, 63)	49
19:02:57.442	59	38.46	(927, 624)	(93, 62)	49
19:02:57.504	63	38.4716	(924, 624)	(92, 62)	49
19:02:57.576	68	38.3163	(914, 623)	(91, 62)	49
19:02:57.654	56	38.1892	(904, 622)	(90, 62)	49
19:02:57.713	60	37.976	(894, 621)	(89, 62)	49
19:02:57.786	63	37.6273	(884, 620)	(88, 62)	49
19:02:57.853	53	37.5779	(873, 619)	(87, 62)	49
19:02:57.914	53	37.6816	(864, 619)	(86, 62)	49
19:02:57.979	66	37.4179	(854, 619)	(85, 62)	49
19:02:58.055	63	37.1289	(843, 618)	(84, 62)	49
19:02:58.123	59	36.9652	(834, 618)	(83, 62)	49
19:02:58.187	62	36.9511	(823, 617)	(82, 62)	49
19:02:58.257	59	36.6314	(814, 617)	(81, 62)	49
19:02:58.326	57	36.3825	(804, 617)	(80, 62)	49
19:02:58.388	57	36.1081	(794, 617)	(79, 62)	49
19:02:58.451	56	35.6538	(784, 616)	(78, 62)	49
19:02:58.513	55	35.085	(772, 616)	(77, 62)	49
19:02:58.575	59	34.8425	(764, 615)	(76, 62)	49
19:02:58.639	63	34.3216	(754, 615)	(75, 62)	49
19:02:58.710	51	33.9443	(744, 615)	(74, 62)	49
19:02:58.769	58	33.2141	(734, 615)	(73, 62)	49
19:02:58.836	54	32.6342	(724, 615)	(72, 62)	49
19:02:58.895	49	31.9843	(714, 615)	(71, 62)	49
19:02:58.950	53	31.4639	(704, 615)	(70, 62)	49
19:02:59.007	56	31.0662	(694, 615)	(69, 62)	49
19:02:59.070	58	30.6053	(684, 615)	(68, 62)	49
19:02:59.132	45	30.137	(674, 615)	(67, 62)	49
19:02:59.179	44	29.732	(664, 616)	(66, 62)	49
19:02:59.230	53	29.2071	(654, 617)	(65, 62)	49
19:02:59.292	51	28.7279	(644, 618)	(64, 62)	49
19:02:59.346	43	28.0393	(634, 618)	(63, 62)	49
19:02:59.395	46	27.7812	(624, 619)	(62, 62)	49
19:02:59.452	56	26.9624	(614, 619)	(61, 62)	49
19:02:59.516	48	26.4916	(604, 621)	(60, 62)	49
19:02:59.570	46	25.9511	(594, 621)	(59, 62)	49
19:02:59.625	45	25.5298	(584, 622)	(58, 62)	49
19:02:59.673	50	24.9751	(574, 624)	(57, 62)	49
19:02:59.730	47	24.7624	(566, 625)	(57, 63)	49
19:02:59.785	44	24.6727	(564, 625)	(56, 63)	49
19:02:59.833	44	24.0538	(554, 625)	(55, 63)	49
19:02:59.882	43	23.3733	(544, 626)	(54, 63)	49
19:02:59.931	43	22.7599	(534, 628)	(53, 63)	49
19:02:59.980	39	22.2744	(524, 629)	(52, 63)	49
19:03:00.028	37	21.741	(514, 631)	(51, 63)	49
19:03:00.069	44	21.3653	(504, 633)	(50, 63)	49
19:03:00.118	47	20.9016	(494, 634)	(49, 63)	49
19:03:00.179	40	20.7711	(493, 635)	(49, 64)	49
19:03:00.222	40	20.4702	(484, 637)	(48, 64)	49
19:03:00.264	39	19.5911	(467, 641)	(47, 64)	49
19:03:00.306	43	19.572	(464, 642)	(46, 64)	49
19:03:00.356	45	19.3096	(458, 645)	(46, 65)	49
19:03:00.412	39	19.1399	(454, 646)	(45, 65)	49
19:03:00.459	36	18.8954	(444, 650)	(44, 65)	49
19:03:00.501	36	18.2902	(434, 654)	(43, 65)	49
19:03:00.542	46	18.2299	(432, 655)	(43, 66)	49
19:03:00.600	36	17.7959	(424, 658)	(42, 66)	49
19:03:00.640	35	17.0633	(414, 662)	(41, 66)	49
19:03:00.682	34	16.5919	(409, 665)	(41, 67)	49
19:03:00.723	35	16.3591	(404, 667)	(40, 67)	49
19:03:00.765	34	15.7253	(394, 671)	(39, 67)	49
19:03:00.806	35	15.2056	(387, 675)	(39, 68)	49
19:03:00.848	29	15.073	(384, 676)	(38, 68)	49
19:03:00.882	36	14.461	(374, 680)	(37, 68)	49
19:03:00.925	37	14.0422	(367, 685)	(37, 69)	49
19:03:00.966	30	13.8785	(364, 687)	(36, 69)	49
19:03:01.000	29	13.4994	(356, 695)	(36, 70)	49
19:03:01.035	27	13.3212	(354, 695)	(35, 70)	49
19:03:01.069	28	12.7967	(344, 704)	(34, 70)	49
19:03:01.105	30	12.7769	(344, 705)	(34, 71)	49
19:03:01.140	34	12.3	(337, 715)	(34, 72)	49
19:03:01.182	33	12.0756	(335, 725)	(34, 73)	49
19:03:01.227	29	11.98	(334, 727)	(33, 73)	49
19:03:01.259	26	11.8846	(331, 735)	(33, 74)	49
19:03:01.293	27	11.7581	(329, 746)	(33, 75)	49
19:03:01.328	30	11.7413	(329, 755)	(33, 76)	49
19:03:01.364	36	11.6511	(329, 765)	(33, 77)	49
19:03:01.405	36	11.5427	(329, 775)	(33, 78)	49
19:03:01.446	27	11.472	(329, 785)	(33, 79)	49
19:03:01.480	27	11.3299	(329, 795)	(33, 80)	49
19:03:01.515	28	11.2179	(329, 805)	(33, 81)	49
19:03:01.552	27	10.6807	(329, 833)	(33, 83)	49
19:03:01.585	28	10.6587	(329, 836)	(33, 84)	49
19:03:01.627	28	10.4713	(329, 845)	(33, 85)	49
19:03:01.661	29	10.2824	(329, 855)	(33, 86)	49
19:03:01.697	28	10.0496	(330, 865)	(33, 87)	49
19:03:01.731	27	9.88889	(332, 875)	(33, 88)	49
19:03:01.766	28	10.5204	(335, 883)	(34, 88)	49
19:03:01.801	28	9.74282	(335, 885)	(34, 89)	49
19:03:01.836	27	9.66474	(338, 895)	(34, 90)	49
19:03:01.870	27	10.3433	(341, 905)	(34, 91)	49
19:03:01.904	24	9.66459	(345, 914)	(35, 91)	49
19:03:01.932	24	9.60193	(346, 915)	(35, 92)	49
19:03:01.960	25	9.544	(350, 925)	(35, 93)	49
19:03:01.988	25	9.57185	(355, 931)	(36, 93)	49
19:03:02.015	25	9.53541	(357, 935)	(36, 94)	49
19:03:02.044	24	9.51141	(364, 945)	(36, 95)	49
19:03:02.071	25	9.53733	(365, 945)	(37, 95)	49
19:03:02.099	24	9.50785	(373, 955)	(37, 96)	49
19:03:02.126	25	9.53245	(375, 956)	(38, 96)	49
19:03:02.154	25	9.55407	(384, 965)	(38, 97)	49
19:03:02.182	25	9.57541	(385, 966)	(39, 97)	49
19:03:02.210	24	9.62074	(395, 975)	(40, 98)	49
19:03:02.238	25	9.736	(405, 982)	(41, 98)	49
19:03:02.266	25	9.85067	(411, 987)	(41, 99)	49
19:03:02.294	23	9.95156	(415, 989)	(42, 99)	49
19:03:02.321	24	10.0871	(423, 995)	(42, 100)	49
19:03:02.349	25	10.1135	(425, 996)	(43, 100)	49
19:03:02.377	25	10.3793	(435, 1001)	(44, 100)	49
19:03:02.404	26	10.4701	(441, 1005)	(44, 101)	49
19:03:02.432	26	10.5785	(446, 1007)	(45, 101)	49
19:03:02.460	25	10.8039	(455, 1012)	(46, 101)	49
19:03:02.488	25	10.9385	(461, 1015)	(46, 102)	49
19:03:02.516	25	11.0121	(465, 1017)	(47, 102)	49
19:03:02.543	26	11.2284	(475, 1022)	(48, 102)	49
19:03:02.572	28	11.3652	(481, 1025)	(48, 103)	49
19:03:02.607	30	11.4287	(485, 1026)	(49, 103)	49
19:03:02.642	31	11.6199	(495, 1030)	(50, 103)	49
19:03:02.677	30	11.8825	(505, 1034)	(51, 103)	49
19:03:02.712	29	11.8519	(506, 1035)	(51, 104)	49
19:03:02.746	30	12.127	(515, 1037)	(52, 104)	49
19:03:02.780	33	12.3041	(525, 1040)	(53, 104)	49
19:03:02.816	32	12.6489	(540, 1043)	(54, 104)	49
19:03:02.850	32	12.8059	(545, 1044)	(55, 104)	49
19:03:02.885	31	12.8868	(549, 1045)	(55, 105)	49
19:03:02.919	27	13.1145	(555, 1046)	(56, 105)	49
19:03:02.954	34	13.775	(577, 1050)	(58, 105)	49
19:03:02.997	31	13.98	(585, 1052)	(59, 105)	49
19:03:03.031	30	14.255	(595, 1053)	(60, 105)	49
19:03:03.066	29	14.5151	(605, 1054)	(61, 105)	49
19:03:03.100	30	14.539	(608, 1055)	(61, 106)	49
19:03:03.135	30	14.6799	(615, 1056)	(62, 106)	49
19:03:03.169	31	14.9665	(625, 1057)	(63, 106)	49
19:03:03.204	37	15.3068	(635, 1058)	(64, 106)	49
19:03:03.247	38	15.5064	(645, 1059)	(65, 106)	49
19:03:03.289	40	15.7841	(655, 1060)	(66, 106)	49
19:03:03.337	33	16.8049	(665, 1061)	(67, 106)	49
19:03:03.379	33	16.3793	(675, 1061)	(68, 106)	49
19:03:03.421	33	16.5542	(685, 1063)	(69, 106)	49
19:03:03.462	34	17.6399	(695, 1063)	(70, 106)	49
19:03:03.504	33	17.1086	(705, 1064)	(71, 106)	49
19:03:03.545	34	17.4747	(715, 1064)	(72, 106)	49
19:03:03.587	34	17.4735	(719, 1065)	(72, 107)	49
19:03:03.629	33	17.5778	(725, 1065)	(73, 107)	49
19:03:03.670	41	17.8446	(735, 1066)	(74, 107)	49
19:03:03.720	40	18.0944	(745, 1066)	(75, 107)	49
19:03:03.767	33	18.3456	(755, 1066)	(76, 107)	49
19:03:03.801	33	18.5206	(765, 1066)	(77, 107)	49
19:03:03.836	33	18.679	(775, 1067)	(78, 107)	49
19:03:03.873	39	18.8855	(785, 1067)	(79, 107)	49
19:03:03.921	42	19.0753	(795, 1068)	(80, 107)	49
19:03:03.970	32	19.1647	(805, 1069)	(81, 107)	49
19:03:04.010	33	19.281	(815, 1070)	(82, 107)	49
19:03:04.045	39	19.4828	(825, 1071)	(83, 107)	49
19:03:04.088	40	19.4455	(835, 1072)	(84, 107)	49
19:03:04.136	40	19.5524	(845, 1073)	(85, 107)	49
19:03:04.184	36	19.6154	(856, 1074)	(86, 107)	49
19:03:04.226	39	19.5711	(862, 1075)	(86, 108)	49
19:03:04.269	40	19.5084	(865, 1075)	(87, 108)	49
19:03:04.318	40	19.5895	(875, 1075)	(88, 108)	49
19:03:04.366	41	19.6742	(885, 1076)	(89, 108)	49
19:03:04.414	37	19.7159	(895, 1077)	(90, 108)	49
19:03:04.457	39	19.6902	(905, 1078)	(91, 108)	49
19:03:04.505	46	19.6609	(915, 1078)	(92, 108)	49
19:03:04.561	35	19.559	(925, 1079)	(93, 108)	49
19:03:04.602	34	19.5702	(935, 1080)	(94, 108)	49
19:03:04.643	33	19.5539	(945, 1081)	(95, 108)	49
19:03:04.678	40	19.4871	(955, 1082)	(96, 108)	49
19:03:04.721	44	19.5391	(965, 1082)	(97, 108)	49
19:03:04.769	41	19.3939	(975, 1083)	(98, 108)	49
19:03:04.817	36	19.3831	(986, 1083)	(99, 108)	49
19:03:04.859	42	19.3239	(995, 1084)	(100, 108)	49
19:03:04.907	38	19.2859	(1005, 1084)	(101, 108)	49
19:03:04.950	37	19.3064	(1015, 1084)	(102, 108)	49
19:03:04.992	38	19.1837	(1017, 1085)	(102, 109)	49
19:03:05.033	34	19.2327	(1025, 1085)	(103, 109)	49
19:03:05.076	40	19.1953	(1040, 1085)	(104, 109)	49
19:03:05.124	43	19.2142	(1048, 1085)	(105, 109)	49
19:03:05.172	46	19.0895	(1055, 1086)	(106, 109)	49
19:03:05.221	35	19.1501	(1065, 1086)	(107, 109)	49
19:03:05.262	35	19.2133	(1075, 1086)	(108, 109)	49
19:03:05.304	37	19.8699	(1085, 1086)	(109, 109)	49
19:03:05.346	43	19.1259	(1096, 1086)	(110, 109)	49
19:03:05.397	43	19.1264	(1105, 1086)	(111, 109)	49
19:03:05.444	34	19.1428	(1115, 1086)	(112, 109)	49
19:03:05.485	33	19.1459	(1126, 1086)	(113, 109)	49
19:03:05.519	38	19.0618	(1135, 1086)	(114, 109)	49
19:03:05.561	40	18.9969	(1146, 1086)	(115, 109)	49
19:03:05.611	37	18.9465	(1155, 1086)	(116, 109)	49
19:03:05.652	33	18.969	(1166, 1086)	(117, 109)	49
19:03:05.686	32	18.944	(1175, 1086)	(118, 109)	49
19:03:05.721	36	18.8096	(1185, 1085)	(119, 109)	49
19:03:05.766	39	18.8273	(1188, 1084)	(119, 108)	49
19:03:05.812	40	18.7839	(1195, 1084)	(120, 108)	49
19:03:05.860	35	18.8664	(1205, 1082)	(121, 108)	49
19:03:05.901	36	18.7999	(1215, 1081)	(122, 108)	49
19:03:05.943	35	18.6825	(1225, 1081)	(123, 108)	49
19:03:05.985	35	18.5501	(1235, 1081)	(124, 108)	49
19:03:06.027	36	19.1264	(1245, 1080)	(125, 108)	49
19:03:06.068	39	18.1616	(1255, 1080)	(126, 108)	49
19:03:06.112	42	17.9495	(1265, 1079)	(127, 108)	49
19:03:06.161	54	17.8825	(1275, 1078)	(128, 108)	49
19:03:06.221	36	17.7905	(1286, 1077)	(129, 108)	49
19:03:06.264	35	18.344	(1295, 1077)	(130, 108)	49
19:03:06.305	35	17.5904	(1305, 1077)	(131, 108)	49
19:03:06.346	35	17.5394	(1315, 1077)	(132, 108)	49
19:03:06.389	34	17.4028	(1325, 1077)	(133, 108)	49
19:03:06.430	35	17.313	(1335, 1077)	(134, 108)	49
19:03:06.472	33	17.2154	(1345, 1077)	(135, 108)	49
19:03:06.513	33	17.0791	(1355, 1077)	(136, 108)	49
19:03:06.556	33	17.5338	(1365, 1079)	(137, 108)	49
19:03:06.596	33	16.7261	(1375, 1080)	(138, 108)	49
19:03:06.631	38	16.5225	(1385, 1081)	(139, 108)	49
19:03:06.674	33	16.4535	(1395, 1081)	(140, 108)	49
19:03:06.716	33	16.9095	(1405, 1083)	(141, 108)	49
19:03:06.757	40	16.6816	(1416, 1084)	(142, 108)	49
19:03:06.807	41	15.9391	(1418, 1085)	(142, 109)	49
19:03:06.854	34	15.9406	(1425, 1085)	(143, 109)	49
19:03:06.896	31	15.6794	(1437, 1088)	(144, 109)	49
19:03:06.930	29	15.6206	(1445, 1088)	(145, 109)	49
19:03:06.965	30	15.5012	(1455, 1089)	(146, 109)	49
19:03:07.001	36	15.3997	(1465, 1090)	(147, 109)	49
19:03:07.043	38	15.2455	(1476, 1091)	(148, 109)	49
19:03:07.088	32	15.1433	(1485, 1092)	(149, 109)	49
19:03:07.126	29	15.0185	(1495, 1093)	(150, 109)	49
19:03:07.161	29	14.8194	(1505, 1093)	(151, 109)	49
19:03:07.195	28	14.6987	(1515, 1093)	(152, 109)	49
19:03:07.230	27	14.5864	(1525, 1093)	(153, 109)	49
19:03:07.265	34	14.4246	(1535, 1094)	(154, 109)	49
19:03:07.307	30	14.3001	(1545, 1094)	(155, 109)	49
19:03:07.340	30	14.3053	(1555, 1094)	(156, 109)	49
19:03:07.375	36	14.1404	(1565, 1094)	(157, 109)	49
19:03:07.419	36	14.0418	(1566, 1095)	(157, 110)	49
19:03:07.460	38	13.8499	(1575, 1095)	(158, 110)	49
19:03:07.502	37	13.7015	(1585, 1095)	(159, 110)	49
19:03:07.543	30	13.529	(1596, 1096)	(160, 110)	49
19:03:07.577	30	13.4881	(1605, 1096)	(161, 110)	49
19:03:07.613	30	13.3261	(1615, 1096)	(162, 110)	49
19:03:07.654	32	13.1213	(1625, 1097)	(163, 110)	49
19:03:07.689	31	12.9474	(1635, 1097)	(164, 110)	49
19:03:07.723	32	12.6963	(1645, 1097)	(165, 110)	49
19:03:07.758	30	12.5889	(1655, 1098)	(166, 110)	49
19:03:07.793	30	12.407	(1665, 1098)	(167, 110)	49
19:03:07.827	32	12.2658	(1675, 1099)	(168, 110)	49
19:03:07.863	30	12.7339	(1685, 1099)	(169, 110)	49
19:03:07.897	30	11.9323	(1695, 1100)	(170, 110)	49
19:03:07.939	26	11.7295	(1705, 1100)	(171, 110)	49
19:03:07.973	28	11.525	(1715, 1101)	(172, 110)	49
19:03:08.007	32	11.3573	(1725, 1101)	(173, 110)	49
19:03:08.044	33	11.1022	(1735, 1103)	(174, 110)	49
19:03:08.085	33	10.8298	(1748, 1104)	(175, 110)	49
19:03:08.127	28	10.731	(1753, 1105)	(175, 111)	49
19:03:08.161	27	10.7443	(1755, 1105)	(176, 111)	49
19:03:08.195	27	10.5628	(1765, 1106)	(177, 111)	49
19:03:08.230	29	10.4348	(1775, 1107)	(178, 111)	49
19:03:08.265	33	10.264	(1785, 1108)	(179, 111)	49
19:03:08.307	31	10.1027	(1798, 1109)	(180, 111)	49
19:03:08.342	31	9.98652	(1806, 1111)	(181, 111)	49
19:03:08.377	26	9.91526	(1815, 1112)	(182, 111)	49
19:03:08.411	27	9.82696	(1825, 1112)	(183, 111)	49
19:03:08.446	34	10.4199	(1835, 1113)	(184, 111)	49
19:03:08.489	36	9.64756	(1850, 1114)	(185, 111)	49
19:03:08.532	36	9.63452	(1855, 1114)	(186, 111)	49
19:03:08.575	29	9.61793	(1858, 1115)	(186, 112)	49
19:03:08.606	24	9.56593	(1865, 1116)	(187, 112)	49
19:03:08.633	23	9.50948	(1877, 1117)	(188, 112)	49
19:03:08.661	27	9.45778	(1885, 1118)	(189, 112)	49
19:03:08.697	30	9.36089	(1895, 1120)	(190, 112)	49
19:03:08.731	24	9.34385	(1905, 1121)	(191, 112)	49
19:03:08.758	22	6.74415	(0, 0)	(0, 0)	49
EOM

