BOM
Frame extends: 2263, 1306
_ms_area: 10
measurements taken: 585
current rendering method: 2
is mouse replay: 1
Camera settings: Roation Quaternion: ( -0.00487357, -0.580709, -0.0914651, 0.80893), Translationsvektor: ( 0.0238621, -0.133231, 2.11).
System_Time	Elapsed_Time_PaintGL	Elapsed_Kernel_Time	Frame_Coordinates	Grid_Position	Manual_Measurement
19:03:11.606	28	18.2606	(318, 226)	(32, 23)	49
19:03:11.644	27	18.329	(325, 225)	(33, 23)	49
19:03:11.679	31	18.1908	(335, 225)	(34, 23)	49
19:03:11.714	30	18.1741	(345, 225)	(35, 23)	49
19:03:11.748	30	18.1788	(357, 225)	(36, 23)	49
19:03:11.784	28	18.0976	(372, 225)	(37, 23)	49
19:03:11.817	28	18.0585	(375, 225)	(38, 23)	49
19:03:11.853	33	17.9653	(385, 225)	(39, 23)	49
19:03:11.894	33	17.9511	(395, 225)	(40, 23)	49
19:03:11.936	34	17.9144	(405, 225)	(41, 23)	49
19:03:11.979	29	17.8704	(415, 225)	(42, 23)	49
19:03:12.012	29	17.8289	(425, 225)	(43, 23)	49
19:03:12.047	31	17.8628	(435, 226)	(44, 23)	49
19:03:12.082	31	17.8575	(445, 226)	(45, 23)	49
19:03:12.117	32	17.8658	(455, 226)	(46, 23)	49
19:03:12.159	34	17.8486	(465, 227)	(47, 23)	49
19:03:12.202	31	17.9348	(475, 227)	(48, 23)	49
19:03:12.235	28	17.832	(485, 228)	(49, 23)	49
19:03:12.269	33	17.88	(495, 228)	(50, 23)	49
19:03:12.312	34	17.8733	(505, 229)	(51, 23)	49
19:03:12.354	35	18.0544	(515, 229)	(52, 23)	49
19:03:12.395	35	17.925	(525, 229)	(53, 23)	49
19:03:12.438	31	18.0834	(535, 229)	(54, 23)	49
19:03:12.472	29	18.4775	(545, 229)	(55, 23)	49
19:03:12.506	29	18.563	(555, 229)	(56, 23)	49
19:03:12.541	30	18.9556	(565, 229)	(57, 23)	49
19:03:12.575	30	19.1182	(575, 229)	(58, 23)	49
19:03:12.611	29	19.3359	(585, 229)	(59, 23)	49
19:03:12.645	30	19.5849	(596, 229)	(60, 23)	49
19:03:12.680	31	19.7579	(605, 230)	(61, 23)	49
19:03:12.728	35	20.0138	(615, 230)	(62, 23)	49
19:03:12.772	39	20.1541	(626, 230)	(63, 23)	49
19:03:12.820	35	20.1267	(635, 230)	(64, 23)	49
19:03:12.861	32	20.4698	(645, 230)	(65, 23)	49
19:03:12.903	32	20.5132	(655, 230)	(66, 23)	49
19:03:12.945	32	20.693	(665, 230)	(67, 23)	49
19:03:12.985	35	20.8255	(680, 230)	(68, 23)	49
19:03:13.027	34	21.0775	(685, 230)	(69, 23)	49
19:03:13.069	32	21.1847	(695, 230)	(70, 23)	49
19:03:13.104	30	21.4132	(705, 230)	(71, 23)	49
19:03:13.138	36	21.6359	(715, 230)	(72, 23)	49
19:03:13.181	38	21.8219	(725, 230)	(73, 23)	49
19:03:13.223	38	22.1262	(735, 230)	(74, 23)	49
19:03:13.263	33	22.5129	(749, 230)	(75, 23)	49
19:03:13.298	31	22.6521	(756, 230)	(76, 23)	49
19:03:13.332	39	22.9067	(766, 230)	(77, 23)	49
19:03:13.376	42	23.135	(775, 230)	(78, 23)	49
19:03:13.425	43	23.3567	(785, 230)	(79, 23)	49
19:03:13.473	35	23.6412	(796, 229)	(80, 23)	49
19:03:13.514	38	23.7625	(805, 229)	(81, 23)	49
19:03:13.558	42	23.8018	(815, 229)	(82, 23)	49
19:03:13.606	43	24.0687	(825, 228)	(83, 23)	49
19:03:13.654	43	24.2735	(835, 228)	(84, 23)	49
19:03:13.704	40	24.6206	(845, 228)	(85, 23)	49
19:03:13.750	35	24.7932	(855, 228)	(86, 23)	49
19:03:13.792	38	25.181	(865, 228)	(87, 23)	49
19:03:13.834	37	25.3239	(875, 228)	(88, 23)	49
19:03:13.876	39	25.4514	(885, 228)	(89, 23)	49
19:03:13.917	36	25.6879	(895, 228)	(90, 23)	49
19:03:13.958	38	25.8637	(905, 228)	(91, 23)	49
19:03:14.001	40	25.8951	(915, 228)	(92, 23)	49
19:03:14.057	41	25.9723	(925, 228)	(93, 23)	49
19:03:14.106	38	25.7564	(935, 228)	(94, 23)	49
19:03:14.146	41	25.787	(945, 227)	(95, 23)	49
19:03:14.197	40	25.7156	(957, 227)	(96, 23)	49
19:03:14.244	42	25.5679	(966, 227)	(97, 23)	49
19:03:14.293	39	25.4167	(975, 227)	(98, 23)	49
19:03:14.335	37	25.555	(985, 227)	(99, 23)	49
19:03:14.377	41	25.441	(995, 227)	(100, 23)	49
19:03:14.426	40	25.4401	(1005, 227)	(101, 23)	49
19:03:14.475	41	25.2644	(1015, 226)	(102, 23)	49
19:03:14.523	41	25.361	(1025, 226)	(103, 23)	49
19:03:14.571	36	25.4363	(1035, 226)	(104, 23)	49
19:03:14.612	37	25.4151	(1045, 225)	(105, 23)	49
19:03:14.654	40	25.2218	(1055, 225)	(106, 23)	49
19:03:14.704	43	25.125	(1065, 225)	(107, 23)	49
19:03:14.752	36	25.0831	(1071, 224)	(107, 22)	49
19:03:14.793	34	25.1458	(1075, 224)	(108, 22)	49
19:03:14.834	40	25.004	(1085, 224)	(109, 22)	49
19:03:14.885	43	24.5954	(1095, 224)	(110, 22)	49
19:03:14.934	40	24.3757	(1105, 224)	(111, 22)	49
19:03:14.980	35	24.1907	(1115, 224)	(112, 22)	49
19:03:15.022	33	23.939	(1125, 224)	(113, 22)	49
19:03:15.057	36	23.4818	(1135, 224)	(114, 22)	49
19:03:15.101	40	23.2283	(1146, 223)	(115, 22)	49
19:03:15.149	39	23.0039	(1155, 223)	(116, 22)	49
19:03:15.196	34	22.8615	(1165, 223)	(117, 22)	49
19:03:15.238	39	22.6034	(1175, 223)	(118, 22)	49
19:03:15.288	42	22.4058	(1185, 223)	(119, 22)	49
19:03:15.335	36	22.2394	(1195, 223)	(120, 22)	49
19:03:15.377	36	22.1147	(1205, 223)	(121, 22)	49
19:03:15.425	35	21.8591	(1215, 223)	(122, 22)	49
19:03:15.469	37	21.6779	(1225, 223)	(123, 22)	49
19:03:15.510	38	21.3357	(1235, 223)	(124, 22)	49
19:03:15.552	38	21.229	(1245, 223)	(125, 22)	49
19:03:15.593	34	20.9101	(1255, 223)	(126, 22)	49
19:03:15.634	32	20.7561	(1265, 224)	(127, 22)	49
19:03:15.669	35	20.5367	(1275, 224)	(128, 22)	49
19:03:15.715	39	20.4874	(1282, 225)	(128, 23)	49
19:03:15.761	38	20.3471	(1285, 225)	(129, 23)	49
19:03:15.809	33	20.3677	(1295, 226)	(130, 23)	49
19:03:15.849	37	20.2004	(1305, 226)	(131, 23)	49
19:03:15.893	40	20.095	(1316, 228)	(132, 23)	49
19:03:15.942	40	19.9559	(1326, 228)	(133, 23)	49
19:03:15.990	37	19.8486	(1335, 228)	(134, 23)	49
19:03:16.030	33	19.8621	(1345, 229)	(135, 23)	49
19:03:16.072	33	19.7801	(1355, 230)	(136, 23)	49
19:03:16.115	32	19.6887	(1366, 230)	(137, 23)	49
19:03:16.156	32	19.6153	(1375, 230)	(138, 23)	49
19:03:16.198	33	19.533	(1386, 231)	(139, 23)	49
19:03:16.240	32	19.3412	(1395, 231)	(140, 23)	49
19:03:16.281	33	19.2532	(1405, 232)	(141, 23)	49
19:03:16.318	32	19.1175	(1415, 232)	(142, 23)	49
19:03:16.357	33	18.9933	(1425, 232)	(143, 23)	49
19:03:16.399	32	19.0729	(1435, 233)	(144, 23)	49
19:03:16.434	30	18.6391	(1445, 234)	(145, 23)	49
19:03:16.468	28	18.0809	(1455, 234)	(146, 23)	49
19:03:16.502	28	18.1679	(1465, 234)	(147, 23)	49
19:03:16.539	32	18.0849	(1478, 234)	(148, 23)	49
19:03:16.581	34	18.1489	(1485, 234)	(149, 23)	49
19:03:16.622	33	18.0553	(1488, 235)	(149, 24)	49
19:03:16.662	28	18.1113	(1495, 235)	(150, 24)	49
19:03:16.697	29	18.1246	(1506, 235)	(151, 24)	49
19:03:16.732	30	18.0597	(1516, 235)	(152, 24)	49
19:03:16.768	31	18.0332	(1526, 236)	(153, 24)	49
19:03:16.802	30	18.0213	(1535, 236)	(154, 24)	49
19:03:16.837	30	18.0068	(1546, 236)	(155, 24)	49
19:03:16.872	31	17.9776	(1556, 237)	(156, 24)	49
19:03:16.907	30	18.0148	(1565, 237)	(157, 24)	49
19:03:16.942	30	17.9484	(1575, 238)	(158, 24)	49
19:03:16.976	30	17.9652	(1585, 238)	(159, 24)	49
19:03:17.010	32	17.9015	(1595, 239)	(160, 24)	49
19:03:17.047	31	17.8908	(1605, 239)	(161, 24)	49
19:03:17.080	29	17.8575	(1615, 240)	(162, 24)	49
19:03:17.115	27	17.8964	(1625, 240)	(163, 24)	49
19:03:17.149	33	17.8936	(1636, 241)	(164, 24)	49
19:03:17.185	35	17.8806	(1645, 242)	(165, 24)	49
19:03:17.227	35	17.8139	(1655, 242)	(166, 24)	49
19:03:17.270	30	17.8661	(1666, 243)	(167, 24)	49
19:03:17.302	30	17.7899	(1676, 244)	(168, 24)	49
19:03:17.338	29	17.8087	(1677, 245)	(168, 25)	49
19:03:17.374	34	17.7196	(1686, 245)	(169, 25)	49
19:03:17.414	31	17.7181	(1696, 246)	(170, 25)	49
19:03:17.449	31	17.7316	(1705, 246)	(171, 25)	49
19:03:17.484	30	17.716	(1715, 248)	(172, 25)	49
19:03:17.519	30	17.6664	(1726, 249)	(173, 25)	49
19:03:17.553	31	17.6604	(1735, 250)	(174, 25)	49
19:03:17.589	36	17.604	(1745, 251)	(175, 25)	49
19:03:17.630	36	17.6401	(1755, 253)	(176, 25)	49
19:03:17.672	36	17.5763	(1765, 254)	(177, 25)	49
19:03:17.713	29	17.5839	(1768, 255)	(177, 26)	49
19:03:17.747	28	17.5646	(1775, 256)	(178, 26)	49
19:03:17.782	28	17.6373	(1785, 258)	(179, 26)	49
19:03:17.818	28	17.5301	(1795, 260)	(180, 26)	49
19:03:17.852	28	17.5127	(1805, 262)	(181, 26)	49
19:03:17.887	28	17.5317	(1815, 264)	(182, 26)	49
19:03:17.921	28	17.4858	(1817, 265)	(182, 27)	49
19:03:17.956	26	17.4881	(1825, 267)	(183, 27)	49
19:03:17.983	30	17.4447	(1838, 271)	(184, 27)	49
19:03:18.019	30	17.4444	(1845, 273)	(185, 27)	49
19:03:18.054	30	17.5022	(1849, 275)	(185, 28)	49
19:03:18.088	30	17.4099	(1858, 278)	(186, 28)	49
19:03:18.123	30	17.4034	(1865, 280)	(187, 28)	49
19:03:18.158	28	17.4452	(1874, 285)	(187, 29)	49
19:03:18.192	31	17.4191	(1875, 285)	(188, 29)	49
19:03:18.228	31	17.4142	(1885, 289)	(189, 29)	49
19:03:18.262	32	17.4276	(1895, 294)	(190, 29)	49
19:03:18.297	32	17.4025	(1895, 295)	(190, 30)	49
19:03:18.339	30	17.3584	(1905, 299)	(191, 30)	49
19:03:18.373	29	17.3581	(1912, 305)	(191, 31)	49
19:03:18.408	27	17.3841	(1915, 307)	(192, 31)	49
19:03:18.442	31	17.3719	(1925, 314)	(193, 31)	49
19:03:18.478	32	17.3399	(1926, 315)	(193, 32)	49
19:03:18.513	30	17.357	(1935, 322)	(194, 32)	49
19:03:18.547	28	17.4154	(1937, 325)	(194, 33)	49
19:03:18.581	34	17.3095	(1945, 333)	(195, 33)	49
19:03:18.625	38	17.2794	(1947, 335)	(195, 34)	49
19:03:18.667	36	17.3604	(1955, 344)	(196, 34)	49
19:03:18.708	33	17.3564	(1955, 345)	(196, 35)	49
19:03:18.749	29	17.3336	(1963, 355)	(196, 36)	49
19:03:18.784	27	17.4055	(1965, 358)	(197, 36)	49
19:03:18.818	28	17.3037	(1968, 365)	(197, 37)	49
19:03:18.853	27	17.4206	(1973, 375)	(197, 38)	49
19:03:18.887	28	17.364	(1975, 379)	(198, 38)	49
19:03:18.922	28	17.3224	(1976, 385)	(198, 39)	49
19:03:18.957	29	17.2985	(1980, 395)	(198, 40)	49
19:03:18.991	28	17.3299	(1982, 405)	(198, 41)	49
19:03:19.026	30	17.3164	(1984, 415)	(198, 42)	49
19:03:19.063	32	17.3305	(1985, 417)	(199, 42)	49
19:03:19.104	32	17.3286	(1985, 425)	(199, 43)	49
19:03:19.146	31	17.2884	(1987, 435)	(199, 44)	49
19:03:19.179	29	17.2972	(1988, 445)	(199, 45)	49
19:03:19.214	28	17.2964	(1989, 455)	(199, 46)	49
19:03:19.249	30	17.2846	(1989, 465)	(199, 47)	49
19:03:19.285	29	17.3338	(1989, 475)	(199, 48)	49
19:03:19.319	30	17.2994	(1988, 485)	(199, 49)	49
19:03:19.355	29	17.2868	(1985, 495)	(199, 50)	49
19:03:19.389	29	17.3233	(1984, 495)	(198, 50)	49
19:03:19.423	34	17.3064	(1980, 505)	(198, 51)	49
19:03:19.465	26	17.3287	(1972, 516)	(197, 52)	49
19:03:19.492	30	17.3378	(1965, 525)	(197, 53)	49
19:03:19.527	33	17.3403	(1964, 526)	(196, 53)	49
19:03:19.570	28	17.3547	(1954, 534)	(195, 53)	49
19:03:19.603	27	17.3416	(1953, 535)	(195, 54)	49
19:03:19.637	27	17.3748	(1944, 539)	(194, 54)	49
19:03:19.665	31	17.4019	(1937, 545)	(194, 55)	49
19:03:19.702	31	17.4031	(1934, 547)	(193, 55)	49
19:03:19.736	32	17.4065	(1924, 555)	(192, 56)	49
19:03:19.772	31	17.387	(1914, 561)	(191, 56)	49
19:03:19.805	28	17.3988	(1907, 565)	(191, 57)	49
19:03:19.840	27	17.428	(1904, 567)	(190, 57)	49
19:03:19.874	27	17.4296	(1894, 572)	(189, 57)	49
19:03:19.902	30	17.4062	(1890, 575)	(189, 58)	49
19:03:19.938	30	17.4046	(1884, 577)	(188, 58)	49
19:03:19.972	31	17.4726	(1874, 581)	(187, 58)	49
19:03:20.014	30	17.5184	(1866, 585)	(187, 59)	49
19:03:20.049	31	17.4375	(1864, 585)	(186, 59)	49
19:03:20.084	30	17.4773	(1854, 590)	(185, 59)	49
19:03:20.118	30	17.499	(1844, 594)	(184, 59)	49
19:03:20.153	31	17.4911	(1843, 595)	(184, 60)	49
19:03:20.188	29	17.5444	(1834, 597)	(183, 60)	49
19:03:20.222	27	17.5662	(1823, 601)	(182, 60)	49
19:03:20.250	27	17.5919	(1810, 606)	(181, 61)	49
19:03:20.286	34	17.6021	(1804, 609)	(180, 61)	49
19:03:20.327	35	17.6634	(1794, 612)	(179, 61)	49
19:03:20.369	41	17.6341	(1787, 615)	(179, 62)	49
19:03:20.418	31	17.6947	(1784, 616)	(178, 62)	49
19:03:20.452	27	17.6535	(1774, 619)	(177, 62)	49
19:03:20.486	33	17.7314	(1764, 622)	(176, 62)	49
19:03:20.522	32	17.7121	(1758, 625)	(176, 63)	49
19:03:20.563	32	17.7554	(1754, 626)	(175, 63)	49
19:03:20.599	31	17.7124	(1744, 628)	(174, 63)	49
19:03:20.634	30	17.9095	(1734, 631)	(173, 63)	49
19:03:20.667	29	17.9144	(1724, 633)	(172, 63)	49
19:03:20.703	41	18.1292	(1715, 635)	(172, 64)	49
19:03:20.752	37	18.2258	(1714, 635)	(171, 64)	49
19:03:20.794	35	18.2517	(1704, 637)	(170, 64)	49
19:03:20.835	30	18.3064	(1694, 638)	(169, 64)	49
19:03:20.869	33	18.484	(1684, 640)	(168, 64)	49
19:03:20.913	38	18.4541	(1674, 641)	(167, 64)	49
19:03:20.960	34	18.6252	(1664, 642)	(166, 64)	49
19:03:21.003	36	18.7807	(1654, 643)	(165, 64)	49
19:03:21.043	30	18.9616	(1644, 644)	(164, 64)	49
19:03:21.078	28	19.3353	(1633, 644)	(163, 64)	49
19:03:21.112	30	19.5396	(1624, 644)	(162, 64)	49
19:03:21.147	36	19.7296	(1614, 644)	(161, 64)	49
19:03:21.192	38	19.965	(1604, 644)	(160, 64)	49
19:03:21.240	33	20.185	(1594, 644)	(159, 64)	49
19:03:21.279	31	20.373	(1584, 644)	(158, 64)	49
19:03:21.313	33	20.4373	(1574, 644)	(157, 64)	49
19:03:21.349	33	20.719	(1564, 644)	(156, 64)	49
19:03:21.390	34	20.9187	(1554, 644)	(155, 64)	49
19:03:21.432	34	21.2194	(1548, 645)	(155, 65)	49
19:03:21.476	32	21.1141	(1544, 645)	(154, 65)	49
19:03:21.515	33	21.3043	(1534, 645)	(153, 65)	49
19:03:21.558	37	21.6286	(1524, 646)	(152, 65)	49
19:03:21.601	38	21.8203	(1514, 647)	(151, 65)	49
19:03:21.648	38	21.9896	(1504, 648)	(150, 65)	49
19:03:21.690	34	22.1204	(1494, 649)	(149, 65)	49
19:03:21.731	37	22.477	(1484, 651)	(148, 65)	49
19:03:21.773	39	22.6766	(1474, 652)	(147, 65)	49
19:03:21.822	40	22.9071	(1464, 652)	(146, 65)	49
19:03:21.872	38	23.0234	(1454, 653)	(145, 65)	49
19:03:21.912	34	23.239	(1444, 654)	(144, 65)	49
19:03:21.954	39	23.4936	(1434, 654)	(143, 65)	49
19:03:22.003	48	23.7299	(1419, 654)	(142, 65)	49
19:03:22.059	42	23.679	(1414, 654)	(141, 65)	49
19:03:22.108	37	24.1436	(1404, 654)	(140, 65)	49
19:03:22.147	37	24.2594	(1394, 654)	(139, 65)	49
19:03:22.192	39	24.5163	(1384, 654)	(138, 65)	49
19:03:22.239	40	24.5959	(1374, 654)	(137, 65)	49
19:03:22.288	41	25.0557	(1356, 653)	(136, 65)	49
19:03:22.335	38	25.3061	(1354, 653)	(135, 65)	49
19:03:22.377	43	25.4585	(1344, 652)	(134, 65)	49
19:03:22.428	46	25.5767	(1334, 651)	(133, 65)	49
19:03:22.483	46	25.8439	(1323, 651)	(132, 65)	49
19:03:22.537	37	25.8591	(1314, 650)	(131, 65)	49
19:03:22.578	40	25.8622	(1303, 649)	(130, 65)	49
19:03:22.621	43	25.907	(1294, 648)	(129, 65)	49
19:03:22.670	43	26.175	(1284, 647)	(128, 65)	49
19:03:22.719	40	26.2867	(1274, 647)	(127, 65)	49
19:03:22.767	37	26.3004	(1264, 646)	(126, 65)	49
19:03:22.808	36	26.2381	(1256, 644)	(126, 64)	49
19:03:22.850	35	26.3356	(1254, 644)	(125, 64)	49
19:03:22.893	46	26.4418	(1244, 643)	(124, 64)	49
19:03:22.949	41	26.5596	(1234, 643)	(123, 64)	49
19:03:22.996	41	26.7033	(1224, 641)	(122, 64)	49
19:03:23.045	40	26.6244	(1214, 641)	(121, 64)	49
19:03:23.093	40	26.6447	(1204, 641)	(120, 64)	49
19:03:23.142	41	26.7656	(1194, 640)	(119, 64)	49
19:03:23.191	41	26.5471	(1184, 639)	(118, 64)	49
19:03:23.240	42	26.6736	(1174, 639)	(117, 64)	49
19:03:23.289	46	26.9427	(1164, 637)	(116, 64)	49
19:03:23.345	44	26.9119	(1154, 637)	(115, 64)	49
19:03:23.393	40	26.936	(1144, 636)	(114, 64)	49
19:03:23.442	46	27.0782	(1134, 636)	(113, 64)	49
19:03:23.498	46	27.3061	(1124, 635)	(112, 64)	49
19:03:23.553	41	27.5243	(1114, 635)	(111, 64)	49
19:03:23.601	41	27.3065	(1110, 634)	(111, 63)	49
19:03:23.650	40	27.3721	(1104, 634)	(110, 63)	49
19:03:23.698	42	27.5547	(1093, 633)	(109, 63)	49
19:03:23.748	46	27.2633	(1084, 632)	(108, 63)	49
19:03:23.804	43	27.367	(1074, 632)	(107, 63)	49
19:03:23.852	39	27.0761	(1064, 631)	(106, 63)	49
19:03:23.900	44	27.284	(1051, 631)	(105, 63)	49
19:03:23.950	46	27.1919	(1032, 629)	(103, 63)	49
19:03:24.011	42	27.0071	(1024, 629)	(102, 63)	49
19:03:24.060	39	26.9957	(1014, 629)	(101, 63)	49
19:03:24.108	41	27.2883	(1004, 628)	(100, 63)	49
19:03:24.159	46	27.3161	(994, 627)	(99, 63)	49
19:03:24.213	41	27.1818	(984, 627)	(98, 63)	49
19:03:24.261	36	27.1618	(974, 627)	(97, 63)	49
19:03:24.303	38	27.5	(964, 626)	(96, 63)	49
19:03:24.346	44	27.3744	(954, 626)	(95, 63)	49
19:03:24.394	47	27.081	(944, 626)	(94, 63)	49
19:03:24.450	38	27.0578	(934, 625)	(93, 63)	49
19:03:24.490	36	27.0384	(927, 624)	(93, 62)	49
19:03:24.531	41	27.0862	(924, 624)	(92, 62)	49
19:03:24.575	41	27.0544	(914, 623)	(91, 62)	49
19:03:24.622	38	26.9693	(904, 622)	(90, 62)	49
19:03:24.665	38	26.8569	(894, 621)	(89, 62)	49
19:03:24.708	44	26.8123	(884, 620)	(88, 62)	49
19:03:24.756	42	26.7862	(873, 619)	(87, 62)	49
19:03:24.804	43	26.7422	(864, 619)	(86, 62)	49
19:03:24.853	40	26.6308	(854, 619)	(85, 62)	49
19:03:24.901	39	26.637	(843, 618)	(84, 62)	49
19:03:24.943	42	26.5003	(834, 618)	(83, 62)	49
19:03:24.992	46	26.3216	(823, 617)	(82, 62)	49
19:03:25.048	47	26.1933	(814, 617)	(81, 62)	49
19:03:25.105	40	26.0127	(804, 617)	(80, 62)	49
19:03:25.152	42	25.8717	(794, 617)	(79, 62)	49
19:03:25.202	45	25.5249	(784, 616)	(78, 62)	49
19:03:25.256	45	25.4541	(772, 616)	(77, 62)	49
19:03:25.305	37	25.2759	(764, 615)	(76, 62)	49
19:03:25.346	37	25.0886	(754, 615)	(75, 62)	49
19:03:25.388	37	24.6561	(744, 615)	(74, 62)	49
19:03:25.429	41	24.4554	(734, 615)	(73, 62)	49
19:03:25.479	42	24.4283	(724, 615)	(72, 62)	49
19:03:25.529	37	24.0936	(714, 615)	(71, 62)	49
19:03:25.568	41	24.0099	(704, 615)	(70, 62)	49
19:03:25.618	41	23.9698	(694, 615)	(69, 62)	49
19:03:25.666	40	23.7996	(684, 615)	(68, 62)	49
19:03:25.715	35	23.6252	(674, 615)	(67, 62)	49
19:03:25.756	32	23.1308	(664, 616)	(66, 62)	49
19:03:25.790	32	23.0381	(654, 617)	(65, 62)	49
19:03:25.825	32	22.6095	(644, 618)	(64, 62)	49
19:03:25.860	35	22.5333	(634, 618)	(63, 62)	49
19:03:25.902	34	22.0575	(624, 619)	(62, 62)	49
19:03:25.943	32	21.6781	(614, 619)	(61, 62)	49
19:03:25.979	31	21.5794	(604, 621)	(60, 62)	49
19:03:26.014	35	21.1324	(594, 621)	(59, 62)	49
19:03:26.056	34	20.928	(584, 622)	(58, 62)	49
19:03:26.097	35	20.3788	(574, 624)	(57, 62)	49
19:03:26.139	32	20.2415	(566, 625)	(57, 63)	49
19:03:26.173	34	20.3164	(564, 625)	(56, 63)	49
19:03:26.215	35	20.1142	(554, 625)	(55, 63)	49
19:03:26.258	35	19.9062	(544, 626)	(54, 63)	49
19:03:26.299	38	19.6907	(534, 628)	(53, 63)	49
19:03:26.347	33	19.5241	(524, 629)	(52, 63)	49
19:03:26.389	32	19.5676	(514, 631)	(51, 63)	49
19:03:26.423	34	19.4474	(504, 633)	(50, 63)	49
19:03:26.465	34	19.2766	(494, 634)	(49, 63)	49
19:03:26.507	33	19.2052	(493, 635)	(49, 64)	49
19:03:26.542	30	19.1172	(484, 637)	(48, 64)	49
19:03:26.576	30	18.8732	(467, 641)	(47, 64)	49
19:03:26.611	30	18.8821	(464, 642)	(46, 64)	49
19:03:26.645	30	18.8644	(458, 645)	(46, 65)	49
19:03:26.681	34	18.7044	(454, 646)	(45, 65)	49
19:03:26.724	37	18.5347	(444, 650)	(44, 65)	49
19:03:26.764	31	18.443	(434, 654)	(43, 65)	49
19:03:26.798	30	18.4723	(432, 655)	(43, 66)	49
19:03:26.834	32	18.4619	(424, 658)	(42, 66)	49
19:03:26.869	30	18.2172	(414, 662)	(41, 66)	49
19:03:26.904	31	18.2599	(409, 665)	(41, 67)	49
19:03:26.938	31	18.2954	(404, 667)	(40, 67)	49
19:03:26.973	31	18.2693	(394, 671)	(39, 67)	49
19:03:27.007	29	18.2119	(387, 675)	(39, 68)	49
19:03:27.043	31	18.2255	(384, 676)	(38, 68)	49
19:03:27.077	30	18.2311	(374, 680)	(37, 68)	49
19:03:27.112	30	18.2037	(367, 685)	(37, 69)	49
19:03:27.146	30	18.2376	(364, 687)	(36, 69)	49
19:03:27.181	32	18.1809	(356, 695)	(36, 70)	49
19:03:27.215	28	18.2197	(354, 695)	(35, 70)	49
19:03:27.250	30	18.1954	(344, 704)	(34, 70)	49
19:03:27.287	32	18.1649	(344, 705)	(34, 71)	49
19:03:27.328	32	18.1935	(337, 715)	(34, 72)	49
19:03:27.370	34	18.1391	(335, 725)	(34, 73)	49
19:03:27.411	29	18.1624	(334, 727)	(33, 73)	49
19:03:27.445	27	18.024	(331, 735)	(33, 74)	49
19:03:27.479	28	18.0228	(329, 746)	(33, 75)	49
19:03:27.516	31	17.9754	(329, 755)	(33, 76)	49
19:03:27.557	33	18.0007	(329, 765)	(33, 77)	49
19:03:27.599	32	17.9	(329, 775)	(33, 78)	49
19:03:27.633	29	17.8806	(329, 785)	(33, 79)	49
19:03:27.667	29	17.8476	(329, 795)	(33, 80)	49
19:03:27.702	29	17.837	(329, 805)	(33, 81)	49
19:03:27.737	30	17.8159	(329, 833)	(33, 83)	49
19:03:27.772	29	17.8138	(329, 836)	(33, 84)	49
19:03:27.807	29	17.7959	(329, 845)	(33, 85)	49
19:03:27.842	29	17.7258	(329, 855)	(33, 86)	49
19:03:27.876	28	17.692	(330, 865)	(33, 87)	49
19:03:27.911	33	17.7436	(332, 875)	(33, 88)	49
19:03:27.954	37	17.7013	(335, 883)	(34, 88)	49
19:03:27.996	34	17.7074	(335, 885)	(34, 89)	49
19:03:28.037	31	17.7151	(338, 895)	(34, 90)	49
19:03:28.085	30	17.7068	(341, 905)	(34, 91)	49
19:03:28.121	36	17.6313	(345, 914)	(35, 91)	49
19:03:28.163	37	17.6686	(346, 915)	(35, 92)	49
19:03:28.205	36	17.4622	(350, 925)	(35, 93)	49
19:03:28.247	32	17.4907	(355, 931)	(36, 93)	49
19:03:28.287	30	17.5127	(357, 935)	(36, 94)	49
19:03:28.321	31	17.5173	(364, 945)	(36, 95)	49
19:03:28.356	30	17.5161	(365, 945)	(37, 95)	49
19:03:28.391	31	17.5913	(373, 955)	(37, 96)	49
19:03:28.426	32	17.5545	(375, 956)	(38, 96)	49
19:03:28.461	29	17.5246	(384, 965)	(38, 97)	49
19:03:28.495	31	17.5258	(385, 966)	(39, 97)	49
19:03:28.530	32	17.5563	(395, 975)	(40, 98)	49
19:03:28.566	31	17.5505	(405, 982)	(41, 98)	49
19:03:28.606	33	17.613	(411, 987)	(41, 99)	49
19:03:28.649	32	17.6434	(415, 989)	(42, 99)	49
19:03:28.690	28	17.589	(423, 995)	(42, 100)	49
19:03:28.724	27	17.6281	(425, 996)	(43, 100)	49
19:03:28.759	29	17.6341	(435, 1001)	(44, 100)	49
19:03:28.794	32	17.6991	(441, 1005)	(44, 101)	49
19:03:28.836	30	17.7407	(446, 1007)	(45, 101)	49
19:03:28.870	27	17.9041	(455, 1012)	(46, 101)	49
19:03:28.904	27	17.9324	(461, 1015)	(46, 102)	49
19:03:28.939	31	18.0766	(465, 1017)	(47, 102)	49
19:03:28.976	33	18.0813	(475, 1022)	(48, 102)	49
19:03:29.017	35	18.1987	(481, 1025)	(48, 103)	49
19:03:29.059	33	18.1711	(485, 1026)	(49, 103)	49
19:03:29.100	30	18.2348	(495, 1030)	(50, 103)	49
19:03:29.134	31	18.3569	(505, 1034)	(51, 103)	49
19:03:29.170	29	18.3747	(506, 1035)	(51, 104)	49
19:03:29.204	29	18.401	(515, 1037)	(52, 104)	49
19:03:29.239	30	18.4049	(525, 1040)	(53, 104)	49
19:03:29.274	30	18.4077	(540, 1043)	(54, 104)	49
19:03:29.308	29	18.4816	(545, 1044)	(55, 104)	49
19:03:29.343	34	18.4367	(549, 1045)	(55, 105)	49
19:03:29.385	32	18.5227	(555, 1046)	(56, 105)	49
19:03:29.427	33	18.9058	(577, 1050)	(58, 105)	49
19:03:29.469	34	18.8908	(585, 1052)	(59, 105)	49
19:03:29.510	32	19.0416	(595, 1053)	(60, 105)	49
19:03:29.544	30	19.0496	(605, 1054)	(61, 105)	49
19:03:29.579	30	19.024	(608, 1055)	(61, 106)	49
19:03:29.614	31	18.9862	(615, 1056)	(62, 106)	49
19:03:29.649	36	19.1071	(625, 1057)	(63, 106)	49
19:03:29.694	34	19.068	(635, 1058)	(64, 106)	49
19:03:29.732	29	19.2809	(645, 1059)	(65, 106)	49
19:03:29.766	30	19.3074	(655, 1060)	(66, 106)	49
19:03:29.802	35	19.3997	(665, 1061)	(67, 106)	49
19:03:29.844	34	19.4954	(675, 1061)	(68, 106)	49
19:03:29.885	35	19.6735	(685, 1063)	(69, 106)	49
19:03:29.930	32	19.689	(695, 1063)	(70, 106)	49
19:03:29.968	32	19.8031	(705, 1064)	(71, 106)	49
19:03:30.007	37	19.789	(715, 1064)	(72, 106)	49
19:03:30.054	38	19.8895	(719, 1065)	(72, 107)	49
19:03:30.102	35	19.9403	(725, 1065)	(73, 107)	49
19:03:30.143	31	20.0373	(735, 1066)	(74, 107)	49
19:03:30.177	29	20.2061	(745, 1066)	(75, 107)	49
19:03:30.211	31	20.2156	(755, 1066)	(76, 107)	49
19:03:30.248	35	20.2773	(765, 1066)	(77, 107)	49
19:03:30.290	36	20.4687	(775, 1067)	(78, 107)	49
19:03:30.333	35	20.4441	(785, 1067)	(79, 107)	49
19:03:30.372	29	20.6381	(795, 1068)	(80, 107)	49
19:03:30.406	30	20.6582	(805, 1069)	(81, 107)	49
19:03:30.441	34	20.6905	(815, 1070)	(82, 107)	49
19:03:30.486	37	20.7801	(825, 1071)	(83, 107)	49
19:03:30.534	37	20.9924	(835, 1072)	(84, 107)	49
19:03:30.573	34	21.1201	(845, 1073)	(85, 107)	49
19:03:30.615	38	21.1095	(856, 1074)	(86, 107)	49
19:03:30.659	40	21.0634	(862, 1075)	(86, 108)	49
19:03:30.707	40	21.0846	(865, 1075)	(87, 108)	49
19:03:30.757	33	21.1292	(875, 1075)	(88, 108)	49
19:03:30.795	32	21.3083	(885, 1076)	(89, 108)	49
19:03:30.830	33	21.3293	(895, 1077)	(90, 108)	49
19:03:30.866	34	21.4542	(905, 1078)	(91, 108)	49
19:03:30.908	38	21.4428	(915, 1078)	(92, 108)	49
19:03:30.950	36	21.5055	(925, 1079)	(93, 108)	49
19:03:30.991	34	21.575	(935, 1080)	(94, 108)	49
19:03:31.033	33	21.5261	(945, 1081)	(95, 108)	49
19:03:31.074	33	21.4636	(955, 1082)	(96, 108)	49
19:03:31.117	41	21.4701	(965, 1082)	(97, 108)	49
19:03:31.166	39	21.4163	(975, 1083)	(98, 108)	49
19:03:31.214	34	21.5044	(986, 1083)	(99, 108)	49
19:03:31.255	35	21.4767	(995, 1084)	(100, 108)	49
19:03:31.297	35	21.5499	(1005, 1084)	(101, 108)	49
19:03:31.339	33	21.524	(1015, 1084)	(102, 108)	49
19:03:31.380	35	21.5536	(1017, 1085)	(102, 109)	49
19:03:31.422	35	21.4847	(1025, 1085)	(103, 109)	49
19:03:31.464	34	21.4044	(1040, 1085)	(104, 109)	49
19:03:31.506	34	21.3959	(1048, 1085)	(105, 109)	49
19:03:31.547	35	21.3539	(1055, 1086)	(106, 109)	49
19:03:31.589	35	21.3532	(1065, 1086)	(107, 109)	49
19:03:31.631	34	21.388	(1075, 1086)	(108, 109)	49
19:03:31.672	35	21.4369	(1085, 1086)	(109, 109)	49
19:03:31.714	35	21.3397	(1096, 1086)	(110, 109)	49
19:03:31.756	34	21.4299	(1105, 1086)	(111, 109)	49
19:03:31.797	33	21.4424	(1115, 1086)	(112, 109)	49
19:03:31.838	31	21.4353	(1126, 1086)	(113, 109)	49
19:03:31.873	30	21.4523	(1135, 1086)	(114, 109)	49
19:03:31.907	35	21.4419	(1146, 1086)	(115, 109)	49
19:03:31.950	37	21.432	(1155, 1086)	(116, 109)	49
19:03:31.992	37	21.4911	(1166, 1086)	(117, 109)	49
19:03:32.035	33	21.2735	(1175, 1086)	(118, 109)	49
19:03:32.075	32	21.4009	(1185, 1085)	(119, 109)	49
19:03:32.110	37	21.4739	(1188, 1084)	(119, 108)	49
19:03:32.154	40	21.2773	(1195, 1084)	(120, 108)	49
19:03:32.202	41	21.2776	(1205, 1082)	(121, 108)	49
19:03:32.251	33	21.3813	(1215, 1081)	(122, 108)	49
19:03:32.291	37	21.4059	(1225, 1081)	(123, 108)	49
19:03:32.334	41	21.2409	(1235, 1081)	(124, 108)	49
19:03:32.383	40	21.1274	(1245, 1080)	(125, 108)	49
19:03:32.432	38	21.1987	(1255, 1080)	(126, 108)	49
19:03:32.479	33	21.0421	(1265, 1079)	(127, 108)	49
19:03:32.520	33	21.0579	(1275, 1078)	(128, 108)	49
19:03:32.562	34	21.0169	(1286, 1077)	(129, 108)	49
19:03:32.603	35	20.9196	(1295, 1077)	(130, 108)	49
19:03:32.646	33	20.7321	(1305, 1077)	(131, 108)	49
19:03:32.688	34	20.741	(1315, 1077)	(132, 108)	49
19:03:32.729	33	20.6256	(1325, 1077)	(133, 108)	49
19:03:32.772	33	20.6087	(1335, 1077)	(134, 108)	49
19:03:32.812	31	20.5117	(1345, 1077)	(135, 108)	49
19:03:32.847	30	20.5247	(1355, 1077)	(136, 108)	49
19:03:32.882	30	20.4541	(1365, 1079)	(137, 108)	49
19:03:32.916	30	20.1839	(1375, 1080)	(138, 108)	49
19:03:32.951	33	20.1852	(1385, 1081)	(139, 108)	49
19:03:32.993	33	20.1582	(1395, 1081)	(140, 108)	49
19:03:33.035	32	19.9071	(1405, 1083)	(141, 108)	49
19:03:33.076	31	19.8514	(1416, 1084)	(142, 108)	49
19:03:33.111	30	19.9196	(1418, 1085)	(142, 109)	49
19:03:33.146	28	19.8523	(1425, 1085)	(143, 109)	49
19:03:33.181	34	19.7923	(1437, 1088)	(144, 109)	49
19:03:33.223	34	19.727	(1445, 1088)	(145, 109)	49
19:03:33.265	33	19.6529	(1455, 1089)	(146, 109)	49
19:03:33.306	30	19.4772	(1465, 1090)	(147, 109)	49
19:03:33.340	29	19.4966	(1476, 1091)	(148, 109)	49
19:03:33.375	31	19.3813	(1485, 1092)	(149, 109)	49
19:03:33.410	32	19.3881	(1495, 1093)	(150, 109)	49
19:03:33.445	32	19.3105	(1505, 1093)	(151, 109)	49
19:03:33.479	34	19.3333	(1515, 1093)	(152, 109)	49
19:03:33.522	30	19.3271	(1525, 1093)	(153, 109)	49
19:03:33.556	29	19.2896	(1535, 1094)	(154, 109)	49
19:03:33.590	30	19.3381	(1545, 1094)	(155, 109)	49
19:03:33.625	31	19.3124	(1555, 1094)	(156, 109)	49
19:03:33.661	35	19.26	(1565, 1094)	(157, 109)	49
19:03:33.703	33	19.1806	(1566, 1095)	(157, 110)	49
19:03:33.743	31	19.2521	(1575, 1095)	(158, 110)	49
19:03:33.778	30	19.2222	(1585, 1095)	(159, 110)	49
19:03:33.813	31	19.2231	(1596, 1096)	(160, 110)	49
19:03:33.848	34	19.2209	(1605, 1096)	(161, 110)	49
19:03:33.891	34	19.2462	(1615, 1096)	(162, 110)	49
19:03:33.932	32	19.1664	(1625, 1097)	(163, 110)	49
19:03:33.965	31	19.1665	(1635, 1097)	(164, 110)	49
19:03:34.001	34	19.2154	(1645, 1097)	(165, 110)	49
19:03:34.043	40	19.2084	(1655, 1098)	(166, 110)	49
19:03:34.093	37	19.275	(1665, 1098)	(167, 110)	49
19:03:34.138	33	19.2507	(1675, 1099)	(168, 110)	49
19:03:34.175	32	19.3255	(1685, 1099)	(169, 110)	49
19:03:34.209	32	19.28	(1695, 1100)	(170, 110)	49
19:03:34.251	33	19.2662	(1705, 1100)	(171, 110)	49
19:03:34.286	33	19.4058	(1715, 1101)	(172, 110)	49
19:03:34.328	35	19.4271	(1725, 1101)	(173, 110)	49
19:03:34.370	32	19.3336	(1735, 1103)	(174, 110)	49
19:03:34.404	32	19.3972	(1748, 1104)	(175, 110)	49
19:03:34.439	37	19.3871	(1753, 1105)	(175, 111)	49
19:03:34.482	39	19.3151	(1755, 1105)	(176, 111)	49
19:03:34.531	37	19.2646	(1765, 1106)	(177, 111)	49
19:03:34.571	31	19.3914	(1775, 1107)	(178, 111)	49
19:03:34.606	31	19.3228	(1785, 1108)	(179, 111)	49
19:03:34.641	31	19.2381	(1798, 1109)	(180, 111)	49
19:03:34.675	32	19.2766	(1806, 1111)	(181, 111)	49
19:03:34.710	33	19.2452	(1815, 1112)	(182, 111)	49
19:03:34.746	33	19.2224	(1825, 1112)	(183, 111)	49
19:03:34.787	31	19.2613	(1835, 1113)	(184, 111)	49
19:03:34.821	28	19.221	(1850, 1114)	(185, 111)	49
19:03:34.856	28	19.1724	(1855, 1114)	(186, 111)	49
19:03:34.890	30	19.1181	(1858, 1115)	(186, 112)	49
19:03:34.926	30	19.1249	(1865, 1116)	(187, 112)	49
19:03:34.960	30	19.0818	(1877, 1117)	(188, 112)	49
19:03:34.994	34	19.0502	(1885, 1118)	(189, 112)	49
19:03:35.037	37	19.1459	(1895, 1120)	(190, 112)	49
19:03:35.079	36	19.0761	(1905, 1121)	(191, 112)	49
19:03:35.121	34	17.7757	(0, 0)	(0, 0)	49
EOM

