BOM
Frame extends: 2263, 1306
_ms_area: 10
measurements taken: 585
current rendering method: 0
is mouse replay: 1
Camera settings: Roation Quaternion: ( -0.00487357, -0.580709, -0.0914651, 0.80893), Translationsvektor: ( 0.0238621, -0.133231, 2.11).
System_Time	Elapsed_Time_PaintGL	Elapsed_Kernel_Time	Frame_Coordinates	Grid_Position	Manual_Measurement
19:01:40.264	59	50.9193	(-1, -1)	(-1, -1)	49
19:01:40.329	64	50.8779	(-1, -1)	(-1, -1)	49
19:01:40.404	63	50.9021	(-1, -1)	(-1, -1)	49
19:01:40.473	62	50.8896	(-1, -1)	(-1, -1)	49
19:01:40.541	58	51.0144	(-1, -1)	(-1, -1)	49
19:01:40.606	62	50.8751	(-1, -1)	(-1, -1)	49
19:01:40.675	63	50.9009	(-1, -1)	(-1, -1)	49
19:01:40.744	58	50.8646	(-1, -1)	(-1, -1)	49
19:01:40.805	58	50.9982	(-1, -1)	(-1, -1)	49
19:01:40.870	62	50.919	(-1, -1)	(-1, -1)	49
19:01:40.940	62	50.8764	(-1, -1)	(-1, -1)	49
19:01:41.007	60	50.8919	(-1, -1)	(-1, -1)	49
19:01:41.078	62	50.8999	(-1, -1)	(-1, -1)	49
19:01:41.148	64	50.8733	(-1, -1)	(-1, -1)	49
19:01:41.215	61	50.8643	(-1, -1)	(-1, -1)	49
19:01:41.280	63	50.9273	(-1, -1)	(-1, -1)	49
19:01:41.353	62	50.8861	(-1, -1)	(-1, -1)	49
19:01:41.417	59	50.8821	(-1, -1)	(-1, -1)	49
19:01:41.481	63	50.8913	(-1, -1)	(-1, -1)	49
19:01:41.550	60	50.8846	(-1, -1)	(-1, -1)	49
19:01:41.612	59	50.9739	(-1, -1)	(-1, -1)	49
19:01:41.676	63	50.8658	(-1, -1)	(-1, -1)	49
19:01:41.745	63	50.9145	(-1, -1)	(-1, -1)	49
19:01:41.814	58	50.9744	(-1, -1)	(-1, -1)	49
19:01:41.876	60	50.8671	(-1, -1)	(-1, -1)	49
19:01:41.948	61	50.8942	(-1, -1)	(-1, -1)	49
19:01:42.015	60	50.8747	(-1, -1)	(-1, -1)	49
19:01:42.079	61	50.897	(-1, -1)	(-1, -1)	49
19:01:42.148	63	50.8844	(-1, -1)	(-1, -1)	49
19:01:42.217	59	50.8484	(-1, -1)	(-1, -1)	49
19:01:42.279	57	50.9483	(-1, -1)	(-1, -1)	49
19:01:42.343	62	50.903	(-1, -1)	(-1, -1)	49
19:01:42.412	63	50.9502	(-1, -1)	(-1, -1)	49
19:01:42.481	57	50.925	(-1, -1)	(-1, -1)	49
19:01:42.545	63	50.8601	(-1, -1)	(-1, -1)	49
19:01:42.615	60	50.8921	(-1, -1)	(-1, -1)	49
19:01:42.682	60	51.0101	(-1, -1)	(-1, -1)	49
19:01:42.746	64	50.9597	(-1, -1)	(-1, -1)	49
19:01:42.816	62	50.8412	(-1, -1)	(-1, -1)	49
19:01:42.884	59	51.0098	(-1, -1)	(-1, -1)	49
19:01:42.948	62	50.8493	(-1, -1)	(-1, -1)	49
19:01:43.018	64	50.9147	(-1, -1)	(-1, -1)	49
19:01:43.086	59	50.8856	(-1, -1)	(-1, -1)	49
19:01:43.149	64	50.8757	(-1, -1)	(-1, -1)	49
19:01:43.219	64	50.867	(-1, -1)	(-1, -1)	49
19:01:43.291	61	50.9342	(-1, -1)	(-1, -1)	49
19:01:43.358	63	50.8714	(-1, -1)	(-1, -1)	49
19:01:43.429	65	50.8846	(-1, -1)	(-1, -1)	49
19:01:43.504	59	50.8732	(-1, -1)	(-1, -1)	49
19:01:43.574	63	50.9068	(-1, -1)	(-1, -1)	49
19:01:43.645	59	50.8559	(-1, -1)	(-1, -1)	49
19:01:43.711	57	50.8967	(-1, -1)	(-1, -1)	49
19:01:43.775	63	50.9092	(-1, -1)	(-1, -1)	49
19:01:43.844	63	50.8641	(-1, -1)	(-1, -1)	49
19:01:43.915	59	50.8759	(-1, -1)	(-1, -1)	49
19:01:43.982	57	50.9317	(-1, -1)	(-1, -1)	49
19:01:44.047	62	50.8754	(-1, -1)	(-1, -1)	49
19:01:44.115	59	50.8661	(-1, -1)	(-1, -1)	49
19:01:44.177	58	50.9634	(-1, -1)	(-1, -1)	49
19:01:44.241	62	50.9093	(-1, -1)	(-1, -1)	49
19:01:44.310	63	50.881	(-1, -1)	(-1, -1)	49
19:01:44.379	61	50.893	(-1, -1)	(-1, -1)	49
19:01:44.450	62	50.9361	(-1, -1)	(-1, -1)	49
19:01:44.519	64	50.9025	(-1, -1)	(-1, -1)	49
19:01:44.589	62	50.9076	(-1, -1)	(-1, -1)	49
19:01:44.659	63	50.8793	(-1, -1)	(-1, -1)	49
19:01:44.726	59	50.8772	(-1, -1)	(-1, -1)	49
19:01:44.789	62	50.8867	(-1, -1)	(-1, -1)	49
19:01:44.860	63	50.8993	(-1, -1)	(-1, -1)	49
19:01:44.933	61	50.8536	(-1, -1)	(-1, -1)	49
19:01:44.997	59	51.0357	(-1, -1)	(-1, -1)	49
19:01:45.061	63	50.8813	(-1, -1)	(-1, -1)	49
19:01:45.131	61	50.8658	(-1, -1)	(-1, -1)	49
19:01:45.199	60	50.8824	(-1, -1)	(-1, -1)	49
19:01:45.261	58	50.924	(-1, -1)	(-1, -1)	49
19:01:45.326	64	50.9116	(-1, -1)	(-1, -1)	49
19:01:45.394	59	50.9286	(-1, -1)	(-1, -1)	49
19:01:45.457	57	50.9942	(-1, -1)	(-1, -1)	49
19:01:45.523	63	50.9647	(-1, -1)	(-1, -1)	49
19:01:45.590	62	50.8723	(-1, -1)	(-1, -1)	49
19:01:45.658	60	50.9052	(-1, -1)	(-1, -1)	49
19:01:45.728	62	50.8674	(-1, -1)	(-1, -1)	49
19:01:45.799	63	50.9	(-1, -1)	(-1, -1)	49
19:01:45.867	59	50.9409	(-1, -1)	(-1, -1)	49
19:01:45.930	63	50.9061	(-1, -1)	(-1, -1)	49
19:01:46.000	63	50.9172	(-1, -1)	(-1, -1)	49
19:01:46.069	61	50.9212	(-1, -1)	(-1, -1)	49
19:01:46.139	64	50.9104	(-1, -1)	(-1, -1)	49
19:01:46.210	62	50.8529	(-1, -1)	(-1, -1)	49
19:01:46.277	59	50.8833	(-1, -1)	(-1, -1)	49
19:01:46.348	63	50.8796	(-1, -1)	(-1, -1)	49
19:01:46.416	59	50.8775	(-1, -1)	(-1, -1)	49
19:01:46.487	62	50.8963	(-1, -1)	(-1, -1)	49
19:01:46.556	63	50.9145	(-1, -1)	(-1, -1)	49
19:01:46.625	63	50.8947	(-1, -1)	(-1, -1)	49
19:01:46.694	61	50.8513	(-1, -1)	(-1, -1)	49
19:01:46.765	62	50.8588	(-1, -1)	(-1, -1)	49
19:01:46.834	62	50.9041	(-1, -1)	(-1, -1)	49
19:01:46.902	58	50.9587	(-1, -1)	(-1, -1)	49
19:01:46.966	63	50.8526	(-1, -1)	(-1, -1)	49
19:01:47.037	63	50.9209	(-1, -1)	(-1, -1)	49
19:01:47.103	58	50.9339	(-1, -1)	(-1, -1)	49
19:01:47.166	61	50.8794	(-1, -1)	(-1, -1)	49
19:01:47.238	62	50.9055	(-1, -1)	(-1, -1)	49
19:01:47.305	60	50.8631	(-1, -1)	(-1, -1)	49
19:01:47.369	63	50.8902	(-1, -1)	(-1, -1)	49
19:01:47.439	64	50.8736	(-1, -1)	(-1, -1)	49
19:01:47.509	63	50.8569	(-1, -1)	(-1, -1)	49
19:01:47.577	60	50.9554	(-1, -1)	(-1, -1)	49
19:01:47.648	62	50.9028	(-1, -1)	(-1, -1)	49
19:01:47.716	60	50.9126	(-1, -1)	(-1, -1)	49
19:01:47.780	62	50.8717	(-1, -1)	(-1, -1)	49
19:01:47.849	60	50.872	(-1, -1)	(-1, -1)	49
19:01:47.918	61	50.8578	(-1, -1)	(-1, -1)	49
19:01:47.989	62	50.8791	(-1, -1)	(-1, -1)	49
19:01:48.057	64	50.8964	(-1, -1)	(-1, -1)	49
19:01:48.126	61	50.9234	(-1, -1)	(-1, -1)	49
19:01:48.197	63	50.8799	(-1, -1)	(-1, -1)	49
19:01:48.266	65	50.8775	(-1, -1)	(-1, -1)	49
19:01:48.337	63	50.8821	(-1, -1)	(-1, -1)	49
19:01:48.404	56	50.9456	(-1, -1)	(-1, -1)	49
19:01:48.466	58	50.9247	(-1, -1)	(-1, -1)	49
19:01:48.530	63	50.8991	(-1, -1)	(-1, -1)	49
19:01:48.598	59	50.903	(-1, -1)	(-1, -1)	49
19:01:48.662	63	50.9261	(-1, -1)	(-1, -1)	49
19:01:48.732	63	50.885	(-1, -1)	(-1, -1)	49
19:01:48.800	59	50.8604	(-1, -1)	(-1, -1)	49
19:01:48.863	60	50.9185	(-1, -1)	(-1, -1)	49
19:01:48.934	62	50.8759	(-1, -1)	(-1, -1)	49
19:01:49.002	60	50.8837	(-1, -1)	(-1, -1)	49
19:01:49.072	63	50.8772	(-1, -1)	(-1, -1)	49
19:01:49.142	63	50.9073	(-1, -1)	(-1, -1)	49
19:01:49.210	61	50.8944	(-1, -1)	(-1, -1)	49
19:01:49.282	62	50.9108	(-1, -1)	(-1, -1)	49
19:01:49.351	63	50.883	(-1, -1)	(-1, -1)	49
19:01:49.420	63	50.9339	(-1, -1)	(-1, -1)	49
19:01:49.490	63	50.8809	(-1, -1)	(-1, -1)	49
19:01:49.559	63	50.8973	(-1, -1)	(-1, -1)	49
19:01:49.628	60	50.8747	(-1, -1)	(-1, -1)	49
19:01:49.698	63	50.9071	(-1, -1)	(-1, -1)	49
19:01:49.768	63	50.928	(-1, -1)	(-1, -1)	49
19:01:49.837	58	50.8581	(-1, -1)	(-1, -1)	49
19:01:49.898	58	51.0237	(-1, -1)	(-1, -1)	49
19:01:49.962	63	50.8964	(-1, -1)	(-1, -1)	49
19:01:50.032	62	50.8566	(-1, -1)	(-1, -1)	49
19:01:50.100	57	50.9926	(-1, -1)	(-1, -1)	49
19:01:50.164	63	50.8902	(-1, -1)	(-1, -1)	49
19:01:50.237	62	50.8879	(-1, -1)	(-1, -1)	49
19:01:50.301	60	50.8993	(-1, -1)	(-1, -1)	49
19:01:50.372	63	50.9095	(-1, -1)	(-1, -1)	49
19:01:50.443	64	50.8902	(-1, -1)	(-1, -1)	49
19:01:50.510	60	50.8794	(-1, -1)	(-1, -1)	49
19:01:50.574	63	50.9003	(-1, -1)	(-1, -1)	49
19:01:50.647	62	50.9006	(-1, -1)	(-1, -1)	49
19:01:50.712	61	50.9059	(-1, -1)	(-1, -1)	49
19:01:50.783	63	50.8698	(-1, -1)	(-1, -1)	49
19:01:50.852	58	50.9041	(-1, -1)	(-1, -1)	49
19:01:50.913	59	50.904	(-1, -1)	(-1, -1)	49
19:01:50.978	63	50.9077	(-1, -1)	(-1, -1)	49
19:01:51.047	63	50.9018	(-1, -1)	(-1, -1)	49
19:01:51.115	61	50.8797	(-1, -1)	(-1, -1)	49
19:01:51.186	63	50.9044	(-1, -1)	(-1, -1)	49
19:01:51.255	64	50.8996	(-1, -1)	(-1, -1)	49
19:01:51.324	59	50.8976	(-1, -1)	(-1, -1)	49
19:01:51.386	57	50.941	(-1, -1)	(-1, -1)	49
19:01:51.450	62	50.911	(-1, -1)	(-1, -1)	49
19:01:51.517	60	50.9255	(-1, -1)	(-1, -1)	49
19:01:51.583	63	50.8911	(-1, -1)	(-1, -1)	49
19:01:51.652	63	50.8591	(-1, -1)	(-1, -1)	49
19:01:51.722	61	50.9056	(-1, -1)	(-1, -1)	49
19:01:51.791	63	50.901	(-1, -1)	(-1, -1)	49
19:01:51.860	62	50.8599	(-1, -1)	(-1, -1)	49
19:01:51.930	60	50.8742	(-1, -1)	(-1, -1)	49
19:01:51.999	63	50.8889	(-1, -1)	(-1, -1)	49
19:01:52.070	63	50.9593	(-1, -1)	(-1, -1)	49
19:01:52.139	62	50.8548	(-1, -1)	(-1, -1)	49
19:01:52.207	60	50.88	(-1, -1)	(-1, -1)	49
19:01:52.277	64	50.8723	(-1, -1)	(-1, -1)	49
19:01:52.347	61	50.9102	(-1, -1)	(-1, -1)	49
19:01:52.417	63	50.8911	(-1, -1)	(-1, -1)	49
19:01:52.486	61	50.8533	(-1, -1)	(-1, -1)	49
19:01:52.557	61	50.8836	(-1, -1)	(-1, -1)	49
19:01:52.625	63	50.8969	(-1, -1)	(-1, -1)	49
19:01:52.694	62	50.8754	(-1, -1)	(-1, -1)	49
19:01:52.766	61	50.8699	(-1, -1)	(-1, -1)	49
19:01:52.832	58	50.9241	(-1, -1)	(-1, -1)	49
19:01:52.896	62	50.8606	(-1, -1)	(-1, -1)	49
19:01:52.966	61	50.8504	(-1, -1)	(-1, -1)	49
19:01:53.034	58	50.9207	(-1, -1)	(-1, -1)	49
19:01:53.097	59	50.9447	(-1, -1)	(-1, -1)	49
19:01:53.162	62	50.8727	(-1, -1)	(-1, -1)	49
19:01:53.228	61	50.8969	(-1, -1)	(-1, -1)	49
19:01:53.299	62	50.9281	(-1, -1)	(-1, -1)	49
19:01:53.368	63	50.893	(-1, -1)	(-1, -1)	49
19:01:53.438	63	50.9212	(-1, -1)	(-1, -1)	49
19:01:53.508	63	50.8855	(-1, -1)	(-1, -1)	49
19:01:53.578	63	50.864	(-1, -1)	(-1, -1)	49
19:01:53.646	59	50.8896	(-1, -1)	(-1, -1)	49
19:01:53.711	63	50.8865	(-1, -1)	(-1, -1)	49
19:01:53.779	64	50.8575	(-1, -1)	(-1, -1)	49
19:01:53.851	58	50.8902	(-1, -1)	(-1, -1)	49
19:01:53.918	64	50.8735	(-1, -1)	(-1, -1)	49
19:01:53.989	63	50.8708	(-1, -1)	(-1, -1)	49
19:01:54.056	59	50.9681	(-1, -1)	(-1, -1)	49
19:01:54.120	62	50.903	(-1, -1)	(-1, -1)	49
19:01:54.189	64	50.9474	(-1, -1)	(-1, -1)	49
19:01:54.259	62	50.8856	(-1, -1)	(-1, -1)	49
19:01:54.334	57	50.9425	(-1, -1)	(-1, -1)	49
19:01:54.398	61	50.8956	(-1, -1)	(-1, -1)	49
19:01:54.466	58	50.9581	(-1, -1)	(-1, -1)	49
19:01:54.528	58	50.9215	(-1, -1)	(-1, -1)	49
19:01:54.592	64	50.9076	(-1, -1)	(-1, -1)	49
19:01:54.666	62	50.8778	(-1, -1)	(-1, -1)	49
19:01:54.737	60	50.8573	(-1, -1)	(-1, -1)	49
19:01:54.808	61	50.9246	(-1, -1)	(-1, -1)	49
19:01:54.876	60	50.8939	(-1, -1)	(-1, -1)	49
19:01:54.947	61	50.9166	(-1, -1)	(-1, -1)	49
19:01:55.016	62	50.9064	(-1, -1)	(-1, -1)	49
19:01:55.084	61	50.8754	(-1, -1)	(-1, -1)	49
19:01:55.155	64	50.9316	(-1, -1)	(-1, -1)	49
19:01:55.225	62	50.8317	(-1, -1)	(-1, -1)	49
19:01:55.294	62	50.8606	(-1, -1)	(-1, -1)	49
19:01:55.362	60	50.8987	(-1, -1)	(-1, -1)	49
19:01:55.433	64	50.8942	(-1, -1)	(-1, -1)	49
19:01:55.507	62	50.8853	(-1, -1)	(-1, -1)	49
19:01:55.571	60	50.8849	(-1, -1)	(-1, -1)	49
19:01:55.642	63	50.881	(-1, -1)	(-1, -1)	49
19:01:55.711	60	50.8809	(-1, -1)	(-1, -1)	49
19:01:55.772	58	50.9612	(-1, -1)	(-1, -1)	49
19:01:55.837	61	50.9053	(-1, -1)	(-1, -1)	49
19:01:55.906	64	50.892	(-1, -1)	(-1, -1)	49
19:01:55.975	58	51.1003	(-1, -1)	(-1, -1)	49
19:01:56.037	58	50.9219	(-1, -1)	(-1, -1)	49
19:01:56.100	60	50.8926	(-1, -1)	(-1, -1)	49
19:01:56.162	61	50.9199	(-1, -1)	(-1, -1)	49
19:01:56.233	63	50.915	(-1, -1)	(-1, -1)	49
19:01:56.303	61	50.8679	(-1, -1)	(-1, -1)	49
19:01:56.371	59	50.959	(-1, -1)	(-1, -1)	49
19:01:56.435	62	50.9	(-1, -1)	(-1, -1)	49
19:01:56.505	63	50.9074	(-1, -1)	(-1, -1)	49
19:01:56.575	61	50.9015	(-1, -1)	(-1, -1)	49
19:01:56.643	62	50.9265	(-1, -1)	(-1, -1)	49
19:01:56.712	63	50.9111	(-1, -1)	(-1, -1)	49
19:01:56.782	63	50.8668	(-1, -1)	(-1, -1)	49
19:01:56.851	60	50.8948	(-1, -1)	(-1, -1)	49
19:01:56.914	63	50.8756	(-1, -1)	(-1, -1)	49
19:01:56.983	61	50.92	(-1, -1)	(-1, -1)	49
19:01:57.052	60	50.8699	(-1, -1)	(-1, -1)	49
19:01:57.123	63	50.9012	(-1, -1)	(-1, -1)	49
19:01:57.192	62	50.8793	(-1, -1)	(-1, -1)	49
19:01:57.261	60	50.8855	(-1, -1)	(-1, -1)	49
19:01:57.331	63	50.8978	(-1, -1)	(-1, -1)	49
19:01:57.402	62	50.8892	(-1, -1)	(-1, -1)	49
19:01:57.469	56	50.952	(-1, -1)	(-1, -1)	49
19:01:57.531	57	50.9572	(-1, -1)	(-1, -1)	49
19:01:57.595	63	50.8684	(-1, -1)	(-1, -1)	49
19:01:57.664	59	50.8507	(-1, -1)	(-1, -1)	49
19:01:57.726	58	50.9585	(-1, -1)	(-1, -1)	49
19:01:57.790	62	50.8812	(-1, -1)	(-1, -1)	49
19:01:57.858	59	50.9447	(-1, -1)	(-1, -1)	49
19:01:57.922	64	50.8868	(-1, -1)	(-1, -1)	49
19:01:57.992	62	50.8781	(-1, -1)	(-1, -1)	49
19:01:58.061	62	50.9399	(-1, -1)	(-1, -1)	49
19:01:58.129	58	50.9159	(-1, -1)	(-1, -1)	49
19:01:58.192	60	50.9068	(-1, -1)	(-1, -1)	49
19:01:58.262	60	50.8733	(-1, -1)	(-1, -1)	49
19:01:58.332	65	50.8588	(-1, -1)	(-1, -1)	49
19:01:58.402	63	50.8776	(-1, -1)	(-1, -1)	49
19:01:58.472	59	50.8964	(-1, -1)	(-1, -1)	49
19:01:58.540	60	50.8975	(-1, -1)	(-1, -1)	49
19:01:58.610	64	50.9247	(-1, -1)	(-1, -1)	49
19:01:58.680	63	50.8479	(-1, -1)	(-1, -1)	49
19:01:58.750	62	50.9394	(-1, -1)	(-1, -1)	49
19:01:58.819	64	50.9483	(-1, -1)	(-1, -1)	49
19:01:58.889	59	50.8281	(-1, -1)	(-1, -1)	49
19:01:58.956	58	50.919	(-1, -1)	(-1, -1)	49
19:01:59.022	62	50.8711	(-1, -1)	(-1, -1)	49
19:01:59.090	62	50.8714	(-1, -1)	(-1, -1)	49
19:01:59.158	58	50.984	(-1, -1)	(-1, -1)	49
19:01:59.222	63	50.9098	(-1, -1)	(-1, -1)	49
19:01:59.291	63	50.8825	(-1, -1)	(-1, -1)	49
19:01:59.360	59	51.0216	(-1, -1)	(-1, -1)	49
19:01:59.424	62	50.8807	(-1, -1)	(-1, -1)	49
19:01:59.493	63	50.876	(-1, -1)	(-1, -1)	49
19:01:59.562	60	50.897	(-1, -1)	(-1, -1)	49
19:01:59.632	62	50.8594	(-1, -1)	(-1, -1)	49
19:01:59.701	64	50.893	(-1, -1)	(-1, -1)	49
19:01:59.771	60	50.8785	(-1, -1)	(-1, -1)	49
19:01:59.841	63	50.8901	(-1, -1)	(-1, -1)	49
19:01:59.912	63	50.8719	(-1, -1)	(-1, -1)	49
19:01:59.979	59	50.8539	(-1, -1)	(-1, -1)	49
19:02:00.041	58	50.9393	(-1, -1)	(-1, -1)	49
19:02:00.105	63	50.8683	(-1, -1)	(-1, -1)	49
19:02:00.175	63	50.8917	(-1, -1)	(-1, -1)	49
19:02:00.244	63	50.8569	(-1, -1)	(-1, -1)	49
19:02:00.312	60	50.8828	(-1, -1)	(-1, -1)	49
19:02:00.376	62	50.8667	(-1, -1)	(-1, -1)	49
19:02:00.444	58	50.987	(-1, -1)	(-1, -1)	49
19:02:00.508	61	50.9256	(-1, -1)	(-1, -1)	49
19:02:00.576	58	50.9579	(-1, -1)	(-1, -1)	49
19:02:00.640	63	50.8738	(-1, -1)	(-1, -1)	49
19:02:00.709	63	50.8698	(-1, -1)	(-1, -1)	49
19:02:00.779	63	50.9353	(-1, -1)	(-1, -1)	49
19:02:00.847	60	50.8637	(-1, -1)	(-1, -1)	49
19:02:00.919	63	50.8748	(-1, -1)	(-1, -1)	49
19:02:00.990	64	50.8588	(-1, -1)	(-1, -1)	49
19:02:01.063	59	50.915	(-1, -1)	(-1, -1)	49
19:02:01.127	63	50.8864	(-1, -1)	(-1, -1)	49
19:02:01.198	62	50.8664	(-1, -1)	(-1, -1)	49
19:02:01.265	59	50.8812	(-1, -1)	(-1, -1)	49
19:02:01.335	64	50.944	(-1, -1)	(-1, -1)	49
19:02:01.405	61	50.8564	(-1, -1)	(-1, -1)	49
19:02:01.473	62	50.8619	(-1, -1)	(-1, -1)	49
19:02:01.544	64	50.8501	(-1, -1)	(-1, -1)	49
19:02:01.614	61	50.831	(-1, -1)	(-1, -1)	49
19:02:01.683	62	50.8787	(-1, -1)	(-1, -1)	49
19:02:01.752	60	50.8575	(-1, -1)	(-1, -1)	49
19:02:01.822	61	50.8941	(-1, -1)	(-1, -1)	49
19:02:01.889	58	50.9938	(-1, -1)	(-1, -1)	49
19:02:01.954	62	50.9022	(-1, -1)	(-1, -1)	49
19:02:02.023	64	50.895	(-1, -1)	(-1, -1)	49
19:02:02.093	59	50.8821	(-1, -1)	(-1, -1)	49
19:02:02.154	58	50.9388	(-1, -1)	(-1, -1)	49
19:02:02.218	63	50.8871	(-1, -1)	(-1, -1)	49
19:02:02.289	61	50.9507	(-1, -1)	(-1, -1)	49
19:02:02.356	57	50.9204	(-1, -1)	(-1, -1)	49
19:02:02.421	62	50.861	(-1, -1)	(-1, -1)	49
19:02:02.490	64	50.8868	(-1, -1)	(-1, -1)	49
19:02:02.559	62	50.8471	(-1, -1)	(-1, -1)	49
19:02:02.628	63	50.8643	(-1, -1)	(-1, -1)	49
19:02:02.698	61	50.8981	(-1, -1)	(-1, -1)	49
19:02:02.767	65	50.9161	(-1, -1)	(-1, -1)	49
19:02:02.837	63	50.9354	(-1, -1)	(-1, -1)	49
19:02:02.907	61	50.8836	(-1, -1)	(-1, -1)	49
19:02:02.976	62	50.8523	(-1, -1)	(-1, -1)	49
19:02:03.046	62	50.8846	(-1, -1)	(-1, -1)	49
19:02:03.115	61	50.8913	(-1, -1)	(-1, -1)	49
19:02:03.184	63	50.8781	(-1, -1)	(-1, -1)	49
19:02:03.255	62	50.8616	(-1, -1)	(-1, -1)	49
19:02:03.324	61	50.887	(-1, -1)	(-1, -1)	49
19:02:03.391	58	50.9853	(-1, -1)	(-1, -1)	49
19:02:03.456	61	50.8806	(-1, -1)	(-1, -1)	49
19:02:03.525	61	50.8969	(-1, -1)	(-1, -1)	49
19:02:03.593	58	50.8908	(-1, -1)	(-1, -1)	49
19:02:03.657	62	50.911	(-1, -1)	(-1, -1)	49
19:02:03.727	62	50.8489	(-1, -1)	(-1, -1)	49
19:02:03.795	57	50.9761	(-1, -1)	(-1, -1)	49
19:02:03.858	63	50.9247	(-1, -1)	(-1, -1)	49
19:02:03.928	63	50.9013	(-1, -1)	(-1, -1)	49
19:02:03.998	63	50.9016	(-1, -1)	(-1, -1)	49
19:02:04.067	63	50.8579	(-1, -1)	(-1, -1)	49
19:02:04.138	63	50.892	(-1, -1)	(-1, -1)	49
19:02:04.206	60	50.8818	(-1, -1)	(-1, -1)	49
19:02:04.276	63	50.9076	(-1, -1)	(-1, -1)	49
19:02:04.346	62	50.8724	(-1, -1)	(-1, -1)	49
19:02:04.414	57	50.9261	(-1, -1)	(-1, -1)	49
19:02:04.478	70	50.8929	(-1, -1)	(-1, -1)	49
19:02:04.555	63	50.8844	(-1, -1)	(-1, -1)	49
19:02:04.623	60	50.8979	(-1, -1)	(-1, -1)	49
19:02:04.694	62	50.8699	(-1, -1)	(-1, -1)	49
19:02:04.762	63	50.8724	(-1, -1)	(-1, -1)	49
19:02:04.832	58	50.9147	(-1, -1)	(-1, -1)	49
19:02:04.893	57	50.8881	(-1, -1)	(-1, -1)	49
19:02:04.957	63	50.9061	(-1, -1)	(-1, -1)	49
19:02:05.026	62	50.8902	(-1, -1)	(-1, -1)	49
19:02:05.094	57	50.9351	(-1, -1)	(-1, -1)	49
19:02:05.156	60	51.0194	(-1, -1)	(-1, -1)	49
19:02:05.221	62	50.8991	(-1, -1)	(-1, -1)	49
19:02:05.290	58	50.9631	(-1, -1)	(-1, -1)	49
19:02:05.354	62	50.8858	(-1, -1)	(-1, -1)	49
19:02:05.423	62	50.8693	(-1, -1)	(-1, -1)	49
19:02:05.492	59	50.9427	(-1, -1)	(-1, -1)	49
19:02:05.555	63	50.8907	(-1, -1)	(-1, -1)	49
19:02:05.624	62	50.8784	(-1, -1)	(-1, -1)	49
19:02:05.694	61	50.8867	(-1, -1)	(-1, -1)	49
19:02:05.764	63	50.8756	(-1, -1)	(-1, -1)	49
19:02:05.837	60	50.877	(-1, -1)	(-1, -1)	49
19:02:05.902	60	50.872	(-1, -1)	(-1, -1)	49
19:02:05.973	62	50.8899	(-1, -1)	(-1, -1)	49
19:02:06.042	62	50.877	(-1, -1)	(-1, -1)	49
19:02:06.111	62	50.9062	(-1, -1)	(-1, -1)	49
19:02:06.179	64	50.8807	(-1, -1)	(-1, -1)	49
19:02:06.250	63	50.9064	(-1, -1)	(-1, -1)	49
19:02:06.320	62	50.885	(-1, -1)	(-1, -1)	49
19:02:06.388	57	50.9279	(-1, -1)	(-1, -1)	49
19:02:06.452	62	50.9049	(-1, -1)	(-1, -1)	49
19:02:06.520	59	50.9132	(-1, -1)	(-1, -1)	49
19:02:06.582	58	50.9508	(-1, -1)	(-1, -1)	49
19:02:06.649	62	50.9769	(-1, -1)	(-1, -1)	49
19:02:06.717	61	50.8699	(-1, -1)	(-1, -1)	49
19:02:06.784	60	50.8796	(-1, -1)	(-1, -1)	49
19:02:06.848	63	50.8836	(-1, -1)	(-1, -1)	49
19:02:06.918	62	50.888	(-1, -1)	(-1, -1)	49
19:02:06.987	61	50.896	(-1, -1)	(-1, -1)	49
19:02:07.057	62	50.9636	(-1, -1)	(-1, -1)	49
19:02:07.126	62	50.8874	(-1, -1)	(-1, -1)	49
19:02:07.195	58	51.0486	(-1, -1)	(-1, -1)	49
19:02:07.257	61	50.8538	(-1, -1)	(-1, -1)	49
19:02:07.327	63	50.8557	(-1, -1)	(-1, -1)	49
19:02:07.397	60	50.9013	(-1, -1)	(-1, -1)	49
19:02:07.460	58	50.9117	(-1, -1)	(-1, -1)	49
19:02:07.521	59	50.9659	(-1, -1)	(-1, -1)	49
19:02:07.585	61	50.9119	(-1, -1)	(-1, -1)	49
19:02:07.653	59	50.9812	(-1, -1)	(-1, -1)	49
19:02:07.717	63	50.8856	(-1, -1)	(-1, -1)	49
19:02:07.787	62	50.9142	(-1, -1)	(-1, -1)	49
19:02:07.854	58	50.9302	(-1, -1)	(-1, -1)	49
19:02:07.919	63	50.8504	(-1, -1)	(-1, -1)	49
19:02:07.988	62	50.879	(-1, -1)	(-1, -1)	49
19:02:08.056	58	50.9375	(-1, -1)	(-1, -1)	49
19:02:08.120	63	50.925	(-1, -1)	(-1, -1)	49
19:02:08.190	63	50.9099	(-1, -1)	(-1, -1)	49
19:02:08.259	58	50.852	(-1, -1)	(-1, -1)	49
19:02:08.322	62	50.8711	(-1, -1)	(-1, -1)	49
19:02:08.392	62	50.8822	(-1, -1)	(-1, -1)	49
19:02:08.461	60	50.8782	(-1, -1)	(-1, -1)	49
19:02:08.529	57	50.971	(-1, -1)	(-1, -1)	49
19:02:08.593	63	50.9123	(-1, -1)	(-1, -1)	49
19:02:08.662	60	50.8286	(-1, -1)	(-1, -1)	49
19:02:08.732	61	50.8773	(-1, -1)	(-1, -1)	49
19:02:08.802	62	50.8973	(-1, -1)	(-1, -1)	49
19:02:08.872	59	50.8957	(-1, -1)	(-1, -1)	49
19:02:08.939	61	50.8681	(-1, -1)	(-1, -1)	49
19:02:09.011	62	50.8822	(-1, -1)	(-1, -1)	49
19:02:09.080	61	50.901	(-1, -1)	(-1, -1)	49
19:02:09.148	61	50.8938	(-1, -1)	(-1, -1)	49
19:02:09.219	63	50.8959	(-1, -1)	(-1, -1)	49
19:02:09.290	61	50.8806	(-1, -1)	(-1, -1)	49
19:02:09.356	59	50.9461	(-1, -1)	(-1, -1)	49
19:02:09.420	63	50.9031	(-1, -1)	(-1, -1)	49
19:02:09.492	61	50.8879	(-1, -1)	(-1, -1)	49
19:02:09.557	58	50.9557	(-1, -1)	(-1, -1)	49
19:02:09.621	63	50.8462	(-1, -1)	(-1, -1)	49
19:02:09.694	62	50.8775	(-1, -1)	(-1, -1)	49
19:02:09.759	59	50.9622	(-1, -1)	(-1, -1)	49
19:02:09.824	62	50.8716	(-1, -1)	(-1, -1)	49
19:02:09.893	63	50.8621	(-1, -1)	(-1, -1)	49
19:02:09.961	60	50.8696	(-1, -1)	(-1, -1)	49
19:02:10.026	62	50.9197	(-1, -1)	(-1, -1)	49
19:02:10.095	63	50.879	(-1, -1)	(-1, -1)	49
19:02:10.164	61	50.9043	(-1, -1)	(-1, -1)	49
19:02:10.234	63	50.88	(-1, -1)	(-1, -1)	49
19:02:10.305	60	50.9111	(-1, -1)	(-1, -1)	49
19:02:10.371	60	50.9655	(-1, -1)	(-1, -1)	49
19:02:10.436	62	50.9261	(-1, -1)	(-1, -1)	49
19:02:10.505	61	50.8999	(-1, -1)	(-1, -1)	49
19:02:10.573	60	50.8523	(-1, -1)	(-1, -1)	49
19:02:10.638	63	50.8781	(-1, -1)	(-1, -1)	49
19:02:10.707	62	50.8933	(-1, -1)	(-1, -1)	49
19:02:10.774	60	50.8692	(-1, -1)	(-1, -1)	49
19:02:10.844	61	50.8585	(-1, -1)	(-1, -1)	49
19:02:10.915	63	50.8944	(-1, -1)	(-1, -1)	49
19:02:10.984	58	50.8194	(-1, -1)	(-1, -1)	49
19:02:11.045	58	50.983	(-1, -1)	(-1, -1)	49
19:02:11.109	70	50.8613	(-1, -1)	(-1, -1)	49
19:02:11.186	63	50.8947	(-1, -1)	(-1, -1)	49
19:02:11.254	57	50.9382	(-1, -1)	(-1, -1)	49
19:02:11.321	62	50.8369	(-1, -1)	(-1, -1)	49
19:02:11.397	61	50.8692	(-1, -1)	(-1, -1)	49
19:02:11.464	63	50.9619	(-1, -1)	(-1, -1)	49
19:02:11.534	63	50.8886	(-1, -1)	(-1, -1)	49
19:02:11.604	61	50.8964	(-1, -1)	(-1, -1)	49
19:02:11.672	59	50.9164	(-1, -1)	(-1, -1)	49
19:02:11.742	62	50.8973	(-1, -1)	(-1, -1)	49
19:02:11.812	63	50.9079	(-1, -1)	(-1, -1)	49
19:02:11.879	61	50.8707	(-1, -1)	(-1, -1)	49
19:02:11.951	62	50.891	(-1, -1)	(-1, -1)	49
19:02:12.021	62	50.8637	(-1, -1)	(-1, -1)	49
19:02:12.089	65	50.873	(-1, -1)	(-1, -1)	49
19:02:12.159	62	50.8846	(-1, -1)	(-1, -1)	49
19:02:12.229	62	50.8773	(-1, -1)	(-1, -1)	49
19:02:12.297	59	50.9401	(-1, -1)	(-1, -1)	49
19:02:12.361	63	50.8616	(-1, -1)	(-1, -1)	49
19:02:12.431	63	50.9404	(-1, -1)	(-1, -1)	49
19:02:12.500	62	50.883	(-1, -1)	(-1, -1)	49
19:02:12.568	62	50.8778	(-1, -1)	(-1, -1)	49
19:02:12.639	62	50.8761	(-1, -1)	(-1, -1)	49
19:02:12.707	59	50.9293	(-1, -1)	(-1, -1)	49
19:02:12.771	59	50.8582	(-1, -1)	(-1, -1)	49
19:02:12.840	59	50.9092	(-1, -1)	(-1, -1)	49
19:02:12.901	57	50.9324	(-1, -1)	(-1, -1)	49
19:02:12.964	59	50.8954	(-1, -1)	(-1, -1)	49
19:02:13.028	64	50.8914	(-1, -1)	(-1, -1)	49
19:02:13.099	63	50.863	(-1, -1)	(-1, -1)	49
19:02:13.166	62	50.9102	(-1, -1)	(-1, -1)	49
19:02:13.238	62	50.8759	(-1, -1)	(-1, -1)	49
19:02:13.307	62	50.9479	(-1, -1)	(-1, -1)	49
19:02:13.374	60	50.9273	(-1, -1)	(-1, -1)	49
19:02:13.438	63	50.8628	(-1, -1)	(-1, -1)	49
19:02:13.508	63	50.8667	(-1, -1)	(-1, -1)	49
19:02:13.576	58	50.9076	(-1, -1)	(-1, -1)	49
19:02:13.638	60	50.8431	(-1, -1)	(-1, -1)	49
19:02:13.703	62	50.9003	(-1, -1)	(-1, -1)	49
19:02:13.771	59	50.8559	(-1, -1)	(-1, -1)	49
19:02:13.834	60	50.9347	(-1, -1)	(-1, -1)	49
19:02:13.905	62	50.9073	(-1, -1)	(-1, -1)	49
19:02:13.974	60	50.8668	(-1, -1)	(-1, -1)	49
19:02:14.043	63	50.9154	(-1, -1)	(-1, -1)	49
19:02:14.113	62	50.8769	(-1, -1)	(-1, -1)	49
19:02:14.181	59	50.8601	(-1, -1)	(-1, -1)	49
19:02:14.243	58	50.9834	(-1, -1)	(-1, -1)	49
19:02:14.307	63	50.8652	(-1, -1)	(-1, -1)	49
19:02:14.375	60	50.8649	(-1, -1)	(-1, -1)	49
19:02:14.437	59	50.9323	(-1, -1)	(-1, -1)	49
19:02:14.503	63	50.8673	(-1, -1)	(-1, -1)	49
19:02:14.572	63	50.885	(-1, -1)	(-1, -1)	49
19:02:14.640	60	50.8662	(-1, -1)	(-1, -1)	49
19:02:14.712	64	50.9588	(-1, -1)	(-1, -1)	49
19:02:14.789	63	50.8791	(-1, -1)	(-1, -1)	49
19:02:14.855	60	50.8837	(-1, -1)	(-1, -1)	49
19:02:14.926	63	50.9176	(-1, -1)	(-1, -1)	49
19:02:14.996	62	50.8603	(-1, -1)	(-1, -1)	49
19:02:15.063	60	50.8953	(-1, -1)	(-1, -1)	49
19:02:15.127	64	50.9009	(-1, -1)	(-1, -1)	49
19:02:15.198	62	50.8698	(-1, -1)	(-1, -1)	49
19:02:15.266	60	50.9363	(-1, -1)	(-1, -1)	49
19:02:15.338	61	50.8865	(-1, -1)	(-1, -1)	49
19:02:15.406	62	50.8559	(-1, -1)	(-1, -1)	49
19:02:15.474	60	50.8745	(-1, -1)	(-1, -1)	49
19:02:15.545	62	50.9148	(-1, -1)	(-1, -1)	49
19:02:15.614	62	50.9299	(-1, -1)	(-1, -1)	49
19:02:15.684	62	50.9173	(-1, -1)	(-1, -1)	49
19:02:15.753	60	50.8545	(-1, -1)	(-1, -1)	49
19:02:15.823	62	50.9587	(-1, -1)	(-1, -1)	49
19:02:15.891	58	50.9724	(-1, -1)	(-1, -1)	49
19:02:15.954	58	50.9643	(-1, -1)	(-1, -1)	49
19:02:16.018	62	50.9799	(-1, -1)	(-1, -1)	49
19:02:16.087	61	50.8627	(-1, -1)	(-1, -1)	49
19:02:16.155	57	50.9563	(-1, -1)	(-1, -1)	49
19:02:16.219	61	50.8658	(-1, -1)	(-1, -1)	49
19:02:16.291	62	50.8641	(-1, -1)	(-1, -1)	49
19:02:16.357	61	50.936	(-1, -1)	(-1, -1)	49
19:02:16.428	64	50.8382	(-1, -1)	(-1, -1)	49
19:02:16.500	63	50.8993	(-1, -1)	(-1, -1)	49
19:02:16.574	63	50.9092	(-1, -1)	(-1, -1)	49
19:02:16.644	63	50.8447	(-1, -1)	(-1, -1)	49
19:02:16.713	64	50.8836	(-1, -1)	(-1, -1)	49
19:02:16.781	59	50.8668	(-1, -1)	(-1, -1)	49
19:02:16.844	59	50.8733	(-1, -1)	(-1, -1)	49
19:02:16.907	64	50.8873	(-1, -1)	(-1, -1)	49
19:02:16.976	60	50.8667	(-1, -1)	(-1, -1)	49
19:02:17.046	63	50.889	(-1, -1)	(-1, -1)	49
19:02:17.115	62	50.8541	(-1, -1)	(-1, -1)	49
19:02:17.185	59	50.8726	(-1, -1)	(-1, -1)	49
19:02:17.254	63	50.8233	(-1, -1)	(-1, -1)	49
19:02:17.324	62	50.8881	(-1, -1)	(-1, -1)	49
19:02:17.393	59	51.105	(-1, -1)	(-1, -1)	49
19:02:17.458	62	50.9456	(-1, -1)	(-1, -1)	49
19:02:17.526	62	50.8945	(-1, -1)	(-1, -1)	49
19:02:17.595	59	50.9169	(-1, -1)	(-1, -1)	49
19:02:17.656	59	50.9668	(-1, -1)	(-1, -1)	49
19:02:17.721	63	50.9161	(-1, -1)	(-1, -1)	49
19:02:17.791	57	50.8801	(-1, -1)	(-1, -1)	49
19:02:17.850	59	50.9366	(-1, -1)	(-1, -1)	49
19:02:17.916	62	50.8969	(-1, -1)	(-1, -1)	49
19:02:17.985	64	50.8367	(-1, -1)	(-1, -1)	49
19:02:18.053	61	50.8791	(-1, -1)	(-1, -1)	49
19:02:18.124	62	50.9095	(-1, -1)	(-1, -1)	49
19:02:18.193	62	50.8665	(-1, -1)	(-1, -1)	49
19:02:18.262	60	50.86	(-1, -1)	(-1, -1)	49
19:02:18.333	62	50.8665	(-1, -1)	(-1, -1)	49
19:02:18.403	62	50.8572	(-1, -1)	(-1, -1)	49
19:02:18.470	59	50.9139	(-1, -1)	(-1, -1)	49
19:02:18.536	62	50.8679	(-1, -1)	(-1, -1)	49
19:02:18.603	64	50.9206	(-1, -1)	(-1, -1)	49
19:02:18.672	59	50.9782	(-1, -1)	(-1, -1)	49
19:02:18.736	63	50.8443	(-1, -1)	(-1, -1)	49
19:02:18.806	60	50.9044	(-1, -1)	(-1, -1)	49
19:02:18.873	58	50.9601	(-1, -1)	(-1, -1)	49
19:02:18.937	62	50.8732	(-1, -1)	(-1, -1)	49
19:02:19.006	64	50.8833	(-1, -1)	(-1, -1)	49
19:02:19.075	61	50.8693	(-1, -1)	(-1, -1)	49
19:02:19.146	64	50.9004	(-1, -1)	(-1, -1)	49
19:02:19.216	61	50.8828	(-1, -1)	(-1, -1)	49
19:02:19.283	59	50.8702	(-1, -1)	(-1, -1)	49
19:02:19.347	58	50.9508	(-1, -1)	(-1, -1)	49
19:02:19.411	62	50.872	(-1, -1)	(-1, -1)	49
19:02:19.479	58	50.8701	(-1, -1)	(-1, -1)	49
19:02:19.540	59	50.963	(-1, -1)	(-1, -1)	49
19:02:19.605	63	50.891	(-1, -1)	(-1, -1)	49
19:02:19.677	60	50.8736	(-1, -1)	(-1, -1)	49
19:02:19.742	59	50.9581	(-1, -1)	(-1, -1)	49
19:02:19.813	63	50.9276	(-1, -1)	(-1, -1)	49
19:02:19.887	60	50.9027	(-1, -1)	(-1, -1)	49
19:02:19.951	58	50.939	(-1, -1)	(-1, -1)	49
EOM

