BOM
Frame extends: 2263, 1306
_ms_area: 10
measurements taken: 585
current rendering method: 1
is mouse replay: 1
Camera settings: Roation Quaternion: ( -0.999525, -0.00479046, 0.0258543, 0.0158114), Translationsvektor: ( -0.068935, -0.00459421, 1.06).
System_Time	Elapsed_Time_PaintGL	Elapsed_Kernel_Time	Frame_Coordinates	Grid_Position	Manual_Measurement
18:27:01.154	42	25.7142	(318, 226)	(32, 23)	49
18:27:01.200	50	26.0636	(325, 225)	(33, 23)	49
18:27:01.257	52	26.4849	(335, 225)	(34, 23)	49
18:27:01.320	49	26.9373	(345, 225)	(35, 23)	49
18:27:01.374	45	27.432	(357, 225)	(36, 23)	49
18:27:01.423	46	28.1567	(372, 225)	(37, 23)	49
18:27:01.473	47	28.3191	(375, 225)	(38, 23)	49
18:27:01.528	47	28.8813	(385, 225)	(39, 23)	49
18:27:01.584	45	29.4698	(395, 225)	(40, 23)	49
18:27:01.631	47	30.0748	(405, 225)	(41, 23)	49
18:27:01.687	55	30.6013	(415, 225)	(42, 23)	49
18:27:01.751	55	31.2093	(425, 225)	(43, 23)	49
18:27:01.812	47	31.824	(435, 226)	(44, 23)	49
18:27:01.860	54	32.4347	(445, 226)	(45, 23)	49
18:27:01.926	60	32.8796	(455, 226)	(46, 23)	49
18:27:01.997	55	33.4	(465, 227)	(47, 23)	49
18:27:02.058	58	33.971	(475, 227)	(48, 23)	49
18:27:02.129	62	34.6567	(485, 228)	(49, 23)	49
18:27:02.196	61	35.1427	(495, 228)	(50, 23)	49
18:27:02.264	55	37.2354	(505, 229)	(51, 23)	49
18:27:02.328	63	36.2736	(515, 229)	(52, 23)	49
18:27:02.440	54	36.7793	(525, 229)	(53, 23)	49
18:27:02.500	53	37.3566	(535, 229)	(54, 23)	49
18:27:02.556	53	37.8013	(545, 229)	(55, 23)	49
18:27:02.646	55	38.285	(555, 229)	(56, 23)	49
18:27:02.710	57	38.7972	(565, 229)	(57, 23)	49
18:27:02.773	66	39.3181	(575, 229)	(58, 23)	49
18:27:02.850	59	39.8957	(585, 229)	(59, 23)	49
18:27:02.911	63	40.6536	(596, 229)	(60, 23)	49
18:27:02.982	68	40.9619	(605, 230)	(61, 23)	49
18:27:03.058	62	41.491	(615, 230)	(62, 23)	49
18:27:03.126	56	41.9913	(626, 230)	(63, 23)	49
18:27:03.188	63	42.4344	(635, 230)	(64, 23)	49
18:27:03.259	65	42.9673	(645, 230)	(65, 23)	49
18:27:03.328	60	45.0819	(655, 230)	(66, 23)	49
18:27:03.390	67	43.9323	(665, 230)	(67, 23)	49
18:27:03.468	72	44.7433	(680, 230)	(68, 23)	49
18:27:03.543	66	44.9194	(685, 230)	(69, 23)	49
18:27:03.614	72	45.3554	(695, 230)	(70, 23)	49
18:27:03.697	70	45.9799	(705, 230)	(71, 23)	49
18:27:03.773	70	48.1181	(715, 230)	(72, 23)	49
18:27:03.849	71	47.4065	(725, 230)	(73, 23)	49
18:27:03.927	68	48.013	(735, 230)	(74, 23)	49
18:27:04.003	76	48.5099	(749, 230)	(75, 23)	49
18:27:04.087	76	48.9489	(756, 230)	(76, 23)	49
18:27:04.170	70	49.2464	(766, 230)	(77, 23)	49
18:27:04.246	78	49.7098	(775, 230)	(78, 23)	49
18:27:04.330	70	50.1446	(785, 230)	(79, 23)	49
18:27:04.405	65	50.645	(796, 229)	(80, 23)	49
18:27:04.475	78	51.1234	(805, 229)	(81, 23)	49
18:27:04.559	71	51.3876	(815, 229)	(82, 23)	49
18:27:04.634	75	52.0431	(825, 228)	(83, 23)	49
18:27:04.719	85	52.3095	(835, 228)	(84, 23)	49
18:27:04.809	84	52.8487	(845, 228)	(85, 23)	49
18:27:04.901	78	53.3676	(855, 228)	(86, 23)	49
18:27:04.990	76	53.8458	(865, 228)	(87, 23)	49
18:27:05.072	81	54.2489	(875, 228)	(88, 23)	49
18:27:05.164	85	54.4824	(885, 228)	(89, 23)	49
18:27:05.255	79	54.7209	(895, 228)	(90, 23)	49
18:27:05.345	74	54.9794	(905, 228)	(91, 23)	49
18:27:05.427	72	55.159	(915, 228)	(92, 23)	49
18:27:05.504	81	55.2458	(925, 228)	(93, 23)	49
18:27:05.596	80	55.3671	(935, 228)	(94, 23)	49
18:27:05.684	80	55.5569	(945, 227)	(95, 23)	49
18:27:05.773	80	56.1809	(957, 227)	(96, 23)	49
18:27:05.859	75	56.4415	(966, 227)	(97, 23)	49
18:27:05.941	79	56.7973	(975, 227)	(98, 23)	49
18:27:06.026	78	57.0935	(985, 227)	(99, 23)	49
18:27:06.108	75	57.2521	(995, 227)	(100, 23)	49
18:27:06.192	82	58.7471	(1005, 227)	(101, 23)	49
18:27:06.283	77	57.5881	(1015, 226)	(102, 23)	49
18:27:06.367	80	57.6105	(1025, 226)	(103, 23)	49
18:27:06.457	82	57.856	(1035, 226)	(104, 23)	49
18:27:06.546	83	57.8556	(1045, 225)	(105, 23)	49
18:27:06.639	85	58.1799	(1055, 225)	(106, 23)	49
18:27:06.728	80	58.0699	(1065, 225)	(107, 23)	49
18:27:06.818	86	58.1196	(1071, 224)	(107, 22)	49
18:27:06.911	79	58.1619	(1075, 224)	(108, 22)	49
18:27:06.998	83	58.3102	(1085, 224)	(109, 22)	49
18:27:07.090	85	58.3961	(1095, 224)	(110, 22)	49
18:27:07.179	84	58.4735	(1105, 224)	(111, 22)	49
18:27:07.270	85	58.3003	(1115, 224)	(112, 22)	49
18:27:07.361	77	58.1874	(1125, 224)	(113, 22)	49
18:27:07.442	79	58.1296	(1135, 224)	(114, 22)	49
18:27:07.527	84	58.1409	(1146, 223)	(115, 22)	49
18:27:07.618	75	58.1102	(1155, 223)	(116, 22)	49
18:27:07.700	80	58.3135	(1165, 223)	(117, 22)	49
18:27:07.785	79	58.0763	(1175, 223)	(118, 22)	49
18:27:07.867	82	58.1862	(1185, 223)	(119, 22)	49
18:27:07.960	83	58.2799	(1195, 223)	(120, 22)	49
18:27:08.047	85	58.2062	(1205, 223)	(121, 22)	49
18:27:08.140	85	58.3218	(1215, 223)	(122, 22)	49
18:27:08.230	78	58.4142	(1225, 223)	(123, 22)	49
18:27:08.313	83	58.4744	(1235, 223)	(124, 22)	49
18:27:08.404	81	58.4797	(1245, 223)	(125, 22)	49
18:27:08.492	81	58.5401	(1255, 223)	(126, 22)	49
18:27:08.578	84	58.5237	(1265, 224)	(127, 22)	49
18:27:08.668	79	58.5043	(1275, 224)	(128, 22)	49
18:27:08.750	83	58.4199	(1282, 225)	(128, 23)	49
18:27:08.842	78	58.4219	(1285, 225)	(129, 23)	49
18:27:08.923	81	58.6773	(1295, 226)	(130, 23)	49
18:27:09.009	92	58.3367	(1305, 226)	(131, 23)	49
18:27:09.106	77	58.2061	(1316, 228)	(132, 23)	49
18:27:09.187	77	58.5096	(1326, 228)	(133, 23)	49
18:27:09.272	82	58.711	(1335, 228)	(134, 23)	49
18:27:09.362	84	58.6729	(1345, 229)	(135, 23)	49
18:27:09.454	79	58.219	(1355, 230)	(136, 23)	49
18:27:09.536	80	57.9279	(1366, 230)	(137, 23)	49
18:27:09.627	85	57.7353	(1375, 230)	(138, 23)	49
18:27:09.717	81	57.9759	(1386, 231)	(139, 23)	49
18:27:09.807	82	57.6166	(1395, 231)	(140, 23)	49
18:27:09.899	83	57.4373	(1405, 232)	(141, 23)	49
18:27:09.990	81	57.1566	(1415, 232)	(142, 23)	49
18:27:10.079	83	56.6748	(1425, 232)	(143, 23)	49
18:27:10.169	81	56.3356	(1435, 233)	(144, 23)	49
18:27:10.260	83	55.9759	(1445, 234)	(145, 23)	49
18:27:10.350	77	55.6187	(1455, 234)	(146, 23)	49
18:27:10.432	73	55.0957	(1465, 234)	(147, 23)	49
18:27:10.510	74	54.844	(1478, 234)	(148, 23)	49
18:27:10.592	70	54.667	(1485, 234)	(149, 23)	49
18:27:10.668	77	54.7679	(1488, 235)	(149, 24)	49
18:27:10.754	78	54.9007	(1495, 235)	(150, 24)	49
18:27:10.835	77	54.3207	(1506, 235)	(151, 24)	49
18:27:10.921	81	54.3716	(1516, 235)	(152, 24)	49
18:27:11.011	82	53.7895	(1526, 236)	(153, 24)	49
18:27:11.101	80	53.3719	(1535, 236)	(154, 24)	49
18:27:11.192	72	53.0581	(1546, 236)	(155, 24)	49
18:27:11.266	75	52.7307	(1556, 237)	(156, 24)	49
18:27:11.351	81	52.5713	(1565, 237)	(157, 24)	49
18:27:11.441	77	52.5514	(1575, 238)	(158, 24)	49
18:27:11.525	80	52.3284	(1585, 238)	(159, 24)	49
18:27:11.614	73	52.0034	(1595, 239)	(160, 24)	49
18:27:11.692	70	51.836	(1605, 239)	(161, 24)	49
18:27:11.767	76	51.8258	(1615, 240)	(162, 24)	49
18:27:11.851	68	51.3729	(1625, 240)	(163, 24)	49
18:27:11.926	73	51.0199	(1636, 241)	(164, 24)	49
18:27:12.006	77	50.6735	(1645, 242)	(165, 24)	49
18:27:12.094	65	50.3087	(1655, 242)	(166, 24)	49
18:27:12.162	73	49.825	(1666, 243)	(167, 24)	49
18:27:12.241	72	49.4539	(1676, 244)	(168, 24)	49
18:27:12.316	74	49.4582	(1677, 245)	(168, 25)	49
18:27:12.401	77	48.9871	(1686, 245)	(169, 25)	49
18:27:12.485	70	48.5265	(1696, 246)	(170, 25)	49
18:27:12.560	73	48.1403	(1705, 246)	(171, 25)	49
18:27:12.644	75	47.8468	(1715, 248)	(172, 25)	49
18:27:12.727	68	47.813	(1726, 249)	(173, 25)	49
18:27:12.803	67	47.3899	(1735, 250)	(174, 25)	49
18:27:12.873	72	47.068	(1745, 251)	(175, 25)	49
18:27:12.950	78	46.8827	(1755, 253)	(176, 25)	49
18:27:13.032	72	48.3292	(1765, 254)	(177, 25)	49
18:27:13.110	75	46.6628	(1768, 255)	(177, 26)	49
18:27:13.194	70	46.6271	(1775, 256)	(178, 26)	49
18:27:13.270	74	46.4311	(1785, 258)	(179, 26)	49
18:27:13.354	64	46.699	(1795, 260)	(180, 26)	49
18:27:13.421	69	46.6714	(1805, 262)	(181, 26)	49
18:27:13.500	74	46.4261	(1815, 264)	(182, 26)	49
18:27:13.582	65	46.3999	(1817, 265)	(182, 27)	49
18:27:13.650	61	46.3461	(1825, 267)	(183, 27)	49
18:27:13.722	72	45.9839	(1838, 271)	(184, 27)	49
18:27:13.805	65	45.5991	(1845, 273)	(185, 27)	49
18:27:13.875	72	45.5559	(1849, 275)	(185, 28)	49
18:27:13.959	73	45.5741	(1858, 278)	(186, 28)	49
18:27:14.041	66	45.5847	(1865, 280)	(187, 28)	49
18:27:14.118	72	45.3207	(1874, 285)	(187, 29)	49
18:27:14.195	68	45.3822	(1875, 285)	(188, 29)	49
18:27:14.271	70	45.3948	(1885, 289)	(189, 29)	49
18:27:14.347	72	45.1453	(1895, 294)	(190, 29)	49
18:27:14.423	67	45.1043	(1895, 295)	(190, 30)	49
18:27:14.499	69	44.8385	(1905, 299)	(191, 30)	49
18:27:14.577	71	44.5296	(1912, 305)	(191, 31)	49
18:27:14.661	62	44.355	(1915, 307)	(192, 31)	49
18:27:14.728	70	43.841	(1925, 314)	(193, 31)	49
18:27:14.806	66	43.9224	(1926, 315)	(193, 32)	49
18:27:14.875	59	43.8717	(1935, 322)	(194, 32)	49
18:27:14.937	66	43.8077	(1937, 325)	(194, 33)	49
18:27:15.008	70	43.7881	(1945, 333)	(195, 33)	49
18:27:15.084	62	43.6625	(1947, 335)	(195, 34)	49
18:27:15.152	59	43.3864	(1955, 344)	(196, 34)	49
18:27:15.215	68	43.3495	(1955, 345)	(196, 35)	49
18:27:15.293	62	42.9578	(1963, 355)	(196, 36)	49
18:27:15.361	63	43.0207	(1965, 358)	(197, 36)	49
18:27:15.431	71	43.0883	(1968, 365)	(197, 37)	49
18:27:15.509	62	43.0336	(1973, 375)	(197, 38)	49
18:27:15.577	71	42.9719	(1975, 379)	(198, 38)	49
18:27:15.654	73	43.0671	(1976, 385)	(198, 39)	49
18:27:15.730	64	43.0356	(1980, 395)	(198, 40)	49
18:27:15.800	68	43.1099	(1982, 405)	(198, 41)	49
18:27:15.877	72	43.1058	(1984, 415)	(198, 42)	49
18:27:15.954	63	43.0735	(1985, 417)	(199, 42)	49
18:27:16.021	68	43.1913	(1985, 425)	(199, 43)	49
18:27:16.099	72	43.296	(1987, 435)	(199, 44)	49
18:27:16.174	63	43.6324	(1988, 445)	(199, 45)	49
18:27:16.245	70	43.6178	(1989, 455)	(199, 46)	49
18:27:16.321	69	43.8379	(1989, 465)	(199, 47)	49
18:27:16.397	61	45.7157	(1989, 475)	(199, 48)	49
18:27:16.466	66	44.4441	(1988, 485)	(199, 49)	49
18:27:16.538	70	44.7391	(1985, 495)	(199, 50)	49
18:27:16.614	60	44.7563	(1984, 495)	(198, 50)	49
18:27:16.682	69	45.1972	(1980, 505)	(198, 51)	49
18:27:16.759	68	46.0019	(1972, 516)	(197, 52)	49
18:27:16.835	68	46.18	(1965, 525)	(197, 53)	49
18:27:16.913	70	46.1729	(1964, 526)	(196, 53)	49
18:27:16.989	69	46.7074	(1954, 534)	(195, 53)	49
18:27:17.064	72	48.267	(1953, 535)	(195, 54)	49
18:27:17.142	76	47.291	(1944, 539)	(194, 54)	49
18:27:17.225	68	48.0302	(1937, 545)	(194, 55)	49
18:27:17.305	76	48.2634	(1934, 547)	(193, 55)	49
18:27:17.385	71	49.147	(1924, 555)	(192, 56)	49
18:27:17.460	74	49.7908	(1914, 561)	(191, 56)	49
18:27:17.545	78	50.3191	(1907, 565)	(191, 57)	49
18:27:17.630	72	50.8194	(1904, 567)	(190, 57)	49
18:27:17.704	75	51.4705	(1894, 572)	(189, 57)	49
18:27:17.789	70	51.8999	(1890, 575)	(189, 58)	49
18:27:17.863	74	52.5221	(1884, 577)	(188, 58)	49
18:27:17.949	80	53.4841	(1874, 581)	(187, 58)	49
18:27:18.038	73	53.9181	(1866, 585)	(187, 59)	49
18:27:18.113	73	53.9953	(1864, 585)	(186, 59)	49
18:27:18.192	83	54.6634	(1854, 590)	(185, 59)	49
18:27:18.282	73	55.4283	(1844, 594)	(184, 59)	49
18:27:18.357	77	55.6161	(1843, 595)	(184, 60)	49
18:27:18.444	76	56.2724	(1834, 597)	(183, 60)	49
18:27:18.523	81	57.0898	(1823, 601)	(182, 60)	49
18:27:18.609	86	58.1511	(1810, 606)	(181, 61)	49
18:27:18.706	80	58.4564	(1804, 609)	(180, 61)	49
18:27:18.796	81	59.1369	(1794, 612)	(179, 61)	49
18:27:18.885	83	59.5464	(1787, 615)	(179, 62)	49
18:27:18.975	82	59.7721	(1784, 616)	(178, 62)	49
18:27:19.067	89	60.4049	(1774, 619)	(177, 62)	49
18:27:19.166	86	60.8339	(1764, 622)	(176, 62)	49
18:27:19.262	88	61.3883	(1758, 625)	(176, 63)	49
18:27:19.360	86	61.4228	(1754, 626)	(175, 63)	49
18:27:19.457	89	62.3264	(1744, 628)	(174, 63)	49
18:27:19.554	85	62.8714	(1734, 631)	(173, 63)	49
18:27:19.643	87	63.1073	(1724, 633)	(172, 63)	49
18:27:19.735	84	63.5659	(1715, 635)	(172, 64)	49
18:27:19.823	91	63.5957	(1714, 635)	(171, 64)	49
18:27:19.922	83	64.0409	(1704, 637)	(170, 64)	49
18:27:20.012	86	64.631	(1694, 638)	(169, 64)	49
18:27:20.104	85	65.124	(1684, 640)	(168, 64)	49
18:27:20.193	84	67.1393	(1674, 641)	(167, 64)	49
18:27:20.286	93	65.8436	(1664, 642)	(166, 64)	49
18:27:20.388	90	66.3382	(1654, 643)	(165, 64)	49
18:27:20.485	90	66.6819	(1644, 644)	(164, 64)	49
18:27:20.584	89	67.1019	(1633, 644)	(163, 64)	49
18:27:20.679	88	67.5114	(1624, 644)	(162, 64)	49
18:27:20.778	93	67.7004	(1614, 644)	(161, 64)	49
18:27:20.873	91	68.0225	(1604, 644)	(160, 64)	49
18:27:20.972	95	68.1022	(1594, 644)	(159, 64)	49
18:27:21.078	94	68.4185	(1584, 644)	(158, 64)	49
18:27:21.181	95	68.5193	(1574, 644)	(157, 64)	49
18:27:21.284	85	68.8892	(1564, 644)	(156, 64)	49
18:27:21.374	91	68.8612	(1554, 644)	(155, 64)	49
18:27:21.474	87	68.8793	(1548, 645)	(155, 65)	49
18:27:21.568	93	69.0319	(1544, 645)	(154, 65)	49
18:27:21.668	93	69.1207	(1534, 645)	(153, 65)	49
18:27:21.764	86	69.0873	(1524, 646)	(152, 65)	49
18:27:21.854	85	69.655	(1514, 647)	(151, 65)	49
18:27:21.944	93	69.6507	(1504, 648)	(150, 65)	49
18:27:22.043	99	69.9225	(1494, 649)	(149, 65)	49
18:27:22.146	95	70.2065	(1484, 651)	(148, 65)	49
18:27:22.251	98	69.7975	(1474, 652)	(147, 65)	49
18:27:22.354	94	69.6799	(1464, 652)	(146, 65)	49
18:27:22.453	98	69.3901	(1454, 653)	(145, 65)	49
18:27:22.558	94	69.2364	(1444, 654)	(144, 65)	49
18:27:22.662	98	69.1073	(1434, 654)	(143, 65)	49
18:27:22.766	88	69.0222	(1419, 654)	(142, 65)	49
18:27:22.864	93	69.012	(1414, 654)	(141, 65)	49
18:27:22.959	87	68.6267	(1404, 654)	(140, 65)	49
18:27:23.051	95	68.299	(1394, 654)	(139, 65)	49
18:27:23.155	88	68.2003	(1384, 654)	(138, 65)	49
18:27:23.252	94	67.9329	(1374, 654)	(137, 65)	49
18:27:23.350	94	66.8089	(1356, 653)	(136, 65)	49
18:27:23.454	94	66.7913	(1354, 653)	(135, 65)	49
18:27:23.559	90	66.6933	(1344, 652)	(134, 65)	49
18:27:23.655	91	66.3544	(1334, 651)	(133, 65)	49
18:27:23.754	93	66.0194	(1323, 651)	(132, 65)	49
18:27:23.856	90	66.1388	(1314, 650)	(131, 65)	49
18:27:23.955	96	66.4529	(1303, 649)	(130, 65)	49
18:27:24.060	90	66.1138	(1294, 648)	(129, 65)	49
18:27:24.156	98	66.013	(1284, 647)	(128, 65)	49
18:27:24.261	84	66.0887	(1274, 647)	(127, 65)	49
18:27:24.349	88	66.1062	(1264, 646)	(126, 65)	49
18:27:24.449	82	66.124	(1256, 644)	(126, 64)	49
18:27:24.537	88	66.1283	(1254, 644)	(125, 64)	49
18:27:24.629	94	66.0764	(1244, 643)	(124, 64)	49
18:27:24.726	90	66.1041	(1234, 643)	(123, 64)	49
18:27:24.824	88	66.0076	(1224, 641)	(122, 64)	49
18:27:24.920	90	65.8181	(1214, 641)	(121, 64)	49
18:27:25.019	92	65.7721	(1204, 641)	(120, 64)	49
18:27:25.115	90	65.7876	(1194, 640)	(119, 64)	49
18:27:25.213	93	65.5999	(1184, 639)	(118, 64)	49
18:27:25.319	91	65.5804	(1174, 639)	(117, 64)	49
18:27:25.421	93	65.7895	(1164, 637)	(116, 64)	49
18:27:25.526	91	65.7	(1154, 637)	(115, 64)	49
18:27:25.623	93	65.577	(1144, 636)	(114, 64)	49
18:27:25.728	84	65.556	(1134, 636)	(113, 64)	49
18:27:25.816	89	65.531	(1124, 635)	(112, 64)	49
18:27:25.915	84	64.9628	(1114, 635)	(111, 64)	49
18:27:26.003	82	65.3216	(1110, 634)	(111, 63)	49
18:27:26.094	89	65.1921	(1104, 634)	(110, 63)	49
18:27:26.191	89	64.8618	(1093, 633)	(109, 63)	49
18:27:26.290	92	64.7921	(1084, 632)	(108, 63)	49
18:27:26.388	93	64.5553	(1074, 632)	(107, 63)	49
18:27:26.492	94	64.7957	(1064, 631)	(106, 63)	49
18:27:26.597	90	65.041	(1051, 631)	(105, 63)	49
18:27:26.693	93	65.9973	(1032, 629)	(103, 63)	49
18:27:26.791	86	66.2883	(1024, 629)	(102, 63)	49
18:27:26.880	90	66.3662	(1014, 629)	(101, 63)	49
18:27:26.979	87	65.9964	(1004, 628)	(100, 63)	49
18:27:27.068	88	66.1138	(994, 627)	(99, 63)	49
18:27:27.166	88	66.3079	(984, 627)	(98, 63)	49
18:27:27.262	91	66.517	(974, 627)	(97, 63)	49
18:27:27.361	93	66.559	(964, 626)	(96, 63)	49
18:27:27.458	81	66.2431	(954, 626)	(95, 63)	49
18:27:27.548	93	66.0148	(944, 626)	(94, 63)	49
18:27:27.647	88	66.1547	(934, 625)	(93, 63)	49
18:27:27.742	92	67.9836	(927, 624)	(93, 62)	49
18:27:27.841	86	66.4086	(924, 624)	(92, 62)	49
18:27:27.929	91	66.4388	(914, 623)	(91, 62)	49
18:27:28.029	91	65.9884	(904, 622)	(90, 62)	49
18:27:28.125	86	65.7776	(894, 621)	(89, 62)	49
18:27:28.216	97	65.7326	(884, 620)	(88, 62)	49
18:27:28.321	88	65.4366	(873, 619)	(87, 62)	49
18:27:28.418	93	64.651	(864, 619)	(86, 62)	49
18:27:28.523	92	64.6313	(854, 619)	(85, 62)	49
18:27:28.627	93	64.1096	(843, 618)	(84, 62)	49
18:27:28.731	82	63.8012	(834, 618)	(83, 62)	49
18:27:28.819	86	62.9801	(823, 617)	(82, 62)	49
18:27:28.911	81	62.1609	(814, 617)	(81, 62)	49
18:27:29.000	83	61.4486	(804, 617)	(80, 62)	49
18:27:29.091	83	60.6314	(794, 617)	(79, 62)	49
18:27:29.182	84	60.0212	(784, 616)	(78, 62)	49
18:27:29.275	95	58.8944	(772, 616)	(77, 62)	49
18:27:29.376	82	58.4228	(764, 615)	(76, 62)	49
18:27:29.467	85	57.6403	(754, 615)	(75, 62)	49
18:27:29.557	80	56.7856	(744, 615)	(74, 62)	49
18:27:29.640	80	56.027	(734, 615)	(73, 62)	49
18:27:29.731	83	55.4572	(724, 615)	(72, 62)	49
18:27:29.822	78	54.9196	(714, 615)	(71, 62)	49
18:27:29.905	81	54.535	(704, 615)	(70, 62)	49
18:27:29.995	77	54.0221	(694, 615)	(69, 62)	49
18:27:30.078	77	53.6246	(684, 615)	(68, 62)	49
18:27:30.163	72	53.0199	(674, 615)	(67, 62)	49
18:27:30.244	76	52.6004	(664, 616)	(66, 62)	49
18:27:30.329	79	51.8301	(654, 617)	(65, 62)	49
18:27:30.420	70	51.2133	(644, 618)	(64, 62)	49
18:27:30.495	73	50.7007	(634, 618)	(63, 62)	49
18:27:30.573	75	50.06	(624, 619)	(62, 62)	49
18:27:30.657	67	49.2209	(614, 619)	(61, 62)	49
18:27:30.731	70	48.5338	(604, 621)	(60, 62)	49
18:27:30.809	76	47.8353	(594, 621)	(59, 62)	49
18:27:30.893	67	46.9068	(584, 622)	(58, 62)	49
18:27:30.968	71	46.2067	(574, 624)	(57, 62)	49
18:27:31.046	71	45.4677	(566, 625)	(57, 63)	49
18:27:31.121	70	45.369	(564, 625)	(56, 63)	49
18:27:31.198	66	44.5233	(554, 625)	(55, 63)	49
18:27:31.266	64	43.5545	(544, 626)	(54, 63)	49
18:27:31.336	67	42.8133	(534, 628)	(53, 63)	49
18:27:31.414	69	41.932	(524, 629)	(52, 63)	49
18:27:31.490	62	41.0676	(514, 631)	(51, 63)	49
18:27:31.559	65	40.8735	(504, 633)	(50, 63)	49
18:27:31.630	66	39.7911	(494, 634)	(49, 63)	49
18:27:31.706	62	39.7514	(493, 635)	(49, 64)	49
18:27:31.774	59	39.2917	(484, 637)	(48, 64)	49
18:27:31.836	64	38.3516	(467, 641)	(47, 64)	49
18:27:31.907	66	37.9985	(464, 642)	(46, 64)	49
18:27:31.978	58	37.6797	(458, 645)	(46, 65)	49
18:27:32.039	62	38.9597	(454, 646)	(45, 65)	49
18:27:32.109	62	36.9516	(444, 650)	(44, 65)	49
18:27:32.177	53	36.4963	(434, 654)	(43, 65)	49
18:27:32.232	50	36.4	(432, 655)	(43, 66)	49
18:27:32.288	57	35.9763	(424, 658)	(42, 66)	49
18:27:32.353	56	35.1991	(414, 662)	(41, 66)	49
18:27:32.414	49	34.9932	(409, 665)	(41, 67)	49
18:27:32.469	53	34.7096	(404, 667)	(40, 67)	49
18:27:32.525	56	34.0764	(394, 671)	(39, 67)	49
18:27:32.588	54	33.6021	(387, 675)	(39, 68)	49
18:27:32.651	54	33.4596	(384, 676)	(38, 68)	49
18:27:32.713	55	32.7981	(374, 680)	(37, 68)	49
18:27:32.776	50	32.5173	(367, 685)	(37, 69)	49
18:27:32.830	49	32.3056	(364, 687)	(36, 69)	49
18:27:32.887	54	32.1489	(356, 695)	(36, 70)	49
18:27:32.950	56	32.0625	(354, 695)	(35, 70)	49
18:27:33.012	48	31.5564	(344, 704)	(34, 70)	49
18:27:33.068	68	31.5547	(344, 705)	(34, 71)	49
18:27:33.145	57	31.1113	(337, 715)	(34, 72)	49
18:27:33.213	50	30.7776	(335, 725)	(34, 73)	49
18:27:33.269	49	30.6871	(334, 727)	(33, 73)	49
18:27:33.324	56	30.7138	(331, 735)	(33, 74)	49
18:27:33.388	54	30.5907	(329, 746)	(33, 75)	49
18:27:33.450	47	30.4804	(329, 755)	(33, 76)	49
18:27:33.504	53	30.357	(329, 765)	(33, 77)	49
18:27:33.562	57	30.2139	(329, 775)	(33, 78)	49
18:27:33.625	48	30.2689	(329, 785)	(33, 79)	49
18:27:33.678	44	30.2656	(329, 795)	(33, 80)	49
18:27:33.726	54	29.9953	(329, 805)	(33, 81)	49
18:27:33.785	57	29.7899	(329, 833)	(33, 83)	49
18:27:33.846	46	29.6721	(329, 836)	(33, 84)	49
18:27:33.894	44	29.5739	(329, 845)	(33, 85)	49
18:27:33.943	48	29.4378	(329, 855)	(33, 86)	49
18:27:33.999	54	29.4933	(330, 865)	(33, 87)	49
18:27:34.063	50	29.3239	(332, 875)	(33, 88)	49
18:27:34.117	53	29.1818	(335, 883)	(34, 88)	49
18:27:34.180	56	29.123	(335, 885)	(34, 89)	49
18:27:34.243	55	28.9473	(338, 895)	(34, 90)	49
18:27:34.305	47	28.9901	(341, 905)	(34, 91)	49
18:27:34.360	51	28.9559	(345, 914)	(35, 91)	49
18:27:34.417	53	28.9655	(346, 915)	(35, 92)	49
18:27:34.480	49	28.7089	(350, 925)	(35, 93)	49
18:27:34.534	53	29.9018	(355, 931)	(36, 93)	49
18:27:34.598	55	28.4871	(357, 935)	(36, 94)	49
18:27:34.660	57	28.5379	(364, 945)	(36, 95)	49
18:27:34.722	45	28.6594	(365, 945)	(37, 95)	49
18:27:34.769	53	28.6684	(373, 955)	(37, 96)	49
18:27:34.827	50	28.6533	(375, 956)	(38, 96)	49
18:27:34.882	49	28.8004	(384, 965)	(38, 97)	49
18:27:34.937	46	28.821	(385, 966)	(39, 97)	49
18:27:34.986	50	29.0273	(395, 975)	(40, 98)	49
18:27:35.042	55	29.3793	(405, 982)	(41, 98)	49
18:27:35.105	58	29.5948	(411, 987)	(41, 99)	49
18:27:35.167	51	29.8241	(415, 989)	(42, 99)	49
18:27:35.222	52	30.1166	(423, 995)	(42, 100)	49
18:27:35.279	58	30.1243	(425, 996)	(43, 100)	49
18:27:35.342	48	30.6018	(435, 1001)	(44, 100)	49
18:27:35.395	46	30.752	(441, 1005)	(44, 101)	49
18:27:35.444	46	30.9296	(446, 1007)	(45, 101)	49
18:27:35.494	54	31.1594	(455, 1012)	(46, 101)	49
18:27:35.557	52	31.2277	(461, 1015)	(46, 102)	49
18:27:35.612	61	31.4391	(465, 1017)	(47, 102)	49
18:27:35.682	56	31.7741	(475, 1022)	(48, 102)	49
18:27:35.745	57	32.0003	(481, 1025)	(48, 103)	49
18:27:35.808	51	32.1468	(485, 1026)	(49, 103)	49
18:27:35.862	48	32.5213	(495, 1030)	(50, 103)	49
18:27:35.917	56	33.0274	(505, 1034)	(51, 103)	49
18:27:35.982	56	32.989	(506, 1035)	(51, 104)	49
18:27:36.043	54	33.417	(515, 1037)	(52, 104)	49
18:27:36.106	62	34.0153	(525, 1040)	(53, 104)	49
18:27:36.176	62	34.8159	(540, 1043)	(54, 104)	49
18:27:36.244	54	35.0841	(545, 1044)	(55, 104)	49
18:27:36.307	58	35.2775	(549, 1045)	(55, 105)	49
18:27:36.370	58	35.5723	(555, 1046)	(56, 105)	49
18:27:36.432	55	36.7262	(577, 1050)	(58, 105)	49
18:27:36.494	58	37.065	(585, 1052)	(59, 105)	49
18:27:36.558	63	37.4255	(595, 1053)	(60, 105)	49
18:27:36.627	55	38.0564	(605, 1054)	(61, 105)	49
18:27:36.688	53	38.1994	(608, 1055)	(61, 106)	49
18:27:36.744	61	38.4144	(615, 1056)	(62, 106)	49
18:27:36.817	60	38.9864	(625, 1057)	(63, 106)	49
18:27:36.883	54	39.5739	(635, 1058)	(64, 106)	49
18:27:36.938	57	39.9622	(645, 1059)	(65, 106)	49
18:27:37.003	66	40.3037	(655, 1060)	(66, 106)	49
18:27:37.080	59	40.5662	(665, 1061)	(67, 106)	49
18:27:37.141	65	40.9788	(675, 1061)	(68, 106)	49
18:27:37.211	68	41.5039	(685, 1063)	(69, 106)	49
18:27:37.288	61	41.9424	(695, 1063)	(70, 106)	49
18:27:37.356	62	42.2566	(705, 1064)	(71, 106)	49
18:27:37.426	76	42.6754	(715, 1064)	(72, 106)	49
18:27:37.510	63	42.691	(719, 1065)	(72, 107)	49
18:27:37.580	71	42.924	(725, 1065)	(73, 107)	49
18:27:37.657	70	43.3219	(735, 1066)	(74, 107)	49
18:27:37.733	63	43.8302	(745, 1066)	(75, 107)	49
18:27:37.802	67	44.3033	(755, 1066)	(76, 107)	49
18:27:37.871	64	46.037	(765, 1066)	(77, 107)	49
18:27:37.941	68	45.041	(775, 1067)	(78, 107)	49
18:27:38.018	70	45.4441	(785, 1067)	(79, 107)	49
18:27:38.094	73	45.7615	(795, 1068)	(80, 107)	49
18:27:38.170	65	46.2236	(805, 1069)	(81, 107)	49
18:27:38.239	71	46.4994	(815, 1070)	(82, 107)	49
18:27:38.318	65	46.7985	(825, 1071)	(83, 107)	49
18:27:38.392	62	47.1458	(835, 1072)	(84, 107)	49
18:27:38.461	70	47.3523	(845, 1073)	(85, 107)	49
18:27:38.539	71	47.7711	(856, 1074)	(86, 107)	49
18:27:38.615	73	47.9399	(862, 1075)	(86, 108)	49
18:27:38.699	74	48.0074	(865, 1075)	(87, 108)	49
18:27:38.783	70	48.316	(875, 1075)	(88, 108)	49
18:27:38.858	72	48.7319	(885, 1076)	(89, 108)	49
18:27:38.936	72	48.9801	(895, 1077)	(90, 108)	49
18:27:39.011	77	49.2172	(905, 1078)	(91, 108)	49
18:27:39.096	76	49.4385	(915, 1078)	(92, 108)	49
18:27:39.179	72	49.6719	(925, 1079)	(93, 108)	49
18:27:39.254	74	49.9224	(935, 1080)	(94, 108)	49
18:27:39.339	80	49.9333	(945, 1081)	(95, 108)	49
18:27:39.429	69	49.9951	(955, 1082)	(96, 108)	49
18:27:39.504	74	50.1351	(965, 1082)	(97, 108)	49
18:27:39.589	72	50.2259	(975, 1083)	(98, 108)	49
18:27:39.664	65	50.6233	(986, 1083)	(99, 108)	49
18:27:39.733	74	50.831	(995, 1084)	(100, 108)	49
18:27:39.811	70	50.8293	(1005, 1084)	(101, 108)	49
18:27:39.886	65	51.292	(1015, 1084)	(102, 108)	49
18:27:39.956	74	51.2508	(1017, 1085)	(102, 109)	49
18:27:40.041	75	51.3101	(1025, 1085)	(103, 109)	49
18:27:40.124	75	51.6367	(1040, 1085)	(104, 109)	49
18:27:40.209	80	51.8821	(1048, 1085)	(105, 109)	49
18:27:40.297	77	51.6467	(1055, 1086)	(106, 109)	49
18:27:40.381	78	51.7199	(1065, 1086)	(107, 109)	49
18:27:40.465	70	51.8013	(1075, 1086)	(108, 109)	49
18:27:40.539	77	52.1043	(1085, 1086)	(109, 109)	49
18:27:40.625	79	52.2772	(1096, 1086)	(110, 109)	49
18:27:40.711	78	52.2732	(1105, 1086)	(111, 109)	49
18:27:40.799	79	52.5505	(1115, 1086)	(112, 109)	49
18:27:40.891	72	52.66	(1126, 1086)	(113, 109)	49
18:27:40.971	75	52.8305	(1135, 1086)	(114, 109)	49
18:27:41.056	80	53.2956	(1146, 1086)	(115, 109)	49
18:27:41.138	82	53.5948	(1155, 1086)	(116, 109)	49
18:27:41.229	82	53.6554	(1166, 1086)	(117, 109)	49
18:27:41.321	73	53.9443	(1175, 1086)	(118, 109)	49
18:27:41.402	74	54.1443	(1185, 1085)	(119, 109)	49
18:27:41.480	72	54.3418	(1188, 1084)	(119, 108)	49
18:27:41.555	68	54.637	(1195, 1084)	(120, 108)	49
18:27:41.631	77	54.783	(1205, 1082)	(121, 108)	49
18:27:41.716	75	54.828	(1215, 1081)	(122, 108)	49
18:27:41.798	79	55.0785	(1225, 1081)	(123, 108)	49
18:27:41.884	82	55.1258	(1235, 1081)	(124, 108)	49
18:27:41.972	89	55.4039	(1245, 1080)	(125, 108)	49
18:27:42.070	79	55.3824	(1255, 1080)	(126, 108)	49
18:27:42.155	76	55.5822	(1265, 1079)	(127, 108)	49
18:27:42.236	79	55.6877	(1275, 1078)	(128, 108)	49
18:27:42.322	85	55.9224	(1286, 1077)	(129, 108)	49
18:27:42.412	80	55.9785	(1295, 1077)	(130, 108)	49
18:27:42.504	76	55.9255	(1305, 1077)	(131, 108)	49
18:27:42.584	80	56.1553	(1315, 1077)	(132, 108)	49
18:27:42.669	83	56.2643	(1325, 1077)	(133, 108)	49
18:27:42.760	82	56.089	(1335, 1077)	(134, 108)	49
18:27:42.848	72	56.0181	(1345, 1077)	(135, 108)	49
18:27:42.924	76	56.0064	(1355, 1077)	(136, 108)	49
18:27:43.009	74	55.7439	(1365, 1079)	(137, 108)	49
18:27:43.091	81	55.6701	(1375, 1080)	(138, 108)	49
18:27:43.183	83	55.568	(1385, 1081)	(139, 108)	49
18:27:43.273	80	56.7425	(1395, 1081)	(140, 108)	49
18:27:43.364	81	54.9924	(1405, 1083)	(141, 108)	49
18:27:43.454	76	54.7138	(1416, 1084)	(142, 108)	49
18:27:43.536	72	54.5323	(1418, 1085)	(142, 109)	49
18:27:43.613	77	55.7379	(1425, 1085)	(143, 109)	49
18:27:43.697	79	53.955	(1437, 1088)	(144, 109)	49
18:27:43.781	82	53.6336	(1445, 1088)	(145, 109)	49
18:27:43.872	76	53.2683	(1455, 1089)	(146, 109)	49
18:27:43.954	77	53.0961	(1465, 1090)	(147, 109)	49
18:27:44.038	80	52.639	(1476, 1091)	(148, 109)	49
18:27:44.129	74	52.1406	(1485, 1092)	(149, 109)	49
18:27:44.211	77	51.648	(1495, 1093)	(150, 109)	49
18:27:44.296	72	51.3	(1505, 1093)	(151, 109)	49
18:27:44.370	70	51.1699	(1515, 1093)	(152, 109)	49
18:27:44.448	79	50.8868	(1525, 1093)	(153, 109)	49
18:27:44.531	70	50.5179	(1535, 1094)	(154, 109)	49
18:27:44.606	69	50.2563	(1545, 1094)	(155, 109)	49
18:27:44.684	70	49.9557	(1555, 1094)	(156, 109)	49
18:27:44.760	68	49.8273	(1565, 1094)	(157, 109)	49
18:27:44.838	76	49.6124	(1566, 1095)	(157, 110)	49
18:27:44.920	73	49.2508	(1575, 1095)	(158, 110)	49
18:27:44.997	72	48.9889	(1585, 1095)	(159, 110)	49
18:27:45.074	76	48.5373	(1596, 1096)	(160, 110)	49
18:27:45.158	69	48.2644	(1605, 1096)	(161, 110)	49
18:27:45.233	72	48.8967	(1615, 1096)	(162, 110)	49
18:27:45.310	76	47.5978	(1625, 1097)	(163, 110)	49
18:27:45.392	70	47.4098	(1635, 1097)	(164, 110)	49
18:27:45.471	73	46.9621	(1645, 1097)	(165, 110)	49
18:27:45.554	71	46.6258	(1655, 1098)	(166, 110)	49
18:27:45.630	62	46.2806	(1665, 1098)	(167, 110)	49
18:27:45.698	69	45.9296	(1675, 1099)	(168, 110)	49
18:27:45.776	70	45.5846	(1685, 1099)	(169, 110)	49
18:27:45.851	61	45.095	(1695, 1100)	(170, 110)	49
18:27:45.914	67	44.7877	(1705, 1100)	(171, 110)	49
18:27:45.992	72	44.273	(1715, 1101)	(172, 110)	49
18:27:46.075	70	44.1281	(1725, 1101)	(173, 110)	49
18:27:46.151	71	43.5726	(1735, 1103)	(174, 110)	49
18:27:46.228	64	43.1668	(1748, 1104)	(175, 110)	49
18:27:46.296	62	42.8121	(1753, 1105)	(175, 111)	49
18:27:46.367	70	42.7388	(1755, 1105)	(176, 111)	49
18:27:46.444	62	42.1999	(1765, 1106)	(177, 111)	49
18:27:46.511	64	41.8721	(1775, 1107)	(178, 111)	49
18:27:46.583	69	41.5741	(1785, 1108)	(179, 111)	49
18:27:46.659	63	41.0089	(1798, 1109)	(180, 111)	49
18:27:46.727	65	40.5007	(1806, 1111)	(181, 111)	49
18:27:46.798	63	40.161	(1815, 1112)	(182, 111)	49
18:27:46.867	60	39.8123	(1825, 1112)	(183, 111)	49
18:27:46.936	63	39.3573	(1835, 1113)	(184, 111)	49
18:27:47.007	66	38.8307	(1850, 1114)	(185, 111)	49
18:27:47.084	62	38.6644	(1855, 1114)	(186, 111)	49
18:27:47.152	64	38.388	(1858, 1115)	(186, 112)	49
18:27:47.222	64	38.123	(1865, 1116)	(187, 112)	49
18:27:47.292	59	37.6452	(1877, 1117)	(188, 112)	49
18:27:47.360	52	37.3646	(1885, 1118)	(189, 112)	49
18:27:47.415	57	36.7975	(1895, 1120)	(190, 112)	49
18:27:47.480	63	36.3462	(1905, 1121)	(191, 112)	49
18:27:47.549	32	11.1406	(0, 0)	(0, 0)	49
EOM

