BOM
Frame extends: 2263, 1306
_ms_area: 10
measurements taken: 585
current rendering method: 2
is mouse replay: 1
Camera settings: Roation Quaternion: ( -0.999525, -0.00479046, 0.0258543, 0.0158114), Translationsvektor: ( -0.068935, -0.00459421, 1.06).
System_Time	Elapsed_Time_PaintGL	Elapsed_Kernel_Time	Frame_Coordinates	Grid_Position	Manual_Measurement
18:27:51.449	77	61.2129	(318, 226)	(32, 23)	49
18:27:51.533	77	61.2413	(325, 225)	(33, 23)	49
18:27:51.618	78	61.2904	(335, 225)	(34, 23)	49
18:27:51.706	76	61.4662	(345, 225)	(35, 23)	49
18:27:51.788	77	61.6535	(357, 225)	(36, 23)	49
18:27:51.873	81	61.8015	(372, 225)	(37, 23)	49
18:27:51.962	79	61.7307	(375, 225)	(38, 23)	49
18:27:52.046	81	61.9776	(385, 225)	(39, 23)	49
18:27:52.137	75	62.0607	(395, 225)	(40, 23)	49
18:27:52.219	73	62.3959	(405, 225)	(41, 23)	49
18:27:52.297	81	62.9024	(415, 225)	(42, 23)	49
18:27:52.387	71	62.7308	(425, 225)	(43, 23)	49
18:27:52.461	78	62.7801	(435, 226)	(44, 23)	49
18:27:52.547	80	62.8585	(445, 226)	(45, 23)	49
18:27:52.636	75	63.4621	(455, 226)	(46, 23)	49
18:27:52.720	83	63.6034	(465, 227)	(47, 23)	49
18:27:52.812	89	63.7428	(475, 227)	(48, 23)	49
18:27:52.909	83	63.7431	(485, 228)	(49, 23)	49
18:27:52.999	83	63.9241	(495, 228)	(50, 23)	49
18:27:53.088	83	64.1881	(505, 229)	(51, 23)	49
18:27:53.181	83	64.2477	(515, 229)	(52, 23)	49
18:27:53.273	81	64.3618	(525, 229)	(53, 23)	49
18:27:53.360	85	64.5707	(535, 229)	(54, 23)	49
18:27:53.451	81	64.7616	(545, 229)	(55, 23)	49
18:27:53.540	81	64.9436	(555, 229)	(56, 23)	49
18:27:53.632	82	65.0467	(565, 229)	(57, 23)	49
18:27:53.721	82	65.3341	(575, 229)	(58, 23)	49
18:27:53.812	80	65.5191	(585, 229)	(59, 23)	49
18:27:53.901	77	65.8302	(596, 229)	(60, 23)	49
18:27:53.986	85	65.7684	(605, 230)	(61, 23)	49
18:27:54.077	79	65.7985	(615, 230)	(62, 23)	49
18:27:54.158	81	65.9819	(626, 230)	(63, 23)	49
18:27:54.251	93	66.1468	(635, 230)	(64, 23)	49
18:27:54.353	84	66.2639	(645, 230)	(65, 23)	49
18:27:54.446	87	66.3062	(655, 230)	(66, 23)	49
18:27:54.542	83	66.5849	(665, 230)	(67, 23)	49
18:27:54.633	86	66.6856	(680, 230)	(68, 23)	49
18:27:54.730	84	66.8631	(685, 230)	(69, 23)	49
18:27:54.821	84	67.0465	(695, 230)	(70, 23)	49
18:27:54.909	81	67.5825	(705, 230)	(71, 23)	49
18:27:54.993	85	67.6161	(715, 230)	(72, 23)	49
18:27:55.085	86	67.9557	(725, 230)	(73, 23)	49
18:27:55.181	84	68.0959	(735, 230)	(74, 23)	49
18:27:55.275	86	68.8406	(749, 230)	(75, 23)	49
18:27:55.371	81	69.0446	(756, 230)	(76, 23)	49
18:27:55.459	85	69.1631	(766, 230)	(77, 23)	49
18:27:55.551	83	69.2074	(775, 230)	(78, 23)	49
18:27:55.639	84	69.5979	(785, 230)	(79, 23)	49
18:27:55.732	87	69.8884	(796, 229)	(80, 23)	49
18:27:55.827	89	70.2873	(805, 229)	(81, 23)	49
18:27:55.925	87	70.2326	(815, 229)	(82, 23)	49
18:27:56.015	87	70.7745	(825, 228)	(83, 23)	49
18:27:56.113	90	70.9261	(835, 228)	(84, 23)	49
18:27:56.211	86	71.24	(845, 228)	(85, 23)	49
18:27:56.308	90	70.6858	(855, 228)	(86, 23)	49
18:27:56.405	84	71.9081	(865, 228)	(87, 23)	49
18:27:56.495	89	71.3653	(875, 228)	(88, 23)	49
18:27:56.593	87	71.7059	(885, 228)	(89, 23)	49
18:27:56.689	90	71.4299	(895, 228)	(90, 23)	49
18:27:56.787	86	71.8421	(905, 228)	(91, 23)	49
18:27:56.877	82	72.0276	(915, 228)	(92, 23)	49
18:27:56.967	83	72.381	(925, 228)	(93, 23)	49
18:27:57.059	87	72.1209	(935, 228)	(94, 23)	49
18:27:57.155	91	72.6182	(945, 227)	(95, 23)	49
18:27:57.257	88	72.6277	(957, 227)	(96, 23)	49
18:27:57.351	92	72.4981	(966, 227)	(97, 23)	49
18:27:57.449	87	72.7357	(975, 227)	(98, 23)	49
18:27:57.546	94	73.1804	(985, 227)	(99, 23)	49
18:27:57.649	93	73.4071	(995, 227)	(100, 23)	49
18:27:57.746	90	73.7283	(1005, 227)	(101, 23)	49
18:27:57.844	92	73.667	(1015, 226)	(102, 23)	49
18:27:57.940	91	74.0772	(1025, 226)	(103, 23)	49
18:27:58.039	96	74.256	(1035, 226)	(104, 23)	49
18:27:58.143	84	74.5052	(1045, 225)	(105, 23)	49
18:27:58.234	92	74.4782	(1055, 225)	(106, 23)	49
18:27:58.334	88	74.9406	(1065, 225)	(107, 23)	49
18:27:58.427	92	74.4951	(1071, 224)	(107, 22)	49
18:27:58.526	91	74.9351	(1075, 224)	(108, 22)	49
18:27:58.622	92	75.0012	(1085, 224)	(109, 22)	49
18:27:58.720	94	74.8342	(1095, 224)	(110, 22)	49
18:27:58.816	89	75.2225	(1105, 224)	(111, 22)	49
18:27:58.914	96	75.4427	(1115, 224)	(112, 22)	49
18:27:59.018	92	75.3397	(1125, 224)	(113, 22)	49
18:27:59.116	94	75.1733	(1135, 224)	(114, 22)	49
18:27:59.221	94	75.2844	(1146, 223)	(115, 22)	49
18:27:59.325	96	75.3262	(1155, 223)	(116, 22)	49
18:27:59.430	95	75.2341	(1165, 223)	(117, 22)	49
18:27:59.534	94	75.0446	(1175, 223)	(118, 22)	49
18:27:59.638	94	75.3121	(1185, 223)	(119, 22)	49
18:27:59.742	94	74.8778	(1195, 223)	(120, 22)	49
18:27:59.846	87	75.2523	(1205, 223)	(121, 22)	49
18:27:59.935	92	74.7572	(1215, 223)	(122, 22)	49
18:28:00.032	86	74.8804	(1225, 223)	(123, 22)	49
18:28:00.122	90	74.6335	(1235, 223)	(124, 22)	49
18:28:00.222	89	74.4159	(1245, 223)	(125, 22)	49
18:28:00.318	93	74.16	(1255, 223)	(126, 22)	49
18:28:00.417	94	74.3381	(1265, 224)	(127, 22)	49
18:28:00.519	90	74.195	(1275, 224)	(128, 22)	49
18:28:00.618	92	73.944	(1282, 225)	(128, 23)	49
18:28:00.715	92	74.0009	(1285, 225)	(129, 23)	49
18:28:00.813	92	73.6601	(1295, 226)	(130, 23)	49
18:28:00.913	92	73.34	(1305, 226)	(131, 23)	49
18:28:01.015	92	73.169	(1316, 228)	(132, 23)	49
18:28:01.112	87	72.855	(1326, 228)	(133, 23)	49
18:28:01.209	89	72.6861	(1335, 228)	(134, 23)	49
18:28:01.306	88	72.509	(1345, 229)	(135, 23)	49
18:28:01.402	88	72.1687	(1355, 230)	(136, 23)	49
18:28:01.501	91	71.4757	(1366, 230)	(137, 23)	49
18:28:01.597	81	71.4852	(1375, 230)	(138, 23)	49
18:28:01.680	87	71.3059	(1386, 231)	(139, 23)	49
18:28:01.779	86	70.9237	(1395, 231)	(140, 23)	49
18:28:01.870	89	70.8016	(1405, 232)	(141, 23)	49
18:28:01.967	89	70.2797	(1415, 232)	(142, 23)	49
18:28:02.062	87	70.3388	(1425, 232)	(143, 23)	49
18:28:02.154	89	70.1945	(1435, 233)	(144, 23)	49
18:28:02.251	83	70.0505	(1445, 234)	(145, 23)	49
18:28:02.341	95	69.6665	(1455, 234)	(146, 23)	49
18:28:02.439	87	69.5969	(1465, 234)	(147, 23)	49
18:28:02.536	89	69.7201	(1478, 234)	(148, 23)	49
18:28:02.635	82	69.185	(1485, 234)	(149, 23)	49
18:28:02.722	87	68.7729	(1488, 235)	(149, 24)	49
18:28:02.815	85	68.4427	(1495, 235)	(150, 24)	49
18:28:02.904	84	67.7347	(1506, 235)	(151, 24)	49
18:28:02.996	84	67.6033	(1516, 235)	(152, 24)	49
18:28:03.085	79	67.5582	(1526, 236)	(153, 24)	49
18:28:03.167	86	67.4837	(1535, 236)	(154, 24)	49
18:28:03.260	83	67.7444	(1546, 236)	(155, 24)	49
18:28:03.349	82	67.8138	(1556, 237)	(156, 24)	49
18:28:03.444	87	67.6916	(1565, 237)	(157, 24)	49
18:28:03.538	86	67.2942	(1575, 238)	(158, 24)	49
18:28:03.628	86	67.4641	(1585, 238)	(159, 24)	49
18:28:03.729	83	67.5034	(1595, 239)	(160, 24)	49
18:28:03.823	86	67.5517	(1605, 239)	(161, 24)	49
18:28:03.913	86	67.3354	(1615, 240)	(162, 24)	49
18:28:04.003	84	67.5021	(1625, 240)	(163, 24)	49
18:28:04.094	86	67.5015	(1636, 241)	(164, 24)	49
18:28:04.183	86	67.72	(1645, 242)	(165, 24)	49
18:28:04.275	88	67.5293	(1655, 242)	(166, 24)	49
18:28:04.372	84	67.4501	(1666, 243)	(167, 24)	49
18:28:04.462	88	67.6264	(1676, 244)	(168, 24)	49
18:28:04.560	81	67.5495	(1677, 245)	(168, 25)	49
18:28:04.649	83	67.5797	(1686, 245)	(169, 25)	49
18:28:04.740	83	67.4827	(1696, 246)	(170, 25)	49
18:28:04.829	84	67.7973	(1705, 246)	(171, 25)	49
18:28:04.921	86	67.82	(1715, 248)	(172, 25)	49
18:28:05.011	84	67.7695	(1726, 249)	(173, 25)	49
18:28:05.100	89	67.6218	(1735, 250)	(174, 25)	49
18:28:05.199	83	67.6856	(1745, 251)	(175, 25)	49
18:28:05.288	84	68.0024	(1755, 253)	(176, 25)	49
18:28:05.379	88	67.7154	(1765, 254)	(177, 25)	49
18:28:05.476	86	67.8003	(1768, 255)	(177, 26)	49
18:28:05.569	89	67.665	(1775, 256)	(178, 26)	49
18:28:05.665	86	67.8436	(1785, 258)	(179, 26)	49
18:28:05.763	86	67.7999	(1795, 260)	(180, 26)	49
18:28:05.860	85	67.8034	(1805, 262)	(181, 26)	49
18:28:05.950	87	67.6991	(1815, 264)	(182, 26)	49
18:28:06.047	83	68.1859	(1817, 265)	(182, 27)	49
18:28:06.136	82	67.7913	(1825, 267)	(183, 27)	49
18:28:06.228	87	67.4801	(1838, 271)	(184, 27)	49
18:28:06.325	81	67.819	(1845, 273)	(185, 27)	49
18:28:06.414	81	67.732	(1849, 275)	(185, 28)	49
18:28:06.506	80	67.5987	(1858, 278)	(186, 28)	49
18:28:06.588	83	67.6114	(1865, 280)	(187, 28)	49
18:28:06.680	85	67.5087	(1874, 285)	(187, 29)	49
18:28:06.770	83	67.3721	(1875, 285)	(188, 29)	49
18:28:06.859	86	67.3164	(1885, 289)	(189, 29)	49
18:28:06.952	84	66.9391	(1895, 294)	(190, 29)	49
18:28:07.042	86	66.9159	(1895, 295)	(190, 30)	49
18:28:07.139	82	66.961	(1905, 299)	(191, 30)	49
18:28:07.228	84	66.7996	(1912, 305)	(191, 31)	49
18:28:07.320	86	66.8726	(1915, 307)	(192, 31)	49
18:28:07.416	83	66.948	(1925, 314)	(193, 31)	49
18:28:07.507	86	66.7003	(1926, 315)	(193, 32)	49
18:28:07.606	82	66.4215	(1935, 322)	(194, 32)	49
18:28:07.695	86	66.5656	(1937, 325)	(194, 33)	49
18:28:07.786	81	66.5913	(1945, 333)	(195, 33)	49
18:28:07.874	83	66.6027	(1947, 335)	(195, 34)	49
18:28:07.966	86	66.6204	(1955, 344)	(196, 34)	49
18:28:08.055	79	66.6016	(1955, 345)	(196, 35)	49
18:28:08.140	85	66.5486	(1963, 355)	(196, 36)	49
18:28:08.230	82	66.8812	(1965, 358)	(197, 36)	49
18:28:08.319	84	66.3699	(1968, 365)	(197, 37)	49
18:28:08.411	84	66.4021	(1973, 375)	(197, 38)	49
18:28:08.500	85	67.0456	(1975, 379)	(198, 38)	49
18:28:08.592	87	66.8575	(1976, 385)	(198, 39)	49
18:28:08.693	83	66.7188	(1980, 395)	(198, 40)	49
18:28:08.780	84	66.3575	(1982, 405)	(198, 41)	49
18:28:08.869	80	66.2416	(1984, 415)	(198, 42)	49
18:28:08.952	85	66.2246	(1985, 417)	(199, 42)	49
18:28:09.044	85	66.299	(1985, 425)	(199, 43)	49
18:28:09.133	77	66.3422	(1987, 435)	(199, 44)	49
18:28:09.216	81	66.2184	(1988, 445)	(199, 45)	49
18:28:09.308	80	66.333	(1989, 455)	(199, 46)	49
18:28:09.390	83	66.1357	(1989, 465)	(199, 47)	49
18:28:09.482	86	65.9249	(1989, 475)	(199, 48)	49
18:28:09.577	76	65.8215	(1988, 485)	(199, 49)	49
18:28:09.661	84	66.4249	(1985, 495)	(199, 50)	49
18:28:09.754	82	66.4612	(1984, 495)	(198, 50)	49
18:28:09.842	83	66.4658	(1980, 505)	(198, 51)	49
18:28:09.933	87	67.1068	(1972, 516)	(197, 52)	49
18:28:10.029	84	66.9087	(1965, 525)	(197, 53)	49
18:28:10.121	86	67.0871	(1964, 526)	(196, 53)	49
18:28:10.219	83	67.1113	(1954, 534)	(195, 53)	49
18:28:10.309	85	67.0136	(1953, 535)	(195, 54)	49
18:28:10.399	82	67.2833	(1944, 539)	(194, 54)	49
18:28:10.488	83	67.3646	(1937, 545)	(194, 55)	49
18:28:10.580	84	67.736	(1934, 547)	(193, 55)	49
18:28:10.669	86	68.0784	(1924, 555)	(192, 56)	49
18:28:10.761	89	68.4065	(1914, 561)	(191, 56)	49
18:28:10.858	87	68.1667	(1907, 565)	(191, 57)	49
18:28:10.958	88	68.1905	(1904, 567)	(190, 57)	49
18:28:11.053	81	68.5253	(1894, 572)	(189, 57)	49
18:28:11.141	84	68.8105	(1890, 575)	(189, 58)	49
18:28:11.234	86	69.0628	(1884, 577)	(188, 58)	49
18:28:11.322	80	69.1287	(1874, 581)	(187, 58)	49
18:28:11.406	86	69.8413	(1866, 585)	(187, 59)	49
18:28:11.500	98	69.8406	(1864, 585)	(186, 59)	49
18:28:11.600	88	70.0058	(1854, 590)	(185, 59)	49
18:28:11.699	87	70.4073	(1844, 594)	(184, 59)	49
18:28:11.789	82	70.5693	(1843, 595)	(184, 60)	49
18:28:11.879	83	70.2753	(1834, 597)	(183, 60)	49
18:28:11.969	87	70.5495	(1823, 601)	(182, 60)	49
18:28:12.060	90	70.8124	(1810, 606)	(181, 61)	49
18:28:12.157	89	71.2781	(1804, 609)	(180, 61)	49
18:28:12.255	93	71.4003	(1794, 612)	(179, 61)	49
18:28:12.353	95	71.5021	(1787, 615)	(179, 62)	49
18:28:12.459	89	71.4292	(1784, 616)	(178, 62)	49
18:28:12.556	84	71.5978	(1774, 619)	(177, 62)	49
18:28:12.642	88	72.02	(1764, 622)	(176, 62)	49
18:28:12.736	86	71.7964	(1758, 625)	(176, 63)	49
18:28:12.831	89	72.4279	(1754, 626)	(175, 63)	49
18:28:12.930	92	72.283	(1744, 628)	(174, 63)	49
18:28:13.025	89	72.7741	(1734, 631)	(173, 63)	49
18:28:13.124	92	72.9987	(1724, 633)	(172, 63)	49
18:28:13.220	88	73.1877	(1715, 635)	(172, 64)	49
18:28:13.312	94	73.0689	(1714, 635)	(171, 64)	49
18:28:13.419	92	73.0567	(1704, 637)	(170, 64)	49
18:28:13.521	92	73.0361	(1694, 638)	(169, 64)	49
18:28:13.618	89	73.4961	(1684, 640)	(168, 64)	49
18:28:13.714	90	74.0468	(1674, 641)	(167, 64)	49
18:28:13.812	90	74.044	(1664, 642)	(166, 64)	49
18:28:13.909	92	74.457	(1654, 643)	(165, 64)	49
18:28:14.007	95	74.345	(1644, 644)	(164, 64)	49
18:28:14.110	90	74.515	(1633, 644)	(163, 64)	49
18:28:14.211	89	74.249	(1624, 644)	(162, 64)	49
18:28:14.304	91	74.4681	(1614, 644)	(161, 64)	49
18:28:14.403	95	74.7716	(1604, 644)	(160, 64)	49
18:28:14.507	86	74.976	(1594, 644)	(159, 64)	49
18:28:14.597	91	74.715	(1584, 644)	(158, 64)	49
18:28:14.696	93	74.7908	(1574, 644)	(157, 64)	49
18:28:14.798	90	75.309	(1564, 644)	(156, 64)	49
18:28:14.896	88	75.0167	(1554, 644)	(155, 64)	49
18:28:14.986	92	75.3268	(1548, 645)	(155, 65)	49
18:28:15.085	90	75.0567	(1544, 645)	(154, 65)	49
18:28:15.181	91	75.3127	(1534, 645)	(153, 65)	49
18:28:15.279	97	75.6424	(1524, 646)	(152, 65)	49
18:28:15.384	90	75.999	(1514, 647)	(151, 65)	49
18:28:15.480	95	75.8185	(1504, 648)	(150, 65)	49
18:28:15.578	91	75.9708	(1494, 649)	(149, 65)	49
18:28:15.675	95	76.2716	(1484, 651)	(148, 65)	49
18:28:15.783	94	76.4788	(1474, 652)	(147, 65)	49
18:28:15.885	95	76.4662	(1464, 652)	(146, 65)	49
18:28:15.991	89	76.3831	(1454, 653)	(145, 65)	49
18:28:16.084	88	77.0561	(1444, 654)	(144, 65)	49
18:28:16.183	96	77.1209	(1434, 654)	(143, 65)	49
18:28:16.286	89	77.4818	(1419, 654)	(142, 65)	49
18:28:16.385	112	77.227	(1414, 654)	(141, 65)	49
18:28:16.502	96	77.8976	(1404, 654)	(140, 65)	49
18:28:16.607	99	77.981	(1394, 654)	(139, 65)	49
18:28:16.711	92	77.9807	(1384, 654)	(138, 65)	49
18:28:16.809	92	78.0267	(1374, 654)	(137, 65)	49
18:28:16.905	97	78.8259	(1356, 653)	(136, 65)	49
18:28:17.010	101	78.7607	(1354, 653)	(135, 65)	49
18:28:17.114	97	78.5188	(1344, 652)	(134, 65)	49
18:28:17.219	96	78.9481	(1334, 651)	(133, 65)	49
18:28:17.322	97	79.597	(1323, 651)	(132, 65)	49
18:28:17.427	98	79.6979	(1314, 650)	(131, 65)	49
18:28:17.531	92	79.5736	(1303, 649)	(130, 65)	49
18:28:17.629	101	79.6969	(1294, 648)	(129, 65)	49
18:28:17.740	93	79.9582	(1284, 647)	(128, 65)	49
18:28:17.835	96	79.8267	(1274, 647)	(127, 65)	49
18:28:17.942	94	79.5233	(1264, 646)	(126, 65)	49
18:28:18.046	100	79.9161	(1256, 644)	(126, 64)	49
18:28:18.157	97	79.5532	(1254, 644)	(125, 64)	49
18:28:18.261	97	79.9117	(1244, 643)	(124, 64)	49
18:28:18.365	95	80.0164	(1234, 643)	(123, 64)	49
18:28:18.468	97	79.9828	(1224, 641)	(122, 64)	49
18:28:18.574	95	79.9744	(1214, 641)	(121, 64)	49
18:28:18.677	99	80.548	(1204, 641)	(120, 64)	49
18:28:18.783	96	80.9308	(1194, 640)	(119, 64)	49
18:28:18.886	99	80.3633	(1184, 639)	(118, 64)	49
18:28:18.991	98	80.1241	(1174, 639)	(117, 64)	49
18:28:19.094	96	80.3307	(1164, 637)	(116, 64)	49
18:28:19.201	94	80.1994	(1154, 637)	(115, 64)	49
18:28:19.302	98	79.8612	(1144, 636)	(114, 64)	49
18:28:19.410	91	79.6837	(1134, 636)	(113, 64)	49
18:28:19.504	96	79.9204	(1124, 635)	(112, 64)	49
18:28:19.610	97	79.8314	(1114, 635)	(111, 64)	49
18:28:19.713	97	79.6763	(1110, 634)	(111, 63)	49
18:28:19.820	96	79.5123	(1104, 634)	(110, 63)	49
18:28:19.923	99	79.4868	(1093, 633)	(109, 63)	49
18:28:20.027	97	79.2529	(1084, 632)	(108, 63)	49
18:28:20.130	95	79.2887	(1074, 632)	(107, 63)	49
18:28:20.236	97	78.6234	(1064, 631)	(106, 63)	49
18:28:20.340	99	79.4176	(1051, 631)	(105, 63)	49
18:28:20.445	94	77.8009	(1032, 629)	(103, 63)	49
18:28:20.548	93	77.6452	(1024, 629)	(102, 63)	49
18:28:20.647	94	77.8987	(1014, 629)	(101, 63)	49
18:28:20.749	88	77.5896	(1004, 628)	(100, 63)	49
18:28:20.846	97	77.9167	(994, 627)	(99, 63)	49
18:28:20.951	88	77.1406	(984, 627)	(98, 63)	49
18:28:21.040	93	77.0996	(974, 627)	(97, 63)	49
18:28:21.140	94	77.1359	(964, 626)	(96, 63)	49
18:28:21.243	94	76.7871	(954, 626)	(95, 63)	49
18:28:21.349	92	76.307	(944, 626)	(94, 63)	49
18:28:21.444	85	76.1119	(934, 625)	(93, 63)	49
18:28:21.534	91	75.9619	(927, 624)	(93, 62)	49
18:28:21.632	89	76.1877	(924, 624)	(92, 62)	49
18:28:21.731	93	75.9879	(914, 623)	(91, 62)	49
18:28:21.834	93	75.509	(904, 622)	(90, 62)	49
18:28:21.932	96	75.0721	(894, 621)	(89, 62)	49
18:28:22.036	93	75.0019	(884, 620)	(88, 62)	49
18:28:22.135	94	74.9443	(873, 619)	(87, 62)	49
18:28:22.237	86	74.7446	(864, 619)	(86, 62)	49
18:28:22.328	94	74.3433	(854, 619)	(85, 62)	49
18:28:22.432	88	74.4474	(843, 618)	(84, 62)	49
18:28:22.528	95	74.2505	(834, 618)	(83, 62)	49
18:28:22.627	88	73.977	(823, 617)	(82, 62)	49
18:28:22.723	97	73.348	(814, 617)	(81, 62)	49
18:28:22.829	87	73.1916	(804, 617)	(80, 62)	49
18:28:22.925	90	73.044	(794, 617)	(79, 62)	49
18:28:23.023	91	72.2726	(784, 616)	(78, 62)	49
18:28:23.121	90	72.0751	(772, 616)	(77, 62)	49
18:28:23.219	92	71.9493	(764, 615)	(76, 62)	49
18:28:23.315	88	71.9357	(754, 615)	(75, 62)	49
18:28:23.413	91	71.3511	(744, 615)	(74, 62)	49
18:28:23.514	87	71.0003	(734, 615)	(73, 62)	49
18:28:23.607	90	70.8855	(724, 615)	(72, 62)	49
18:28:23.705	86	70.3286	(714, 615)	(71, 62)	49
18:28:23.794	87	69.9867	(704, 615)	(70, 62)	49
18:28:23.885	90	69.3917	(694, 615)	(69, 62)	49
18:28:23.981	81	69.2859	(684, 615)	(68, 62)	49
18:28:24.073	88	68.9893	(674, 615)	(67, 62)	49
18:28:24.171	85	68.3557	(664, 616)	(66, 62)	49
18:28:24.261	85	68.1222	(654, 617)	(65, 62)	49
18:28:24.351	83	67.8966	(644, 618)	(64, 62)	49
18:28:24.441	86	67.7007	(634, 618)	(63, 62)	49
18:28:24.532	82	67.0924	(624, 619)	(62, 62)	49
18:28:24.621	83	66.9495	(614, 619)	(61, 62)	49
18:28:24.713	87	66.5859	(604, 621)	(60, 62)	49
18:28:24.817	84	66.375	(594, 621)	(59, 62)	49
18:28:24.907	86	66.0353	(584, 622)	(58, 62)	49
18:28:24.998	82	65.7601	(574, 624)	(57, 62)	49
18:28:25.087	83	65.7308	(566, 625)	(57, 63)	49
18:28:25.179	84	65.6279	(564, 625)	(56, 63)	49
18:28:25.268	75	65.4852	(554, 625)	(55, 63)	49
18:28:25.350	83	65.2656	(544, 626)	(54, 63)	49
18:28:25.444	79	65.0116	(534, 628)	(53, 63)	49
18:28:25.524	82	64.8953	(524, 629)	(52, 63)	49
18:28:25.616	82	64.4793	(514, 631)	(51, 63)	49
18:28:25.707	82	64.3476	(504, 633)	(50, 63)	49
18:28:25.797	83	64.0724	(494, 634)	(49, 63)	49
18:28:25.888	84	64.0975	(493, 635)	(49, 64)	49
18:28:25.978	85	63.8113	(484, 637)	(48, 64)	49
18:28:26.069	79	63.609	(467, 641)	(47, 64)	49
18:28:26.151	80	63.3664	(464, 642)	(46, 64)	49
18:28:26.236	83	63.4439	(458, 645)	(46, 65)	49
18:28:26.326	82	63.373	(454, 646)	(45, 65)	49
18:28:26.416	83	63.424	(444, 650)	(44, 65)	49
18:28:26.507	78	63.4865	(434, 654)	(43, 65)	49
18:28:26.589	80	63.3474	(432, 655)	(43, 66)	49
18:28:26.672	81	63.3821	(424, 658)	(42, 66)	49
18:28:26.762	73	63.2302	(414, 662)	(41, 66)	49
18:28:26.838	79	63.1973	(409, 665)	(41, 67)	49
18:28:26.924	80	63.1676	(404, 667)	(40, 67)	49
18:28:27.012	73	63.0458	(394, 671)	(39, 67)	49
18:28:27.088	80	62.948	(387, 675)	(39, 68)	49
18:28:27.173	79	62.7615	(384, 676)	(38, 68)	49
18:28:27.256	80	62.3804	(374, 680)	(37, 68)	49
18:28:27.348	80	62.2376	(367, 685)	(37, 69)	49
18:28:27.437	78	62.4135	(364, 687)	(36, 69)	49
18:28:27.521	76	62.428	(356, 695)	(36, 70)	49
18:28:27.604	75	62.2961	(354, 695)	(35, 70)	49
18:28:27.686	76	62.3372	(344, 704)	(34, 70)	49
18:28:27.775	79	62.2439	(344, 705)	(34, 71)	49
18:28:27.861	78	62.2547	(337, 715)	(34, 72)	49
18:28:27.945	82	62.152	(335, 725)	(34, 73)	49
18:28:28.036	77	62.1052	(334, 727)	(33, 73)	49
18:28:28.118	79	62.2844	(331, 735)	(33, 74)	49
18:28:28.202	83	62.2526	(329, 746)	(33, 75)	49
18:28:28.292	80	62.1917	(329, 755)	(33, 76)	49
18:28:28.385	84	62.1839	(329, 765)	(33, 77)	49
18:28:28.474	75	62.1326	(329, 775)	(33, 78)	49
18:28:28.555	78	62.1935	(329, 785)	(33, 79)	49
18:28:28.647	79	62.1923	(329, 795)	(33, 80)	49
18:28:28.730	74	62.2387	(329, 805)	(33, 81)	49
18:28:28.805	80	62.2034	(329, 833)	(33, 83)	49
18:28:28.891	78	62.0212	(329, 836)	(33, 84)	49
18:28:28.973	79	61.987	(329, 845)	(33, 85)	49
18:28:29.058	81	61.9588	(329, 855)	(33, 86)	49
18:28:29.148	78	61.972	(330, 865)	(33, 87)	49
18:28:29.231	78	61.8022	(332, 875)	(33, 88)	49
18:28:29.315	81	61.7683	(335, 883)	(34, 88)	49
18:28:29.404	79	61.8604	(335, 885)	(34, 89)	49
18:28:29.488	81	62.0416	(338, 895)	(34, 90)	49
18:28:29.579	78	61.9751	(341, 905)	(34, 91)	49
18:28:29.661	79	61.9674	(345, 914)	(35, 91)	49
18:28:29.746	83	61.8107	(346, 915)	(35, 92)	49
18:28:29.837	81	61.6801	(350, 925)	(35, 93)	49
18:28:29.927	81	61.7397	(355, 931)	(36, 93)	49
18:28:30.024	79	61.767	(357, 935)	(36, 94)	49
18:28:30.107	82	61.736	(364, 945)	(36, 95)	49
18:28:30.198	76	61.7041	(365, 945)	(37, 95)	49
18:28:30.279	78	61.5166	(373, 955)	(37, 96)	49
18:28:30.365	81	61.5387	(375, 956)	(38, 96)	49
18:28:30.454	72	61.4224	(384, 965)	(38, 97)	49
18:28:30.530	78	61.5639	(385, 966)	(39, 97)	49
18:28:30.618	81	61.4658	(395, 975)	(40, 98)	49
18:28:30.706	79	61.5169	(405, 982)	(41, 98)	49
18:28:30.795	82	61.5052	(411, 987)	(41, 99)	49
18:28:30.886	77	61.5133	(415, 989)	(42, 99)	49
18:28:30.969	81	61.4575	(423, 995)	(42, 100)	49
18:28:31.059	82	61.673	(425, 996)	(43, 100)	49
18:28:31.149	79	61.7893	(435, 1001)	(44, 100)	49
18:28:31.235	84	61.7837	(441, 1005)	(44, 101)	49
18:28:31.323	78	61.721	(446, 1007)	(45, 101)	49
18:28:31.407	81	61.7163	(455, 1012)	(46, 101)	49
18:28:31.498	76	61.872	(461, 1015)	(46, 102)	49
18:28:31.580	76	61.8656	(465, 1017)	(47, 102)	49
18:28:31.664	80	61.8988	(475, 1022)	(48, 102)	49
18:28:31.754	72	62.1361	(481, 1025)	(48, 103)	49
18:28:31.829	79	62.1428	(485, 1026)	(49, 103)	49
18:28:31.914	78	62.1321	(495, 1030)	(50, 103)	49
18:28:31.996	73	62.4379	(505, 1034)	(51, 103)	49
18:28:32.075	80	62.3124	(506, 1035)	(51, 104)	49
18:28:32.164	79	62.4981	(515, 1037)	(52, 104)	49
18:28:32.248	82	62.6111	(525, 1040)	(53, 104)	49
18:28:32.339	79	62.9393	(540, 1043)	(54, 104)	49
18:28:32.421	81	62.9261	(545, 1044)	(55, 104)	49
18:28:32.512	84	63.0166	(549, 1045)	(55, 105)	49
18:28:32.603	77	63.061	(555, 1046)	(56, 105)	49
18:28:32.685	81	63.7416	(577, 1050)	(58, 105)	49
18:28:32.777	80	63.7806	(585, 1052)	(59, 105)	49
18:28:32.859	79	63.9021	(595, 1053)	(60, 105)	49
18:28:32.944	83	64.019	(605, 1054)	(61, 105)	49
18:28:33.034	80	63.9704	(608, 1055)	(61, 106)	49
18:28:33.124	83	63.9874	(615, 1056)	(62, 106)	49
18:28:33.215	83	64.2732	(625, 1057)	(63, 106)	49
18:28:33.305	85	64.3738	(635, 1058)	(64, 106)	49
18:28:33.398	79	64.5793	(645, 1059)	(65, 106)	49
18:28:33.484	75	64.6375	(655, 1060)	(66, 106)	49
18:28:33.561	80	64.8393	(665, 1061)	(67, 106)	49
18:28:33.646	78	65.0096	(675, 1061)	(68, 106)	49
18:28:33.727	82	65.1716	(685, 1063)	(69, 106)	49
18:28:33.819	79	65.1307	(695, 1063)	(70, 106)	49
18:28:33.901	81	65.5984	(705, 1064)	(71, 106)	49
18:28:33.986	85	65.7147	(715, 1064)	(72, 106)	49
18:28:34.080	82	65.7972	(719, 1065)	(72, 107)	49
18:28:34.167	86	66.2721	(725, 1065)	(73, 107)	49
18:28:34.257	87	66.5126	(735, 1066)	(74, 107)	49
18:28:34.355	86	66.7687	(745, 1066)	(75, 107)	49
18:28:34.452	87	67.0317	(755, 1066)	(76, 107)	49
18:28:34.541	86	67.2727	(765, 1066)	(77, 107)	49
18:28:34.633	88	67.2637	(775, 1067)	(78, 107)	49
18:28:34.731	80	67.5384	(785, 1067)	(79, 107)	49
18:28:34.818	83	67.8034	(795, 1068)	(80, 107)	49
18:28:34.911	81	67.8559	(805, 1069)	(81, 107)	49
18:28:34.999	86	67.8258	(815, 1070)	(82, 107)	49
18:28:35.092	85	68.2175	(825, 1071)	(83, 107)	49
18:28:35.181	84	68.3812	(835, 1072)	(84, 107)	49
18:28:35.273	88	68.3681	(845, 1073)	(85, 107)	49
18:28:35.370	87	68.419	(856, 1074)	(86, 107)	49
18:28:35.467	88	68.3292	(862, 1075)	(86, 108)	49
18:28:35.565	83	68.4379	(865, 1075)	(87, 108)	49
18:28:35.655	88	68.7439	(875, 1075)	(88, 108)	49
18:28:35.752	86	68.7741	(885, 1076)	(89, 108)	49
18:28:35.841	86	68.9163	(895, 1077)	(90, 108)	49
18:28:35.933	88	69.243	(905, 1078)	(91, 108)	49
18:28:36.031	85	69.2621	(915, 1078)	(92, 108)	49
18:28:36.121	89	69.2206	(925, 1079)	(93, 108)	49
18:28:36.218	84	69.2677	(935, 1080)	(94, 108)	49
18:28:36.306	86	69.657	(945, 1081)	(95, 108)	49
18:28:36.399	82	69.5544	(955, 1082)	(96, 108)	49
18:28:36.488	84	69.8913	(965, 1082)	(97, 108)	49
18:28:36.580	87	69.6363	(975, 1083)	(98, 108)	49
18:28:36.676	96	70.125	(986, 1083)	(99, 108)	49
18:28:36.781	88	70.2818	(995, 1084)	(100, 108)	49
18:28:36.877	86	70.3756	(1005, 1084)	(101, 108)	49
18:28:36.969	86	70.3185	(1015, 1084)	(102, 108)	49
18:28:37.059	92	70.5724	(1017, 1085)	(102, 109)	49
18:28:37.157	90	70.683	(1025, 1085)	(103, 109)	49
18:28:37.254	84	70.6096	(1040, 1085)	(104, 109)	49
18:28:37.342	89	70.7837	(1048, 1085)	(105, 109)	49
18:28:37.443	89	70.807	(1055, 1086)	(106, 109)	49
18:28:37.537	90	71.2311	(1065, 1086)	(107, 109)	49
18:28:37.636	92	71.3359	(1075, 1086)	(108, 109)	49
18:28:37.732	82	71.3141	(1085, 1086)	(109, 109)	49
18:28:37.824	89	71.2046	(1096, 1086)	(110, 109)	49
18:28:37.920	83	71.3831	(1105, 1086)	(111, 109)	49
18:28:38.009	90	71.599	(1115, 1086)	(112, 109)	49
18:28:38.109	89	71.3764	(1126, 1086)	(113, 109)	49
18:28:38.209	90	71.5154	(1135, 1086)	(114, 109)	49
18:28:38.303	92	71.7816	(1146, 1086)	(115, 109)	49
18:28:38.401	91	71.7723	(1155, 1086)	(116, 109)	49
18:28:38.498	89	71.6538	(1166, 1086)	(117, 109)	49
18:28:38.594	88	71.6959	(1175, 1086)	(118, 109)	49
18:28:38.685	91	72.011	(1185, 1085)	(119, 109)	49
18:28:38.785	86	71.8674	(1188, 1084)	(119, 108)	49
18:28:38.880	88	72.0301	(1195, 1084)	(120, 108)	49
18:28:38.977	86	72.0378	(1205, 1082)	(121, 108)	49
18:28:39.067	89	72.143	(1215, 1081)	(122, 108)	49
18:28:39.165	92	72.348	(1225, 1081)	(123, 108)	49
18:28:39.261	85	72.4	(1235, 1081)	(124, 108)	49
18:28:39.352	89	72.3659	(1245, 1080)	(125, 108)	49
18:28:39.450	82	72.2113	(1255, 1080)	(126, 108)	49
18:28:39.539	88	72.5441	(1265, 1079)	(127, 108)	49
18:28:39.638	87	72.5613	(1275, 1078)	(128, 108)	49
18:28:39.727	88	72.4333	(1286, 1077)	(129, 108)	49
18:28:39.826	87	72.2999	(1295, 1077)	(130, 108)	49
18:28:39.923	90	72.5745	(1305, 1077)	(131, 108)	49
18:28:40.021	86	72.617	(1315, 1077)	(132, 108)	49
18:28:40.109	89	72.5246	(1325, 1077)	(133, 108)	49
18:28:40.209	90	71.9644	(1335, 1077)	(134, 108)	49
18:28:40.304	90	72.3037	(1345, 1077)	(135, 108)	49
18:28:40.403	90	72.083	(1355, 1077)	(136, 108)	49
18:28:40.501	89	72.0505	(1365, 1079)	(137, 108)	49
18:28:40.597	92	71.74	(1375, 1080)	(138, 108)	49
18:28:40.695	88	71.7975	(1385, 1081)	(139, 108)	49
18:28:40.791	86	71.5985	(1395, 1081)	(140, 108)	49
18:28:40.883	87	71.1938	(1405, 1083)	(141, 108)	49
18:28:40.978	84	70.8517	(1416, 1084)	(142, 108)	49
18:28:41.070	84	70.917	(1418, 1085)	(142, 109)	49
18:28:41.159	88	70.9184	(1425, 1085)	(143, 109)	49
18:28:41.251	91	70.7206	(1437, 1088)	(144, 109)	49
18:28:41.347	87	70.7314	(1445, 1088)	(145, 109)	49
18:28:41.446	89	70.4646	(1455, 1089)	(146, 109)	49
18:28:41.543	85	70.1092	(1465, 1090)	(147, 109)	49
18:28:41.632	87	70.096	(1476, 1091)	(148, 109)	49
18:28:41.724	88	69.8524	(1485, 1092)	(149, 109)	49
18:28:41.820	86	69.6736	(1495, 1093)	(150, 109)	49
18:28:41.911	89	69.6804	(1505, 1093)	(151, 109)	49
18:28:42.008	87	69.6588	(1515, 1093)	(152, 109)	49
18:28:42.100	85	69.5144	(1525, 1093)	(153, 109)	49
18:28:42.189	88	69.3338	(1535, 1094)	(154, 109)	49
18:28:42.287	88	69.2644	(1545, 1094)	(155, 109)	49
18:28:42.384	82	69.3499	(1555, 1094)	(156, 109)	49
18:28:42.472	85	69.1916	(1565, 1094)	(157, 109)	49
18:28:42.564	86	68.8864	(1566, 1095)	(157, 110)	49
18:28:42.654	82	68.8907	(1575, 1095)	(158, 110)	49
18:28:42.745	89	68.7791	(1585, 1095)	(159, 110)	49
18:28:42.842	87	68.7172	(1596, 1096)	(160, 110)	49
18:28:42.934	88	68.6616	(1605, 1096)	(161, 110)	49
18:28:43.031	85	68.239	(1615, 1096)	(162, 110)	49
18:28:43.121	81	68.1271	(1625, 1097)	(163, 110)	49
18:28:43.210	81	68.1409	(1635, 1097)	(164, 110)	49
18:28:43.300	86	67.909	(1645, 1097)	(165, 110)	49
18:28:43.392	87	67.2637	(1655, 1098)	(166, 110)	49
18:28:43.490	85	67.2317	(1665, 1098)	(167, 110)	49
18:28:43.580	87	67.1151	(1675, 1099)	(168, 110)	49
18:28:43.681	84	66.759	(1685, 1099)	(169, 110)	49
18:28:43.775	85	66.3729	(1695, 1100)	(170, 110)	49
18:28:43.871	83	66.4073	(1705, 1100)	(171, 110)	49
18:28:43.960	86	66.2444	(1715, 1101)	(172, 110)	49
18:28:44.052	87	66.1572	(1725, 1101)	(173, 110)	49
18:28:44.141	77	66.0433	(1735, 1103)	(174, 110)	49
18:28:44.225	83	65.9554	(1748, 1104)	(175, 110)	49
18:28:44.317	78	65.8236	(1753, 1105)	(175, 111)	49
18:28:44.398	84	65.94	(1755, 1105)	(176, 111)	49
18:28:44.491	81	65.7087	(1765, 1106)	(177, 111)	49
18:28:44.579	82	65.4339	(1775, 1107)	(178, 111)	49
18:28:44.671	85	65.5098	(1785, 1108)	(179, 111)	49
18:28:44.762	83	65.4212	(1798, 1109)	(180, 111)	49
18:28:44.852	81	65.2855	(1806, 1111)	(181, 111)	49
18:28:44.943	80	65.1532	(1815, 1112)	(182, 111)	49
18:28:45.031	84	65.1957	(1825, 1112)	(183, 111)	49
18:28:45.123	87	65.1065	(1835, 1113)	(184, 111)	49
18:28:45.213	81	64.8815	(1850, 1114)	(185, 111)	49
18:28:45.304	83	64.653	(1855, 1114)	(186, 111)	49
18:28:45.394	82	64.7416	(1858, 1115)	(186, 112)	49
18:28:45.485	85	64.6926	(1865, 1116)	(187, 112)	49
18:28:45.575	78	65.0476	(1877, 1117)	(188, 112)	49
18:28:45.657	79	64.5773	(1885, 1118)	(189, 112)	49
18:28:45.742	81	64.2153	(1895, 1120)	(190, 112)	49
18:28:45.831	75	64.3089	(1905, 1121)	(191, 112)	49
18:28:45.915	78	58.499	(0, 0)	(0, 0)	49
EOM

