BOM
Frame extends: 2263, 1306
_ms_area: 10
measurements taken: 585
current rendering method: 0
is mouse replay: 1
Camera settings: Roation Quaternion: ( -0.999525, -0.00479046, 0.0258543, 0.0158114), Translationsvektor: ( -0.068935, -0.00459421, 1.06).
System_Time	Elapsed_Time_PaintGL	Elapsed_Kernel_Time	Frame_Coordinates	Grid_Position	Manual_Measurement
18:24:53.577	197	190.262	(-1, -1)	(-1, -1)	49
18:24:53.782	199	190.187	(-1, -1)	(-1, -1)	49
18:24:53.984	198	190.144	(-1, -1)	(-1, -1)	49
18:24:54.185	199	190.219	(-1, -1)	(-1, -1)	49
18:24:54.394	200	190.31	(-1, -1)	(-1, -1)	49
18:24:54.604	201	190.188	(-1, -1)	(-1, -1)	49
18:24:54.811	199	190.491	(-1, -1)	(-1, -1)	49
18:24:55.021	207	190.259	(-1, -1)	(-1, -1)	49
18:24:55.237	202	190.276	(-1, -1)	(-1, -1)	49
18:24:55.444	211	190.253	(-1, -1)	(-1, -1)	49
18:24:55.661	203	190.153	(-1, -1)	(-1, -1)	49
18:24:55.869	203	190.328	(-1, -1)	(-1, -1)	49
18:24:56.077	203	190.215	(-1, -1)	(-1, -1)	49
18:24:56.285	203	190.269	(-1, -1)	(-1, -1)	49
18:24:56.495	202	190.187	(-1, -1)	(-1, -1)	49
18:24:56.703	202	190.233	(-1, -1)	(-1, -1)	49
18:24:56.912	203	190.308	(-1, -1)	(-1, -1)	49
18:24:57.121	202	190.284	(-1, -1)	(-1, -1)	49
18:24:57.329	202	190.199	(-1, -1)	(-1, -1)	49
18:24:57.540	202	190.28	(-1, -1)	(-1, -1)	49
18:24:57.753	203	190.249	(-1, -1)	(-1, -1)	49
18:24:57.962	201	190.24	(-1, -1)	(-1, -1)	49
18:24:58.170	202	190.3	(-1, -1)	(-1, -1)	49
18:24:58.378	203	190.202	(-1, -1)	(-1, -1)	49
18:24:58.587	203	190.314	(-1, -1)	(-1, -1)	49
18:24:58.795	202	190.133	(-1, -1)	(-1, -1)	49
18:24:59.004	201	190.214	(-1, -1)	(-1, -1)	49
18:24:59.213	201	190.281	(-1, -1)	(-1, -1)	49
18:24:59.421	204	190.255	(-1, -1)	(-1, -1)	49
18:24:59.630	202	190.154	(-1, -1)	(-1, -1)	49
18:24:59.839	201	190.322	(-1, -1)	(-1, -1)	49
18:25:00.046	199	190.281	(-1, -1)	(-1, -1)	49
18:25:00.255	203	190.138	(-1, -1)	(-1, -1)	49
18:25:00.464	201	190.248	(-1, -1)	(-1, -1)	49
18:25:00.671	198	190.172	(-1, -1)	(-1, -1)	49
18:25:00.872	197	190.24	(-1, -1)	(-1, -1)	49
18:25:01.075	198	190.509	(-1, -1)	(-1, -1)	49
18:25:01.276	200	190.091	(-1, -1)	(-1, -1)	49
18:25:01.478	198	190.233	(-1, -1)	(-1, -1)	49
18:25:01.679	199	190.273	(-1, -1)	(-1, -1)	49
18:25:01.881	200	190.225	(-1, -1)	(-1, -1)	49
18:25:02.089	200	190.236	(-1, -1)	(-1, -1)	49
18:25:02.299	202	190.191	(-1, -1)	(-1, -1)	49
18:25:02.509	202	190.247	(-1, -1)	(-1, -1)	49
18:25:02.716	199	190.243	(-1, -1)	(-1, -1)	49
18:25:02.925	202	190.293	(-1, -1)	(-1, -1)	49
18:25:03.136	204	190.255	(-1, -1)	(-1, -1)	49
18:25:03.351	207	190.266	(-1, -1)	(-1, -1)	49
18:25:03.564	203	190.231	(-1, -1)	(-1, -1)	49
18:25:03.773	201	190.199	(-1, -1)	(-1, -1)	49
18:25:03.981	202	190.223	(-1, -1)	(-1, -1)	49
18:25:04.193	202	190.254	(-1, -1)	(-1, -1)	49
18:25:04.407	202	190.291	(-1, -1)	(-1, -1)	49
18:25:04.616	203	190.221	(-1, -1)	(-1, -1)	49
18:25:04.832	203	190.278	(-1, -1)	(-1, -1)	49
18:25:05.046	203	190.295	(-1, -1)	(-1, -1)	49
18:25:05.259	202	190.252	(-1, -1)	(-1, -1)	49
18:25:05.468	197	190.277	(-1, -1)	(-1, -1)	49
18:25:05.673	203	190.216	(-1, -1)	(-1, -1)	49
18:25:05.887	202	190.255	(-1, -1)	(-1, -1)	49
18:25:06.096	202	190.25	(-1, -1)	(-1, -1)	49
18:25:06.303	203	190.222	(-1, -1)	(-1, -1)	49
18:25:06.512	202	190.246	(-1, -1)	(-1, -1)	49
18:25:06.720	203	190.213	(-1, -1)	(-1, -1)	49
18:25:06.929	202	190.254	(-1, -1)	(-1, -1)	49
18:25:07.139	202	190.334	(-1, -1)	(-1, -1)	49
18:25:07.346	202	190.324	(-1, -1)	(-1, -1)	49
18:25:07.554	202	190.25	(-1, -1)	(-1, -1)	49
18:25:07.763	203	190.231	(-1, -1)	(-1, -1)	49
18:25:07.971	203	190.171	(-1, -1)	(-1, -1)	49
18:25:08.180	202	190.194	(-1, -1)	(-1, -1)	49
18:25:08.389	201	190.23	(-1, -1)	(-1, -1)	49
18:25:08.597	203	190.313	(-1, -1)	(-1, -1)	49
18:25:08.807	201	190.276	(-1, -1)	(-1, -1)	49
18:25:09.013	199	190.669	(-1, -1)	(-1, -1)	49
18:25:09.216	202	190.283	(-1, -1)	(-1, -1)	49
18:25:09.425	202	190.216	(-1, -1)	(-1, -1)	49
18:25:09.633	200	190.26	(-1, -1)	(-1, -1)	49
18:25:09.839	197	190.388	(-1, -1)	(-1, -1)	49
18:25:10.041	197	190.288	(-1, -1)	(-1, -1)	49
18:25:10.244	197	190.319	(-1, -1)	(-1, -1)	49
18:25:10.445	198	190.365	(-1, -1)	(-1, -1)	49
18:25:10.647	199	190.338	(-1, -1)	(-1, -1)	49
18:25:10.849	199	190.325	(-1, -1)	(-1, -1)	49
18:25:11.051	199	190.303	(-1, -1)	(-1, -1)	49
18:25:11.259	199	190.304	(-1, -1)	(-1, -1)	49
18:25:11.468	200	190.171	(-1, -1)	(-1, -1)	49
18:25:11.677	201	190.148	(-1, -1)	(-1, -1)	49
18:25:11.886	202	190.205	(-1, -1)	(-1, -1)	49
18:25:12.096	204	190.249	(-1, -1)	(-1, -1)	49
18:25:12.311	205	190.277	(-1, -1)	(-1, -1)	49
18:25:12.525	206	190.221	(-1, -1)	(-1, -1)	49
18:25:12.742	201	190.219	(-1, -1)	(-1, -1)	49
18:25:12.949	203	190.329	(-1, -1)	(-1, -1)	49
18:25:13.158	202	190.284	(-1, -1)	(-1, -1)	49
18:25:13.366	203	190.241	(-1, -1)	(-1, -1)	49
18:25:13.575	203	190.201	(-1, -1)	(-1, -1)	49
18:25:13.784	201	190.244	(-1, -1)	(-1, -1)	49
18:25:13.992	202	190.226	(-1, -1)	(-1, -1)	49
18:25:14.201	202	190.247	(-1, -1)	(-1, -1)	49
18:25:14.410	203	190.245	(-1, -1)	(-1, -1)	49
18:25:14.618	202	190.342	(-1, -1)	(-1, -1)	49
18:25:14.826	204	190.251	(-1, -1)	(-1, -1)	49
18:25:15.042	203	190.28	(-1, -1)	(-1, -1)	49
18:25:15.250	202	190.181	(-1, -1)	(-1, -1)	49
18:25:15.459	202	190.231	(-1, -1)	(-1, -1)	49
18:25:15.667	203	190.342	(-1, -1)	(-1, -1)	49
18:25:15.876	202	190.211	(-1, -1)	(-1, -1)	49
18:25:16.085	201	190.314	(-1, -1)	(-1, -1)	49
18:25:16.293	201	190.204	(-1, -1)	(-1, -1)	49
18:25:16.499	202	190.203	(-1, -1)	(-1, -1)	49
18:25:16.711	202	190.247	(-1, -1)	(-1, -1)	49
18:25:16.919	202	190.188	(-1, -1)	(-1, -1)	49
18:25:17.127	202	190.163	(-1, -1)	(-1, -1)	49
18:25:17.337	203	190.308	(-1, -1)	(-1, -1)	49
18:25:17.544	200	190.282	(-1, -1)	(-1, -1)	49
18:25:17.751	196	190.277	(-1, -1)	(-1, -1)	49
18:25:17.953	198	190.358	(-1, -1)	(-1, -1)	49
18:25:18.155	200	190.213	(-1, -1)	(-1, -1)	49
18:25:18.365	203	190.236	(-1, -1)	(-1, -1)	49
18:25:18.572	200	190.568	(-1, -1)	(-1, -1)	49
18:25:18.783	202	190.275	(-1, -1)	(-1, -1)	49
18:25:18.996	200	190.258	(-1, -1)	(-1, -1)	49
18:25:19.204	201	190.281	(-1, -1)	(-1, -1)	49
18:25:19.413	200	190.258	(-1, -1)	(-1, -1)	49
18:25:19.624	201	190.178	(-1, -1)	(-1, -1)	49
18:25:19.831	198	190.292	(-1, -1)	(-1, -1)	49
18:25:20.032	199	190.296	(-1, -1)	(-1, -1)	49
18:25:20.235	203	190.33	(-1, -1)	(-1, -1)	49
18:25:20.443	203	190.21	(-1, -1)	(-1, -1)	49
18:25:20.651	203	190.36	(-1, -1)	(-1, -1)	49
18:25:20.860	203	190.242	(-1, -1)	(-1, -1)	49
18:25:21.069	202	190.263	(-1, -1)	(-1, -1)	49
18:25:21.278	203	190.297	(-1, -1)	(-1, -1)	49
18:25:21.486	202	190.312	(-1, -1)	(-1, -1)	49
18:25:21.694	203	190.223	(-1, -1)	(-1, -1)	49
18:25:21.903	202	190.318	(-1, -1)	(-1, -1)	49
18:25:22.112	202	190.243	(-1, -1)	(-1, -1)	49
18:25:22.320	202	190.205	(-1, -1)	(-1, -1)	49
18:25:22.528	199	190.272	(-1, -1)	(-1, -1)	49
18:25:22.737	204	190.239	(-1, -1)	(-1, -1)	49
18:25:22.946	202	190.326	(-1, -1)	(-1, -1)	49
18:25:23.161	202	190.21	(-1, -1)	(-1, -1)	49
18:25:23.370	202	190.284	(-1, -1)	(-1, -1)	49
18:25:23.578	203	190.255	(-1, -1)	(-1, -1)	49
18:25:23.787	202	190.207	(-1, -1)	(-1, -1)	49
18:25:23.996	201	190.281	(-1, -1)	(-1, -1)	49
18:25:24.202	197	190.281	(-1, -1)	(-1, -1)	49
18:25:24.406	203	190.304	(-1, -1)	(-1, -1)	49
18:25:24.616	202	190.29	(-1, -1)	(-1, -1)	49
18:25:24.823	203	190.252	(-1, -1)	(-1, -1)	49
18:25:25.032	203	190.265	(-1, -1)	(-1, -1)	49
18:25:25.240	201	190.309	(-1, -1)	(-1, -1)	49
18:25:25.448	201	190.317	(-1, -1)	(-1, -1)	49
18:25:25.655	196	190.316	(-1, -1)	(-1, -1)	49
18:25:25.857	197	190.269	(-1, -1)	(-1, -1)	49
18:25:26.059	199	190.261	(-1, -1)	(-1, -1)	49
18:25:26.260	198	190.28	(-1, -1)	(-1, -1)	49
18:25:26.463	200	190.339	(-1, -1)	(-1, -1)	49
18:25:26.671	198	190.252	(-1, -1)	(-1, -1)	49
18:25:26.872	200	190.321	(-1, -1)	(-1, -1)	49
18:25:27.084	201	190.292	(-1, -1)	(-1, -1)	49
18:25:27.291	202	190.24	(-1, -1)	(-1, -1)	49
18:25:27.499	206	190.24	(-1, -1)	(-1, -1)	49
18:25:27.715	202	190.155	(-1, -1)	(-1, -1)	49
18:25:27.923	203	190.255	(-1, -1)	(-1, -1)	49
18:25:28.132	202	190.323	(-1, -1)	(-1, -1)	49
18:25:28.340	203	190.336	(-1, -1)	(-1, -1)	49
18:25:28.549	202	190.22	(-1, -1)	(-1, -1)	49
18:25:28.757	203	190.319	(-1, -1)	(-1, -1)	49
18:25:28.966	203	190.279	(-1, -1)	(-1, -1)	49
18:25:29.175	202	190.269	(-1, -1)	(-1, -1)	49
18:25:29.383	202	190.152	(-1, -1)	(-1, -1)	49
18:25:29.592	202	190.256	(-1, -1)	(-1, -1)	49
18:25:29.800	202	190.26	(-1, -1)	(-1, -1)	49
18:25:30.009	202	190.297	(-1, -1)	(-1, -1)	49
18:25:30.217	201	190.152	(-1, -1)	(-1, -1)	49
18:25:30.426	200	190.336	(-1, -1)	(-1, -1)	49
18:25:30.634	203	190.304	(-1, -1)	(-1, -1)	49
18:25:30.842	198	190.25	(-1, -1)	(-1, -1)	49
18:25:31.044	203	190.2	(-1, -1)	(-1, -1)	49
18:25:31.253	204	190.254	(-1, -1)	(-1, -1)	49
18:25:31.469	203	190.293	(-1, -1)	(-1, -1)	49
18:25:31.677	203	190.244	(-1, -1)	(-1, -1)	49
18:25:31.886	201	190.325	(-1, -1)	(-1, -1)	49
18:25:32.092	197	190.25	(-1, -1)	(-1, -1)	49
18:25:32.294	196	190.344	(-1, -1)	(-1, -1)	49
18:25:32.498	201	190.231	(-1, -1)	(-1, -1)	49
18:25:32.710	203	190.277	(-1, -1)	(-1, -1)	49
18:25:32.921	203	190.26	(-1, -1)	(-1, -1)	49
18:25:33.130	201	190.272	(-1, -1)	(-1, -1)	49
18:25:33.337	197	190.323	(-1, -1)	(-1, -1)	49
18:25:33.539	198	190.299	(-1, -1)	(-1, -1)	49
18:25:33.741	197	190.286	(-1, -1)	(-1, -1)	49
18:25:33.942	199	190.238	(-1, -1)	(-1, -1)	49
18:25:34.145	198	190.194	(-1, -1)	(-1, -1)	49
18:25:34.354	204	190.263	(-1, -1)	(-1, -1)	49
18:25:34.565	201	190.209	(-1, -1)	(-1, -1)	49
18:25:34.778	204	190.229	(-1, -1)	(-1, -1)	49
18:25:34.988	202	190.332	(-1, -1)	(-1, -1)	49
18:25:35.201	203	190.286	(-1, -1)	(-1, -1)	49
18:25:35.411	204	190.282	(-1, -1)	(-1, -1)	49
18:25:35.626	202	190.222	(-1, -1)	(-1, -1)	49
18:25:35.835	203	190.231	(-1, -1)	(-1, -1)	49
18:25:36.043	201	190.18	(-1, -1)	(-1, -1)	49
18:25:36.251	203	190.19	(-1, -1)	(-1, -1)	49
18:25:36.460	203	190.26	(-1, -1)	(-1, -1)	49
18:25:36.669	200	190.17	(-1, -1)	(-1, -1)	49
18:25:36.877	204	190.225	(-1, -1)	(-1, -1)	49
18:25:37.086	201	190.268	(-1, -1)	(-1, -1)	49
18:25:37.294	202	190.209	(-1, -1)	(-1, -1)	49
18:25:37.501	201	190.213	(-1, -1)	(-1, -1)	49
18:25:37.711	203	190.253	(-1, -1)	(-1, -1)	49
18:25:37.920	202	190.256	(-1, -1)	(-1, -1)	49
18:25:38.128	202	190.187	(-1, -1)	(-1, -1)	49
18:25:38.337	202	190.202	(-1, -1)	(-1, -1)	49
18:25:38.545	203	190.276	(-1, -1)	(-1, -1)	49
18:25:38.754	203	190.227	(-1, -1)	(-1, -1)	49
18:25:38.963	202	190.288	(-1, -1)	(-1, -1)	49
18:25:39.171	203	190.225	(-1, -1)	(-1, -1)	49
18:25:39.379	203	190.353	(-1, -1)	(-1, -1)	49
18:25:39.589	201	190.259	(-1, -1)	(-1, -1)	49
18:25:39.796	200	190.249	(-1, -1)	(-1, -1)	49
18:25:40.007	203	190.273	(-1, -1)	(-1, -1)	49
18:25:40.221	200	190.267	(-1, -1)	(-1, -1)	49
18:25:40.427	196	190.313	(-1, -1)	(-1, -1)	49
18:25:40.629	196	190.271	(-1, -1)	(-1, -1)	49
18:25:40.833	199	190.237	(-1, -1)	(-1, -1)	49
18:25:41.041	203	190.264	(-1, -1)	(-1, -1)	49
18:25:41.249	201	190.282	(-1, -1)	(-1, -1)	49
18:25:41.457	199	190.217	(-1, -1)	(-1, -1)	49
18:25:41.659	199	190.314	(-1, -1)	(-1, -1)	49
18:25:41.860	199	190.269	(-1, -1)	(-1, -1)	49
18:25:42.072	202	190.275	(-1, -1)	(-1, -1)	49
18:25:42.278	203	190.229	(-1, -1)	(-1, -1)	49
18:25:42.495	198	190.161	(-1, -1)	(-1, -1)	49
18:25:42.707	202	190.318	(-1, -1)	(-1, -1)	49
18:25:42.917	199	190.411	(-1, -1)	(-1, -1)	49
18:25:43.136	235	193.173	(-1, -1)	(-1, -1)	49
18:25:43.386	196	190.415	(-1, -1)	(-1, -1)	49
18:25:43.613	196	191.31	(-1, -1)	(-1, -1)	49
18:25:43.813	197	190.795	(-1, -1)	(-1, -1)	49
18:25:44.015	197	190.744	(-1, -1)	(-1, -1)	49
18:25:44.217	199	190.407	(-1, -1)	(-1, -1)	49
18:25:44.433	209	190.725	(-1, -1)	(-1, -1)	49
18:25:44.648	196	190.55	(-1, -1)	(-1, -1)	49
18:25:44.850	198	190.338	(-1, -1)	(-1, -1)	49
18:25:45.061	198	190.524	(-1, -1)	(-1, -1)	49
18:25:45.268	201	192.578	(-1, -1)	(-1, -1)	49
18:25:45.476	196	190.376	(-1, -1)	(-1, -1)	49
18:25:45.677	202	190.297	(-1, -1)	(-1, -1)	49
18:25:45.888	204	190.709	(-1, -1)	(-1, -1)	49
18:25:46.101	205	192.571	(-1, -1)	(-1, -1)	49
18:25:46.309	199	191.242	(-1, -1)	(-1, -1)	49
18:25:46.518	199	190.685	(-1, -1)	(-1, -1)	49
18:25:46.721	196	190.274	(-1, -1)	(-1, -1)	49
18:25:46.922	199	190.407	(-1, -1)	(-1, -1)	49
18:25:47.131	202	190.879	(-1, -1)	(-1, -1)	49
18:25:47.352	197	191.047	(-1, -1)	(-1, -1)	49
18:25:47.553	203	190.99	(-1, -1)	(-1, -1)	49
18:25:47.762	199	190.17	(-1, -1)	(-1, -1)	49
18:25:47.971	200	190.319	(-1, -1)	(-1, -1)	49
18:25:48.181	200	190.212	(-1, -1)	(-1, -1)	49
18:25:48.391	201	190.956	(-1, -1)	(-1, -1)	49
18:25:48.604	199	190.525	(-1, -1)	(-1, -1)	49
18:25:48.812	199	190.405	(-1, -1)	(-1, -1)	49
18:25:49.014	197	190.69	(-1, -1)	(-1, -1)	49
18:25:49.215	198	190.542	(-1, -1)	(-1, -1)	49
18:25:49.420	217	190.233	(-1, -1)	(-1, -1)	49
18:25:49.643	204	190.298	(-1, -1)	(-1, -1)	49
18:25:49.869	197	190.405	(-1, -1)	(-1, -1)	49
18:25:50.087	200	190.412	(-1, -1)	(-1, -1)	49
18:25:50.297	202	190.176	(-1, -1)	(-1, -1)	49
18:25:50.503	202	190.868	(-1, -1)	(-1, -1)	49
18:25:50.710	207	190.852	(-1, -1)	(-1, -1)	49
18:25:50.925	197	190.882	(-1, -1)	(-1, -1)	49
18:25:51.130	202	190.286	(-1, -1)	(-1, -1)	49
18:25:51.336	200	190.246	(-1, -1)	(-1, -1)	49
18:25:51.553	206	190.297	(-1, -1)	(-1, -1)	49
18:25:51.770	209	190.314	(-1, -1)	(-1, -1)	49
18:25:51.988	200	190.451	(-1, -1)	(-1, -1)	49
18:25:52.200	201	190.38	(-1, -1)	(-1, -1)	49
18:25:52.408	204	190.28	(-1, -1)	(-1, -1)	49
18:25:52.624	207	190.234	(-1, -1)	(-1, -1)	49
18:25:52.839	202	190.68	(-1, -1)	(-1, -1)	49
18:25:53.053	199	190.857	(-1, -1)	(-1, -1)	49
18:25:53.256	198	190.211	(-1, -1)	(-1, -1)	49
18:25:53.466	202	190.474	(-1, -1)	(-1, -1)	49
18:25:53.672	199	191.749	(-1, -1)	(-1, -1)	49
18:25:53.872	199	190.332	(-1, -1)	(-1, -1)	49
18:25:54.076	209	191.471	(-1, -1)	(-1, -1)	49
18:25:54.290	197	190.476	(-1, -1)	(-1, -1)	49
18:25:54.492	197	190.683	(-1, -1)	(-1, -1)	49
18:25:54.694	198	192.446	(-1, -1)	(-1, -1)	49
18:25:54.895	195	190.353	(-1, -1)	(-1, -1)	49
18:25:55.096	197	190.347	(-1, -1)	(-1, -1)	49
18:25:55.299	203	190.682	(-1, -1)	(-1, -1)	49
18:25:55.510	197	190.532	(-1, -1)	(-1, -1)	49
18:25:55.718	197	190.237	(-1, -1)	(-1, -1)	49
18:25:55.965	198	190.29	(-1, -1)	(-1, -1)	49
18:25:56.168	203	190.271	(-1, -1)	(-1, -1)	49
18:25:56.376	204	190.347	(-1, -1)	(-1, -1)	49
18:25:56.585	204	190.299	(-1, -1)	(-1, -1)	49
18:25:56.794	203	190.209	(-1, -1)	(-1, -1)	49
18:25:57.002	203	190.257	(-1, -1)	(-1, -1)	49
18:25:57.211	203	190.212	(-1, -1)	(-1, -1)	49
18:25:57.420	202	190.194	(-1, -1)	(-1, -1)	49
18:25:57.628	203	190.26	(-1, -1)	(-1, -1)	49
18:25:57.837	202	190.375	(-1, -1)	(-1, -1)	49
18:25:58.045	202	190.277	(-1, -1)	(-1, -1)	49
18:25:58.254	203	190.282	(-1, -1)	(-1, -1)	49
18:25:58.462	202	190.299	(-1, -1)	(-1, -1)	49
18:25:58.671	207	190.219	(-1, -1)	(-1, -1)	49
18:25:58.886	203	190.181	(-1, -1)	(-1, -1)	49
18:25:59.094	201	190.209	(-1, -1)	(-1, -1)	49
18:25:59.305	203	190.308	(-1, -1)	(-1, -1)	49
18:25:59.519	202	190.219	(-1, -1)	(-1, -1)	49
18:25:59.727	203	190.302	(-1, -1)	(-1, -1)	49
18:25:59.936	202	190.355	(-1, -1)	(-1, -1)	49
18:26:00.145	200	190.171	(-1, -1)	(-1, -1)	49
18:26:00.351	196	190.392	(-1, -1)	(-1, -1)	49
18:26:00.552	197	190.303	(-1, -1)	(-1, -1)	49
18:26:00.755	198	190.277	(-1, -1)	(-1, -1)	49
18:26:00.957	199	190.261	(-1, -1)	(-1, -1)	49
18:26:01.158	198	190.251	(-1, -1)	(-1, -1)	49
18:26:01.360	198	190.265	(-1, -1)	(-1, -1)	49
18:26:01.562	199	190.286	(-1, -1)	(-1, -1)	49
18:26:01.770	200	190.268	(-1, -1)	(-1, -1)	49
18:26:01.980	199	190.202	(-1, -1)	(-1, -1)	49
18:26:02.191	199	190.216	(-1, -1)	(-1, -1)	49
18:26:02.397	202	190.311	(-1, -1)	(-1, -1)	49
18:26:02.606	201	190.291	(-1, -1)	(-1, -1)	49
18:26:02.814	203	190.242	(-1, -1)	(-1, -1)	49
18:26:03.023	202	190.148	(-1, -1)	(-1, -1)	49
18:26:03.231	203	190.272	(-1, -1)	(-1, -1)	49
18:26:03.440	203	190.258	(-1, -1)	(-1, -1)	49
18:26:03.648	201	190.319	(-1, -1)	(-1, -1)	49
18:26:03.856	199	190.237	(-1, -1)	(-1, -1)	49
18:26:04.066	202	190.317	(-1, -1)	(-1, -1)	49
18:26:04.274	202	190.267	(-1, -1)	(-1, -1)	49
18:26:04.483	202	190.271	(-1, -1)	(-1, -1)	49
18:26:04.692	202	190.143	(-1, -1)	(-1, -1)	49
18:26:04.899	203	190.233	(-1, -1)	(-1, -1)	49
18:26:05.108	201	190.319	(-1, -1)	(-1, -1)	49
18:26:05.318	200	190.249	(-1, -1)	(-1, -1)	49
18:26:05.526	201	190.315	(-1, -1)	(-1, -1)	49
18:26:05.734	202	190.218	(-1, -1)	(-1, -1)	49
18:26:05.942	201	190.246	(-1, -1)	(-1, -1)	49
18:26:06.151	202	190.23	(-1, -1)	(-1, -1)	49
18:26:06.360	201	190.23	(-1, -1)	(-1, -1)	49
18:26:06.568	202	190.266	(-1, -1)	(-1, -1)	49
18:26:06.776	202	190.209	(-1, -1)	(-1, -1)	49
18:26:06.983	196	190.379	(-1, -1)	(-1, -1)	49
18:26:07.184	196	190.266	(-1, -1)	(-1, -1)	49
18:26:07.387	200	190.22	(-1, -1)	(-1, -1)	49
18:26:07.595	199	190.181	(-1, -1)	(-1, -1)	49
18:26:07.798	199	190.268	(-1, -1)	(-1, -1)	49
18:26:08.007	200	190.277	(-1, -1)	(-1, -1)	49
18:26:08.215	202	190.211	(-1, -1)	(-1, -1)	49
18:26:08.426	201	190.248	(-1, -1)	(-1, -1)	49
18:26:08.633	198	190.235	(-1, -1)	(-1, -1)	49
18:26:08.839	199	190.281	(-1, -1)	(-1, -1)	49
18:26:09.042	200	190.211	(-1, -1)	(-1, -1)	49
18:26:09.250	199	190.322	(-1, -1)	(-1, -1)	49
18:26:09.459	201	190.211	(-1, -1)	(-1, -1)	49
18:26:09.667	198	190.353	(-1, -1)	(-1, -1)	49
18:26:09.868	200	190.242	(-1, -1)	(-1, -1)	49
18:26:10.078	202	190.195	(-1, -1)	(-1, -1)	49
18:26:10.287	203	190.307	(-1, -1)	(-1, -1)	49
18:26:10.495	203	190.21	(-1, -1)	(-1, -1)	49
18:26:10.705	201	190.317	(-1, -1)	(-1, -1)	49
18:26:10.913	203	190.281	(-1, -1)	(-1, -1)	49
18:26:11.121	203	190.164	(-1, -1)	(-1, -1)	49
18:26:11.330	202	190.254	(-1, -1)	(-1, -1)	49
18:26:11.538	203	190.142	(-1, -1)	(-1, -1)	49
18:26:11.746	198	190.234	(-1, -1)	(-1, -1)	49
18:26:11.947	197	190.292	(-1, -1)	(-1, -1)	49
18:26:12.150	205	190.172	(-1, -1)	(-1, -1)	49
18:26:12.366	202	190.295	(-1, -1)	(-1, -1)	49
18:26:12.574	201	190.286	(-1, -1)	(-1, -1)	49
18:26:12.781	199	190.371	(-1, -1)	(-1, -1)	49
18:26:12.985	202	190.212	(-1, -1)	(-1, -1)	49
18:26:13.193	202	190.237	(-1, -1)	(-1, -1)	49
18:26:13.400	195	190.191	(-1, -1)	(-1, -1)	49
18:26:13.601	197	190.225	(-1, -1)	(-1, -1)	49
18:26:13.803	197	190.255	(-1, -1)	(-1, -1)	49
18:26:14.006	199	190.218	(-1, -1)	(-1, -1)	49
18:26:14.214	199	190.302	(-1, -1)	(-1, -1)	49
18:26:14.423	198	190.259	(-1, -1)	(-1, -1)	49
18:26:14.624	199	190.311	(-1, -1)	(-1, -1)	49
18:26:14.826	202	190.335	(-1, -1)	(-1, -1)	49
18:26:15.034	199	190.228	(-1, -1)	(-1, -1)	49
18:26:15.243	199	190.3	(-1, -1)	(-1, -1)	49
18:26:15.452	202	190.289	(-1, -1)	(-1, -1)	49
18:26:15.662	198	190.33	(-1, -1)	(-1, -1)	49
18:26:15.868	199	190.354	(-1, -1)	(-1, -1)	49
18:26:16.077	202	190.245	(-1, -1)	(-1, -1)	49
18:26:16.287	202	190.175	(-1, -1)	(-1, -1)	49
18:26:16.497	200	190.207	(-1, -1)	(-1, -1)	49
18:26:16.704	201	190.203	(-1, -1)	(-1, -1)	49
18:26:16.911	197	190.165	(-1, -1)	(-1, -1)	49
18:26:17.116	205	190.168	(-1, -1)	(-1, -1)	49
18:26:17.330	203	190.22	(-1, -1)	(-1, -1)	49
18:26:17.545	202	190.211	(-1, -1)	(-1, -1)	49
18:26:17.754	201	190.248	(-1, -1)	(-1, -1)	49
18:26:17.960	198	190.302	(-1, -1)	(-1, -1)	49
18:26:18.163	203	190.263	(-1, -1)	(-1, -1)	49
18:26:18.372	202	190.154	(-1, -1)	(-1, -1)	49
18:26:18.580	202	190.336	(-1, -1)	(-1, -1)	49
18:26:18.789	201	190.199	(-1, -1)	(-1, -1)	49
18:26:18.997	200	190.26	(-1, -1)	(-1, -1)	49
18:26:19.210	202	190.234	(-1, -1)	(-1, -1)	49
18:26:19.422	202	190.226	(-1, -1)	(-1, -1)	49
18:26:19.630	203	190.302	(-1, -1)	(-1, -1)	49
18:26:19.839	201	190.173	(-1, -1)	(-1, -1)	49
18:26:20.047	203	190.192	(-1, -1)	(-1, -1)	49
18:26:20.256	202	190.217	(-1, -1)	(-1, -1)	49
18:26:20.465	202	190.268	(-1, -1)	(-1, -1)	49
18:26:20.673	203	190.248	(-1, -1)	(-1, -1)	49
18:26:20.883	201	190.322	(-1, -1)	(-1, -1)	49
18:26:21.088	196	190.213	(-1, -1)	(-1, -1)	49
18:26:21.290	197	190.267	(-1, -1)	(-1, -1)	49
18:26:21.492	198	190.212	(-1, -1)	(-1, -1)	49
18:26:21.694	199	190.25	(-1, -1)	(-1, -1)	49
18:26:21.903	198	190.235	(-1, -1)	(-1, -1)	49
18:26:22.104	199	190.245	(-1, -1)	(-1, -1)	49
18:26:22.305	201	190.317	(-1, -1)	(-1, -1)	49
18:26:22.515	203	190.293	(-1, -1)	(-1, -1)	49
18:26:22.725	202	190.266	(-1, -1)	(-1, -1)	49
18:26:22.932	202	190.289	(-1, -1)	(-1, -1)	49
18:26:23.139	199	190.367	(-1, -1)	(-1, -1)	49
18:26:23.343	203	190.281	(-1, -1)	(-1, -1)	49
18:26:23.551	202	190.247	(-1, -1)	(-1, -1)	49
18:26:23.759	203	190.231	(-1, -1)	(-1, -1)	49
18:26:23.968	202	190.249	(-1, -1)	(-1, -1)	49
18:26:24.175	198	190.279	(-1, -1)	(-1, -1)	49
18:26:24.378	202	190.222	(-1, -1)	(-1, -1)	49
18:26:24.587	202	190.209	(-1, -1)	(-1, -1)	49
18:26:24.796	202	190.241	(-1, -1)	(-1, -1)	49
18:26:25.004	203	190.257	(-1, -1)	(-1, -1)	49
18:26:25.212	200	190.214	(-1, -1)	(-1, -1)	49
18:26:25.421	201	190.214	(-1, -1)	(-1, -1)	49
18:26:25.630	200	190.311	(-1, -1)	(-1, -1)	49
18:26:25.836	197	190.321	(-1, -1)	(-1, -1)	49
18:26:26.038	196	190.321	(-1, -1)	(-1, -1)	49
18:26:26.240	199	190.313	(-1, -1)	(-1, -1)	49
18:26:26.449	199	190.27	(-1, -1)	(-1, -1)	49
18:26:26.650	197	190.326	(-1, -1)	(-1, -1)	49
18:26:26.852	198	190.224	(-1, -1)	(-1, -1)	49
18:26:27.056	200	190.221	(-1, -1)	(-1, -1)	49
18:26:27.263	202	190.269	(-1, -1)	(-1, -1)	49
18:26:27.472	202	190.215	(-1, -1)	(-1, -1)	49
18:26:27.682	202	190.31	(-1, -1)	(-1, -1)	49
18:26:27.896	202	190.35	(-1, -1)	(-1, -1)	49
18:26:28.105	202	190.154	(-1, -1)	(-1, -1)	49
18:26:28.312	199	190.24	(-1, -1)	(-1, -1)	49
18:26:28.521	203	190.238	(-1, -1)	(-1, -1)	49
18:26:28.730	202	190.188	(-1, -1)	(-1, -1)	49
18:26:28.940	213	190.199	(-1, -1)	(-1, -1)	49
18:26:29.161	201	190.267	(-1, -1)	(-1, -1)	49
18:26:29.369	199	190.329	(-1, -1)	(-1, -1)	49
18:26:29.578	203	190.327	(-1, -1)	(-1, -1)	49
18:26:29.786	204	190.256	(-1, -1)	(-1, -1)	49
18:26:29.996	202	190.315	(-1, -1)	(-1, -1)	49
18:26:30.203	204	190.331	(-1, -1)	(-1, -1)	49
18:26:30.411	199	190.295	(-1, -1)	(-1, -1)	49
18:26:30.615	200	190.181	(-1, -1)	(-1, -1)	49
18:26:30.823	202	190.276	(-1, -1)	(-1, -1)	49
18:26:31.031	202	190.227	(-1, -1)	(-1, -1)	49
18:26:31.240	202	190.261	(-1, -1)	(-1, -1)	49
18:26:31.447	199	190.217	(-1, -1)	(-1, -1)	49
18:26:31.656	203	190.25	(-1, -1)	(-1, -1)	49
18:26:31.865	202	190.282	(-1, -1)	(-1, -1)	49
18:26:32.074	200	190.318	(-1, -1)	(-1, -1)	49
18:26:32.280	201	190.281	(-1, -1)	(-1, -1)	49
18:26:32.482	197	190.26	(-1, -1)	(-1, -1)	49
18:26:32.685	203	190.18	(-1, -1)	(-1, -1)	49
18:26:32.894	202	190.332	(-1, -1)	(-1, -1)	49
18:26:33.103	201	190.236	(-1, -1)	(-1, -1)	49
18:26:33.310	199	190.308	(-1, -1)	(-1, -1)	49
18:26:33.511	202	190.22	(-1, -1)	(-1, -1)	49
18:26:33.720	198	190.265	(-1, -1)	(-1, -1)	49
18:26:33.922	198	190.258	(-1, -1)	(-1, -1)	49
18:26:34.123	201	190.202	(-1, -1)	(-1, -1)	49
18:26:34.334	202	190.311	(-1, -1)	(-1, -1)	49
18:26:34.542	199	190.201	(-1, -1)	(-1, -1)	49
18:26:34.750	203	190.263	(-1, -1)	(-1, -1)	49
18:26:34.962	204	190.306	(-1, -1)	(-1, -1)	49
18:26:35.175	202	190.178	(-1, -1)	(-1, -1)	49
18:26:35.383	203	190.206	(-1, -1)	(-1, -1)	49
18:26:35.592	203	190.236	(-1, -1)	(-1, -1)	49
18:26:35.806	199	190.717	(-1, -1)	(-1, -1)	49
18:26:36.016	205	190.255	(-1, -1)	(-1, -1)	49
18:26:36.232	201	190.265	(-1, -1)	(-1, -1)	49
18:26:36.441	203	190.252	(-1, -1)	(-1, -1)	49
18:26:36.649	201	190.199	(-1, -1)	(-1, -1)	49
18:26:36.855	200	190.249	(-1, -1)	(-1, -1)	49
18:26:37.066	203	190.236	(-1, -1)	(-1, -1)	49
18:26:37.275	202	190.202	(-1, -1)	(-1, -1)	49
18:26:37.483	202	190.253	(-1, -1)	(-1, -1)	49
18:26:37.692	202	190.182	(-1, -1)	(-1, -1)	49
18:26:37.899	204	190.136	(-1, -1)	(-1, -1)	49
18:26:38.108	202	190.337	(-1, -1)	(-1, -1)	49
18:26:38.318	203	190.279	(-1, -1)	(-1, -1)	49
18:26:38.525	202	190.204	(-1, -1)	(-1, -1)	49
18:26:38.734	202	190.287	(-1, -1)	(-1, -1)	49
18:26:38.942	202	190.222	(-1, -1)	(-1, -1)	49
18:26:39.151	202	190.21	(-1, -1)	(-1, -1)	49
18:26:39.359	203	190.221	(-1, -1)	(-1, -1)	49
18:26:39.567	203	190.318	(-1, -1)	(-1, -1)	49
18:26:39.776	202	190.289	(-1, -1)	(-1, -1)	49
18:26:39.985	202	190.302	(-1, -1)	(-1, -1)	49
18:26:40.194	202	190.216	(-1, -1)	(-1, -1)	49
18:26:40.402	201	190.273	(-1, -1)	(-1, -1)	49
18:26:40.611	202	190.265	(-1, -1)	(-1, -1)	49
18:26:40.818	196	190.33	(-1, -1)	(-1, -1)	49
18:26:41.019	198	190.195	(-1, -1)	(-1, -1)	49
18:26:41.222	200	190.336	(-1, -1)	(-1, -1)	49
18:26:41.431	201	190.304	(-1, -1)	(-1, -1)	49
18:26:41.638	196	190.312	(-1, -1)	(-1, -1)	49
18:26:41.839	198	190.223	(-1, -1)	(-1, -1)	49
18:26:42.043	203	190.211	(-1, -1)	(-1, -1)	49
18:26:42.250	196	190.597	(-1, -1)	(-1, -1)	49
18:26:42.451	197	190.428	(-1, -1)	(-1, -1)	49
18:26:42.653	198	190.346	(-1, -1)	(-1, -1)	49
18:26:42.854	198	190.288	(-1, -1)	(-1, -1)	49
18:26:43.057	200	190.182	(-1, -1)	(-1, -1)	49
18:26:43.264	198	190.396	(-1, -1)	(-1, -1)	49
18:26:43.470	198	190.556	(-1, -1)	(-1, -1)	49
18:26:43.676	198	190.354	(-1, -1)	(-1, -1)	49
18:26:43.897	198	190.306	(-1, -1)	(-1, -1)	49
18:26:44.100	199	190.223	(-1, -1)	(-1, -1)	49
18:26:44.309	200	190.276	(-1, -1)	(-1, -1)	49
18:26:44.518	201	190.244	(-1, -1)	(-1, -1)	49
18:26:44.727	201	190.28	(-1, -1)	(-1, -1)	49
18:26:44.935	201	190.175	(-1, -1)	(-1, -1)	49
18:26:45.144	206	190.278	(-1, -1)	(-1, -1)	49
18:26:45.360	198	190.308	(-1, -1)	(-1, -1)	49
18:26:45.569	199	190.233	(-1, -1)	(-1, -1)	49
18:26:45.775	201	190.223	(-1, -1)	(-1, -1)	49
18:26:45.988	200	190.241	(-1, -1)	(-1, -1)	49
18:26:46.196	202	190.172	(-1, -1)	(-1, -1)	49
18:26:46.414	202	190.152	(-1, -1)	(-1, -1)	49
18:26:46.623	206	190.258	(-1, -1)	(-1, -1)	49
18:26:46.837	197	190.384	(-1, -1)	(-1, -1)	49
18:26:47.055	196	190.527	(-1, -1)	(-1, -1)	49
18:26:47.256	198	190.31	(-1, -1)	(-1, -1)	49
18:26:47.460	198	190.245	(-1, -1)	(-1, -1)	49
18:26:47.676	202	190.187	(-1, -1)	(-1, -1)	49
18:26:47.881	196	190.445	(-1, -1)	(-1, -1)	49
18:26:48.084	196	190.555	(-1, -1)	(-1, -1)	49
18:26:48.285	198	190.283	(-1, -1)	(-1, -1)	49
18:26:48.489	199	190.305	(-1, -1)	(-1, -1)	49
18:26:48.695	196	190.379	(-1, -1)	(-1, -1)	49
18:26:48.898	196	190.951	(-1, -1)	(-1, -1)	49
18:26:49.104	197	190.371	(-1, -1)	(-1, -1)	49
18:26:49.314	202	190.265	(-1, -1)	(-1, -1)	49
18:26:49.525	201	190.232	(-1, -1)	(-1, -1)	49
18:26:49.729	200	190.565	(-1, -1)	(-1, -1)	49
18:26:49.939	202	190.404	(-1, -1)	(-1, -1)	49
18:26:50.149	206	190.288	(-1, -1)	(-1, -1)	49
18:26:50.364	210	190.217	(-1, -1)	(-1, -1)	49
18:26:50.580	203	190.235	(-1, -1)	(-1, -1)	49
18:26:50.786	212	190.805	(-1, -1)	(-1, -1)	49
18:26:51.001	200	190.425	(-1, -1)	(-1, -1)	49
18:26:51.211	200	190.23	(-1, -1)	(-1, -1)	49
18:26:51.422	204	190.226	(-1, -1)	(-1, -1)	49
18:26:51.635	197	190.384	(-1, -1)	(-1, -1)	49
18:26:51.837	198	190.24	(-1, -1)	(-1, -1)	49
18:26:52.039	198	190.244	(-1, -1)	(-1, -1)	49
18:26:52.248	203	190.246	(-1, -1)	(-1, -1)	49
18:26:52.458	202	190.336	(-1, -1)	(-1, -1)	49
18:26:52.664	196	190.449	(-1, -1)	(-1, -1)	49
18:26:52.865	198	190.691	(-1, -1)	(-1, -1)	49
18:26:53.068	199	190.378	(-1, -1)	(-1, -1)	49
18:26:53.268	200	190.229	(-1, -1)	(-1, -1)	49
18:26:53.479	202	190.316	(-1, -1)	(-1, -1)	49
18:26:53.689	200	190.958	(-1, -1)	(-1, -1)	49
18:26:53.901	196	190.549	(-1, -1)	(-1, -1)	49
18:26:54.103	197	190.73	(-1, -1)	(-1, -1)	49
18:26:54.304	196	190.744	(-1, -1)	(-1, -1)	49
18:26:54.507	199	190.648	(-1, -1)	(-1, -1)	49
18:26:54.714	196	190.558	(-1, -1)	(-1, -1)	49
18:26:54.923	197	190.496	(-1, -1)	(-1, -1)	49
18:26:55.126	204	190.237	(-1, -1)	(-1, -1)	49
EOM

