BOM
Frame extends: 2263, 1306
_ms_area: 10
measurements taken: 585
current rendering method: 1
is mouse replay: 1
Camera settings: Roation Quaternion: ( -0.723474, 0.212068, -0.631422, 0.181425), Translationsvektor: ( 0.0318162, 0.0367534, 1.85).
System_Time	Elapsed_Time_PaintGL	Elapsed_Kernel_Time	Frame_Coordinates	Grid_Position	Manual_Measurement
16:42:18.679	20	4.76	(318, 226)	(32, 23)	49
16:42:18.703	20	4.84104	(325, 225)	(33, 23)	49
16:42:18.730	19	4.94163	(335, 225)	(34, 23)	49
16:42:18.751	19	5.16282	(345, 225)	(35, 23)	49
16:42:18.772	19	5.54104	(357, 225)	(36, 23)	49
16:42:18.793	19	5.63793	(372, 225)	(37, 23)	49
16:42:18.813	21	5.66859	(375, 225)	(38, 23)	49
16:42:18.835	20	5.69882	(385, 225)	(39, 23)	49
16:42:18.863	23	5.74489	(395, 225)	(40, 23)	49
16:42:18.891	23	5.78178	(405, 225)	(41, 23)	49
16:42:18.918	22	5.95645	(415, 225)	(42, 23)	49
16:42:18.946	21	6.00637	(425, 225)	(43, 23)	49
16:42:18.974	22	6.19304	(435, 226)	(44, 23)	49
16:42:19.002	21	6.23496	(445, 226)	(45, 23)	49
16:42:19.029	23	6.3437	(455, 226)	(46, 23)	49
16:42:19.058	21	6.32504	(465, 227)	(47, 23)	49
16:42:19.086	22	6.42222	(475, 227)	(48, 23)	49
16:42:19.113	22	6.52089	(485, 228)	(49, 23)	49
16:42:19.141	21	6.50844	(495, 228)	(50, 23)	49
16:42:19.169	21	6.66193	(505, 229)	(51, 23)	49
16:42:19.196	22	6.91481	(515, 229)	(52, 23)	49
16:42:19.224	21	6.83348	(525, 229)	(53, 23)	49
16:42:19.252	23	6.96978	(535, 229)	(54, 23)	49
16:42:19.280	23	7.12593	(545, 229)	(55, 23)	49
16:42:19.308	22	7.17407	(555, 229)	(56, 23)	49
16:42:19.335	23	7.26548	(565, 229)	(57, 23)	49
16:42:19.363	23	7.51659	(575, 229)	(58, 23)	49
16:42:19.392	31	7.69822	(585, 229)	(59, 23)	49
16:42:19.427	31	7.98504	(596, 229)	(60, 23)	49
16:42:19.461	34	8.30948	(605, 230)	(61, 23)	49
16:42:19.504	31	8.56148	(615, 230)	(62, 23)	49
16:42:19.537	25	8.82356	(626, 230)	(63, 23)	49
16:42:19.565	25	9.01348	(635, 230)	(64, 23)	49
16:42:19.593	25	9.14978	(645, 230)	(65, 23)	49
16:42:19.621	28	9.31689	(655, 230)	(66, 23)	49
16:42:19.656	26	9.45585	(665, 230)	(67, 23)	49
16:42:19.691	28	9.45096	(680, 230)	(68, 23)	49
16:42:19.726	26	9.30741	(685, 230)	(69, 23)	49
16:42:19.760	27	9.40237	(695, 230)	(70, 23)	49
16:42:19.795	27	9.44815	(705, 230)	(71, 23)	49
16:42:19.830	27	9.43837	(715, 230)	(72, 23)	49
16:42:19.864	28	9.34815	(725, 230)	(73, 23)	49
16:42:19.899	29	9.37378	(735, 230)	(74, 23)	49
16:42:19.934	29	9.34489	(749, 230)	(75, 23)	49
16:42:19.969	27	9.492	(756, 230)	(76, 23)	49
16:42:20.003	28	9.39333	(766, 230)	(77, 23)	49
16:42:20.038	27	9.86489	(775, 230)	(78, 23)	49
16:42:20.073	27	9.46622	(785, 230)	(79, 23)	49
16:42:20.108	27	9.47007	(796, 229)	(80, 23)	49
16:42:20.142	24	9.51541	(805, 229)	(81, 23)	49
16:42:20.170	23	9.58845	(815, 229)	(82, 23)	49
16:42:20.198	25	9.75274	(825, 228)	(83, 23)	49
16:42:20.226	27	9.98593	(835, 228)	(84, 23)	49
16:42:20.260	29	10.441	(845, 228)	(85, 23)	49
16:42:20.295	30	10.4753	(855, 228)	(86, 23)	49
16:42:20.330	27	10.7908	(865, 228)	(87, 23)	49
16:42:20.364	26	11.023	(875, 228)	(88, 23)	49
16:42:20.392	25	11.0751	(885, 228)	(89, 23)	49
16:42:20.420	25	11.1964	(895, 228)	(90, 23)	49
16:42:20.447	26	11.0776	(905, 228)	(91, 23)	49
16:42:20.476	25	11.017	(915, 228)	(92, 23)	49
16:42:20.503	26	10.9447	(925, 228)	(93, 23)	49
16:42:20.531	25	10.9062	(935, 228)	(94, 23)	49
16:42:20.559	25	11.0295	(945, 227)	(95, 23)	49
16:42:20.586	26	10.8465	(957, 227)	(96, 23)	49
16:42:20.614	31	10.7938	(966, 227)	(97, 23)	49
16:42:20.650	29	10.7631	(975, 227)	(98, 23)	49
16:42:20.685	30	10.7822	(985, 227)	(99, 23)	49
16:42:20.720	27	10.6966	(995, 227)	(100, 23)	49
16:42:20.754	24	10.6753	(1005, 227)	(101, 23)	49
16:42:20.782	28	10.6559	(1015, 226)	(102, 23)	49
16:42:20.818	31	10.6384	(1025, 226)	(103, 23)	49
16:42:20.852	30	10.5287	(1035, 226)	(104, 23)	49
16:42:20.886	30	10.5932	(1045, 225)	(105, 23)	49
16:42:20.922	30	10.6044	(1055, 225)	(106, 23)	49
16:42:20.955	28	10.5873	(1065, 225)	(107, 23)	49
16:42:20.991	25	10.6021	(1071, 224)	(107, 22)	49
16:42:21.019	26	10.539	(1075, 224)	(108, 22)	49
16:42:21.053	25	10.531	(1085, 224)	(109, 22)	49
16:42:21.081	25	10.5504	(1095, 224)	(110, 22)	49
16:42:21.108	26	10.5713	(1105, 224)	(111, 22)	49
16:42:21.143	27	11.1711	(1115, 224)	(112, 22)	49
16:42:21.178	26	10.5074	(1125, 224)	(113, 22)	49
16:42:21.207	25	10.3907	(1135, 224)	(114, 22)	49
16:42:21.240	34	10.3704	(1146, 223)	(115, 22)	49
16:42:21.283	35	10.2641	(1155, 223)	(116, 22)	49
16:42:21.325	34	10.1123	(1165, 223)	(117, 22)	49
16:42:21.366	25	10.0573	(1175, 223)	(118, 22)	49
16:42:21.393	26	9.93689	(1185, 223)	(119, 22)	49
16:42:21.429	24	9.92637	(1195, 223)	(120, 22)	49
16:42:21.456	26	9.69852	(1205, 223)	(121, 22)	49
16:42:21.491	25	9.74341	(1215, 223)	(122, 22)	49
16:42:21.518	26	9.6443	(1225, 223)	(123, 22)	49
16:42:21.547	26	9.51896	(1235, 223)	(124, 22)	49
16:42:21.580	24	9.3803	(1245, 223)	(125, 22)	49
16:42:21.609	28	9.24592	(1255, 223)	(126, 22)	49
16:42:21.644	27	9.15422	(1265, 224)	(127, 22)	49
16:42:21.679	29	9.01511	(1275, 224)	(128, 22)	49
16:42:21.714	28	9.05393	(1282, 225)	(128, 23)	49
16:42:21.749	24	8.87911	(1285, 225)	(129, 23)	49
16:42:21.776	22	8.79719	(1295, 226)	(130, 23)	49
16:42:21.803	22	8.54074	(1305, 226)	(131, 23)	49
16:42:21.832	25	8.29511	(1316, 228)	(132, 23)	49
16:42:21.859	27	7.77985	(1326, 228)	(133, 23)	49
16:42:21.894	27	7.46978	(1335, 228)	(134, 23)	49
16:42:21.929	26	7.20889	(1345, 229)	(135, 23)	49
16:42:21.963	21	7.05096	(1355, 230)	(136, 23)	49
16:42:21.991	21	6.93096	(1366, 230)	(137, 23)	49
16:42:22.018	21	6.84341	(1375, 230)	(138, 23)	49
16:42:22.046	24	6.83941	(1386, 231)	(139, 23)	49
16:42:22.074	26	6.72415	(1395, 231)	(140, 23)	49
16:42:22.102	27	6.66696	(1405, 232)	(141, 23)	49
16:42:22.138	25	6.60548	(1415, 232)	(142, 23)	49
16:42:22.165	27	6.56785	(1425, 232)	(143, 23)	49
16:42:22.200	22	6.58104	(1435, 233)	(144, 23)	49
16:42:22.227	22	6.48311	(1445, 234)	(145, 23)	49
16:42:22.255	21	6.4643	(1455, 234)	(146, 23)	49
16:42:22.283	21	6.54607	(1465, 234)	(147, 23)	49
16:42:22.311	22	6.38074	(1478, 234)	(148, 23)	49
16:42:22.339	21	6.34	(1485, 234)	(149, 23)	49
16:42:22.367	22	6.33896	(1488, 235)	(149, 24)	49
16:42:22.394	21	6.26326	(1495, 235)	(150, 24)	49
16:42:22.422	20	6.19067	(1506, 235)	(151, 24)	49
16:42:22.450	20	6.04074	(1516, 235)	(152, 24)	49
16:42:22.477	21	5.83985	(1526, 236)	(153, 24)	49
16:42:22.506	25	5.76815	(1535, 236)	(154, 24)	49
16:42:22.534	29	5.61511	(1546, 236)	(155, 24)	49
16:42:22.568	25	5.43496	(1556, 237)	(156, 24)	49
16:42:22.596	23	5.35259	(1565, 237)	(157, 24)	49
16:42:22.624	26	5.1477	(1575, 238)	(158, 24)	49
16:42:22.652	20	5.0877	(1585, 238)	(159, 24)	49
16:42:22.679	21	5.07511	(1595, 239)	(160, 24)	49
16:42:22.708	21	4.96445	(1605, 239)	(161, 24)	49
16:42:22.735	21	5.03585	(1615, 240)	(162, 24)	49
16:42:22.763	21	4.9763	(1625, 240)	(163, 24)	49
16:42:22.790	20	4.944	(1636, 241)	(164, 24)	49
16:42:22.818	20	4.89985	(1645, 242)	(165, 24)	49
16:42:22.849	19	4.82356	(1655, 242)	(166, 24)	49
16:42:22.874	20	4.83185	(1666, 243)	(167, 24)	49
16:42:22.902	19	4.79778	(1676, 244)	(168, 24)	49
16:42:22.931	19	4.80963	(1677, 245)	(168, 25)	49
16:42:22.958	20	4.76607	(1686, 245)	(169, 25)	49
16:42:22.986	19	4.75245	(1696, 246)	(170, 25)	49
16:42:23.014	19	4.71941	(1705, 246)	(171, 25)	49
16:42:23.042	19	4.72593	(1715, 248)	(172, 25)	49
16:42:23.069	20	4.67096	(1726, 249)	(173, 25)	49
16:42:23.097	19	4.64385	(1735, 250)	(174, 25)	49
16:42:23.124	20	4.63659	(1745, 251)	(175, 25)	49
16:42:23.152	20	4.60933	(1755, 253)	(176, 25)	49
16:42:23.180	20	4.58785	(1765, 254)	(177, 25)	49
16:42:23.208	19	4.56859	(1768, 255)	(177, 26)	49
16:42:23.236	19	4.59393	(1775, 256)	(178, 26)	49
16:42:23.263	19	4.56459	(1785, 258)	(179, 26)	49
16:42:23.284	19	4.53807	(1795, 260)	(180, 26)	49
16:42:23.305	18	4.51407	(1805, 262)	(181, 26)	49
16:42:23.325	19	4.47926	(1815, 264)	(182, 26)	49
16:42:23.346	18	4.48178	(1817, 265)	(182, 27)	49
16:42:23.367	22	4.45852	(1825, 267)	(183, 27)	49
16:42:23.397	22	4.39037	(1838, 271)	(184, 27)	49
16:42:23.424	23	4.36489	(1845, 273)	(185, 27)	49
16:42:23.453	23	4.39437	(1849, 275)	(185, 28)	49
16:42:23.479	23	4.34711	(1858, 278)	(186, 28)	49
16:42:23.508	21	4.41304	(1865, 280)	(187, 28)	49
16:42:23.536	22	4.31496	(1874, 285)	(187, 29)	49
16:42:23.565	24	4.3677	(1875, 285)	(188, 29)	49
16:42:23.599	24	4.32326	(1885, 289)	(189, 29)	49
16:42:23.627	21	4.30296	(1895, 294)	(190, 29)	49
16:42:23.654	21	4.32519	(1895, 295)	(190, 30)	49
16:42:23.681	17	4.32667	(1905, 299)	(191, 30)	49
16:42:23.701	18	4.33955	(1912, 305)	(191, 31)	49
16:42:23.722	18	4.34267	(1915, 307)	(192, 31)	49
16:42:23.743	18	4.344	(1925, 314)	(193, 31)	49
16:42:23.764	18	4.34341	(1926, 315)	(193, 32)	49
16:42:23.784	20	4.36237	(1935, 322)	(194, 32)	49
16:42:23.806	18	4.3563	(1937, 325)	(194, 33)	49
16:42:23.826	19	4.38044	(1945, 333)	(195, 33)	49
16:42:23.849	19	4.33867	(1947, 335)	(195, 34)	49
16:42:23.876	18	4.41807	(1955, 344)	(196, 34)	49
16:42:23.896	19	4.42963	(1955, 345)	(196, 35)	49
16:42:23.916	20	4.50993	(1963, 355)	(196, 36)	49
16:42:23.937	19	4.5957	(1965, 358)	(197, 36)	49
16:42:23.959	19	4.5763	(1968, 365)	(197, 37)	49
16:42:23.986	19	4.62222	(1973, 375)	(197, 38)	49
16:42:24.007	20	4.70785	(1975, 379)	(198, 38)	49
16:42:24.035	20	4.69096	(1976, 385)	(198, 39)	49
16:42:24.063	19	4.7403	(1980, 395)	(198, 40)	49
16:42:24.084	19	4.90904	(1982, 405)	(198, 41)	49
16:42:24.111	20	5.13289	(1984, 415)	(198, 42)	49
16:42:24.132	19	5.07022	(1985, 417)	(199, 42)	49
16:42:24.153	19	5.20874	(1985, 425)	(199, 43)	49
16:42:24.173	20	5.31778	(1987, 435)	(199, 44)	49
16:42:24.194	20	5.39941	(1988, 445)	(199, 45)	49
16:42:24.222	21	5.63185	(1989, 455)	(199, 46)	49
16:42:24.250	20	5.84504	(1989, 465)	(199, 47)	49
16:42:24.278	20	5.83467	(1989, 475)	(199, 48)	49
16:42:24.305	21	6.00356	(1988, 485)	(199, 49)	49
16:42:24.334	20	6.04356	(1985, 495)	(199, 50)	49
16:42:24.362	20	6.06933	(1984, 495)	(198, 50)	49
16:42:24.389	21	6.17422	(1980, 505)	(198, 51)	49
16:42:24.417	22	6.4677	(1972, 516)	(197, 52)	49
16:42:24.445	26	6.61585	(1965, 525)	(197, 53)	49
16:42:24.481	28	6.63733	(1964, 526)	(196, 53)	49
16:42:24.514	23	6.89126	(1954, 534)	(195, 53)	49
16:42:24.543	23	6.96445	(1953, 535)	(195, 54)	49
16:42:24.571	23	7.13333	(1944, 539)	(194, 54)	49
16:42:24.598	23	7.27926	(1937, 545)	(194, 55)	49
16:42:24.626	23	7.3563	(1934, 547)	(193, 55)	49
16:42:24.654	23	7.7277	(1924, 555)	(192, 56)	49
16:42:24.681	24	8.036	(1914, 561)	(191, 56)	49
16:42:24.709	24	8.30326	(1907, 565)	(191, 57)	49
16:42:24.737	22	8.40844	(1904, 567)	(190, 57)	49
16:42:24.765	23	8.94163	(1894, 572)	(189, 57)	49
16:42:24.793	23	9.18059	(1890, 575)	(189, 58)	49
16:42:24.820	25	9.54163	(1884, 577)	(188, 58)	49
16:42:24.849	23	9.83763	(1874, 581)	(187, 58)	49
16:42:24.876	24	10.4375	(1866, 585)	(187, 59)	49
16:42:24.903	25	10.58	(1864, 585)	(186, 59)	49
16:42:24.931	25	11.0788	(1854, 590)	(185, 59)	49
16:42:24.959	26	11.2933	(1844, 594)	(184, 59)	49
16:42:24.987	29	11.4236	(1843, 595)	(184, 60)	49
16:42:25.023	30	11.8732	(1834, 597)	(183, 60)	49
16:42:25.057	31	12.2424	(1823, 601)	(182, 60)	49
16:42:25.092	31	12.6744	(1810, 606)	(181, 61)	49
16:42:25.126	32	12.9567	(1804, 609)	(180, 61)	49
16:42:25.162	33	13.2727	(1794, 612)	(179, 61)	49
16:42:25.204	32	13.4969	(1787, 615)	(179, 62)	49
16:42:25.238	33	13.4083	(1784, 616)	(178, 62)	49
16:42:25.280	32	13.7099	(1774, 619)	(177, 62)	49
16:42:25.322	33	14.017	(1764, 622)	(176, 62)	49
16:42:25.364	34	14.2212	(1758, 625)	(176, 63)	49
16:42:25.405	33	14.305	(1754, 626)	(175, 63)	49
16:42:25.446	35	14.5176	(1744, 628)	(174, 63)	49
16:42:25.490	34	14.9647	(1734, 631)	(173, 63)	49
16:42:25.530	35	15.4474	(1724, 633)	(172, 63)	49
16:42:25.572	32	15.7009	(1715, 635)	(172, 64)	49
16:42:25.605	32	15.7862	(1714, 635)	(171, 64)	49
16:42:25.641	34	16.1541	(1704, 637)	(170, 64)	49
16:42:25.683	38	16.5717	(1694, 638)	(169, 64)	49
16:42:25.725	39	16.8778	(1684, 640)	(168, 64)	49
16:42:25.776	35	17.2721	(1674, 641)	(167, 64)	49
16:42:25.815	34	17.6462	(1664, 642)	(166, 64)	49
16:42:25.856	38	18.0176	(1654, 643)	(165, 64)	49
16:42:25.899	39	18.3428	(1644, 644)	(164, 64)	49
16:42:25.947	40	18.6111	(1633, 644)	(163, 64)	49
16:42:25.997	40	18.8581	(1624, 644)	(162, 64)	49
16:42:26.045	44	18.9585	(1614, 644)	(161, 64)	49
16:42:26.094	47	19.2742	(1604, 644)	(160, 64)	49
16:42:26.150	41	19.6079	(1594, 644)	(159, 64)	49
16:42:26.197	35	20.0345	(1584, 644)	(158, 64)	49
16:42:26.238	34	20.4659	(1574, 644)	(157, 64)	49
16:42:26.280	42	20.6327	(1564, 644)	(156, 64)	49
16:42:26.330	40	20.8277	(1554, 644)	(155, 64)	49
16:42:26.378	39	21.084	(1548, 645)	(155, 65)	49
16:42:26.419	36	21.2281	(1544, 645)	(154, 65)	49
16:42:26.460	38	21.3498	(1534, 645)	(153, 65)	49
16:42:26.503	44	21.3763	(1524, 646)	(152, 65)	49
16:42:26.553	45	21.6967	(1514, 647)	(151, 65)	49
16:42:26.603	40	21.9941	(1504, 648)	(150, 65)	49
16:42:26.656	43	22.1596	(1494, 649)	(149, 65)	49
16:42:26.705	39	22.4111	(1484, 651)	(148, 65)	49
16:42:26.753	41	22.3902	(1474, 652)	(147, 65)	49
16:42:26.803	45	22.4521	(1464, 652)	(146, 65)	49
16:42:26.851	39	22.7222	(1454, 653)	(145, 65)	49
16:42:26.892	43	23.1123	(1444, 654)	(144, 65)	49
16:42:26.942	51	23.1674	(1434, 654)	(143, 65)	49
16:42:26.998	50	23.5203	(1419, 654)	(142, 65)	49
16:42:27.053	45	23.5908	(1414, 654)	(141, 65)	49
16:42:27.100	43	23.7825	(1404, 654)	(140, 65)	49
16:42:27.149	49	24.0421	(1394, 654)	(139, 65)	49
16:42:27.209	53	24.3056	(1384, 654)	(138, 65)	49
16:42:27.269	43	24.449	(1374, 654)	(137, 65)	49
16:42:27.317	44	24.685	(1356, 653)	(136, 65)	49
16:42:27.365	44	24.9338	(1354, 653)	(135, 65)	49
16:42:27.414	44	25.0024	(1344, 652)	(134, 65)	49
16:42:27.462	42	25.0963	(1334, 651)	(133, 65)	49
16:42:27.510	53	25.363	(1323, 651)	(132, 65)	49
16:42:27.568	52	25.404	(1314, 650)	(131, 65)	49
16:42:27.631	47	25.6396	(1303, 649)	(130, 65)	49
16:42:27.685	41	25.6735	(1294, 648)	(129, 65)	49
16:42:27.733	45	25.8024	(1284, 647)	(128, 65)	49
16:42:27.783	49	25.8084	(1274, 647)	(127, 65)	49
16:42:27.839	44	25.8093	(1264, 646)	(126, 65)	49
16:42:27.886	42	25.929	(1256, 644)	(126, 64)	49
16:42:27.935	48	25.971	(1254, 644)	(125, 64)	49
16:42:27.992	53	25.7261	(1244, 643)	(124, 64)	49
16:42:28.055	52	25.8119	(1234, 643)	(123, 64)	49
16:42:28.116	44	25.737	(1224, 641)	(122, 64)	49
16:42:28.165	47	26.2037	(1214, 641)	(121, 64)	49
16:42:28.222	54	25.757	(1204, 641)	(120, 64)	49
16:42:28.285	45	25.7945	(1194, 640)	(119, 64)	49
16:42:28.338	44	25.7997	(1184, 639)	(118, 64)	49
16:42:28.387	45	25.7924	(1174, 639)	(117, 64)	49
16:42:28.436	44	25.9326	(1164, 637)	(116, 64)	49
16:42:28.484	46	26.0661	(1154, 637)	(115, 64)	49
16:42:28.532	43	26.153	(1144, 636)	(114, 64)	49
16:42:28.582	42	26.1467	(1134, 636)	(113, 64)	49
16:42:28.631	53	26.096	(1124, 635)	(112, 64)	49
16:42:28.695	47	26.064	(1114, 635)	(111, 64)	49
16:42:28.748	51	26.0834	(1110, 634)	(111, 63)	49
16:42:28.806	52	26.196	(1104, 634)	(110, 63)	49
16:42:28.868	49	26.0834	(1093, 633)	(109, 63)	49
16:42:28.922	42	26.0779	(1084, 632)	(108, 63)	49
16:42:28.970	44	25.841	(1074, 632)	(107, 63)	49
16:42:29.022	52	25.7511	(1064, 631)	(106, 63)	49
16:42:29.083	53	25.5653	(1051, 631)	(105, 63)	49
16:42:29.150	46	25.544	(1032, 629)	(103, 63)	49
16:42:29.200	39	25.4896	(1024, 629)	(102, 63)	49
16:42:29.241	44	25.4228	(1014, 629)	(101, 63)	49
16:42:29.291	47	25.4279	(1004, 628)	(100, 63)	49
16:42:29.349	43	25.465	(994, 627)	(99, 63)	49
16:42:29.395	41	25.6234	(984, 627)	(98, 63)	49
16:42:29.444	44	26.0201	(974, 627)	(97, 63)	49
16:42:29.493	49	26.0604	(964, 626)	(96, 63)	49
16:42:29.549	46	25.8533	(954, 626)	(95, 63)	49
16:42:29.603	49	26.1544	(944, 626)	(94, 63)	49
16:42:29.661	49	26.1081	(934, 625)	(93, 63)	49
16:42:29.715	48	26.0801	(927, 624)	(93, 62)	49
16:42:29.772	47	26.2452	(924, 624)	(92, 62)	49
16:42:29.826	52	26.2827	(914, 623)	(91, 62)	49
16:42:29.884	52	26.3212	(904, 622)	(90, 62)	49
16:42:29.945	56	26.4427	(894, 621)	(89, 62)	49
16:42:30.009	48	26.609	(884, 620)	(88, 62)	49
16:42:30.062	52	26.6636	(873, 619)	(87, 62)	49
16:42:30.120	52	26.3166	(864, 619)	(86, 62)	49
16:42:30.182	48	26.2542	(854, 619)	(85, 62)	49
16:42:30.237	46	26.3532	(843, 618)	(84, 62)	49
16:42:30.293	53	26.4339	(834, 618)	(83, 62)	49
16:42:30.356	53	26.3822	(823, 617)	(82, 62)	49
16:42:30.419	45	26.3181	(814, 617)	(81, 62)	49
16:42:30.472	47	26.2049	(804, 617)	(80, 62)	49
16:42:30.529	53	26.2364	(794, 617)	(79, 62)	49
16:42:30.592	57	26.3424	(784, 616)	(78, 62)	49
16:42:30.655	45	26.4367	(772, 616)	(77, 62)	49
16:42:30.702	40	26.4579	(764, 615)	(76, 62)	49
16:42:30.743	45	26.631	(754, 615)	(75, 62)	49
16:42:30.793	50	26.4963	(744, 615)	(74, 62)	49
16:42:30.849	45	26.4745	(734, 615)	(73, 62)	49
16:42:30.896	43	26.507	(724, 615)	(72, 62)	49
16:42:30.945	44	26.581	(714, 615)	(71, 62)	49
16:42:30.993	50	26.425	(704, 615)	(70, 62)	49
16:42:31.052	49	26.3655	(694, 615)	(69, 62)	49
16:42:31.106	50	26.263	(684, 615)	(68, 62)	49
16:42:31.163	52	25.9607	(674, 615)	(67, 62)	49
16:42:31.226	54	25.7132	(664, 616)	(66, 62)	49
16:42:31.290	44	25.3079	(654, 617)	(65, 62)	49
16:42:31.342	44	25.0564	(644, 618)	(64, 62)	49
16:42:31.392	51	24.6732	(634, 618)	(63, 62)	49
16:42:31.454	50	24.3373	(624, 619)	(62, 62)	49
16:42:31.508	44	23.9422	(614, 619)	(61, 62)	49
16:42:31.557	45	23.8819	(604, 621)	(60, 62)	49
16:42:31.607	50	23.6831	(594, 621)	(59, 62)	49
16:42:31.663	47	23.3004	(584, 622)	(58, 62)	49
16:42:31.717	40	23.0283	(574, 624)	(57, 62)	49
16:42:31.765	40	22.964	(566, 625)	(57, 63)	49
16:42:31.816	51	22.9123	(564, 625)	(56, 63)	49
16:42:31.872	48	22.645	(554, 625)	(55, 63)	49
16:42:31.926	42	22.5517	(544, 626)	(54, 63)	49
16:42:31.974	39	22.1341	(534, 628)	(53, 63)	49
16:42:32.015	43	21.7852	(524, 629)	(52, 63)	49
16:42:32.066	45	21.4193	(514, 631)	(51, 63)	49
16:42:32.114	40	20.9785	(504, 633)	(50, 63)	49
16:42:32.162	37	20.7418	(494, 634)	(49, 63)	49
16:42:32.203	41	20.552	(493, 635)	(49, 64)	49
16:42:32.253	43	20.2047	(484, 637)	(48, 64)	49
16:42:32.302	41	19.3653	(467, 641)	(47, 64)	49
16:42:32.349	35	19.2433	(464, 642)	(46, 64)	49
16:42:32.391	34	18.9575	(458, 645)	(46, 65)	49
16:42:32.433	43	18.853	(454, 646)	(45, 65)	49
16:42:32.483	41	18.2729	(444, 650)	(44, 65)	49
16:42:32.532	37	17.7833	(434, 654)	(43, 65)	49
16:42:32.571	34	17.6804	(432, 655)	(43, 66)	49
16:42:32.614	34	17.3587	(424, 658)	(42, 66)	49
16:42:32.656	33	16.809	(414, 662)	(41, 66)	49
16:42:32.697	33	16.3727	(409, 665)	(41, 67)	49
16:42:32.740	34	16.135	(404, 667)	(40, 67)	49
16:42:32.781	32	15.3785	(394, 671)	(39, 67)	49
16:42:32.815	31	14.9578	(387, 675)	(39, 68)	49
16:42:32.850	31	14.812	(384, 676)	(38, 68)	49
16:42:32.884	31	14.2929	(374, 680)	(37, 68)	49
16:42:32.920	30	13.8544	(367, 685)	(37, 69)	49
16:42:32.954	29	13.6868	(364, 687)	(36, 69)	49
16:42:32.988	28	13.1489	(356, 695)	(36, 70)	49
16:42:33.023	28	13.0689	(354, 695)	(35, 70)	49
16:42:33.058	31	12.4858	(344, 704)	(34, 70)	49
16:42:33.093	35	12.3172	(344, 705)	(34, 71)	49
16:42:33.136	32	11.7929	(337, 715)	(34, 72)	49
16:42:33.177	33	11.3253	(335, 725)	(34, 73)	49
16:42:33.218	27	11.3086	(334, 727)	(33, 73)	49
16:42:33.253	30	11.1237	(331, 735)	(33, 74)	49
16:42:33.288	34	10.6933	(329, 746)	(33, 75)	49
16:42:33.330	33	10.4197	(329, 755)	(33, 76)	49
16:42:33.372	35	10.0453	(329, 765)	(33, 77)	49
16:42:33.422	26	9.69185	(329, 775)	(33, 78)	49
16:42:33.455	25	9.2883	(329, 785)	(33, 79)	49
16:42:33.490	25	8.97778	(329, 795)	(33, 80)	49
16:42:33.524	25	8.39822	(329, 805)	(33, 81)	49
16:42:33.553	22	7.53215	(329, 833)	(33, 83)	49
16:42:33.580	23	7.4477	(329, 836)	(33, 84)	49
16:42:33.608	24	7.3683	(329, 845)	(33, 85)	49
16:42:33.635	21	7.00859	(329, 855)	(33, 86)	49
16:42:33.663	20	6.76133	(330, 865)	(33, 87)	49
16:42:33.690	26	6.62044	(332, 875)	(33, 88)	49
16:42:33.719	26	6.47852	(335, 883)	(34, 88)	49
16:42:33.747	26	6.36904	(335, 885)	(34, 89)	49
16:42:33.775	26	6.17704	(338, 895)	(34, 90)	49
16:42:33.810	20	5.99081	(341, 905)	(34, 91)	49
16:42:33.837	21	5.85422	(345, 914)	(35, 91)	49
16:42:33.865	20	5.80504	(346, 915)	(35, 92)	49
16:42:33.892	21	5.62756	(350, 925)	(35, 93)	49
16:42:33.920	21	5.55274	(355, 931)	(36, 93)	49
16:42:33.948	20	5.47822	(357, 935)	(36, 94)	49
16:42:33.976	20	5.336	(364, 945)	(36, 95)	49
16:42:34.004	21	5.35156	(365, 945)	(37, 95)	49
16:42:34.032	19	5.19407	(373, 955)	(37, 96)	49
16:42:34.052	20	5.19615	(375, 956)	(38, 96)	49
16:42:34.080	19	5.08593	(384, 965)	(38, 97)	49
16:42:34.100	20	5.0877	(385, 966)	(39, 97)	49
16:42:34.128	21	4.9837	(395, 975)	(40, 98)	49
16:42:34.157	19	4.93304	(405, 982)	(41, 98)	49
16:42:34.184	20	4.89156	(411, 987)	(41, 99)	49
16:42:34.212	20	4.88089	(415, 989)	(42, 99)	49
16:42:34.240	19	4.83837	(423, 995)	(42, 100)	49
16:42:34.260	20	4.8323	(425, 996)	(43, 100)	49
16:42:34.289	19	4.80489	(435, 1001)	(44, 100)	49
16:42:34.310	19	4.77881	(441, 1005)	(44, 101)	49
16:42:34.330	20	4.77437	(446, 1007)	(45, 101)	49
16:42:34.351	20	4.748	(455, 1012)	(46, 101)	49
16:42:34.372	19	4.74489	(461, 1015)	(46, 102)	49
16:42:34.392	20	4.72089	(465, 1017)	(47, 102)	49
16:42:34.421	21	4.67156	(475, 1022)	(48, 102)	49
16:42:34.449	19	4.70207	(481, 1025)	(48, 103)	49
16:42:34.470	19	4.71245	(485, 1026)	(49, 103)	49
16:42:34.490	20	4.71022	(495, 1030)	(50, 103)	49
16:42:34.518	19	4.78415	(505, 1034)	(51, 103)	49
16:42:34.539	20	4.70444	(506, 1035)	(51, 104)	49
16:42:34.567	19	4.70489	(515, 1037)	(52, 104)	49
16:42:34.587	24	4.83615	(525, 1040)	(53, 104)	49
16:42:34.616	24	4.69926	(540, 1043)	(54, 104)	49
16:42:34.643	21	4.76193	(545, 1044)	(55, 104)	49
16:42:34.671	21	4.74963	(549, 1045)	(55, 105)	49
16:42:34.698	21	4.77348	(555, 1046)	(56, 105)	49
16:42:34.727	21	4.85067	(577, 1050)	(58, 105)	49
16:42:34.755	21	4.88504	(585, 1052)	(59, 105)	49
16:42:34.782	21	4.89867	(595, 1053)	(60, 105)	49
16:42:34.810	21	4.94711	(605, 1054)	(61, 105)	49
16:42:34.838	21	4.95452	(608, 1055)	(61, 106)	49
16:42:34.866	19	4.9643	(615, 1056)	(62, 106)	49
16:42:34.886	20	4.97333	(625, 1057)	(63, 106)	49
16:42:34.907	20	4.98667	(635, 1058)	(64, 106)	49
16:42:34.928	19	5.04207	(645, 1059)	(65, 106)	49
16:42:34.949	19	5.07052	(655, 1060)	(66, 106)	49
16:42:34.970	19	5.11422	(665, 1061)	(67, 106)	49
16:42:34.990	20	5.1643	(675, 1061)	(68, 106)	49
16:42:35.018	19	5.20948	(685, 1063)	(69, 106)	49
16:42:35.039	19	5.26282	(695, 1063)	(70, 106)	49
16:42:35.060	19	5.35274	(705, 1064)	(71, 106)	49
16:42:35.080	19	5.4517	(715, 1064)	(72, 106)	49
16:42:35.101	23	5.49052	(719, 1065)	(72, 107)	49
16:42:35.129	20	5.57585	(725, 1065)	(73, 107)	49
16:42:35.150	24	5.71126	(735, 1066)	(74, 107)	49
16:42:35.179	24	5.85156	(745, 1066)	(75, 107)	49
16:42:35.206	26	5.92978	(755, 1066)	(76, 107)	49
16:42:35.234	24	6.06281	(765, 1066)	(77, 107)	49
16:42:35.262	21	6.36622	(775, 1067)	(78, 107)	49
16:42:35.289	22	6.68504	(785, 1067)	(79, 107)	49
16:42:35.317	21	7.07393	(795, 1068)	(80, 107)	49
16:42:35.345	22	7.30489	(805, 1069)	(81, 107)	49
16:42:35.374	26	7.56963	(815, 1070)	(82, 107)	49
16:42:35.409	26	7.71407	(825, 1071)	(83, 107)	49
16:42:35.443	28	7.92489	(835, 1072)	(84, 107)	49
16:42:35.478	28	8.15852	(845, 1073)	(85, 107)	49
16:42:35.513	28	8.36015	(856, 1074)	(86, 107)	49
16:42:35.547	28	8.45156	(862, 1075)	(86, 108)	49
16:42:35.582	28	8.51852	(865, 1075)	(87, 108)	49
16:42:35.617	28	8.67689	(875, 1075)	(88, 108)	49
16:42:35.653	28	8.77437	(885, 1076)	(89, 108)	49
16:42:35.687	30	8.8797	(895, 1077)	(90, 108)	49
16:42:35.722	34	8.97645	(905, 1078)	(91, 108)	49
16:42:35.763	29	9.16652	(915, 1078)	(92, 108)	49
16:42:35.798	28	9.33556	(925, 1079)	(93, 108)	49
16:42:35.833	30	9.6803	(935, 1080)	(94, 108)	49
16:42:35.867	30	10.045	(945, 1081)	(95, 108)	49
16:42:35.902	30	10.6782	(955, 1082)	(96, 108)	49
16:42:35.937	31	10.8473	(965, 1082)	(97, 108)	49
16:42:35.973	30	11.0916	(975, 1083)	(98, 108)	49
16:42:36.006	31	11.6658	(986, 1083)	(99, 108)	49
16:42:36.041	31	11.9766	(995, 1084)	(100, 108)	49
16:42:36.075	29	12.232	(1005, 1084)	(101, 108)	49
16:42:36.110	30	12.5489	(1015, 1084)	(102, 108)	49
16:42:36.145	33	12.5253	(1017, 1085)	(102, 109)	49
16:42:36.187	34	12.908	(1025, 1085)	(103, 109)	49
16:42:36.229	33	13.4231	(1040, 1085)	(104, 109)	49
16:42:36.271	32	13.6239	(1048, 1085)	(105, 109)	49
16:42:36.312	36	13.9133	(1055, 1086)	(106, 109)	49
16:42:36.356	42	14.3757	(1065, 1086)	(107, 109)	49
16:42:36.404	42	14.6323	(1075, 1086)	(108, 109)	49
16:42:36.453	45	15.0696	(1085, 1086)	(109, 109)	49
16:42:36.508	33	15.331	(1096, 1086)	(110, 109)	49
16:42:36.548	29	15.4969	(1105, 1086)	(111, 109)	49
16:42:36.582	34	15.672	(1115, 1086)	(112, 109)	49
16:42:36.626	39	15.7033	(1126, 1086)	(113, 109)	49
16:42:36.693	32	15.8804	(1135, 1086)	(114, 109)	49
16:42:36.729	30	16.1222	(1146, 1086)	(115, 109)	49
16:42:36.763	31	16.2379	(1155, 1086)	(116, 109)	49
16:42:36.798	30	16.38	(1166, 1086)	(117, 109)	49
16:42:36.832	31	16.4563	(1175, 1086)	(118, 109)	49
16:42:36.868	31	16.5119	(1185, 1085)	(119, 109)	49
16:42:36.903	30	16.5116	(1188, 1084)	(119, 108)	49
16:42:36.937	32	16.617	(1195, 1084)	(120, 108)	49
16:42:36.972	35	16.7676	(1205, 1082)	(121, 108)	49
16:42:37.015	38	16.8379	(1215, 1081)	(122, 108)	49
16:42:37.056	40	16.959	(1225, 1081)	(123, 108)	49
16:42:37.106	33	16.9661	(1235, 1081)	(124, 108)	49
16:42:37.146	35	17.155	(1245, 1080)	(125, 108)	49
16:42:37.189	44	17.1098	(1255, 1080)	(126, 108)	49
16:42:37.238	43	17.1372	(1265, 1079)	(127, 108)	49
16:42:37.286	44	17.2646	(1275, 1078)	(128, 108)	49
16:42:37.336	39	17.2627	(1286, 1077)	(129, 108)	49
16:42:37.383	36	17.5302	(1295, 1077)	(130, 108)	49
16:42:37.425	36	17.2271	(1305, 1077)	(131, 108)	49
16:42:37.466	37	17.2724	(1315, 1077)	(132, 108)	49
16:42:37.508	36	17.171	(1325, 1077)	(133, 108)	49
16:42:37.549	34	17.0498	(1335, 1077)	(134, 108)	49
16:42:37.590	34	17.0892	(1345, 1077)	(135, 108)	49
16:42:37.634	41	17.0327	(1355, 1077)	(136, 108)	49
16:42:37.683	40	16.9036	(1365, 1079)	(137, 108)	49
16:42:37.732	35	16.8686	(1375, 1080)	(138, 108)	49
16:42:37.772	34	16.829	(1385, 1081)	(139, 108)	49
16:42:37.814	41	16.8404	(1395, 1081)	(140, 108)	49
16:42:37.867	41	16.813	(1405, 1083)	(141, 108)	49
16:42:37.920	41	16.6822	(1416, 1084)	(142, 108)	49
16:42:37.967	34	16.8363	(1418, 1085)	(142, 109)	49
16:42:38.008	35	16.7434	(1425, 1085)	(143, 109)	49
16:42:38.050	35	16.7393	(1437, 1088)	(144, 109)	49
16:42:38.093	37	16.4107	(1445, 1088)	(145, 109)	49
16:42:38.134	37	16.2874	(1455, 1089)	(146, 109)	49
16:42:38.177	33	15.9984	(1465, 1090)	(147, 109)	49
16:42:38.217	30	15.6196	(1476, 1091)	(148, 109)	49
16:42:38.251	29	15.3314	(1485, 1092)	(149, 109)	49
16:42:38.289	35	14.8747	(1495, 1093)	(150, 109)	49
16:42:38.329	34	14.7335	(1505, 1093)	(151, 109)	49
16:42:38.370	33	14.2412	(1515, 1093)	(152, 109)	49
16:42:38.412	32	13.949	(1525, 1093)	(153, 109)	49
16:42:38.453	33	13.9698	(1535, 1094)	(154, 109)	49
16:42:38.489	33	13.5353	(1545, 1094)	(155, 109)	49
16:42:38.529	38	13.4019	(1555, 1094)	(156, 109)	49
16:42:38.573	40	13.1807	(1565, 1094)	(157, 109)	49
16:42:38.621	35	13.1076	(1566, 1095)	(157, 110)	49
16:42:38.661	32	12.943	(1575, 1095)	(158, 110)	49
16:42:38.696	33	12.8421	(1585, 1095)	(159, 110)	49
16:42:38.731	27	12.6019	(1596, 1096)	(160, 110)	49
16:42:38.765	31	12.4674	(1605, 1096)	(161, 110)	49
16:42:38.802	31	12.2575	(1615, 1096)	(162, 110)	49
16:42:38.836	28	12.123	(1625, 1097)	(163, 110)	49
16:42:38.870	26	11.9249	(1635, 1097)	(164, 110)	49
16:42:38.904	32	11.6917	(1645, 1097)	(165, 110)	49
16:42:38.941	32	11.3859	(1655, 1098)	(166, 110)	49
16:42:38.982	32	11.1241	(1665, 1098)	(167, 110)	49
16:42:39.024	29	10.668	(1675, 1099)	(168, 110)	49
16:42:39.058	26	10.4283	(1685, 1099)	(169, 110)	49
16:42:39.092	26	10.0698	(1695, 1100)	(170, 110)	49
16:42:39.127	26	9.66296	(1705, 1100)	(171, 110)	49
16:42:39.161	26	9.18207	(1715, 1101)	(172, 110)	49
16:42:39.190	25	8.74474	(1725, 1101)	(173, 110)	49
16:42:39.218	24	8.25467	(1735, 1103)	(174, 110)	49
16:42:39.246	24	7.7957	(1748, 1104)	(175, 110)	49
16:42:39.273	24	7.60222	(1753, 1105)	(175, 111)	49
16:42:39.301	24	7.54859	(1755, 1105)	(176, 111)	49
16:42:39.329	22	7.23985	(1765, 1106)	(177, 111)	49
16:42:39.356	24	6.99393	(1775, 1107)	(178, 111)	49
16:42:39.385	23	6.84681	(1785, 1108)	(179, 111)	49
16:42:39.413	22	6.57304	(1798, 1109)	(180, 111)	49
16:42:39.441	21	6.45659	(1806, 1111)	(181, 111)	49
16:42:39.468	20	6.32682	(1815, 1112)	(182, 111)	49
16:42:39.495	21	6.2077	(1825, 1112)	(183, 111)	49
16:42:39.523	20	6.06563	(1835, 1113)	(184, 111)	49
16:42:39.551	21	5.86993	(1850, 1114)	(185, 111)	49
16:42:39.579	25	5.81763	(1855, 1114)	(186, 111)	49
16:42:39.607	25	5.77274	(1858, 1115)	(186, 112)	49
16:42:39.635	24	5.63867	(1865, 1116)	(187, 112)	49
16:42:39.662	21	5.50459	(1877, 1117)	(188, 112)	49
16:42:39.691	19	5.42756	(1885, 1118)	(189, 112)	49
16:42:39.717	19	5.2957	(1895, 1120)	(190, 112)	49
16:42:39.738	20	5.16311	(1905, 1121)	(191, 112)	49
16:42:39.760	17	3.33733	(0, 0)	(0, 0)	49
EOM

