BOM
Frame extends: 2263, 1306
_ms_area: 10
measurements taken: 585
current rendering method: 0
is mouse replay: 1
Camera settings: Roation Quaternion: ( -0.723474, 0.212068, -0.631422, 0.181425), Translationsvektor: ( 0.0318162, 0.0367534, 1.85).
System_Time	Elapsed_Time_PaintGL	Elapsed_Kernel_Time	Frame_Coordinates	Grid_Position	Manual_Measurement
16:41:40.433	42	34.273	(-1, -1)	(-1, -1)	49
16:41:40.482	41	34.2499	(-1, -1)	(-1, -1)	49
16:41:40.532	47	34.293	(-1, -1)	(-1, -1)	49
16:41:40.588	47	34.2351	(-1, -1)	(-1, -1)	49
16:41:40.645	52	34.2187	(-1, -1)	(-1, -1)	49
16:41:40.705	44	34.1935	(-1, -1)	(-1, -1)	49
16:41:40.756	45	34.2307	(-1, -1)	(-1, -1)	49
16:41:40.810	47	34.3313	(-1, -1)	(-1, -1)	49
16:41:40.866	47	34.2087	(-1, -1)	(-1, -1)	49
16:41:40.921	43	34.211	(-1, -1)	(-1, -1)	49
16:41:40.969	43	34.2609	(-1, -1)	(-1, -1)	49
16:41:41.018	40	34.2551	(-1, -1)	(-1, -1)	49
16:41:41.068	44	34.2394	(-1, -1)	(-1, -1)	49
16:41:41.117	43	34.3135	(-1, -1)	(-1, -1)	49
16:41:41.165	47	34.2637	(-1, -1)	(-1, -1)	49
16:41:41.221	45	34.1616	(-1, -1)	(-1, -1)	49
16:41:41.279	46	34.2443	(-1, -1)	(-1, -1)	49
16:41:41.330	44	34.2465	(-1, -1)	(-1, -1)	49
16:41:41.381	46	34.2656	(-1, -1)	(-1, -1)	49
16:41:41.436	46	34.3191	(-1, -1)	(-1, -1)	49
16:41:41.491	42	34.221	(-1, -1)	(-1, -1)	49
16:41:41.539	41	34.2744	(-1, -1)	(-1, -1)	49
16:41:41.588	43	34.2797	(-1, -1)	(-1, -1)	49
16:41:41.638	46	34.2037	(-1, -1)	(-1, -1)	49
16:41:41.693	51	34.2307	(-1, -1)	(-1, -1)	49
16:41:41.747	41	34.2787	(-1, -1)	(-1, -1)	49
16:41:41.795	42	34.2687	(-1, -1)	(-1, -1)	49
16:41:41.846	46	34.2551	(-1, -1)	(-1, -1)	49
16:41:41.902	46	34.2516	(-1, -1)	(-1, -1)	49
16:41:41.956	42	34.2151	(-1, -1)	(-1, -1)	49
16:41:42.005	43	34.2287	(-1, -1)	(-1, -1)	49
16:41:42.054	43	34.2046	(-1, -1)	(-1, -1)	49
16:41:42.104	49	34.189	(-1, -1)	(-1, -1)	49
16:41:42.158	44	34.192	(-1, -1)	(-1, -1)	49
16:41:42.208	44	34.2286	(-1, -1)	(-1, -1)	49
16:41:42.256	44	34.2649	(-1, -1)	(-1, -1)	49
16:41:42.305	47	34.2056	(-1, -1)	(-1, -1)	49
16:41:42.361	43	34.2056	(-1, -1)	(-1, -1)	49
16:41:42.409	43	34.1391	(-1, -1)	(-1, -1)	49
16:41:42.461	46	34.2936	(-1, -1)	(-1, -1)	49
16:41:42.512	42	34.2812	(-1, -1)	(-1, -1)	49
16:41:42.562	41	34.2113	(-1, -1)	(-1, -1)	49
16:41:42.611	47	34.2295	(-1, -1)	(-1, -1)	49
16:41:42.667	46	34.271	(-1, -1)	(-1, -1)	49
16:41:42.723	46	34.2717	(-1, -1)	(-1, -1)	49
16:41:42.779	43	34.2298	(-1, -1)	(-1, -1)	49
16:41:42.826	41	34.3276	(-1, -1)	(-1, -1)	49
16:41:42.875	45	34.2021	(-1, -1)	(-1, -1)	49
16:41:42.931	47	34.1887	(-1, -1)	(-1, -1)	49
16:41:42.987	44	34.2147	(-1, -1)	(-1, -1)	49
16:41:43.034	40	34.3624	(-1, -1)	(-1, -1)	49
16:41:43.083	48	34.1459	(-1, -1)	(-1, -1)	49
16:41:43.140	46	34.3105	(-1, -1)	(-1, -1)	49
16:41:43.195	44	34.2037	(-1, -1)	(-1, -1)	49
16:41:43.242	40	34.2957	(-1, -1)	(-1, -1)	49
16:41:43.284	40	34.2593	(-1, -1)	(-1, -1)	49
16:41:43.334	46	34.1959	(-1, -1)	(-1, -1)	49
16:41:43.390	46	34.2455	(-1, -1)	(-1, -1)	49
16:41:43.444	42	34.1877	(-1, -1)	(-1, -1)	49
16:41:43.493	42	34.239	(-1, -1)	(-1, -1)	49
16:41:43.540	43	34.3419	(-1, -1)	(-1, -1)	49
16:41:43.593	46	34.1836	(-1, -1)	(-1, -1)	49
16:41:43.646	44	34.2927	(-1, -1)	(-1, -1)	49
16:41:43.695	46	34.2437	(-1, -1)	(-1, -1)	49
16:41:43.750	43	34.2769	(-1, -1)	(-1, -1)	49
16:41:43.799	43	34.1514	(-1, -1)	(-1, -1)	49
16:41:43.847	43	34.1849	(-1, -1)	(-1, -1)	49
16:41:43.898	47	34.2335	(-1, -1)	(-1, -1)	49
16:41:43.953	46	34.219	(-1, -1)	(-1, -1)	49
16:41:44.012	46	34.2129	(-1, -1)	(-1, -1)	49
16:41:44.063	43	34.2253	(-1, -1)	(-1, -1)	49
16:41:44.114	48	34.2873	(-1, -1)	(-1, -1)	49
16:41:44.168	47	34.2361	(-1, -1)	(-1, -1)	49
16:41:44.225	46	34.1572	(-1, -1)	(-1, -1)	49
16:41:44.278	43	34.2127	(-1, -1)	(-1, -1)	49
16:41:44.328	47	34.2702	(-1, -1)	(-1, -1)	49
16:41:44.384	46	34.2047	(-1, -1)	(-1, -1)	49
16:41:44.441	45	34.1895	(-1, -1)	(-1, -1)	49
16:41:44.493	43	34.1896	(-1, -1)	(-1, -1)	49
16:41:44.543	46	34.2961	(-1, -1)	(-1, -1)	49
16:41:44.599	45	34.197	(-1, -1)	(-1, -1)	49
16:41:44.654	42	34.2387	(-1, -1)	(-1, -1)	49
16:41:44.701	41	34.2609	(-1, -1)	(-1, -1)	49
16:41:44.750	43	34.3236	(-1, -1)	(-1, -1)	49
16:41:44.800	47	34.1886	(-1, -1)	(-1, -1)	49
16:41:44.855	43	34.2116	(-1, -1)	(-1, -1)	49
16:41:44.903	42	34.3307	(-1, -1)	(-1, -1)	49
16:41:44.953	47	34.2319	(-1, -1)	(-1, -1)	49
16:41:45.009	47	34.2841	(-1, -1)	(-1, -1)	49
16:41:45.066	45	34.1781	(-1, -1)	(-1, -1)	49
16:41:45.119	43	34.303	(-1, -1)	(-1, -1)	49
16:41:45.168	44	34.192	(-1, -1)	(-1, -1)	49
16:41:45.218	46	34.2316	(-1, -1)	(-1, -1)	49
16:41:45.276	46	34.229	(-1, -1)	(-1, -1)	49
16:41:45.327	45	34.3274	(-1, -1)	(-1, -1)	49
16:41:45.378	46	34.2816	(-1, -1)	(-1, -1)	49
16:41:45.434	46	34.2822	(-1, -1)	(-1, -1)	49
16:41:45.490	46	34.3304	(-1, -1)	(-1, -1)	49
16:41:45.543	42	34.2216	(-1, -1)	(-1, -1)	49
16:41:45.592	43	34.18	(-1, -1)	(-1, -1)	49
16:41:45.642	46	34.2367	(-1, -1)	(-1, -1)	49
16:41:45.697	42	34.2477	(-1, -1)	(-1, -1)	49
16:41:45.745	40	34.2579	(-1, -1)	(-1, -1)	49
16:41:45.794	44	34.1664	(-1, -1)	(-1, -1)	49
16:41:45.844	46	34.221	(-1, -1)	(-1, -1)	49
16:41:45.900	44	34.2816	(-1, -1)	(-1, -1)	49
16:41:45.946	41	34.257	(-1, -1)	(-1, -1)	49
16:41:45.996	47	34.2028	(-1, -1)	(-1, -1)	49
16:41:46.052	46	34.2077	(-1, -1)	(-1, -1)	49
16:41:46.109	48	34.2647	(-1, -1)	(-1, -1)	49
16:41:46.163	42	34.2393	(-1, -1)	(-1, -1)	49
16:41:46.212	47	34.2633	(-1, -1)	(-1, -1)	49
16:41:46.267	48	34.2	(-1, -1)	(-1, -1)	49
16:41:46.325	46	34.2224	(-1, -1)	(-1, -1)	49
16:41:46.378	41	34.3102	(-1, -1)	(-1, -1)	49
16:41:46.426	43	34.2785	(-1, -1)	(-1, -1)	49
16:41:46.477	47	34.1984	(-1, -1)	(-1, -1)	49
16:41:46.532	44	34.2034	(-1, -1)	(-1, -1)	49
16:41:46.580	43	34.2799	(-1, -1)	(-1, -1)	49
16:41:46.628	40	34.252	(-1, -1)	(-1, -1)	49
16:41:46.678	46	34.3175	(-1, -1)	(-1, -1)	49
16:41:46.734	46	34.1736	(-1, -1)	(-1, -1)	49
16:41:46.788	42	34.1767	(-1, -1)	(-1, -1)	49
16:41:46.838	45	34.233	(-1, -1)	(-1, -1)	49
16:41:46.894	45	34.2089	(-1, -1)	(-1, -1)	49
16:41:46.949	46	34.3117	(-1, -1)	(-1, -1)	49
16:41:47.003	43	34.2314	(-1, -1)	(-1, -1)	49
16:41:47.053	47	34.2301	(-1, -1)	(-1, -1)	49
16:41:47.109	47	34.2353	(-1, -1)	(-1, -1)	49
16:41:47.167	46	34.1686	(-1, -1)	(-1, -1)	49
16:41:47.219	42	34.3815	(-1, -1)	(-1, -1)	49
16:41:47.270	46	34.2157	(-1, -1)	(-1, -1)	49
16:41:47.324	46	34.2953	(-1, -1)	(-1, -1)	49
16:41:47.380	48	34.2695	(-1, -1)	(-1, -1)	49
16:41:47.435	42	34.1935	(-1, -1)	(-1, -1)	49
16:41:47.483	44	34.213	(-1, -1)	(-1, -1)	49
16:41:47.533	48	34.2621	(-1, -1)	(-1, -1)	49
16:41:47.599	45	34.3354	(-1, -1)	(-1, -1)	49
16:41:47.650	43	34.2117	(-1, -1)	(-1, -1)	49
16:41:47.700	46	34.2209	(-1, -1)	(-1, -1)	49
16:41:47.754	45	34.1981	(-1, -1)	(-1, -1)	49
16:41:47.805	46	34.2259	(-1, -1)	(-1, -1)	49
16:41:47.858	41	34.3206	(-1, -1)	(-1, -1)	49
16:41:47.907	41	34.2513	(-1, -1)	(-1, -1)	49
16:41:47.959	47	34.2896	(-1, -1)	(-1, -1)	49
16:41:48.013	46	34.1865	(-1, -1)	(-1, -1)	49
16:41:48.067	41	34.2852	(-1, -1)	(-1, -1)	49
16:41:48.115	41	34.2631	(-1, -1)	(-1, -1)	49
16:41:48.166	46	34.2939	(-1, -1)	(-1, -1)	49
16:41:48.222	46	34.2477	(-1, -1)	(-1, -1)	49
16:41:48.275	41	34.3067	(-1, -1)	(-1, -1)	49
16:41:48.324	46	34.2255	(-1, -1)	(-1, -1)	49
16:41:48.375	46	34.2387	(-1, -1)	(-1, -1)	49
16:41:48.432	46	34.1901	(-1, -1)	(-1, -1)	49
16:41:48.484	42	34.208	(-1, -1)	(-1, -1)	49
16:41:48.533	42	34.2139	(-1, -1)	(-1, -1)	49
16:41:48.582	46	34.1599	(-1, -1)	(-1, -1)	49
16:41:48.638	48	34.2154	(-1, -1)	(-1, -1)	49
16:41:48.693	41	34.2819	(-1, -1)	(-1, -1)	49
16:41:48.741	45	34.1939	(-1, -1)	(-1, -1)	49
16:41:48.791	46	34.2104	(-1, -1)	(-1, -1)	49
16:41:48.847	46	34.2621	(-1, -1)	(-1, -1)	49
16:41:48.902	43	34.2336	(-1, -1)	(-1, -1)	49
16:41:48.950	44	34.2067	(-1, -1)	(-1, -1)	49
16:41:49.000	46	34.2284	(-1, -1)	(-1, -1)	49
16:41:49.055	47	34.2812	(-1, -1)	(-1, -1)	49
16:41:49.111	42	34.2924	(-1, -1)	(-1, -1)	49
16:41:49.160	46	34.268	(-1, -1)	(-1, -1)	49
16:41:49.215	47	34.2839	(-1, -1)	(-1, -1)	49
16:41:49.272	45	34.2601	(-1, -1)	(-1, -1)	49
16:41:49.325	43	34.196	(-1, -1)	(-1, -1)	49
16:41:49.374	43	34.2356	(-1, -1)	(-1, -1)	49
16:41:49.424	46	34.2659	(-1, -1)	(-1, -1)	49
16:41:49.479	46	34.2439	(-1, -1)	(-1, -1)	49
16:41:49.533	41	34.3661	(-1, -1)	(-1, -1)	49
16:41:49.582	41	34.3142	(-1, -1)	(-1, -1)	49
16:41:49.633	46	34.249	(-1, -1)	(-1, -1)	49
16:41:49.689	45	34.1705	(-1, -1)	(-1, -1)	49
16:41:49.742	40	34.2335	(-1, -1)	(-1, -1)	49
16:41:49.783	42	34.3034	(-1, -1)	(-1, -1)	49
16:41:49.834	46	34.2593	(-1, -1)	(-1, -1)	49
16:41:49.890	47	34.243	(-1, -1)	(-1, -1)	49
16:41:49.946	46	34.2813	(-1, -1)	(-1, -1)	49
16:41:49.999	45	34.3262	(-1, -1)	(-1, -1)	49
16:41:50.050	45	34.211	(-1, -1)	(-1, -1)	49
16:41:50.105	46	34.2201	(-1, -1)	(-1, -1)	49
16:41:50.162	43	34.2154	(-1, -1)	(-1, -1)	49
16:41:50.229	43	34.1896	(-1, -1)	(-1, -1)	49
16:41:50.277	46	34.1727	(-1, -1)	(-1, -1)	49
16:41:50.327	47	34.267	(-1, -1)	(-1, -1)	49
16:41:50.382	41	34.3433	(-1, -1)	(-1, -1)	49
16:41:50.430	45	34.2799	(-1, -1)	(-1, -1)	49
16:41:50.480	47	34.2422	(-1, -1)	(-1, -1)	49
16:41:50.536	45	34.2594	(-1, -1)	(-1, -1)	49
16:41:50.591	42	34.1763	(-1, -1)	(-1, -1)	49
16:41:50.639	44	34.2009	(-1, -1)	(-1, -1)	49
16:41:50.690	44	34.2582	(-1, -1)	(-1, -1)	49
16:41:50.743	43	34.1612	(-1, -1)	(-1, -1)	49
16:41:50.791	43	34.3858	(-1, -1)	(-1, -1)	49
16:41:50.841	47	34.2477	(-1, -1)	(-1, -1)	49
16:41:50.897	48	34.1859	(-1, -1)	(-1, -1)	49
16:41:50.953	46	34.2473	(-1, -1)	(-1, -1)	49
16:41:51.007	41	34.3006	(-1, -1)	(-1, -1)	49
16:41:51.055	43	34.2486	(-1, -1)	(-1, -1)	49
16:41:51.107	46	34.1993	(-1, -1)	(-1, -1)	49
16:41:51.161	42	34.2422	(-1, -1)	(-1, -1)	49
16:41:51.209	42	34.3959	(-1, -1)	(-1, -1)	49
16:41:51.258	40	34.3193	(-1, -1)	(-1, -1)	49
16:41:51.299	44	34.2867	(-1, -1)	(-1, -1)	49
16:41:51.349	48	34.2239	(-1, -1)	(-1, -1)	49
16:41:51.405	47	34.2311	(-1, -1)	(-1, -1)	49
16:41:51.460	42	34.2366	(-1, -1)	(-1, -1)	49
16:41:51.508	44	34.2087	(-1, -1)	(-1, -1)	49
16:41:51.558	47	34.1874	(-1, -1)	(-1, -1)	49
16:41:51.615	45	34.2203	(-1, -1)	(-1, -1)	49
16:41:51.669	42	34.2401	(-1, -1)	(-1, -1)	49
16:41:51.717	43	34.1913	(-1, -1)	(-1, -1)	49
16:41:51.766	46	34.2021	(-1, -1)	(-1, -1)	49
16:41:51.820	42	34.3253	(-1, -1)	(-1, -1)	49
16:41:51.869	42	34.3372	(-1, -1)	(-1, -1)	49
16:41:51.919	47	34.2489	(-1, -1)	(-1, -1)	49
16:41:51.975	47	34.2188	(-1, -1)	(-1, -1)	49
16:41:52.031	46	34.2655	(-1, -1)	(-1, -1)	49
16:41:52.085	43	34.2244	(-1, -1)	(-1, -1)	49
16:41:52.133	44	34.265	(-1, -1)	(-1, -1)	49
16:41:52.184	46	34.2406	(-1, -1)	(-1, -1)	49
16:41:52.241	46	34.2093	(-1, -1)	(-1, -1)	49
16:41:52.294	43	34.2136	(-1, -1)	(-1, -1)	49
16:41:52.344	46	34.273	(-1, -1)	(-1, -1)	49
16:41:52.399	47	34.2661	(-1, -1)	(-1, -1)	49
16:41:52.457	46	34.1655	(-1, -1)	(-1, -1)	49
16:41:52.509	41	34.3431	(-1, -1)	(-1, -1)	49
16:41:52.557	42	34.3446	(-1, -1)	(-1, -1)	49
16:41:52.608	47	34.2683	(-1, -1)	(-1, -1)	49
16:41:52.664	46	34.1841	(-1, -1)	(-1, -1)	49
16:41:52.718	40	34.2496	(-1, -1)	(-1, -1)	49
16:41:52.759	41	34.2779	(-1, -1)	(-1, -1)	49
16:41:52.810	46	34.2917	(-1, -1)	(-1, -1)	49
16:41:52.866	43	34.196	(-1, -1)	(-1, -1)	49
16:41:52.912	45	34.1844	(-1, -1)	(-1, -1)	49
16:41:52.962	45	34.2748	(-1, -1)	(-1, -1)	49
16:41:53.016	44	34.2271	(-1, -1)	(-1, -1)	49
16:41:53.068	42	34.2607	(-1, -1)	(-1, -1)	49
16:41:53.114	43	34.2527	(-1, -1)	(-1, -1)	49
16:41:53.162	43	34.1852	(-1, -1)	(-1, -1)	49
16:41:53.210	41	34.3492	(-1, -1)	(-1, -1)	49
16:41:53.259	42	34.265	(-1, -1)	(-1, -1)	49
16:41:53.308	43	34.2659	(-1, -1)	(-1, -1)	49
16:41:53.358	47	34.2803	(-1, -1)	(-1, -1)	49
16:41:53.414	47	34.1895	(-1, -1)	(-1, -1)	49
16:41:53.470	47	34.2867	(-1, -1)	(-1, -1)	49
16:41:53.525	43	34.2778	(-1, -1)	(-1, -1)	49
16:41:53.573	43	34.2378	(-1, -1)	(-1, -1)	49
16:41:53.623	47	34.1979	(-1, -1)	(-1, -1)	49
16:41:53.679	46	34.2561	(-1, -1)	(-1, -1)	49
16:41:53.733	42	34.2056	(-1, -1)	(-1, -1)	49
16:41:53.781	46	34.2763	(-1, -1)	(-1, -1)	49
16:41:53.831	45	34.313	(-1, -1)	(-1, -1)	49
16:41:53.886	43	34.196	(-1, -1)	(-1, -1)	49
16:41:53.935	43	34.1957	(-1, -1)	(-1, -1)	49
16:41:53.984	42	34.2156	(-1, -1)	(-1, -1)	49
16:41:54.032	47	34.2359	(-1, -1)	(-1, -1)	49
16:41:54.088	48	34.2806	(-1, -1)	(-1, -1)	49
16:41:54.145	45	34.2033	(-1, -1)	(-1, -1)	49
16:41:54.191	40	34.3027	(-1, -1)	(-1, -1)	49
16:41:54.233	40	34.2973	(-1, -1)	(-1, -1)	49
16:41:54.284	46	34.2796	(-1, -1)	(-1, -1)	49
16:41:54.339	45	34.2773	(-1, -1)	(-1, -1)	49
16:41:54.386	41	34.3784	(-1, -1)	(-1, -1)	49
16:41:54.434	41	34.2996	(-1, -1)	(-1, -1)	49
16:41:54.484	45	34.2068	(-1, -1)	(-1, -1)	49
16:41:54.540	48	34.2519	(-1, -1)	(-1, -1)	49
16:41:54.595	43	34.2147	(-1, -1)	(-1, -1)	49
16:41:54.643	43	34.1893	(-1, -1)	(-1, -1)	49
16:41:54.693	46	34.249	(-1, -1)	(-1, -1)	49
16:41:54.747	45	34.188	(-1, -1)	(-1, -1)	49
16:41:54.797	43	34.2625	(-1, -1)	(-1, -1)	49
16:41:54.846	48	34.1961	(-1, -1)	(-1, -1)	49
16:41:54.901	41	34.2434	(-1, -1)	(-1, -1)	49
16:41:54.949	42	34.2305	(-1, -1)	(-1, -1)	49
16:41:54.998	41	34.3139	(-1, -1)	(-1, -1)	49
16:41:55.046	43	34.2849	(-1, -1)	(-1, -1)	49
16:41:55.096	46	34.2966	(-1, -1)	(-1, -1)	49
16:41:55.152	46	34.2213	(-1, -1)	(-1, -1)	49
16:41:55.209	42	34.207	(-1, -1)	(-1, -1)	49
16:41:55.255	45	34.2578	(-1, -1)	(-1, -1)	49
16:41:55.305	46	34.2324	(-1, -1)	(-1, -1)	49
16:41:55.360	46	34.2136	(-1, -1)	(-1, -1)	49
16:41:55.415	44	34.2936	(-1, -1)	(-1, -1)	49
16:41:55.464	43	34.2556	(-1, -1)	(-1, -1)	49
16:41:55.514	46	34.1988	(-1, -1)	(-1, -1)	49
16:41:55.569	46	34.2357	(-1, -1)	(-1, -1)	49
16:41:55.624	45	34.2889	(-1, -1)	(-1, -1)	49
16:41:55.673	44	34.232	(-1, -1)	(-1, -1)	49
16:41:55.721	47	34.1631	(-1, -1)	(-1, -1)	49
16:41:55.777	45	34.2111	(-1, -1)	(-1, -1)	49
16:41:55.825	42	34.2976	(-1, -1)	(-1, -1)	49
16:41:55.873	41	34.384	(-1, -1)	(-1, -1)	49
16:41:55.924	46	34.2369	(-1, -1)	(-1, -1)	49
16:41:55.980	45	34.2636	(-1, -1)	(-1, -1)	49
16:41:56.035	42	34.2831	(-1, -1)	(-1, -1)	49
16:41:56.081	41	34.2204	(-1, -1)	(-1, -1)	49
16:41:56.132	48	34.2656	(-1, -1)	(-1, -1)	49
16:41:56.189	46	34.2853	(-1, -1)	(-1, -1)	49
16:41:56.244	45	34.203	(-1, -1)	(-1, -1)	49
16:41:56.298	42	34.2981	(-1, -1)	(-1, -1)	49
16:41:56.347	48	34.2401	(-1, -1)	(-1, -1)	49
16:41:56.404	45	34.2858	(-1, -1)	(-1, -1)	49
16:41:56.458	44	34.217	(-1, -1)	(-1, -1)	49
16:41:56.508	47	34.1748	(-1, -1)	(-1, -1)	49
16:41:56.563	47	34.2676	(-1, -1)	(-1, -1)	49
16:41:56.619	45	34.2081	(-1, -1)	(-1, -1)	49
16:41:56.673	42	34.272	(-1, -1)	(-1, -1)	49
16:41:56.724	46	34.2424	(-1, -1)	(-1, -1)	49
16:41:56.779	46	34.1892	(-1, -1)	(-1, -1)	49
16:41:56.835	47	34.1841	(-1, -1)	(-1, -1)	49
16:41:56.889	42	34.2699	(-1, -1)	(-1, -1)	49
16:41:56.938	42	34.3489	(-1, -1)	(-1, -1)	49
16:41:56.987	47	34.2295	(-1, -1)	(-1, -1)	49
16:41:57.043	47	34.1759	(-1, -1)	(-1, -1)	49
16:41:57.098	42	34.2484	(-1, -1)	(-1, -1)	49
16:41:57.146	44	34.2164	(-1, -1)	(-1, -1)	49
16:41:57.196	46	34.2683	(-1, -1)	(-1, -1)	49
16:41:57.252	47	34.2324	(-1, -1)	(-1, -1)	49
16:41:57.306	41	34.3188	(-1, -1)	(-1, -1)	49
16:41:57.354	41	34.3514	(-1, -1)	(-1, -1)	49
16:41:57.411	46	34.2382	(-1, -1)	(-1, -1)	49
16:41:57.467	46	34.2372	(-1, -1)	(-1, -1)	49
16:41:57.521	41	34.3327	(-1, -1)	(-1, -1)	49
16:41:57.569	43	34.2969	(-1, -1)	(-1, -1)	49
16:41:57.620	47	34.2895	(-1, -1)	(-1, -1)	49
16:41:57.676	45	34.2061	(-1, -1)	(-1, -1)	49
16:41:57.730	43	34.1763	(-1, -1)	(-1, -1)	49
16:41:57.779	45	34.2041	(-1, -1)	(-1, -1)	49
16:41:57.829	46	34.2249	(-1, -1)	(-1, -1)	49
16:41:57.884	49	34.2139	(-1, -1)	(-1, -1)	49
16:41:57.938	41	34.3004	(-1, -1)	(-1, -1)	49
16:41:57.986	42	34.3477	(-1, -1)	(-1, -1)	49
16:41:58.036	40	34.2883	(-1, -1)	(-1, -1)	49
16:41:58.086	45	34.1498	(-1, -1)	(-1, -1)	49
16:41:58.141	42	34.2039	(-1, -1)	(-1, -1)	49
16:41:58.189	41	34.309	(-1, -1)	(-1, -1)	49
16:41:58.239	47	34.2461	(-1, -1)	(-1, -1)	49
16:41:58.294	47	34.2113	(-1, -1)	(-1, -1)	49
16:41:58.352	43	34.1834	(-1, -1)	(-1, -1)	49
16:41:58.405	45	34.2231	(-1, -1)	(-1, -1)	49
16:41:58.454	46	34.1867	(-1, -1)	(-1, -1)	49
16:41:58.509	46	34.2507	(-1, -1)	(-1, -1)	49
16:41:58.565	44	34.1914	(-1, -1)	(-1, -1)	49
16:41:58.613	44	34.2308	(-1, -1)	(-1, -1)	49
16:41:58.662	47	34.287	(-1, -1)	(-1, -1)	49
16:41:58.719	45	34.2216	(-1, -1)	(-1, -1)	49
16:41:58.766	42	34.2573	(-1, -1)	(-1, -1)	49
16:41:58.814	42	34.313	(-1, -1)	(-1, -1)	49
16:41:58.864	44	34.2326	(-1, -1)	(-1, -1)	49
16:41:58.912	42	34.3687	(-1, -1)	(-1, -1)	49
16:41:58.962	44	34.3218	(-1, -1)	(-1, -1)	49
16:41:59.009	41	34.2681	(-1, -1)	(-1, -1)	49
16:41:59.058	42	34.3213	(-1, -1)	(-1, -1)	49
16:41:59.107	46	34.283	(-1, -1)	(-1, -1)	49
16:41:59.164	46	34.1824	(-1, -1)	(-1, -1)	49
16:41:59.218	43	34.2084	(-1, -1)	(-1, -1)	49
16:41:59.267	47	34.2799	(-1, -1)	(-1, -1)	49
16:41:59.324	47	34.271	(-1, -1)	(-1, -1)	49
16:41:59.377	44	34.187	(-1, -1)	(-1, -1)	49
16:41:59.426	44	34.2468	(-1, -1)	(-1, -1)	49
16:41:59.476	46	34.1896	(-1, -1)	(-1, -1)	49
16:41:59.532	47	34.255	(-1, -1)	(-1, -1)	49
16:41:59.588	47	34.2756	(-1, -1)	(-1, -1)	49
16:41:59.641	43	34.2474	(-1, -1)	(-1, -1)	49
16:41:59.693	46	34.2745	(-1, -1)	(-1, -1)	49
16:41:59.746	42	34.2619	(-1, -1)	(-1, -1)	49
16:41:59.794	42	34.2179	(-1, -1)	(-1, -1)	49
16:41:59.843	43	34.2554	(-1, -1)	(-1, -1)	49
16:41:59.893	47	34.1881	(-1, -1)	(-1, -1)	49
16:41:59.948	48	34.1978	(-1, -1)	(-1, -1)	49
16:42:00.005	46	34.1813	(-1, -1)	(-1, -1)	49
16:42:00.058	42	34.3701	(-1, -1)	(-1, -1)	49
16:42:00.109	45	34.208	(-1, -1)	(-1, -1)	49
16:42:00.164	46	34.1895	(-1, -1)	(-1, -1)	49
16:42:00.220	47	34.211	(-1, -1)	(-1, -1)	49
16:42:00.273	41	34.3239	(-1, -1)	(-1, -1)	49
16:42:00.322	43	34.2987	(-1, -1)	(-1, -1)	49
16:42:00.373	47	34.1822	(-1, -1)	(-1, -1)	49
16:42:00.430	47	34.193	(-1, -1)	(-1, -1)	49
16:42:00.482	41	34.2853	(-1, -1)	(-1, -1)	49
16:42:00.530	42	34.2664	(-1, -1)	(-1, -1)	49
16:42:00.582	47	34.1939	(-1, -1)	(-1, -1)	49
16:42:00.637	46	34.2647	(-1, -1)	(-1, -1)	49
16:42:00.692	41	34.2279	(-1, -1)	(-1, -1)	49
16:42:00.740	43	34.2553	(-1, -1)	(-1, -1)	49
16:42:00.790	47	34.2425	(-1, -1)	(-1, -1)	49
16:42:00.845	43	34.3117	(-1, -1)	(-1, -1)	49
16:42:00.893	41	34.3486	(-1, -1)	(-1, -1)	49
16:42:00.943	46	34.2144	(-1, -1)	(-1, -1)	49
16:42:00.999	47	34.3191	(-1, -1)	(-1, -1)	49
16:42:01.055	46	34.1941	(-1, -1)	(-1, -1)	49
16:42:01.108	43	34.2153	(-1, -1)	(-1, -1)	49
16:42:01.159	46	34.2996	(-1, -1)	(-1, -1)	49
16:42:01.214	46	34.2113	(-1, -1)	(-1, -1)	49
16:42:01.271	45	34.2281	(-1, -1)	(-1, -1)	49
16:42:01.325	46	34.2022	(-1, -1)	(-1, -1)	49
16:42:01.382	48	34.2182	(-1, -1)	(-1, -1)	49
16:42:01.437	46	34.2354	(-1, -1)	(-1, -1)	49
16:42:01.491	43	34.2836	(-1, -1)	(-1, -1)	49
16:42:01.541	47	34.2267	(-1, -1)	(-1, -1)	49
16:42:01.596	47	34.2785	(-1, -1)	(-1, -1)	49
16:42:01.652	47	34.2936	(-1, -1)	(-1, -1)	49
16:42:01.707	43	34.172	(-1, -1)	(-1, -1)	49
16:42:01.756	46	34.2135	(-1, -1)	(-1, -1)	49
16:42:01.811	48	34.211	(-1, -1)	(-1, -1)	49
16:42:01.868	46	34.2961	(-1, -1)	(-1, -1)	49
16:42:01.921	41	34.3007	(-1, -1)	(-1, -1)	49
16:42:01.970	41	34.2619	(-1, -1)	(-1, -1)	49
16:42:02.020	46	34.263	(-1, -1)	(-1, -1)	49
16:42:02.075	47	34.1985	(-1, -1)	(-1, -1)	49
16:42:02.130	40	34.3015	(-1, -1)	(-1, -1)	49
16:42:02.178	41	34.2686	(-1, -1)	(-1, -1)	49
16:42:02.229	45	34.2256	(-1, -1)	(-1, -1)	49
16:42:02.286	46	34.1926	(-1, -1)	(-1, -1)	49
16:42:02.339	43	34.196	(-1, -1)	(-1, -1)	49
16:42:02.390	44	34.1523	(-1, -1)	(-1, -1)	49
16:42:02.445	46	34.2056	(-1, -1)	(-1, -1)	49
16:42:02.500	47	34.1652	(-1, -1)	(-1, -1)	49
16:42:02.555	42	34.1935	(-1, -1)	(-1, -1)	49
16:42:02.602	44	34.201	(-1, -1)	(-1, -1)	49
16:42:02.653	48	34.1921	(-1, -1)	(-1, -1)	49
16:42:02.711	47	34.1739	(-1, -1)	(-1, -1)	49
16:42:02.763	42	34.2333	(-1, -1)	(-1, -1)	49
16:42:02.813	43	34.1836	(-1, -1)	(-1, -1)	49
16:42:02.861	47	34.2182	(-1, -1)	(-1, -1)	49
16:42:02.917	45	34.2745	(-1, -1)	(-1, -1)	49
16:42:02.964	43	34.2579	(-1, -1)	(-1, -1)	49
16:42:03.015	47	34.2024	(-1, -1)	(-1, -1)	49
16:42:03.070	46	34.2073	(-1, -1)	(-1, -1)	49
16:42:03.126	46	34.2161	(-1, -1)	(-1, -1)	49
16:42:03.180	42	34.3877	(-1, -1)	(-1, -1)	49
16:42:03.230	47	34.1791	(-1, -1)	(-1, -1)	49
16:42:03.286	45	34.2404	(-1, -1)	(-1, -1)	49
16:42:03.341	47	34.2099	(-1, -1)	(-1, -1)	49
16:42:03.395	42	34.2187	(-1, -1)	(-1, -1)	49
16:42:03.443	42	34.3058	(-1, -1)	(-1, -1)	49
16:42:03.494	46	34.2216	(-1, -1)	(-1, -1)	49
16:42:03.550	46	34.1935	(-1, -1)	(-1, -1)	49
16:42:03.605	42	34.2327	(-1, -1)	(-1, -1)	49
16:42:03.652	42	34.2492	(-1, -1)	(-1, -1)	49
16:42:03.702	45	34.2656	(-1, -1)	(-1, -1)	49
16:42:03.750	43	34.1696	(-1, -1)	(-1, -1)	49
16:42:03.799	42	34.1945	(-1, -1)	(-1, -1)	49
16:42:03.847	42	34.3985	(-1, -1)	(-1, -1)	49
16:42:03.898	46	34.2047	(-1, -1)	(-1, -1)	49
16:42:03.953	45	34.2041	(-1, -1)	(-1, -1)	49
16:42:04.009	43	34.2222	(-1, -1)	(-1, -1)	49
16:42:04.056	41	34.2917	(-1, -1)	(-1, -1)	49
16:42:04.104	42	34.3489	(-1, -1)	(-1, -1)	49
16:42:04.154	47	34.3329	(-1, -1)	(-1, -1)	49
16:42:04.209	41	34.2764	(-1, -1)	(-1, -1)	49
16:42:04.257	41	34.2751	(-1, -1)	(-1, -1)	49
16:42:04.306	45	34.1969	(-1, -1)	(-1, -1)	49
16:42:04.357	46	34.2477	(-1, -1)	(-1, -1)	49
16:42:04.412	46	34.3196	(-1, -1)	(-1, -1)	49
16:42:04.466	43	34.1926	(-1, -1)	(-1, -1)	49
16:42:04.516	46	34.1733	(-1, -1)	(-1, -1)	49
16:42:04.572	47	34.2739	(-1, -1)	(-1, -1)	49
16:42:04.630	47	34.2665	(-1, -1)	(-1, -1)	49
16:42:04.681	43	34.2511	(-1, -1)	(-1, -1)	49
16:42:04.731	46	34.1679	(-1, -1)	(-1, -1)	49
16:42:04.788	47	34.2481	(-1, -1)	(-1, -1)	49
16:42:04.843	45	34.1984	(-1, -1)	(-1, -1)	49
16:42:04.897	43	34.211	(-1, -1)	(-1, -1)	49
16:42:04.947	46	34.2081	(-1, -1)	(-1, -1)	49
16:42:05.002	47	34.2689	(-1, -1)	(-1, -1)	49
16:42:05.061	45	34.1936	(-1, -1)	(-1, -1)	49
16:42:05.112	41	34.2396	(-1, -1)	(-1, -1)	49
16:42:05.162	46	34.1751	(-1, -1)	(-1, -1)	49
16:42:05.218	46	34.181	(-1, -1)	(-1, -1)	49
16:42:05.272	42	34.3206	(-1, -1)	(-1, -1)	49
16:42:05.321	41	34.2815	(-1, -1)	(-1, -1)	49
16:42:05.370	45	34.1797	(-1, -1)	(-1, -1)	49
16:42:05.419	46	34.208	(-1, -1)	(-1, -1)	49
16:42:05.476	45	34.2563	(-1, -1)	(-1, -1)	49
16:42:05.529	43	34.1916	(-1, -1)	(-1, -1)	49
16:42:05.580	45	34.2024	(-1, -1)	(-1, -1)	49
16:42:05.636	46	34.2047	(-1, -1)	(-1, -1)	49
16:42:05.692	44	34.2142	(-1, -1)	(-1, -1)	49
16:42:05.744	43	34.2727	(-1, -1)	(-1, -1)	49
16:42:05.795	47	34.2406	(-1, -1)	(-1, -1)	49
16:42:05.851	47	34.2224	(-1, -1)	(-1, -1)	49
16:42:05.908	46	34.2487	(-1, -1)	(-1, -1)	49
16:42:05.961	43	34.2139	(-1, -1)	(-1, -1)	49
16:42:06.011	47	34.181	(-1, -1)	(-1, -1)	49
16:42:06.066	47	34.2381	(-1, -1)	(-1, -1)	49
16:42:06.122	46	34.3061	(-1, -1)	(-1, -1)	49
16:42:06.176	44	34.1693	(-1, -1)	(-1, -1)	49
16:42:06.226	46	34.1972	(-1, -1)	(-1, -1)	49
16:42:06.281	43	34.1764	(-1, -1)	(-1, -1)	49
16:42:06.329	44	34.1716	(-1, -1)	(-1, -1)	49
16:42:06.378	41	34.3283	(-1, -1)	(-1, -1)	49
16:42:06.428	46	34.2921	(-1, -1)	(-1, -1)	49
16:42:06.484	45	34.1847	(-1, -1)	(-1, -1)	49
16:42:06.541	45	34.2329	(-1, -1)	(-1, -1)	49
16:42:06.593	42	34.2076	(-1, -1)	(-1, -1)	49
16:42:06.641	42	34.3627	(-1, -1)	(-1, -1)	49
16:42:06.691	47	34.2049	(-1, -1)	(-1, -1)	49
16:42:06.747	43	34.301	(-1, -1)	(-1, -1)	49
16:42:06.796	43	34.1732	(-1, -1)	(-1, -1)	49
16:42:06.843	42	34.3043	(-1, -1)	(-1, -1)	49
16:42:06.895	46	34.2019	(-1, -1)	(-1, -1)	49
16:42:06.951	46	34.2324	(-1, -1)	(-1, -1)	49
16:42:07.004	43	34.2113	(-1, -1)	(-1, -1)	49
16:42:07.053	47	34.2553	(-1, -1)	(-1, -1)	49
16:42:07.109	47	34.2582	(-1, -1)	(-1, -1)	49
16:42:07.165	45	34.1483	(-1, -1)	(-1, -1)	49
16:42:07.219	44	34.205	(-1, -1)	(-1, -1)	49
16:42:07.269	47	34.2843	(-1, -1)	(-1, -1)	49
16:42:07.324	47	34.2461	(-1, -1)	(-1, -1)	49
16:42:07.381	47	34.2062	(-1, -1)	(-1, -1)	49
16:42:07.434	44	34.2523	(-1, -1)	(-1, -1)	49
16:42:07.485	45	34.1914	(-1, -1)	(-1, -1)	49
16:42:07.540	46	34.2957	(-1, -1)	(-1, -1)	49
16:42:07.595	43	34.2976	(-1, -1)	(-1, -1)	49
16:42:07.643	43	34.2025	(-1, -1)	(-1, -1)	49
16:42:07.693	46	34.2351	(-1, -1)	(-1, -1)	49
16:42:07.747	44	34.2947	(-1, -1)	(-1, -1)	49
16:42:07.797	42	34.1824	(-1, -1)	(-1, -1)	49
16:42:07.845	43	34.3093	(-1, -1)	(-1, -1)	49
16:42:07.895	46	34.2419	(-1, -1)	(-1, -1)	49
16:42:07.950	48	34.219	(-1, -1)	(-1, -1)	49
16:42:08.009	43	34.1661	(-1, -1)	(-1, -1)	49
16:42:08.060	44	34.2375	(-1, -1)	(-1, -1)	49
16:42:08.110	47	34.2573	(-1, -1)	(-1, -1)	49
16:42:08.165	47	34.2471	(-1, -1)	(-1, -1)	49
16:42:08.221	46	34.2191	(-1, -1)	(-1, -1)	49
16:42:08.276	41	34.36	(-1, -1)	(-1, -1)	49
16:42:08.324	40	34.3024	(-1, -1)	(-1, -1)	49
16:42:08.365	42	34.3188	(-1, -1)	(-1, -1)	49
16:42:08.416	46	34.1578	(-1, -1)	(-1, -1)	49
16:42:08.470	41	34.2879	(-1, -1)	(-1, -1)	49
16:42:08.518	44	34.3511	(-1, -1)	(-1, -1)	49
16:42:08.568	47	34.1942	(-1, -1)	(-1, -1)	49
16:42:08.625	46	34.257	(-1, -1)	(-1, -1)	49
16:42:08.679	43	34.317	(-1, -1)	(-1, -1)	49
16:42:08.727	45	34.239	(-1, -1)	(-1, -1)	49
16:42:08.777	46	34.1818	(-1, -1)	(-1, -1)	49
16:42:08.835	46	34.225	(-1, -1)	(-1, -1)	49
16:42:08.888	43	34.2296	(-1, -1)	(-1, -1)	49
16:42:08.936	42	34.2969	(-1, -1)	(-1, -1)	49
16:42:08.986	47	34.1893	(-1, -1)	(-1, -1)	49
16:42:09.041	47	34.2356	(-1, -1)	(-1, -1)	49
16:42:09.096	43	34.2702	(-1, -1)	(-1, -1)	49
16:42:09.145	44	34.2216	(-1, -1)	(-1, -1)	49
16:42:09.195	45	34.207	(-1, -1)	(-1, -1)	49
16:42:09.250	47	34.3247	(-1, -1)	(-1, -1)	49
16:42:09.306	42	34.2794	(-1, -1)	(-1, -1)	49
16:42:09.353	44	34.1871	(-1, -1)	(-1, -1)	49
16:42:09.403	46	34.2021	(-1, -1)	(-1, -1)	49
16:42:09.460	46	34.2761	(-1, -1)	(-1, -1)	49
16:42:09.514	42	34.1898	(-1, -1)	(-1, -1)	49
16:42:09.562	44	34.2742	(-1, -1)	(-1, -1)	49
16:42:09.612	47	34.2348	(-1, -1)	(-1, -1)	49
16:42:09.667	46	34.1978	(-1, -1)	(-1, -1)	49
16:42:09.722	40	34.2452	(-1, -1)	(-1, -1)	49
16:42:09.770	40	34.2476	(-1, -1)	(-1, -1)	49
16:42:09.820	47	34.1939	(-1, -1)	(-1, -1)	49
16:42:09.876	46	34.2932	(-1, -1)	(-1, -1)	49
16:42:09.931	42	34.2286	(-1, -1)	(-1, -1)	49
16:42:09.979	40	34.2856	(-1, -1)	(-1, -1)	49
16:42:10.020	46	34.1987	(-1, -1)	(-1, -1)	49
16:42:10.071	46	34.3024	(-1, -1)	(-1, -1)	49
16:42:10.127	46	34.241	(-1, -1)	(-1, -1)	49
16:42:10.181	42	34.2061	(-1, -1)	(-1, -1)	49
16:42:10.229	43	34.1687	(-1, -1)	(-1, -1)	49
16:42:10.279	47	34.2584	(-1, -1)	(-1, -1)	49
16:42:10.335	46	34.2372	(-1, -1)	(-1, -1)	49
16:42:10.389	43	34.196	(-1, -1)	(-1, -1)	49
16:42:10.437	42	34.3293	(-1, -1)	(-1, -1)	49
16:42:10.488	48	34.2467	(-1, -1)	(-1, -1)	49
16:42:10.544	45	34.215	(-1, -1)	(-1, -1)	49
16:42:10.591	42	34.2074	(-1, -1)	(-1, -1)	49
16:42:10.639	44	34.3133	(-1, -1)	(-1, -1)	49
16:42:10.690	47	34.2028	(-1, -1)	(-1, -1)	49
16:42:10.745	42	34.2271	(-1, -1)	(-1, -1)	49
16:42:10.792	43	34.3144	(-1, -1)	(-1, -1)	49
16:42:10.842	46	34.2812	(-1, -1)	(-1, -1)	49
16:42:10.898	47	34.2296	(-1, -1)	(-1, -1)	49
EOM

