BOM
Frame extends: 2263, 1306
_ms_area: 10
measurements taken: 585
current rendering method: 2
is mouse replay: 1
Camera settings: Roation Quaternion: ( -0.723474, 0.212068, -0.631422, 0.181425), Translationsvektor: ( 0.0318162, 0.0367534, 1.85).
System_Time	Elapsed_Time_PaintGL	Elapsed_Kernel_Time	Frame_Coordinates	Grid_Position	Manual_Measurement
16:42:42.777	23	12.7476	(318, 226)	(32, 23)	49
16:42:42.804	23	12.7763	(325, 225)	(33, 23)	49
16:42:42.833	22	12.8129	(335, 225)	(34, 23)	49
16:42:42.860	23	12.7975	(345, 225)	(35, 23)	49
16:42:42.889	24	12.7639	(357, 225)	(36, 23)	49
16:42:42.916	24	12.8258	(372, 225)	(37, 23)	49
16:42:42.944	25	12.9357	(375, 225)	(38, 23)	49
16:42:42.972	25	12.9249	(385, 225)	(39, 23)	49
16:42:43.000	24	12.8187	(395, 225)	(40, 23)	49
16:42:43.027	25	12.84	(405, 225)	(41, 23)	49
16:42:43.056	24	12.8397	(415, 225)	(42, 23)	49
16:42:43.083	26	12.9073	(425, 225)	(43, 23)	49
16:42:43.111	25	13.0304	(435, 226)	(44, 23)	49
16:42:43.139	25	12.8717	(445, 226)	(45, 23)	49
16:42:43.166	26	13.0261	(455, 226)	(46, 23)	49
16:42:43.195	29	13.1393	(465, 227)	(47, 23)	49
16:42:43.230	23	13.1782	(475, 227)	(48, 23)	49
16:42:43.257	22	13.1487	(485, 228)	(49, 23)	49
16:42:43.284	25	13.0818	(495, 228)	(50, 23)	49
16:42:43.313	28	13.2444	(505, 229)	(51, 23)	49
16:42:43.347	25	13.2865	(515, 229)	(52, 23)	49
16:42:43.374	25	13.3739	(525, 229)	(53, 23)	49
16:42:43.402	25	13.4596	(535, 229)	(54, 23)	49
16:42:43.430	25	13.4467	(545, 229)	(55, 23)	49
16:42:43.458	24	13.5401	(555, 229)	(56, 23)	49
16:42:43.486	31	13.6357	(565, 229)	(57, 23)	49
16:42:43.522	27	13.7422	(575, 229)	(58, 23)	49
16:42:43.556	28	13.956	(585, 229)	(59, 23)	49
16:42:43.591	28	13.8825	(596, 229)	(60, 23)	49
16:42:43.626	29	13.9569	(605, 230)	(61, 23)	49
16:42:43.661	26	14.0231	(615, 230)	(62, 23)	49
16:42:43.695	27	13.9956	(626, 230)	(63, 23)	49
16:42:43.731	28	14.0591	(635, 230)	(64, 23)	49
16:42:43.766	27	14.0791	(645, 230)	(65, 23)	49
16:42:43.799	28	14.0387	(655, 230)	(66, 23)	49
16:42:43.835	28	14.2956	(665, 230)	(67, 23)	49
16:42:43.869	26	14.1713	(680, 230)	(68, 23)	49
16:42:43.903	26	14.1963	(685, 230)	(69, 23)	49
16:42:43.939	29	14.3606	(695, 230)	(70, 23)	49
16:42:43.974	30	14.46	(705, 230)	(71, 23)	49
16:42:44.009	29	14.3055	(715, 230)	(72, 23)	49
16:42:44.043	29	14.2397	(725, 230)	(73, 23)	49
16:42:44.077	24	14.4406	(735, 230)	(74, 23)	49
16:42:44.104	25	14.5533	(749, 230)	(75, 23)	49
16:42:44.132	25	14.5425	(756, 230)	(76, 23)	49
16:42:44.160	24	14.5738	(766, 230)	(77, 23)	49
16:42:44.188	25	14.5739	(775, 230)	(78, 23)	49
16:42:44.215	26	14.7345	(785, 230)	(79, 23)	49
16:42:44.244	25	14.737	(796, 229)	(80, 23)	49
16:42:44.272	25	14.519	(805, 229)	(81, 23)	49
16:42:44.300	24	14.5859	(815, 229)	(82, 23)	49
16:42:44.327	25	14.6243	(825, 228)	(83, 23)	49
16:42:44.355	24	14.5947	(835, 228)	(84, 23)	49
16:42:44.383	25	14.8252	(845, 228)	(85, 23)	49
16:42:44.410	26	14.8782	(855, 228)	(86, 23)	49
16:42:44.439	24	14.9634	(865, 228)	(87, 23)	49
16:42:44.466	25	14.967	(875, 228)	(88, 23)	49
16:42:44.494	25	15.0782	(885, 228)	(89, 23)	49
16:42:44.521	25	14.9887	(895, 228)	(90, 23)	49
16:42:44.549	26	15.1409	(905, 228)	(91, 23)	49
16:42:44.577	29	15.2176	(915, 228)	(92, 23)	49
16:42:44.612	31	15.3239	(925, 228)	(93, 23)	49
16:42:44.648	30	15.1739	(935, 228)	(94, 23)	49
16:42:44.682	29	15.1381	(945, 227)	(95, 23)	49
16:42:44.716	27	15.0603	(957, 227)	(96, 23)	49
16:42:44.751	29	15.2215	(966, 227)	(97, 23)	49
16:42:44.788	28	15.1508	(975, 227)	(98, 23)	49
16:42:44.821	30	15.1031	(985, 227)	(99, 23)	49
16:42:44.856	29	15.0496	(995, 227)	(100, 23)	49
16:42:44.891	27	14.9849	(1005, 227)	(101, 23)	49
16:42:44.924	32	14.9084	(1015, 226)	(102, 23)	49
16:42:44.961	32	14.927	(1025, 226)	(103, 23)	49
16:42:45.002	32	15.0879	(1035, 226)	(104, 23)	49
16:42:45.044	31	15.0142	(1045, 225)	(105, 23)	49
16:42:45.080	27	14.7856	(1055, 225)	(106, 23)	49
16:42:45.113	25	14.7609	(1065, 225)	(107, 23)	49
16:42:45.140	26	14.8327	(1071, 224)	(107, 22)	49
16:42:45.168	25	14.7947	(1075, 224)	(108, 22)	49
16:42:45.196	24	14.8108	(1085, 224)	(109, 22)	49
16:42:45.223	26	14.8117	(1095, 224)	(110, 22)	49
16:42:45.251	26	14.6976	(1105, 224)	(111, 22)	49
16:42:45.287	25	14.8551	(1115, 224)	(112, 22)	49
16:42:45.314	27	14.727	(1125, 224)	(113, 22)	49
16:42:45.349	25	14.7096	(1135, 224)	(114, 22)	49
16:42:45.376	27	14.5545	(1146, 223)	(115, 22)	49
16:42:45.404	26	14.6093	(1155, 223)	(116, 22)	49
16:42:45.432	25	14.5843	(1165, 223)	(117, 22)	49
16:42:45.460	26	14.5025	(1175, 223)	(118, 22)	49
16:42:45.488	26	14.5096	(1185, 223)	(119, 22)	49
16:42:45.515	25	14.4646	(1195, 223)	(120, 22)	49
16:42:45.544	22	14.4253	(1205, 223)	(121, 22)	49
16:42:45.573	29	14.2852	(1215, 223)	(122, 22)	49
16:42:45.608	27	14.2859	(1225, 223)	(123, 22)	49
16:42:45.642	29	14.0679	(1235, 223)	(124, 22)	49
16:42:45.677	28	13.9807	(1245, 223)	(125, 22)	49
16:42:45.712	25	13.7461	(1255, 223)	(126, 22)	49
16:42:45.738	24	13.667	(1265, 224)	(127, 22)	49
16:42:45.766	24	13.5123	(1275, 224)	(128, 22)	49
16:42:45.793	25	13.516	(1282, 225)	(128, 23)	49
16:42:45.822	26	13.404	(1285, 225)	(129, 23)	49
16:42:45.857	26	13.4067	(1295, 226)	(130, 23)	49
16:42:45.892	26	13.2479	(1305, 226)	(131, 23)	49
16:42:45.926	27	13.2759	(1316, 228)	(132, 23)	49
16:42:45.961	26	13.0281	(1326, 228)	(133, 23)	49
16:42:45.989	26	13.0818	(1335, 228)	(134, 23)	49
16:42:46.024	25	13.2185	(1345, 229)	(135, 23)	49
16:42:46.051	26	13.1236	(1355, 230)	(136, 23)	49
16:42:46.080	26	13.073	(1366, 230)	(137, 23)	49
16:42:46.114	26	13.0587	(1375, 230)	(138, 23)	49
16:42:46.149	25	13.1633	(1386, 231)	(139, 23)	49
16:42:46.176	26	13.137	(1395, 231)	(140, 23)	49
16:42:46.212	26	13.156	(1405, 232)	(141, 23)	49
16:42:46.246	25	13.107	(1415, 232)	(142, 23)	49
16:42:46.273	26	13.113	(1425, 232)	(143, 23)	49
16:42:46.301	27	13.0913	(1435, 233)	(144, 23)	49
16:42:46.336	28	13.184	(1445, 234)	(145, 23)	49
16:42:46.372	25	13.1244	(1455, 234)	(146, 23)	49
16:42:46.406	25	13.0801	(1465, 234)	(147, 23)	49
16:42:46.434	25	13.1985	(1478, 234)	(148, 23)	49
16:42:46.461	27	13.139	(1485, 234)	(149, 23)	49
16:42:46.496	26	13.2159	(1488, 235)	(149, 24)	49
16:42:46.525	25	13.1025	(1495, 235)	(150, 24)	49
16:42:46.559	26	13.0874	(1506, 235)	(151, 24)	49
16:42:46.593	26	13.1841	(1516, 235)	(152, 24)	49
16:42:46.622	25	13.167	(1526, 236)	(153, 24)	49
16:42:46.650	25	13.0816	(1535, 236)	(154, 24)	49
16:42:46.677	26	13.0378	(1546, 236)	(155, 24)	49
16:42:46.712	25	13.0683	(1556, 237)	(156, 24)	49
16:42:46.740	26	12.9018	(1565, 237)	(157, 24)	49
16:42:46.774	22	12.9486	(1575, 238)	(158, 24)	49
16:42:46.801	24	12.968	(1585, 238)	(159, 24)	49
16:42:46.830	22	12.9772	(1595, 239)	(160, 24)	49
16:42:46.857	25	12.9474	(1605, 239)	(161, 24)	49
16:42:46.886	25	12.972	(1615, 240)	(162, 24)	49
16:42:46.913	27	12.9573	(1625, 240)	(163, 24)	49
16:42:46.948	26	12.9141	(1636, 241)	(164, 24)	49
16:42:46.982	23	12.8793	(1645, 242)	(165, 24)	49
16:42:47.010	22	12.8904	(1655, 242)	(166, 24)	49
16:42:47.038	22	12.8532	(1666, 243)	(167, 24)	49
16:42:47.065	23	12.9116	(1676, 244)	(168, 24)	49
16:42:47.093	27	12.857	(1677, 245)	(168, 25)	49
16:42:47.130	27	12.8514	(1686, 245)	(169, 25)	49
16:42:47.164	28	12.8615	(1696, 246)	(170, 25)	49
16:42:47.199	26	12.9111	(1705, 246)	(171, 25)	49
16:42:47.232	24	12.8727	(1715, 248)	(172, 25)	49
16:42:47.261	27	12.8009	(1726, 249)	(173, 25)	49
16:42:47.296	25	12.9255	(1735, 250)	(174, 25)	49
16:42:47.323	24	12.9119	(1745, 251)	(175, 25)	49
16:42:47.351	26	12.8773	(1755, 253)	(176, 25)	49
16:42:47.380	28	12.868	(1765, 254)	(177, 25)	49
16:42:47.415	27	12.8959	(1768, 255)	(177, 26)	49
16:42:47.449	27	12.8044	(1775, 256)	(178, 26)	49
16:42:47.484	27	12.775	(1785, 258)	(179, 26)	49
16:42:47.518	28	12.7384	(1795, 260)	(180, 26)	49
16:42:47.553	27	12.777	(1805, 262)	(181, 26)	49
16:42:47.588	25	12.7564	(1815, 264)	(182, 26)	49
16:42:47.622	25	12.8253	(1817, 265)	(182, 27)	49
16:42:47.650	24	12.7493	(1825, 267)	(183, 27)	49
16:42:47.679	26	12.7821	(1838, 271)	(184, 27)	49
16:42:47.713	27	12.735	(1845, 273)	(185, 27)	49
16:42:47.748	28	12.7335	(1849, 275)	(185, 28)	49
16:42:47.783	28	12.7487	(1858, 278)	(186, 28)	49
16:42:47.818	24	12.7539	(1865, 280)	(187, 28)	49
16:42:47.845	23	12.7716	(1874, 285)	(187, 29)	49
16:42:47.873	22	12.8695	(1875, 285)	(188, 29)	49
16:42:47.900	23	12.8975	(1885, 289)	(189, 29)	49
16:42:47.928	23	12.7698	(1895, 294)	(190, 29)	49
16:42:47.955	24	12.8034	(1895, 295)	(190, 30)	49
16:42:47.984	24	12.7053	(1905, 299)	(191, 30)	49
16:42:48.012	24	12.7947	(1912, 305)	(191, 31)	49
16:42:48.040	22	12.8132	(1915, 307)	(192, 31)	49
16:42:48.067	23	12.7471	(1925, 314)	(193, 31)	49
16:42:48.095	23	12.7342	(1926, 315)	(193, 32)	49
16:42:48.123	24	12.7841	(1935, 322)	(194, 32)	49
16:42:48.151	23	12.7517	(1937, 325)	(194, 33)	49
16:42:48.178	23	12.7321	(1945, 333)	(195, 33)	49
16:42:48.206	24	12.7587	(1947, 335)	(195, 34)	49
16:42:48.234	24	12.7942	(1955, 344)	(196, 34)	49
16:42:48.262	23	12.7613	(1955, 345)	(196, 35)	49
16:42:48.289	24	12.795	(1963, 355)	(196, 36)	49
16:42:48.318	23	12.8222	(1965, 358)	(197, 36)	49
16:42:48.345	23	12.7853	(1968, 365)	(197, 37)	49
16:42:48.373	23	12.8716	(1973, 375)	(197, 38)	49
16:42:48.401	24	12.8295	(1975, 379)	(198, 38)	49
16:42:48.430	24	12.8136	(1976, 385)	(198, 39)	49
16:42:48.457	22	12.8978	(1980, 395)	(198, 40)	49
16:42:48.484	23	12.8487	(1982, 405)	(198, 41)	49
16:42:48.512	23	12.8326	(1984, 415)	(198, 42)	49
16:42:48.540	25	12.8927	(1985, 417)	(199, 42)	49
16:42:48.568	27	12.792	(1985, 425)	(199, 43)	49
16:42:48.603	27	12.7695	(1987, 435)	(199, 44)	49
16:42:48.639	27	12.8601	(1988, 445)	(199, 45)	49
16:42:48.673	27	12.856	(1989, 455)	(199, 46)	49
16:42:48.709	27	12.8219	(1989, 465)	(199, 47)	49
16:42:48.742	27	12.9209	(1989, 475)	(199, 48)	49
16:42:48.777	27	12.8279	(1988, 485)	(199, 49)	49
16:42:48.812	27	12.8264	(1985, 495)	(199, 50)	49
16:42:48.847	27	12.8665	(1984, 495)	(198, 50)	49
16:42:48.881	28	12.9603	(1980, 505)	(198, 51)	49
16:42:48.916	27	12.9471	(1972, 516)	(197, 52)	49
16:42:48.951	26	13.051	(1965, 525)	(197, 53)	49
16:42:48.985	26	13.1163	(1964, 526)	(196, 53)	49
16:42:49.021	26	13.0121	(1954, 534)	(195, 53)	49
16:42:49.058	25	13.0135	(1953, 535)	(195, 54)	49
16:42:49.089	24	13.1473	(1944, 539)	(194, 54)	49
16:42:49.117	26	13.3221	(1937, 545)	(194, 55)	49
16:42:49.145	25	13.4667	(1934, 547)	(193, 55)	49
16:42:49.172	25	13.7357	(1924, 555)	(192, 56)	49
16:42:49.200	25	13.631	(1914, 561)	(191, 56)	49
16:42:49.228	25	13.8255	(1907, 565)	(191, 57)	49
16:42:49.263	25	13.8679	(1904, 567)	(190, 57)	49
16:42:49.291	26	14.0255	(1894, 572)	(189, 57)	49
16:42:49.319	26	14.1447	(1890, 575)	(189, 58)	49
16:42:49.353	26	14.2988	(1884, 577)	(188, 58)	49
16:42:49.382	26	14.3296	(1874, 581)	(187, 58)	49
16:42:49.416	26	14.3279	(1866, 585)	(187, 59)	49
16:42:49.450	27	14.2665	(1864, 585)	(186, 59)	49
16:42:49.486	26	14.3988	(1854, 590)	(185, 59)	49
16:42:49.520	26	14.5176	(1844, 594)	(184, 59)	49
16:42:49.555	26	14.4988	(1843, 595)	(184, 60)	49
16:42:49.589	33	14.5705	(1834, 597)	(183, 60)	49
16:42:49.624	28	14.5074	(1823, 601)	(182, 60)	49
16:42:49.660	38	14.5628	(1810, 606)	(181, 61)	49
16:42:49.700	25	14.805	(1804, 609)	(180, 61)	49
16:42:49.728	26	14.733	(1794, 612)	(179, 61)	49
16:42:49.757	29	14.6896	(1787, 615)	(179, 62)	49
16:42:49.792	28	14.7969	(1784, 616)	(178, 62)	49
16:42:49.827	28	14.7473	(1774, 619)	(177, 62)	49
16:42:49.861	29	14.8794	(1764, 622)	(176, 62)	49
16:42:49.896	24	14.895	(1758, 625)	(176, 63)	49
16:42:49.923	23	14.8957	(1754, 626)	(175, 63)	49
16:42:49.950	29	15.0736	(1744, 628)	(174, 63)	49
16:42:49.986	27	15.117	(1734, 631)	(173, 63)	49
16:42:50.020	27	15.3262	(1724, 633)	(172, 63)	49
16:42:50.056	28	15.4258	(1715, 635)	(172, 64)	49
16:42:50.091	29	15.459	(1714, 635)	(171, 64)	49
16:42:50.126	27	15.5068	(1704, 637)	(170, 64)	49
16:42:50.160	27	15.5901	(1694, 638)	(169, 64)	49
16:42:50.195	29	15.8133	(1684, 640)	(168, 64)	49
16:42:50.230	29	15.8895	(1674, 641)	(167, 64)	49
16:42:50.264	28	15.9966	(1664, 642)	(166, 64)	49
16:42:50.299	29	16.0584	(1654, 643)	(165, 64)	49
16:42:50.333	29	16.2372	(1644, 644)	(164, 64)	49
16:42:50.368	30	16.2914	(1633, 644)	(163, 64)	49
16:42:50.404	28	16.4439	(1624, 644)	(162, 64)	49
16:42:50.438	29	16.5099	(1614, 644)	(161, 64)	49
16:42:50.473	29	16.607	(1604, 644)	(160, 64)	49
16:42:50.507	31	16.6972	(1594, 644)	(159, 64)	49
16:42:50.542	30	16.6785	(1584, 644)	(158, 64)	49
16:42:50.577	30	16.8184	(1574, 644)	(157, 64)	49
16:42:50.611	30	17.0413	(1564, 644)	(156, 64)	49
16:42:50.647	29	17.3364	(1554, 644)	(155, 64)	49
16:42:50.681	31	17.3633	(1548, 645)	(155, 65)	49
16:42:50.718	27	17.5582	(1544, 645)	(154, 65)	49
16:42:50.750	26	17.4536	(1534, 645)	(153, 65)	49
16:42:50.778	31	17.7313	(1524, 646)	(152, 65)	49
16:42:50.814	32	17.6778	(1514, 647)	(151, 65)	49
16:42:50.855	32	17.6966	(1504, 648)	(150, 65)	49
16:42:50.890	32	17.7153	(1494, 649)	(149, 65)	49
16:42:50.926	31	18.0319	(1484, 651)	(148, 65)	49
16:42:50.966	29	17.8505	(1474, 652)	(147, 65)	49
16:42:51.001	31	17.8702	(1464, 652)	(146, 65)	49
16:42:51.036	42	17.8942	(1454, 653)	(145, 65)	49
16:42:51.086	31	18.0613	(1444, 654)	(144, 65)	49
16:42:51.127	31	18.0234	(1434, 654)	(143, 65)	49
16:42:51.161	28	18.139	(1419, 654)	(142, 65)	49
16:42:51.196	33	18.1176	(1414, 654)	(141, 65)	49
16:42:51.238	32	18.3181	(1404, 654)	(140, 65)	49
16:42:51.279	32	18.1336	(1394, 654)	(139, 65)	49
16:42:51.314	32	18.1477	(1384, 654)	(138, 65)	49
16:42:51.356	29	18.2596	(1374, 654)	(137, 65)	49
16:42:51.390	27	18.4948	(1356, 653)	(136, 65)	49
16:42:51.424	29	18.3114	(1354, 653)	(135, 65)	49
16:42:51.461	34	18.1422	(1344, 652)	(134, 65)	49
16:42:51.503	38	18.2933	(1334, 651)	(133, 65)	49
16:42:51.545	33	18.5227	(1323, 651)	(132, 65)	49
16:42:51.585	29	18.5399	(1314, 650)	(131, 65)	49
16:42:51.620	28	18.3055	(1303, 649)	(130, 65)	49
16:42:51.654	32	18.4517	(1294, 648)	(129, 65)	49
16:42:51.690	33	18.5231	(1284, 647)	(128, 65)	49
16:42:51.731	33	18.6367	(1274, 647)	(127, 65)	49
16:42:51.773	31	18.4412	(1264, 646)	(126, 65)	49
16:42:51.807	30	18.557	(1256, 644)	(126, 64)	49
16:42:51.842	31	18.5834	(1254, 644)	(125, 64)	49
16:42:51.878	36	18.6936	(1244, 643)	(124, 64)	49
16:42:51.920	38	18.5679	(1234, 643)	(123, 64)	49
16:42:51.968	35	18.4076	(1224, 641)	(122, 64)	49
16:42:52.009	30	18.5441	(1214, 641)	(121, 64)	49
16:42:52.043	31	18.7739	(1204, 641)	(120, 64)	49
16:42:52.079	30	18.8313	(1194, 640)	(119, 64)	49
16:42:52.113	31	18.7699	(1184, 639)	(118, 64)	49
16:42:52.148	30	18.7659	(1174, 639)	(117, 64)	49
16:42:52.183	30	18.7301	(1164, 637)	(116, 64)	49
16:42:52.217	28	18.8139	(1154, 637)	(115, 64)	49
16:42:52.251	32	18.5987	(1144, 636)	(114, 64)	49
16:42:52.287	33	18.5255	(1134, 636)	(113, 64)	49
16:42:52.330	32	18.777	(1124, 635)	(112, 64)	49
16:42:52.371	33	18.8227	(1114, 635)	(111, 64)	49
16:42:52.413	30	18.7834	(1110, 634)	(111, 63)	49
16:42:52.447	31	18.7773	(1104, 634)	(110, 63)	49
16:42:52.482	34	19.0144	(1093, 633)	(109, 63)	49
16:42:52.524	33	18.9684	(1084, 632)	(108, 63)	49
16:42:52.568	38	19.0895	(1074, 632)	(107, 63)	49
16:42:52.615	34	18.9267	(1064, 631)	(106, 63)	49
16:42:52.655	31	19.3127	(1051, 631)	(105, 63)	49
16:42:52.692	37	18.8653	(1032, 629)	(103, 63)	49
16:42:52.740	33	19.1332	(1024, 629)	(102, 63)	49
16:42:52.781	31	19.2081	(1014, 629)	(101, 63)	49
16:42:52.816	30	19.1824	(1004, 628)	(100, 63)	49
16:42:52.850	29	19.3496	(994, 627)	(99, 63)	49
16:42:52.884	30	19.2296	(984, 627)	(98, 63)	49
16:42:52.919	28	19.3507	(974, 627)	(97, 63)	49
16:42:52.955	36	19.4201	(964, 626)	(96, 63)	49
16:42:52.997	36	19.4948	(954, 626)	(95, 63)	49
16:42:53.039	32	19.6249	(944, 626)	(94, 63)	49
16:42:53.079	30	19.5284	(934, 625)	(93, 63)	49
16:42:53.114	36	19.7516	(927, 624)	(93, 62)	49
16:42:53.157	38	19.7852	(924, 624)	(92, 62)	49
16:42:53.199	38	19.9348	(914, 623)	(91, 62)	49
16:42:53.248	34	19.9825	(904, 622)	(90, 62)	49
16:42:53.288	32	19.9884	(894, 621)	(89, 62)	49
16:42:53.323	36	20.0304	(884, 620)	(88, 62)	49
16:42:53.365	39	20.0184	(873, 619)	(87, 62)	49
16:42:53.415	38	20.0668	(864, 619)	(86, 62)	49
16:42:53.462	30	20.1637	(854, 619)	(85, 62)	49
16:42:53.497	30	20.1683	(843, 618)	(84, 62)	49
16:42:53.531	32	20.2058	(834, 618)	(83, 62)	49
16:42:53.566	37	20.1335	(823, 617)	(82, 62)	49
16:42:53.609	38	20.1267	(814, 617)	(81, 62)	49
16:42:53.658	39	20.1991	(804, 617)	(80, 62)	49
16:42:53.705	34	20.209	(794, 617)	(79, 62)	49
16:42:53.747	33	20.215	(784, 616)	(78, 62)	49
16:42:53.789	33	20.4074	(772, 616)	(77, 62)	49
16:42:53.830	34	20.3679	(764, 615)	(76, 62)	49
16:42:53.873	33	20.251	(754, 615)	(75, 62)	49
16:42:53.914	33	20.0653	(744, 615)	(74, 62)	49
16:42:53.955	37	20.2609	(734, 615)	(73, 62)	49
16:42:53.999	38	20.0938	(724, 615)	(72, 62)	49
16:42:54.047	39	20.1594	(714, 615)	(71, 62)	49
16:42:54.096	32	19.9237	(704, 615)	(70, 62)	49
16:42:54.136	29	19.9121	(694, 615)	(69, 62)	49
16:42:54.170	32	19.9419	(684, 615)	(68, 62)	49
16:42:54.207	33	19.7966	(674, 615)	(67, 62)	49
16:42:54.248	35	19.8523	(664, 616)	(66, 62)	49
16:42:54.290	32	19.7357	(654, 617)	(65, 62)	49
16:42:54.324	30	19.6939	(644, 618)	(64, 62)	49
16:42:54.359	28	19.6474	(634, 618)	(63, 62)	49
16:42:54.393	33	19.5791	(624, 619)	(62, 62)	49
16:42:54.429	33	19.5126	(614, 619)	(61, 62)	49
16:42:54.470	34	19.2836	(604, 621)	(60, 62)	49
16:42:54.513	32	19.1733	(594, 621)	(59, 62)	49
16:42:54.554	31	19.0459	(584, 622)	(58, 62)	49
16:42:54.588	32	18.7858	(574, 624)	(57, 62)	49
16:42:54.623	32	18.8133	(566, 625)	(57, 63)	49
16:42:54.658	31	18.6713	(564, 625)	(56, 63)	49
16:42:54.693	31	18.5259	(554, 625)	(55, 63)	49
16:42:54.727	28	18.1279	(544, 626)	(54, 63)	49
16:42:54.761	29	17.7997	(534, 628)	(53, 63)	49
16:42:54.797	34	17.6433	(524, 629)	(52, 63)	49
16:42:54.839	34	17.3225	(514, 631)	(51, 63)	49
16:42:54.880	34	17.1473	(504, 633)	(50, 63)	49
16:42:54.923	30	16.9967	(494, 634)	(49, 63)	49
16:42:54.956	29	16.8874	(493, 635)	(49, 64)	49
16:42:54.991	33	17.0243	(484, 637)	(48, 64)	49
16:42:55.035	33	16.5687	(467, 641)	(47, 64)	49
16:42:55.076	33	16.4006	(464, 642)	(46, 64)	49
16:42:55.118	32	16.3324	(458, 645)	(46, 65)	49
16:42:55.158	28	16.3185	(454, 646)	(45, 65)	49
16:42:55.193	27	16.1095	(444, 650)	(44, 65)	49
16:42:55.228	30	15.6781	(434, 654)	(43, 65)	49
16:42:55.265	30	15.6247	(432, 655)	(43, 66)	49
16:42:55.305	32	15.6176	(424, 658)	(42, 66)	49
16:42:55.347	28	15.3462	(414, 662)	(41, 66)	49
16:42:55.380	28	15.2988	(409, 665)	(41, 67)	49
16:42:55.415	28	15.3068	(404, 667)	(40, 67)	49
16:42:55.450	27	15.1095	(394, 671)	(39, 67)	49
16:42:55.485	32	15.0289	(387, 675)	(39, 68)	49
16:42:55.528	29	14.8967	(384, 676)	(38, 68)	49
16:42:55.561	25	14.6843	(374, 680)	(37, 68)	49
16:42:55.588	24	14.5319	(367, 685)	(37, 69)	49
16:42:55.616	28	14.5858	(364, 687)	(36, 69)	49
16:42:55.652	29	14.2856	(356, 695)	(36, 70)	49
16:42:55.687	29	14.3767	(354, 695)	(35, 70)	49
16:42:55.724	25	14.1281	(344, 704)	(34, 70)	49
16:42:55.756	24	14.3089	(344, 705)	(34, 71)	49
16:42:55.783	24	13.9921	(337, 715)	(34, 72)	49
16:42:55.811	25	13.9692	(335, 725)	(34, 73)	49
16:42:55.840	27	13.909	(334, 727)	(33, 73)	49
16:42:55.875	26	13.8744	(331, 735)	(33, 74)	49
16:42:55.909	28	13.8695	(329, 746)	(33, 75)	49
16:42:55.944	27	13.7416	(329, 755)	(33, 76)	49
16:42:55.979	27	13.9511	(329, 765)	(33, 77)	49
16:42:56.013	28	13.8148	(329, 775)	(33, 78)	49
16:42:56.048	28	13.703	(329, 785)	(33, 79)	49
16:42:56.085	26	13.6129	(329, 795)	(33, 80)	49
16:42:56.117	29	13.7247	(329, 805)	(33, 81)	49
16:42:56.153	26	13.6573	(329, 833)	(33, 83)	49
16:42:56.187	28	13.58	(329, 836)	(33, 84)	49
16:42:56.222	26	13.4394	(329, 845)	(33, 85)	49
16:42:56.257	25	13.4218	(329, 855)	(33, 86)	49
16:42:56.291	26	13.2684	(330, 865)	(33, 87)	49
16:42:56.326	26	13.4427	(332, 875)	(33, 88)	49
16:42:56.361	26	13.2679	(335, 883)	(34, 88)	49
16:42:56.396	27	13.2742	(335, 885)	(34, 89)	49
16:42:56.432	25	12.9667	(338, 895)	(34, 90)	49
16:42:56.465	26	13.0508	(341, 905)	(34, 91)	49
16:42:56.499	27	13.0262	(345, 914)	(35, 91)	49
16:42:56.535	26	13.0132	(346, 915)	(35, 92)	49
16:42:56.570	24	13.0636	(350, 925)	(35, 93)	49
16:42:56.597	24	13.0893	(355, 931)	(36, 93)	49
16:42:56.624	27	13.0292	(357, 935)	(36, 94)	49
16:42:56.653	27	13.021	(364, 945)	(36, 95)	49
16:42:56.688	25	12.9431	(365, 945)	(37, 95)	49
16:42:56.722	27	13.0006	(373, 955)	(37, 96)	49
16:42:56.757	25	12.9668	(375, 956)	(38, 96)	49
16:42:56.785	27	13.047	(384, 965)	(38, 97)	49
16:42:56.820	23	13.003	(385, 966)	(39, 97)	49
16:42:56.847	23	13.0707	(395, 975)	(40, 98)	49
16:42:56.875	24	12.9007	(405, 982)	(41, 98)	49
16:42:56.903	26	12.9222	(411, 987)	(41, 99)	49
16:42:56.931	26	12.9055	(415, 989)	(42, 99)	49
16:42:56.966	26	12.9584	(423, 995)	(42, 100)	49
16:42:57.000	27	12.9841	(425, 996)	(43, 100)	49
16:42:57.035	22	12.9658	(435, 1001)	(44, 100)	49
16:42:57.062	21	12.8828	(441, 1005)	(44, 101)	49
16:42:57.090	23	13.0019	(446, 1007)	(45, 101)	49
16:42:57.118	26	12.9444	(455, 1012)	(46, 101)	49
16:42:57.147	27	12.9308	(461, 1015)	(46, 102)	49
16:42:57.181	27	12.9579	(465, 1017)	(47, 102)	49
16:42:57.216	26	13.0132	(475, 1022)	(48, 102)	49
16:42:57.251	22	12.9591	(481, 1025)	(48, 103)	49
16:42:57.278	23	13.003	(485, 1026)	(49, 103)	49
16:42:57.306	22	13.0225	(495, 1030)	(50, 103)	49
16:42:57.334	27	13.0012	(505, 1034)	(51, 103)	49
16:42:57.369	26	12.933	(506, 1035)	(51, 104)	49
16:42:57.404	26	12.9742	(515, 1037)	(52, 104)	49
16:42:57.439	24	12.9637	(525, 1040)	(53, 104)	49
16:42:57.466	23	13.0606	(540, 1043)	(54, 104)	49
16:42:57.493	23	12.9658	(545, 1044)	(55, 104)	49
16:42:57.521	24	12.9646	(549, 1045)	(55, 105)	49
16:42:57.549	23	13.0132	(555, 1046)	(56, 105)	49
16:42:57.577	23	13.0681	(577, 1050)	(58, 105)	49
16:42:57.605	22	12.9871	(585, 1052)	(59, 105)	49
16:42:57.633	23	13.0359	(595, 1053)	(60, 105)	49
16:42:57.660	23	12.9164	(605, 1054)	(61, 105)	49
16:42:57.689	23	12.957	(608, 1055)	(61, 106)	49
16:42:57.716	23	13.089	(615, 1056)	(62, 106)	49
16:42:57.743	23	13.0323	(625, 1057)	(63, 106)	49
16:42:57.771	24	13.1028	(635, 1058)	(64, 106)	49
16:42:57.800	23	12.9853	(645, 1059)	(65, 106)	49
16:42:57.827	23	13.0178	(655, 1060)	(66, 106)	49
16:42:57.855	24	12.9921	(665, 1061)	(67, 106)	49
16:42:57.883	22	13.0415	(675, 1061)	(68, 106)	49
16:42:57.910	24	13.1319	(685, 1063)	(69, 106)	49
16:42:57.939	23	13.0446	(695, 1063)	(70, 106)	49
16:42:57.967	22	13.0822	(705, 1064)	(71, 106)	49
16:42:57.994	23	13.0098	(715, 1064)	(72, 106)	49
16:42:58.022	24	13.0833	(719, 1065)	(72, 107)	49
16:42:58.050	23	13.0404	(725, 1065)	(73, 107)	49
16:42:58.078	22	13.0699	(735, 1066)	(74, 107)	49
16:42:58.105	23	13.0145	(745, 1066)	(75, 107)	49
16:42:58.133	24	13.0357	(755, 1066)	(76, 107)	49
16:42:58.160	24	13.036	(765, 1066)	(77, 107)	49
16:42:58.189	23	13.1215	(775, 1067)	(78, 107)	49
16:42:58.216	23	13.0969	(785, 1067)	(79, 107)	49
16:42:58.244	25	13.1335	(795, 1068)	(80, 107)	49
16:42:58.272	24	13.1524	(805, 1069)	(81, 107)	49
16:42:58.300	23	13.2108	(815, 1070)	(82, 107)	49
16:42:58.328	23	13.1504	(825, 1071)	(83, 107)	49
16:42:58.356	24	13.1733	(835, 1072)	(84, 107)	49
16:42:58.383	25	13.139	(845, 1073)	(85, 107)	49
16:42:58.412	22	13.1967	(856, 1074)	(86, 107)	49
16:42:58.438	24	13.104	(862, 1075)	(86, 108)	49
16:42:58.467	24	13.1536	(865, 1075)	(87, 108)	49
16:42:58.495	22	13.2982	(875, 1075)	(88, 108)	49
16:42:58.522	23	13.2483	(885, 1076)	(89, 108)	49
16:42:58.550	25	13.1932	(895, 1077)	(90, 108)	49
16:42:58.578	27	13.1609	(905, 1078)	(91, 108)	49
16:42:58.613	26	13.1639	(915, 1078)	(92, 108)	49
16:42:58.648	26	13.2153	(925, 1079)	(93, 108)	49
16:42:58.682	24	13.264	(935, 1080)	(94, 108)	49
16:42:58.710	23	13.4	(945, 1081)	(95, 108)	49
16:42:58.738	23	13.7564	(955, 1082)	(96, 108)	49
16:42:58.766	25	13.9607	(965, 1082)	(97, 108)	49
16:42:58.794	28	13.9351	(975, 1083)	(98, 108)	49
16:42:58.829	27	14.0839	(986, 1083)	(99, 108)	49
16:42:58.864	27	14.1846	(995, 1084)	(100, 108)	49
16:42:58.898	24	14.4	(1005, 1084)	(101, 108)	49
16:42:58.926	24	14.5406	(1015, 1084)	(102, 108)	49
16:42:58.953	25	14.5981	(1017, 1085)	(102, 109)	49
16:42:58.981	25	14.7757	(1025, 1085)	(103, 109)	49
16:42:59.009	25	14.8561	(1040, 1085)	(104, 109)	49
16:42:59.037	25	14.9317	(1048, 1085)	(105, 109)	49
16:42:59.065	25	15.1246	(1055, 1086)	(106, 109)	49
16:42:59.092	26	15.3099	(1065, 1086)	(107, 109)	49
16:42:59.120	26	15.5083	(1075, 1086)	(108, 109)	49
16:42:59.148	26	15.6207	(1085, 1086)	(109, 109)	49
16:42:59.176	27	15.8696	(1096, 1086)	(110, 109)	49
16:42:59.211	25	16.0317	(1105, 1086)	(111, 109)	49
16:42:59.238	29	16.0588	(1115, 1086)	(112, 109)	49
16:42:59.274	30	16.2169	(1126, 1086)	(113, 109)	49
16:42:59.308	31	16.3401	(1135, 1086)	(114, 109)	49
16:42:59.343	32	16.427	(1146, 1086)	(115, 109)	49
16:42:59.378	32	16.5776	(1155, 1086)	(116, 109)	49
16:42:59.413	31	16.605	(1166, 1086)	(117, 109)	49
16:42:59.447	32	16.7647	(1175, 1086)	(118, 109)	49
16:42:59.483	30	16.8902	(1185, 1085)	(119, 109)	49
16:42:59.518	30	16.8178	(1188, 1084)	(119, 108)	49
16:42:59.552	26	17.0126	(1195, 1084)	(120, 108)	49
16:42:59.587	31	16.9524	(1205, 1082)	(121, 108)	49
16:42:59.622	30	17.1252	(1215, 1081)	(122, 108)	49
16:42:59.656	27	17.3206	(1225, 1081)	(123, 108)	49
16:42:59.690	31	17.2719	(1235, 1081)	(124, 108)	49
16:42:59.726	30	17.3216	(1245, 1080)	(125, 108)	49
16:42:59.760	27	17.355	(1255, 1080)	(126, 108)	49
16:42:59.796	33	17.4225	(1265, 1079)	(127, 108)	49
16:42:59.838	34	17.7061	(1275, 1078)	(128, 108)	49
16:42:59.879	35	17.5519	(1286, 1077)	(129, 108)	49
16:42:59.921	32	17.6234	(1295, 1077)	(130, 108)	49
16:42:59.961	28	17.9176	(1305, 1077)	(131, 108)	49
16:42:59.996	27	17.8071	(1315, 1077)	(132, 108)	49
16:43:00.030	28	17.9039	(1325, 1077)	(133, 108)	49
16:43:00.066	31	17.7536	(1335, 1077)	(134, 108)	49
16:43:00.101	32	17.7847	(1345, 1077)	(135, 108)	49
16:43:00.136	29	17.9274	(1355, 1077)	(136, 108)	49
16:43:00.170	29	17.7561	(1365, 1079)	(137, 108)	49
16:43:00.205	28	17.7074	(1375, 1080)	(138, 108)	49
16:43:00.239	30	17.623	(1385, 1081)	(139, 108)	49
16:43:00.275	31	17.6441	(1395, 1081)	(140, 108)	49
16:43:00.311	31	17.4424	(1405, 1083)	(141, 108)	49
16:43:00.345	29	17.0587	(1416, 1084)	(142, 108)	49
16:43:00.379	29	17.1757	(1418, 1085)	(142, 109)	49
16:43:00.414	28	16.9927	(1425, 1085)	(143, 109)	49
16:43:00.448	29	17.0569	(1437, 1088)	(144, 109)	49
16:43:00.482	29	16.8092	(1445, 1088)	(145, 109)	49
16:43:00.517	28	16.5481	(1455, 1089)	(146, 109)	49
16:43:00.553	27	16.3427	(1465, 1090)	(147, 109)	49
16:43:00.587	28	16.2095	(1476, 1091)	(148, 109)	49
16:43:00.622	26	15.9636	(1485, 1092)	(149, 109)	49
16:43:00.657	26	15.5342	(1495, 1093)	(150, 109)	49
16:43:00.693	33	15.3733	(1505, 1093)	(151, 109)	49
16:43:00.734	28	15.2144	(1515, 1093)	(152, 109)	49
16:43:00.768	28	15.3021	(1525, 1093)	(153, 109)	49
16:43:00.804	25	15.0633	(1535, 1094)	(154, 109)	49
16:43:00.837	25	14.9079	(1545, 1094)	(155, 109)	49
16:43:00.865	30	14.8136	(1555, 1094)	(156, 109)	49
16:43:00.902	30	14.7277	(1565, 1094)	(157, 109)	49
16:43:00.936	31	14.6096	(1566, 1095)	(157, 110)	49
16:43:00.972	27	14.6065	(1575, 1095)	(158, 110)	49
16:43:01.005	25	14.499	(1585, 1095)	(159, 110)	49
16:43:01.032	25	14.3957	(1596, 1096)	(160, 110)	49
16:43:01.060	25	14.3418	(1605, 1096)	(161, 110)	49
16:43:01.088	24	14.2639	(1615, 1096)	(162, 110)	49
16:43:01.115	24	14.1988	(1625, 1097)	(163, 110)	49
16:43:01.143	26	14.2087	(1635, 1097)	(164, 110)	49
16:43:01.172	24	13.9959	(1645, 1097)	(165, 110)	49
16:43:01.199	24	13.8173	(1655, 1098)	(166, 110)	49
16:43:01.227	23	13.9123	(1665, 1098)	(167, 110)	49
16:43:01.254	28	13.9335	(1675, 1099)	(168, 110)	49
16:43:01.291	29	13.9113	(1685, 1099)	(169, 110)	49
16:43:01.325	29	13.8443	(1695, 1100)	(170, 110)	49
16:43:01.360	30	13.785	(1705, 1100)	(171, 110)	49
16:43:01.396	27	13.7271	(1715, 1101)	(172, 110)	49
16:43:01.429	24	13.7511	(1725, 1101)	(173, 110)	49
16:43:01.456	24	13.5246	(1735, 1103)	(174, 110)	49
16:43:01.484	22	13.3458	(1748, 1104)	(175, 110)	49
16:43:01.512	23	13.2921	(1753, 1105)	(175, 111)	49
16:43:01.540	23	13.176	(1755, 1105)	(176, 111)	49
16:43:01.572	24	12.9391	(1765, 1106)	(177, 111)	49
16:43:01.604	22	12.9969	(1775, 1107)	(178, 111)	49
16:43:01.633	23	12.9782	(1785, 1108)	(179, 111)	49
16:43:01.658	23	12.8865	(1798, 1109)	(180, 111)	49
16:43:01.686	21	12.9416	(1806, 1111)	(181, 111)	49
16:43:01.714	21	12.8388	(1815, 1112)	(182, 111)	49
16:43:01.741	23	12.8782	(1825, 1112)	(183, 111)	49
16:43:01.770	22	12.8948	(1835, 1113)	(184, 111)	49
16:43:01.797	22	12.8827	(1850, 1114)	(185, 111)	49
16:43:01.825	22	12.8465	(1855, 1114)	(186, 111)	49
16:43:01.853	22	12.8511	(1858, 1115)	(186, 112)	49
16:43:01.880	22	12.8264	(1865, 1116)	(187, 112)	49
16:43:01.908	22	12.8588	(1877, 1117)	(188, 112)	49
16:43:01.936	25	12.8507	(1885, 1118)	(189, 112)	49
16:43:01.965	24	12.8227	(1895, 1120)	(190, 112)	49
16:43:01.999	24	12.7378	(1905, 1121)	(191, 112)	49
16:43:02.031	23	12.5356	(0, 0)	(0, 0)	49
EOM

