BOM
Frame extends: 2263, 1306
_ms_area: 10
measurements taken: 585
current rendering method: 0
is mouse replay: 1
Camera settings: Roation Quaternion: ( -0.78287, -0.0775602, 0.576814, 0.219924), Translationsvektor: ( -0.0821918, 0.0689128, 1.775).
System_Time	Elapsed_Time_PaintGL	Elapsed_Kernel_Time	Frame_Coordinates	Grid_Position	Manual_Measurement
17:49:30.637	26	19.7141	(-1, -1)	(-1, -1)	49
17:49:30.679	25	19.7631	(-1, -1)	(-1, -1)	49
17:49:30.706	26	19.7207	(-1, -1)	(-1, -1)	49
17:49:30.734	25	19.7046	(-1, -1)	(-1, -1)	49
17:49:30.762	26	19.8037	(-1, -1)	(-1, -1)	49
17:49:30.790	26	19.7634	(-1, -1)	(-1, -1)	49
17:49:30.817	26	19.6947	(-1, -1)	(-1, -1)	49
17:49:30.845	26	19.7874	(-1, -1)	(-1, -1)	49
17:49:30.882	31	19.6298	(-1, -1)	(-1, -1)	49
17:49:30.924	32	19.6633	(-1, -1)	(-1, -1)	49
17:49:30.966	32	19.733	(-1, -1)	(-1, -1)	49
17:49:31.007	28	19.6496	(-1, -1)	(-1, -1)	49
17:49:31.040	26	19.7053	(-1, -1)	(-1, -1)	49
17:49:31.068	26	19.7179	(-1, -1)	(-1, -1)	49
17:49:31.096	25	19.7815	(-1, -1)	(-1, -1)	49
17:49:31.123	27	19.6895	(-1, -1)	(-1, -1)	49
17:49:31.160	31	19.6967	(-1, -1)	(-1, -1)	49
17:49:31.202	30	19.6982	(-1, -1)	(-1, -1)	49
17:49:31.235	27	19.7969	(-1, -1)	(-1, -1)	49
17:49:31.269	28	19.7572	(-1, -1)	(-1, -1)	49
17:49:31.306	31	19.636	(-1, -1)	(-1, -1)	49
17:49:31.341	30	19.6384	(-1, -1)	(-1, -1)	49
17:49:31.375	31	19.6593	(-1, -1)	(-1, -1)	49
17:49:31.412	30	19.6336	(-1, -1)	(-1, -1)	49
17:49:31.444	26	19.7166	(-1, -1)	(-1, -1)	49
17:49:31.479	27	19.7416	(-1, -1)	(-1, -1)	49
17:49:31.515	32	19.6659	(-1, -1)	(-1, -1)	49
17:49:31.557	33	19.6619	(-1, -1)	(-1, -1)	49
17:49:31.598	32	19.6502	(-1, -1)	(-1, -1)	49
17:49:31.639	29	19.7092	(-1, -1)	(-1, -1)	49
17:49:31.674	26	19.7572	(-1, -1)	(-1, -1)	49
17:49:31.709	29	19.7156	(-1, -1)	(-1, -1)	49
17:49:31.744	33	19.6639	(-1, -1)	(-1, -1)	49
17:49:31.786	31	19.6767	(-1, -1)	(-1, -1)	49
17:49:31.829	29	19.7441	(-1, -1)	(-1, -1)	49
17:49:31.860	26	19.7173	(-1, -1)	(-1, -1)	49
17:49:31.888	26	19.8661	(-1, -1)	(-1, -1)	49
17:49:31.916	28	19.7228	(-1, -1)	(-1, -1)	49
17:49:31.952	34	19.656	(-1, -1)	(-1, -1)	49
17:49:31.995	32	19.6664	(-1, -1)	(-1, -1)	49
17:49:32.041	28	19.6535	(-1, -1)	(-1, -1)	49
17:49:32.076	26	19.6916	(-1, -1)	(-1, -1)	49
17:49:32.104	26	19.7686	(-1, -1)	(-1, -1)	49
17:49:32.132	25	19.7415	(-1, -1)	(-1, -1)	49
17:49:32.160	26	19.7664	(-1, -1)	(-1, -1)	49
17:49:32.195	25	19.6976	(-1, -1)	(-1, -1)	49
17:49:32.222	26	19.7196	(-1, -1)	(-1, -1)	49
17:49:32.250	26	19.7695	(-1, -1)	(-1, -1)	49
17:49:32.277	27	19.7101	(-1, -1)	(-1, -1)	49
17:49:32.306	27	19.7517	(-1, -1)	(-1, -1)	49
17:49:32.342	31	19.6787	(-1, -1)	(-1, -1)	49
17:49:32.383	34	19.6707	(-1, -1)	(-1, -1)	49
17:49:32.426	32	19.6554	(-1, -1)	(-1, -1)	49
17:49:32.467	33	19.6662	(-1, -1)	(-1, -1)	49
17:49:32.507	28	19.7452	(-1, -1)	(-1, -1)	49
17:49:32.542	28	19.6439	(-1, -1)	(-1, -1)	49
17:49:32.578	26	19.7999	(-1, -1)	(-1, -1)	49
17:49:32.614	32	19.6207	(-1, -1)	(-1, -1)	49
17:49:32.656	30	19.633	(-1, -1)	(-1, -1)	49
17:49:32.689	27	19.7554	(-1, -1)	(-1, -1)	49
17:49:32.723	26	19.7206	(-1, -1)	(-1, -1)	49
17:49:32.759	31	19.7289	(-1, -1)	(-1, -1)	49
17:49:32.800	33	19.7213	(-1, -1)	(-1, -1)	49
17:49:32.843	32	19.7539	(-1, -1)	(-1, -1)	49
17:49:32.883	29	19.6437	(-1, -1)	(-1, -1)	49
17:49:32.917	26	19.687	(-1, -1)	(-1, -1)	49
17:49:32.945	27	19.8028	(-1, -1)	(-1, -1)	49
17:49:32.981	31	19.6391	(-1, -1)	(-1, -1)	49
17:49:33.015	31	19.6421	(-1, -1)	(-1, -1)	49
17:49:33.050	31	19.696	(-1, -1)	(-1, -1)	49
17:49:33.084	29	19.643	(-1, -1)	(-1, -1)	49
17:49:33.120	28	19.6427	(-1, -1)	(-1, -1)	49
17:49:33.156	32	19.6455	(-1, -1)	(-1, -1)	49
17:49:33.197	33	19.6893	(-1, -1)	(-1, -1)	49
17:49:33.239	33	19.6381	(-1, -1)	(-1, -1)	49
17:49:33.281	31	19.6781	(-1, -1)	(-1, -1)	49
17:49:33.314	28	19.656	(-1, -1)	(-1, -1)	49
17:49:33.349	27	19.8227	(-1, -1)	(-1, -1)	49
17:49:33.384	28	19.6708	(-1, -1)	(-1, -1)	49
17:49:33.420	32	19.6979	(-1, -1)	(-1, -1)	49
17:49:33.464	33	19.692	(-1, -1)	(-1, -1)	49
17:49:33.506	31	19.6459	(-1, -1)	(-1, -1)	49
17:49:33.543	26	19.7329	(-1, -1)	(-1, -1)	49
17:49:33.571	25	19.733	(-1, -1)	(-1, -1)	49
17:49:33.599	25	19.7216	(-1, -1)	(-1, -1)	49
17:49:33.627	27	19.7313	(-1, -1)	(-1, -1)	49
17:49:33.663	32	19.6723	(-1, -1)	(-1, -1)	49
17:49:33.705	31	19.707	(-1, -1)	(-1, -1)	49
17:49:33.745	27	19.6372	(-1, -1)	(-1, -1)	49
17:49:33.779	26	19.7736	(-1, -1)	(-1, -1)	49
17:49:33.808	28	19.8281	(-1, -1)	(-1, -1)	49
17:49:33.842	27	19.8299	(-1, -1)	(-1, -1)	49
17:49:33.879	32	19.7394	(-1, -1)	(-1, -1)	49
17:49:33.921	31	19.7338	(-1, -1)	(-1, -1)	49
17:49:33.954	27	19.6421	(-1, -1)	(-1, -1)	49
17:49:33.988	26	19.6879	(-1, -1)	(-1, -1)	49
17:49:34.016	28	19.6905	(-1, -1)	(-1, -1)	49
17:49:34.051	31	19.6641	(-1, -1)	(-1, -1)	49
17:49:34.087	30	19.6403	(-1, -1)	(-1, -1)	49
17:49:34.121	30	19.6462	(-1, -1)	(-1, -1)	49
17:49:34.155	28	19.7489	(-1, -1)	(-1, -1)	49
17:49:34.189	27	19.7393	(-1, -1)	(-1, -1)	49
17:49:34.218	28	19.8382	(-1, -1)	(-1, -1)	49
17:49:34.253	33	19.7053	(-1, -1)	(-1, -1)	49
17:49:34.296	32	19.6255	(-1, -1)	(-1, -1)	49
17:49:34.337	32	19.6356	(-1, -1)	(-1, -1)	49
17:49:34.379	29	19.695	(-1, -1)	(-1, -1)	49
17:49:34.413	28	19.667	(-1, -1)	(-1, -1)	49
17:49:34.448	32	19.641	(-1, -1)	(-1, -1)	49
17:49:34.490	33	19.6428	(-1, -1)	(-1, -1)	49
17:49:34.532	32	19.6975	(-1, -1)	(-1, -1)	49
17:49:34.575	31	19.6529	(-1, -1)	(-1, -1)	49
17:49:34.614	28	19.6471	(-1, -1)	(-1, -1)	49
17:49:34.649	31	19.6622	(-1, -1)	(-1, -1)	49
17:49:34.686	32	19.7246	(-1, -1)	(-1, -1)	49
17:49:34.727	32	19.6837	(-1, -1)	(-1, -1)	49
17:49:34.768	33	19.687	(-1, -1)	(-1, -1)	49
17:49:34.809	27	19.7305	(-1, -1)	(-1, -1)	49
17:49:34.843	28	19.6913	(-1, -1)	(-1, -1)	49
17:49:34.882	31	19.6227	(-1, -1)	(-1, -1)	49
17:49:34.921	32	19.6905	(-1, -1)	(-1, -1)	49
17:49:34.963	31	19.6535	(-1, -1)	(-1, -1)	49
17:49:34.996	29	19.7329	(-1, -1)	(-1, -1)	49
17:49:35.031	25	19.7428	(-1, -1)	(-1, -1)	49
17:49:35.059	26	19.7581	(-1, -1)	(-1, -1)	49
17:49:35.093	28	19.7299	(-1, -1)	(-1, -1)	49
17:49:35.129	31	19.6561	(-1, -1)	(-1, -1)	49
17:49:35.164	34	19.6418	(-1, -1)	(-1, -1)	49
17:49:35.211	31	19.6486	(-1, -1)	(-1, -1)	49
17:49:35.248	26	19.6492	(-1, -1)	(-1, -1)	49
17:49:35.281	26	19.7197	(-1, -1)	(-1, -1)	49
17:49:35.309	26	19.7757	(-1, -1)	(-1, -1)	49
17:49:35.337	26	19.755	(-1, -1)	(-1, -1)	49
17:49:35.373	32	19.6932	(-1, -1)	(-1, -1)	49
17:49:35.414	33	19.649	(-1, -1)	(-1, -1)	49
17:49:35.456	28	19.6535	(-1, -1)	(-1, -1)	49
17:49:35.490	28	19.6507	(-1, -1)	(-1, -1)	49
17:49:35.526	33	19.6436	(-1, -1)	(-1, -1)	49
17:49:35.568	32	19.6504	(-1, -1)	(-1, -1)	49
17:49:35.610	31	19.6622	(-1, -1)	(-1, -1)	49
17:49:35.651	28	19.6724	(-1, -1)	(-1, -1)	49
17:49:35.685	28	19.7225	(-1, -1)	(-1, -1)	49
17:49:35.720	28	19.699	(-1, -1)	(-1, -1)	49
17:49:35.755	28	19.652	(-1, -1)	(-1, -1)	49
17:49:35.789	29	19.6664	(-1, -1)	(-1, -1)	49
17:49:35.823	26	19.6991	(-1, -1)	(-1, -1)	49
17:49:35.851	26	19.7464	(-1, -1)	(-1, -1)	49
17:49:35.879	27	19.6782	(-1, -1)	(-1, -1)	49
17:49:35.913	28	19.6441	(-1, -1)	(-1, -1)	49
17:49:35.948	29	19.6677	(-1, -1)	(-1, -1)	49
17:49:35.983	26	19.7557	(-1, -1)	(-1, -1)	49
17:49:36.011	26	19.6997	(-1, -1)	(-1, -1)	49
17:49:36.040	28	19.6287	(-1, -1)	(-1, -1)	49
17:49:36.074	30	19.6652	(-1, -1)	(-1, -1)	49
17:49:36.108	26	19.6988	(-1, -1)	(-1, -1)	49
17:49:36.136	31	19.7476	(-1, -1)	(-1, -1)	49
17:49:36.171	29	19.6947	(-1, -1)	(-1, -1)	49
17:49:36.206	36	19.7861	(-1, -1)	(-1, -1)	49
17:49:36.248	28	19.6474	(-1, -1)	(-1, -1)	49
17:49:36.282	25	19.7431	(-1, -1)	(-1, -1)	49
17:49:36.310	26	19.7569	(-1, -1)	(-1, -1)	49
17:49:36.338	25	19.7963	(-1, -1)	(-1, -1)	49
17:49:36.365	26	19.7274	(-1, -1)	(-1, -1)	49
17:49:36.393	26	19.7034	(-1, -1)	(-1, -1)	49
17:49:36.421	26	19.711	(-1, -1)	(-1, -1)	49
17:49:36.449	25	19.785	(-1, -1)	(-1, -1)	49
17:49:36.477	25	19.6951	(-1, -1)	(-1, -1)	49
17:49:36.504	25	19.7498	(-1, -1)	(-1, -1)	49
17:49:36.532	27	19.7296	(-1, -1)	(-1, -1)	49
17:49:36.577	42	19.6567	(-1, -1)	(-1, -1)	49
17:49:36.622	26	19.7668	(-1, -1)	(-1, -1)	49
17:49:36.650	27	19.7173	(-1, -1)	(-1, -1)	49
17:49:36.685	27	19.6502	(-1, -1)	(-1, -1)	49
17:49:36.719	26	19.6855	(-1, -1)	(-1, -1)	49
17:49:36.747	26	19.749	(-1, -1)	(-1, -1)	49
17:49:36.775	25	19.747	(-1, -1)	(-1, -1)	49
17:49:36.803	26	19.7099	(-1, -1)	(-1, -1)	49
17:49:36.831	25	19.7039	(-1, -1)	(-1, -1)	49
17:49:36.858	26	19.7458	(-1, -1)	(-1, -1)	49
17:49:36.886	26	19.7844	(-1, -1)	(-1, -1)	49
17:49:36.914	26	19.7216	(-1, -1)	(-1, -1)	49
17:49:36.942	25	19.7569	(-1, -1)	(-1, -1)	49
17:49:36.970	26	19.7455	(-1, -1)	(-1, -1)	49
17:49:36.999	25	19.6939	(-1, -1)	(-1, -1)	49
17:49:37.026	26	19.7056	(-1, -1)	(-1, -1)	49
17:49:37.053	26	19.7034	(-1, -1)	(-1, -1)	49
17:49:37.082	26	19.7267	(-1, -1)	(-1, -1)	49
17:49:37.109	26	19.7919	(-1, -1)	(-1, -1)	49
17:49:37.137	26	19.7076	(-1, -1)	(-1, -1)	49
17:49:37.165	25	19.6806	(-1, -1)	(-1, -1)	49
17:49:37.193	25	19.7516	(-1, -1)	(-1, -1)	49
17:49:37.221	25	19.7064	(-1, -1)	(-1, -1)	49
17:49:37.248	28	19.7367	(-1, -1)	(-1, -1)	49
17:49:37.286	33	19.7012	(-1, -1)	(-1, -1)	49
17:49:37.325	25	19.7704	(-1, -1)	(-1, -1)	49
17:49:37.353	25	19.7104	(-1, -1)	(-1, -1)	49
17:49:37.380	29	19.7498	(-1, -1)	(-1, -1)	49
17:49:37.416	30	19.6693	(-1, -1)	(-1, -1)	49
17:49:37.450	26	19.7453	(-1, -1)	(-1, -1)	49
17:49:37.478	26	19.7276	(-1, -1)	(-1, -1)	49
17:49:37.506	27	19.8074	(-1, -1)	(-1, -1)	49
17:49:37.541	28	19.6644	(-1, -1)	(-1, -1)	49
17:49:37.576	39	19.7093	(-1, -1)	(-1, -1)	49
17:49:37.617	26	19.7259	(-1, -1)	(-1, -1)	49
17:49:37.644	27	19.6935	(-1, -1)	(-1, -1)	49
17:49:37.682	47	19.6609	(-1, -1)	(-1, -1)	49
17:49:37.735	26	19.7213	(-1, -1)	(-1, -1)	49
17:49:37.763	30	19.6594	(-1, -1)	(-1, -1)	49
17:49:37.797	26	19.7991	(-1, -1)	(-1, -1)	49
17:49:37.832	33	19.6484	(-1, -1)	(-1, -1)	49
17:49:37.867	27	19.7001	(-1, -1)	(-1, -1)	49
17:49:37.903	30	19.6695	(-1, -1)	(-1, -1)	49
17:49:37.937	28	19.6545	(-1, -1)	(-1, -1)	49
17:49:37.972	27	19.7578	(-1, -1)	(-1, -1)	49
17:49:38.006	29	19.6662	(-1, -1)	(-1, -1)	49
17:49:38.041	26	19.7576	(-1, -1)	(-1, -1)	49
17:49:38.068	28	19.739	(-1, -1)	(-1, -1)	49
17:49:38.106	30	19.6984	(-1, -1)	(-1, -1)	49
17:49:38.139	27	19.653	(-1, -1)	(-1, -1)	49
17:49:38.173	26	19.7004	(-1, -1)	(-1, -1)	49
17:49:38.201	27	19.7575	(-1, -1)	(-1, -1)	49
17:49:38.237	33	19.6593	(-1, -1)	(-1, -1)	49
17:49:38.278	32	19.6464	(-1, -1)	(-1, -1)	49
17:49:38.320	33	19.6548	(-1, -1)	(-1, -1)	49
17:49:38.364	28	19.6428	(-1, -1)	(-1, -1)	49
17:49:38.396	26	19.7412	(-1, -1)	(-1, -1)	49
17:49:38.430	28	19.7941	(-1, -1)	(-1, -1)	49
17:49:38.465	29	19.644	(-1, -1)	(-1, -1)	49
17:49:38.500	29	19.6378	(-1, -1)	(-1, -1)	49
17:49:38.536	28	19.6514	(-1, -1)	(-1, -1)	49
17:49:38.570	28	19.6856	(-1, -1)	(-1, -1)	49
17:49:38.605	27	19.6582	(-1, -1)	(-1, -1)	49
17:49:38.639	32	19.6563	(-1, -1)	(-1, -1)	49
17:49:38.676	31	19.676	(-1, -1)	(-1, -1)	49
17:49:38.717	32	19.671	(-1, -1)	(-1, -1)	49
17:49:38.759	32	19.6603	(-1, -1)	(-1, -1)	49
17:49:38.799	28	19.6361	(-1, -1)	(-1, -1)	49
17:49:38.834	27	19.8147	(-1, -1)	(-1, -1)	49
17:49:38.868	26	19.8001	(-1, -1)	(-1, -1)	49
17:49:38.896	26	19.7253	(-1, -1)	(-1, -1)	49
17:49:38.931	31	19.6714	(-1, -1)	(-1, -1)	49
17:49:38.967	33	19.6492	(-1, -1)	(-1, -1)	49
17:49:39.008	26	19.7653	(-1, -1)	(-1, -1)	49
17:49:39.042	25	19.7727	(-1, -1)	(-1, -1)	49
17:49:39.070	26	19.6861	(-1, -1)	(-1, -1)	49
17:49:39.105	30	19.648	(-1, -1)	(-1, -1)	49
17:49:39.140	31	19.7264	(-1, -1)	(-1, -1)	49
17:49:39.175	28	19.6613	(-1, -1)	(-1, -1)	49
17:49:39.209	28	19.7689	(-1, -1)	(-1, -1)	49
17:49:39.245	32	19.6664	(-1, -1)	(-1, -1)	49
17:49:39.287	32	19.6684	(-1, -1)	(-1, -1)	49
17:49:39.328	32	19.6764	(-1, -1)	(-1, -1)	49
17:49:39.370	32	19.6527	(-1, -1)	(-1, -1)	49
17:49:39.413	31	19.6692	(-1, -1)	(-1, -1)	49
17:49:39.453	27	19.6634	(-1, -1)	(-1, -1)	49
17:49:39.487	28	19.8098	(-1, -1)	(-1, -1)	49
17:49:39.523	32	19.6741	(-1, -1)	(-1, -1)	49
17:49:39.565	32	19.681	(-1, -1)	(-1, -1)	49
17:49:39.607	31	19.6443	(-1, -1)	(-1, -1)	49
17:49:39.647	26	19.8271	(-1, -1)	(-1, -1)	49
17:49:39.681	26	19.8196	(-1, -1)	(-1, -1)	49
17:49:39.709	26	19.7037	(-1, -1)	(-1, -1)	49
17:49:39.746	31	19.7333	(-1, -1)	(-1, -1)	49
17:49:39.787	31	19.6963	(-1, -1)	(-1, -1)	49
17:49:39.821	27	19.6321	(-1, -1)	(-1, -1)	49
17:49:39.855	26	19.7363	(-1, -1)	(-1, -1)	49
17:49:39.883	25	19.7197	(-1, -1)	(-1, -1)	49
17:49:39.911	26	19.7153	(-1, -1)	(-1, -1)	49
17:49:39.947	30	19.6954	(-1, -1)	(-1, -1)	49
17:49:39.981	32	19.6726	(-1, -1)	(-1, -1)	49
17:49:40.016	31	19.6353	(-1, -1)	(-1, -1)	49
17:49:40.050	27	19.8244	(-1, -1)	(-1, -1)	49
17:49:40.084	28	19.736	(-1, -1)	(-1, -1)	49
17:49:40.121	31	19.7019	(-1, -1)	(-1, -1)	49
17:49:40.156	32	19.6274	(-1, -1)	(-1, -1)	49
17:49:40.197	33	19.701	(-1, -1)	(-1, -1)	49
17:49:40.239	28	19.696	(-1, -1)	(-1, -1)	49
17:49:40.273	28	19.657	(-1, -1)	(-1, -1)	49
17:49:40.307	30	19.6459	(-1, -1)	(-1, -1)	49
17:49:40.343	28	19.705	(-1, -1)	(-1, -1)	49
17:49:40.378	32	19.6609	(-1, -1)	(-1, -1)	49
17:49:40.420	33	19.6384	(-1, -1)	(-1, -1)	49
17:49:40.464	30	19.737	(-1, -1)	(-1, -1)	49
17:49:40.502	27	19.7261	(-1, -1)	(-1, -1)	49
17:49:40.539	32	19.6985	(-1, -1)	(-1, -1)	49
17:49:40.580	32	19.6483	(-1, -1)	(-1, -1)	49
17:49:40.620	26	19.7347	(-1, -1)	(-1, -1)	49
17:49:40.654	28	19.7564	(-1, -1)	(-1, -1)	49
17:49:40.689	28	19.828	(-1, -1)	(-1, -1)	49
17:49:40.726	32	19.6628	(-1, -1)	(-1, -1)	49
17:49:40.767	32	19.6505	(-1, -1)	(-1, -1)	49
17:49:40.810	30	19.6381	(-1, -1)	(-1, -1)	49
17:49:40.843	29	19.7059	(-1, -1)	(-1, -1)	49
17:49:40.878	28	19.6566	(-1, -1)	(-1, -1)	49
17:49:40.912	27	19.8126	(-1, -1)	(-1, -1)	49
17:49:40.947	30	19.6461	(-1, -1)	(-1, -1)	49
17:49:40.984	31	19.6563	(-1, -1)	(-1, -1)	49
17:49:41.025	31	19.651	(-1, -1)	(-1, -1)	49
17:49:41.068	32	19.6904	(-1, -1)	(-1, -1)	49
17:49:41.107	27	19.8785	(-1, -1)	(-1, -1)	49
17:49:41.141	25	19.6905	(-1, -1)	(-1, -1)	49
17:49:41.169	28	19.6508	(-1, -1)	(-1, -1)	49
17:49:41.205	28	19.6544	(-1, -1)	(-1, -1)	49
17:49:41.239	27	19.6695	(-1, -1)	(-1, -1)	49
17:49:41.274	28	19.6901	(-1, -1)	(-1, -1)	49
17:49:41.308	27	19.6619	(-1, -1)	(-1, -1)	49
17:49:41.343	25	19.7413	(-1, -1)	(-1, -1)	49
17:49:41.370	26	19.7553	(-1, -1)	(-1, -1)	49
17:49:41.398	28	19.6843	(-1, -1)	(-1, -1)	49
17:49:41.435	33	19.6901	(-1, -1)	(-1, -1)	49
17:49:41.477	33	19.636	(-1, -1)	(-1, -1)	49
17:49:41.519	30	19.6828	(-1, -1)	(-1, -1)	49
17:49:41.552	28	19.7019	(-1, -1)	(-1, -1)	49
17:49:41.588	31	19.6327	(-1, -1)	(-1, -1)	49
17:49:41.629	33	19.6759	(-1, -1)	(-1, -1)	49
17:49:41.672	31	19.7601	(-1, -1)	(-1, -1)	49
17:49:41.712	30	19.6856	(-1, -1)	(-1, -1)	49
17:49:41.747	29	19.6936	(-1, -1)	(-1, -1)	49
17:49:41.782	29	19.6476	(-1, -1)	(-1, -1)	49
17:49:41.816	29	19.695	(-1, -1)	(-1, -1)	49
17:49:41.851	29	19.6532	(-1, -1)	(-1, -1)	49
17:49:41.886	29	19.6459	(-1, -1)	(-1, -1)	49
17:49:41.920	28	19.7092	(-1, -1)	(-1, -1)	49
17:49:41.955	27	19.7585	(-1, -1)	(-1, -1)	49
17:49:41.990	28	19.7354	(-1, -1)	(-1, -1)	49
17:49:42.026	33	19.7081	(-1, -1)	(-1, -1)	49
17:49:42.069	32	19.7551	(-1, -1)	(-1, -1)	49
17:49:42.110	36	19.6308	(-1, -1)	(-1, -1)	49
17:49:42.150	26	19.6487	(-1, -1)	(-1, -1)	49
17:49:42.185	31	19.7227	(-1, -1)	(-1, -1)	49
17:49:42.220	29	19.6781	(-1, -1)	(-1, -1)	49
17:49:42.255	31	19.7473	(-1, -1)	(-1, -1)	49
17:49:42.290	30	19.6793	(-1, -1)	(-1, -1)	49
17:49:42.324	32	19.7188	(-1, -1)	(-1, -1)	49
17:49:42.367	30	19.6747	(-1, -1)	(-1, -1)	49
17:49:42.400	26	19.733	(-1, -1)	(-1, -1)	49
17:49:42.434	27	19.7492	(-1, -1)	(-1, -1)	49
17:49:42.470	28	19.7935	(-1, -1)	(-1, -1)	49
17:49:42.506	32	19.7095	(-1, -1)	(-1, -1)	49
17:49:42.550	32	19.7324	(-1, -1)	(-1, -1)	49
17:49:42.588	28	19.659	(-1, -1)	(-1, -1)	49
17:49:42.622	28	19.656	(-1, -1)	(-1, -1)	49
17:49:42.657	30	19.651	(-1, -1)	(-1, -1)	49
17:49:42.693	33	19.6564	(-1, -1)	(-1, -1)	49
17:49:42.735	32	19.644	(-1, -1)	(-1, -1)	49
17:49:42.778	29	19.6486	(-1, -1)	(-1, -1)	49
17:49:42.810	26	19.799	(-1, -1)	(-1, -1)	49
17:49:42.837	26	19.7144	(-1, -1)	(-1, -1)	49
17:49:42.865	27	19.7603	(-1, -1)	(-1, -1)	49
17:49:42.901	32	19.7301	(-1, -1)	(-1, -1)	49
17:49:42.944	32	19.6542	(-1, -1)	(-1, -1)	49
17:49:42.986	26	19.6486	(-1, -1)	(-1, -1)	49
17:49:43.018	26	19.8044	(-1, -1)	(-1, -1)	49
17:49:43.053	30	19.6209	(-1, -1)	(-1, -1)	49
17:49:43.089	29	19.7384	(-1, -1)	(-1, -1)	49
17:49:43.124	28	19.6526	(-1, -1)	(-1, -1)	49
17:49:43.159	28	19.6327	(-1, -1)	(-1, -1)	49
17:49:43.192	27	19.7624	(-1, -1)	(-1, -1)	49
17:49:43.227	28	19.6477	(-1, -1)	(-1, -1)	49
17:49:43.263	32	19.6582	(-1, -1)	(-1, -1)	49
17:49:43.304	34	19.6683	(-1, -1)	(-1, -1)	49
17:49:43.347	31	19.6561	(-1, -1)	(-1, -1)	49
17:49:43.389	31	19.667	(-1, -1)	(-1, -1)	49
17:49:43.429	27	19.6292	(-1, -1)	(-1, -1)	49
17:49:43.463	26	19.7249	(-1, -1)	(-1, -1)	49
17:49:43.499	33	19.7196	(-1, -1)	(-1, -1)	49
17:49:43.541	33	19.7551	(-1, -1)	(-1, -1)	49
17:49:43.583	32	19.637	(-1, -1)	(-1, -1)	49
17:49:43.624	27	19.6736	(-1, -1)	(-1, -1)	49
17:49:43.657	27	19.7372	(-1, -1)	(-1, -1)	49
17:49:43.694	30	19.6892	(-1, -1)	(-1, -1)	49
17:49:43.729	31	19.6653	(-1, -1)	(-1, -1)	49
17:49:43.764	30	19.6993	(-1, -1)	(-1, -1)	49
17:49:43.798	31	19.6855	(-1, -1)	(-1, -1)	49
17:49:43.832	27	19.7553	(-1, -1)	(-1, -1)	49
17:49:43.866	29	19.7993	(-1, -1)	(-1, -1)	49
17:49:43.903	30	19.6416	(-1, -1)	(-1, -1)	49
17:49:43.937	31	19.6985	(-1, -1)	(-1, -1)	49
17:49:43.973	30	19.6323	(-1, -1)	(-1, -1)	49
17:49:44.014	32	19.6708	(-1, -1)	(-1, -1)	49
17:49:44.054	29	19.6699	(-1, -1)	(-1, -1)	49
17:49:44.089	27	19.7419	(-1, -1)	(-1, -1)	49
17:49:44.124	31	19.6357	(-1, -1)	(-1, -1)	49
17:49:44.161	30	19.6387	(-1, -1)	(-1, -1)	49
17:49:44.195	29	19.6517	(-1, -1)	(-1, -1)	49
17:49:44.229	27	19.7421	(-1, -1)	(-1, -1)	49
17:49:44.264	28	19.7449	(-1, -1)	(-1, -1)	49
17:49:44.298	28	19.7311	(-1, -1)	(-1, -1)	49
17:49:44.333	30	19.6684	(-1, -1)	(-1, -1)	49
17:49:44.376	31	19.6945	(-1, -1)	(-1, -1)	49
17:49:44.418	31	19.7603	(-1, -1)	(-1, -1)	49
17:49:44.461	27	19.6553	(-1, -1)	(-1, -1)	49
17:49:44.492	26	19.7855	(-1, -1)	(-1, -1)	49
17:49:44.520	25	19.7034	(-1, -1)	(-1, -1)	49
17:49:44.548	27	19.7338	(-1, -1)	(-1, -1)	49
17:49:44.584	33	19.6665	(-1, -1)	(-1, -1)	49
17:49:44.626	32	19.6449	(-1, -1)	(-1, -1)	49
17:49:44.668	29	19.6356	(-1, -1)	(-1, -1)	49
17:49:44.701	26	19.7464	(-1, -1)	(-1, -1)	49
17:49:44.728	26	19.7422	(-1, -1)	(-1, -1)	49
17:49:44.756	27	19.7551	(-1, -1)	(-1, -1)	49
17:49:44.792	33	19.7247	(-1, -1)	(-1, -1)	49
17:49:44.837	31	19.6646	(-1, -1)	(-1, -1)	49
17:49:44.875	28	19.6521	(-1, -1)	(-1, -1)	49
17:49:44.910	26	19.6483	(-1, -1)	(-1, -1)	49
17:49:44.945	33	19.6416	(-1, -1)	(-1, -1)	49
17:49:44.990	32	19.7384	(-1, -1)	(-1, -1)	49
17:49:45.029	33	19.6902	(-1, -1)	(-1, -1)	49
17:49:45.071	31	19.6764	(-1, -1)	(-1, -1)	49
17:49:45.111	27	19.7933	(-1, -1)	(-1, -1)	49
17:49:45.146	29	19.7338	(-1, -1)	(-1, -1)	49
17:49:45.181	33	19.7111	(-1, -1)	(-1, -1)	49
17:49:45.223	31	19.6393	(-1, -1)	(-1, -1)	49
17:49:45.257	29	19.6676	(-1, -1)	(-1, -1)	49
17:49:45.293	29	19.6336	(-1, -1)	(-1, -1)	49
17:49:45.327	28	19.6619	(-1, -1)	(-1, -1)	49
17:49:45.364	33	19.6613	(-1, -1)	(-1, -1)	49
17:49:45.404	32	19.6984	(-1, -1)	(-1, -1)	49
17:49:45.446	32	19.7016	(-1, -1)	(-1, -1)	49
17:49:45.489	31	19.6382	(-1, -1)	(-1, -1)	49
17:49:45.530	31	19.6449	(-1, -1)	(-1, -1)	49
17:49:45.563	27	19.7001	(-1, -1)	(-1, -1)	49
17:49:45.598	30	19.6421	(-1, -1)	(-1, -1)	49
17:49:45.634	32	19.6813	(-1, -1)	(-1, -1)	49
17:49:45.676	32	19.6479	(-1, -1)	(-1, -1)	49
17:49:45.718	30	19.6347	(-1, -1)	(-1, -1)	49
17:49:45.751	29	19.7286	(-1, -1)	(-1, -1)	49
17:49:45.786	29	19.6431	(-1, -1)	(-1, -1)	49
17:49:45.820	30	19.652	(-1, -1)	(-1, -1)	49
17:49:45.855	30	19.7548	(-1, -1)	(-1, -1)	49
17:49:45.891	29	19.6671	(-1, -1)	(-1, -1)	49
17:49:45.926	28	19.7447	(-1, -1)	(-1, -1)	49
17:49:45.959	27	19.6766	(-1, -1)	(-1, -1)	49
17:49:45.994	25	19.7196	(-1, -1)	(-1, -1)	49
17:49:46.023	28	19.7284	(-1, -1)	(-1, -1)	49
17:49:46.059	32	19.7139	(-1, -1)	(-1, -1)	49
17:49:46.100	34	19.6409	(-1, -1)	(-1, -1)	49
17:49:46.141	28	19.6916	(-1, -1)	(-1, -1)	49
17:49:46.175	26	19.7809	(-1, -1)	(-1, -1)	49
17:49:46.209	26	19.7376	(-1, -1)	(-1, -1)	49
17:49:46.239	29	19.6348	(-1, -1)	(-1, -1)	49
17:49:46.273	30	19.6474	(-1, -1)	(-1, -1)	49
17:49:46.306	27	19.7164	(-1, -1)	(-1, -1)	49
17:49:46.341	27	19.7441	(-1, -1)	(-1, -1)	49
17:49:46.376	27	19.7055	(-1, -1)	(-1, -1)	49
17:49:46.411	26	19.7979	(-1, -1)	(-1, -1)	49
17:49:46.446	31	19.6219	(-1, -1)	(-1, -1)	49
17:49:46.481	30	19.6526	(-1, -1)	(-1, -1)	49
17:49:46.516	30	19.6588	(-1, -1)	(-1, -1)	49
17:49:46.552	30	19.7141	(-1, -1)	(-1, -1)	49
17:49:46.584	26	19.7145	(-1, -1)	(-1, -1)	49
17:49:46.620	26	19.7634	(-1, -1)	(-1, -1)	49
17:49:46.655	32	19.6985	(-1, -1)	(-1, -1)	49
17:49:46.697	32	19.6259	(-1, -1)	(-1, -1)	49
17:49:46.741	31	19.6375	(-1, -1)	(-1, -1)	49
17:49:46.780	29	19.6862	(-1, -1)	(-1, -1)	49
17:49:46.815	28	19.6658	(-1, -1)	(-1, -1)	49
17:49:46.850	27	19.655	(-1, -1)	(-1, -1)	49
17:49:46.884	29	19.6409	(-1, -1)	(-1, -1)	49
17:49:46.919	31	19.645	(-1, -1)	(-1, -1)	49
17:49:46.955	29	19.6553	(-1, -1)	(-1, -1)	49
17:49:46.988	27	19.7404	(-1, -1)	(-1, -1)	49
17:49:47.023	28	19.6933	(-1, -1)	(-1, -1)	49
17:49:47.059	31	19.6529	(-1, -1)	(-1, -1)	49
17:49:47.101	30	19.669	(-1, -1)	(-1, -1)	49
17:49:47.142	34	19.6384	(-1, -1)	(-1, -1)	49
17:49:47.185	30	19.6353	(-1, -1)	(-1, -1)	49
17:49:47.218	28	19.6921	(-1, -1)	(-1, -1)	49
17:49:47.253	32	19.656	(-1, -1)	(-1, -1)	49
17:49:47.295	32	19.6449	(-1, -1)	(-1, -1)	49
17:49:47.335	29	19.6479	(-1, -1)	(-1, -1)	49
17:49:47.370	28	19.7047	(-1, -1)	(-1, -1)	49
17:49:47.405	26	19.7498	(-1, -1)	(-1, -1)	49
17:49:47.439	27	19.7258	(-1, -1)	(-1, -1)	49
17:49:47.468	29	19.7187	(-1, -1)	(-1, -1)	49
17:49:47.502	30	19.6489	(-1, -1)	(-1, -1)	49
17:49:47.538	28	19.6764	(-1, -1)	(-1, -1)	49
17:49:47.572	30	19.6917	(-1, -1)	(-1, -1)	49
17:49:47.607	29	19.6563	(-1, -1)	(-1, -1)	49
17:49:47.642	26	19.8111	(-1, -1)	(-1, -1)	49
17:49:47.676	27	19.7359	(-1, -1)	(-1, -1)	49
17:49:47.712	33	19.6591	(-1, -1)	(-1, -1)	49
17:49:47.754	32	19.6455	(-1, -1)	(-1, -1)	49
17:49:47.797	30	19.6517	(-1, -1)	(-1, -1)	49
17:49:47.837	28	19.6499	(-1, -1)	(-1, -1)	49
17:49:47.871	28	19.6686	(-1, -1)	(-1, -1)	49
17:49:47.906	30	19.729	(-1, -1)	(-1, -1)	49
17:49:47.942	33	19.6425	(-1, -1)	(-1, -1)	49
17:49:47.984	32	19.6521	(-1, -1)	(-1, -1)	49
17:49:48.027	28	19.6536	(-1, -1)	(-1, -1)	49
17:49:48.059	26	19.753	(-1, -1)	(-1, -1)	49
17:49:48.086	26	19.6865	(-1, -1)	(-1, -1)	49
17:49:48.115	28	19.6844	(-1, -1)	(-1, -1)	49
17:49:48.150	30	19.687	(-1, -1)	(-1, -1)	49
17:49:48.185	28	19.6713	(-1, -1)	(-1, -1)	49
17:49:48.219	29	19.6926	(-1, -1)	(-1, -1)	49
17:49:48.254	29	19.6612	(-1, -1)	(-1, -1)	49
17:49:48.289	29	19.6536	(-1, -1)	(-1, -1)	49
17:49:48.323	30	19.6397	(-1, -1)	(-1, -1)	49
17:49:48.358	29	19.6321	(-1, -1)	(-1, -1)	49
17:49:48.394	31	19.6628	(-1, -1)	(-1, -1)	49
17:49:48.429	28	19.6364	(-1, -1)	(-1, -1)	49
17:49:48.462	27	19.8536	(-1, -1)	(-1, -1)	49
17:49:48.497	28	19.6674	(-1, -1)	(-1, -1)	49
17:49:48.533	32	19.6344	(-1, -1)	(-1, -1)	49
17:49:48.574	31	19.6569	(-1, -1)	(-1, -1)	49
17:49:48.610	32	19.6707	(-1, -1)	(-1, -1)	49
17:49:48.650	29	19.6879	(-1, -1)	(-1, -1)	49
17:49:48.684	26	19.7262	(-1, -1)	(-1, -1)	49
17:49:48.712	27	19.7267	(-1, -1)	(-1, -1)	49
17:49:48.749	31	19.6736	(-1, -1)	(-1, -1)	49
17:49:48.790	31	19.6606	(-1, -1)	(-1, -1)	49
17:49:48.832	31	19.6724	(-1, -1)	(-1, -1)	49
17:49:48.871	26	19.7458	(-1, -1)	(-1, -1)	49
17:49:48.899	27	19.7705	(-1, -1)	(-1, -1)	49
17:49:48.927	27	19.7502	(-1, -1)	(-1, -1)	49
17:49:48.963	31	19.6539	(-1, -1)	(-1, -1)	49
17:49:48.998	31	19.6474	(-1, -1)	(-1, -1)	49
17:49:49.033	30	19.7119	(-1, -1)	(-1, -1)	49
17:49:49.067	27	19.6458	(-1, -1)	(-1, -1)	49
17:49:49.102	26	19.7596	(-1, -1)	(-1, -1)	49
17:49:49.136	27	19.7201	(-1, -1)	(-1, -1)	49
17:49:49.173	31	19.6359	(-1, -1)	(-1, -1)	49
17:49:49.214	32	19.6314	(-1, -1)	(-1, -1)	49
17:49:49.257	31	19.6846	(-1, -1)	(-1, -1)	49
17:49:49.296	27	19.7707	(-1, -1)	(-1, -1)	49
17:49:49.330	29	19.7418	(-1, -1)	(-1, -1)	49
17:49:49.366	28	19.6496	(-1, -1)	(-1, -1)	49
17:49:49.400	27	19.7566	(-1, -1)	(-1, -1)	49
17:49:49.436	28	19.6723	(-1, -1)	(-1, -1)	49
17:49:49.470	30	19.7169	(-1, -1)	(-1, -1)	49
17:49:49.505	29	19.6439	(-1, -1)	(-1, -1)	49
17:49:49.540	28	19.6364	(-1, -1)	(-1, -1)	49
17:49:49.575	28	19.6443	(-1, -1)	(-1, -1)	49
17:49:49.609	29	19.6698	(-1, -1)	(-1, -1)	49
17:49:49.643	30	19.6724	(-1, -1)	(-1, -1)	49
17:49:49.679	29	19.719	(-1, -1)	(-1, -1)	49
17:49:49.713	27	19.7412	(-1, -1)	(-1, -1)	49
17:49:49.750	31	19.6582	(-1, -1)	(-1, -1)	49
17:49:49.783	29	19.6456	(-1, -1)	(-1, -1)	49
17:49:49.819	26	19.7409	(-1, -1)	(-1, -1)	49
17:49:49.852	26	19.7801	(-1, -1)	(-1, -1)	49
17:49:49.881	26	19.6751	(-1, -1)	(-1, -1)	49
17:49:49.914	27	19.6984	(-1, -1)	(-1, -1)	49
17:49:49.943	29	19.6544	(-1, -1)	(-1, -1)	49
17:49:49.977	30	19.7052	(-1, -1)	(-1, -1)	49
17:49:50.014	31	19.6415	(-1, -1)	(-1, -1)	49
17:49:50.055	32	19.6711	(-1, -1)	(-1, -1)	49
17:49:50.097	30	19.6739	(-1, -1)	(-1, -1)	49
17:49:50.131	25	19.7902	(-1, -1)	(-1, -1)	49
17:49:50.158	27	19.8043	(-1, -1)	(-1, -1)	49
17:49:50.194	31	19.6433	(-1, -1)	(-1, -1)	49
17:49:50.228	31	19.6941	(-1, -1)	(-1, -1)	49
17:49:50.264	31	19.7281	(-1, -1)	(-1, -1)	49
17:49:50.298	30	19.659	(-1, -1)	(-1, -1)	49
17:49:50.333	26	19.7338	(-1, -1)	(-1, -1)	49
17:49:50.366	26	19.8348	(-1, -1)	(-1, -1)	49
17:49:50.394	26	19.7473	(-1, -1)	(-1, -1)	49
17:49:50.422	26	19.752	(-1, -1)	(-1, -1)	49
17:49:50.450	26	19.7519	(-1, -1)	(-1, -1)	49
17:49:50.478	26	19.7524	(-1, -1)	(-1, -1)	49
17:49:50.514	32	19.695	(-1, -1)	(-1, -1)	49
17:49:50.548	29	19.6479	(-1, -1)	(-1, -1)	49
17:49:50.583	28	19.6316	(-1, -1)	(-1, -1)	49
17:49:50.617	29	19.6563	(-1, -1)	(-1, -1)	49
17:49:50.652	28	19.6416	(-1, -1)	(-1, -1)	49
17:49:50.686	30	19.6388	(-1, -1)	(-1, -1)	49
17:49:50.722	29	19.6867	(-1, -1)	(-1, -1)	49
17:49:50.756	29	19.7	(-1, -1)	(-1, -1)	49
17:49:50.791	33	19.7021	(-1, -1)	(-1, -1)	49
17:49:50.836	31	19.6781	(-1, -1)	(-1, -1)	49
17:49:50.875	29	19.6647	(-1, -1)	(-1, -1)	49
17:49:50.910	32	19.6498	(-1, -1)	(-1, -1)	49
17:49:50.951	29	19.6643	(-1, -1)	(-1, -1)	49
17:49:50.985	27	19.8096	(-1, -1)	(-1, -1)	49
17:49:51.020	30	19.6721	(-1, -1)	(-1, -1)	49
17:49:51.056	29	19.761	(-1, -1)	(-1, -1)	49
17:49:51.091	32	19.6351	(-1, -1)	(-1, -1)	49
17:49:51.133	32	19.649	(-1, -1)	(-1, -1)	49
17:49:51.173	29	19.6378	(-1, -1)	(-1, -1)	49
17:49:51.209	28	19.6887	(-1, -1)	(-1, -1)	49
17:49:51.246	28	19.699	(-1, -1)	(-1, -1)	49
17:49:51.282	28	19.7022	(-1, -1)	(-1, -1)	49
17:49:51.321	29	19.6483	(-1, -1)	(-1, -1)	49
17:49:51.362	26	19.6376	(-1, -1)	(-1, -1)	49
EOM

