BOM
Frame extends: 2263, 1306
_ms_area: 10
measurements taken: 585
current rendering method: 2
is mouse replay: 1
Camera settings: Roation Quaternion: ( -0.78287, -0.0775602, 0.576814, 0.219924), Translationsvektor: ( -0.0821918, 0.0689128, 1.775).
System_Time	Elapsed_Time_PaintGL	Elapsed_Kernel_Time	Frame_Coordinates	Grid_Position	Manual_Measurement
17:50:15.418	18	7.46726	(318, 226)	(32, 23)	49
17:50:15.449	17	7.46504	(325, 225)	(33, 23)	49
17:50:15.469	17	7.28178	(335, 225)	(34, 23)	49
17:50:15.490	16	7.37304	(345, 225)	(35, 23)	49
17:50:15.510	17	7.37719	(357, 225)	(36, 23)	49
17:50:15.531	19	7.35541	(372, 225)	(37, 23)	49
17:50:15.553	20	7.37333	(375, 225)	(38, 23)	49
17:50:15.581	21	7.32015	(385, 225)	(39, 23)	49
17:50:15.609	20	7.49763	(395, 225)	(40, 23)	49
17:50:15.636	21	7.47082	(405, 225)	(41, 23)	49
17:50:15.664	20	7.34919	(415, 225)	(42, 23)	49
17:50:15.691	17	7.46267	(425, 225)	(43, 23)	49
17:50:15.712	17	7.46978	(435, 226)	(44, 23)	49
17:50:15.733	16	7.35082	(445, 226)	(45, 23)	49
17:50:15.754	21	7.36593	(455, 226)	(46, 23)	49
17:50:15.782	21	7.44104	(465, 227)	(47, 23)	49
17:50:15.810	20	7.88548	(475, 227)	(48, 23)	49
17:50:15.838	21	8.00741	(485, 228)	(49, 23)	49
17:50:15.866	22	8.2477	(495, 228)	(50, 23)	49
17:50:15.895	21	8.08252	(505, 229)	(51, 23)	49
17:50:15.921	22	8.08889	(515, 229)	(52, 23)	49
17:50:15.949	21	8.1877	(525, 229)	(53, 23)	49
17:50:15.977	22	8.27467	(535, 229)	(54, 23)	49
17:50:16.005	21	8.1597	(545, 229)	(55, 23)	49
17:50:16.033	21	8.20385	(555, 229)	(56, 23)	49
17:50:16.060	22	8.16118	(565, 229)	(57, 23)	49
17:50:16.088	21	8.16222	(575, 229)	(58, 23)	49
17:50:16.116	23	8.31126	(585, 229)	(59, 23)	49
17:50:16.144	20	8.19748	(596, 229)	(60, 23)	49
17:50:16.172	21	8.34193	(605, 230)	(61, 23)	49
17:50:16.199	23	8.39541	(615, 230)	(62, 23)	49
17:50:16.227	23	8.59496	(626, 230)	(63, 23)	49
17:50:16.255	22	8.44015	(635, 230)	(64, 23)	49
17:50:16.283	22	8.44163	(645, 230)	(65, 23)	49
17:50:16.311	21	8.58118	(655, 230)	(66, 23)	49
17:50:16.338	24	8.74459	(665, 230)	(67, 23)	49
17:50:16.367	21	8.59807	(680, 230)	(68, 23)	49
17:50:16.396	22	8.60785	(685, 230)	(69, 23)	49
17:50:16.428	23	8.65363	(695, 230)	(70, 23)	49
17:50:16.465	23	8.63437	(705, 230)	(71, 23)	49
17:50:16.503	21	8.78608	(715, 230)	(72, 23)	49
17:50:16.538	21	8.77541	(725, 230)	(73, 23)	49
17:50:16.568	18	8.83111	(735, 230)	(74, 23)	49
17:50:16.588	19	9.03896	(749, 230)	(75, 23)	49
17:50:16.611	19	8.88578	(756, 230)	(76, 23)	49
17:50:16.638	18	8.91126	(766, 230)	(77, 23)	49
17:50:16.658	19	8.94296	(775, 230)	(78, 23)	49
17:50:16.679	19	9.05882	(785, 230)	(79, 23)	49
17:50:16.699	19	9.15215	(796, 229)	(80, 23)	49
17:50:16.721	19	9.14178	(805, 229)	(81, 23)	49
17:50:16.748	19	9.29259	(815, 229)	(82, 23)	49
17:50:16.769	19	9.38163	(825, 228)	(83, 23)	49
17:50:16.790	18	9.18326	(835, 228)	(84, 23)	49
17:50:16.810	19	9.34282	(845, 228)	(85, 23)	49
17:50:16.831	19	9.12696	(855, 228)	(86, 23)	49
17:50:16.852	19	8.97156	(865, 228)	(87, 23)	49
17:50:16.873	19	9.09333	(875, 228)	(88, 23)	49
17:50:16.894	18	9.02504	(885, 228)	(89, 23)	49
17:50:16.915	21	9.06667	(895, 228)	(90, 23)	49
17:50:16.944	19	9.07008	(905, 228)	(91, 23)	49
17:50:16.970	20	9.00563	(915, 228)	(92, 23)	49
17:50:16.992	20	9.22578	(925, 228)	(93, 23)	49
17:50:17.020	18	8.916	(935, 228)	(94, 23)	49
17:50:17.040	19	9.12978	(945, 227)	(95, 23)	49
17:50:17.061	20	9.11052	(957, 227)	(96, 23)	49
17:50:17.089	18	9.01141	(966, 227)	(97, 23)	49
17:50:17.110	20	9.02593	(975, 227)	(98, 23)	49
17:50:17.139	20	9.04726	(985, 227)	(99, 23)	49
17:50:17.166	19	9.13037	(995, 227)	(100, 23)	49
17:50:17.187	18	8.99882	(1005, 227)	(101, 23)	49
17:50:17.208	19	8.91985	(1015, 226)	(102, 23)	49
17:50:17.228	18	8.9317	(1025, 226)	(103, 23)	49
17:50:17.249	19	8.93674	(1035, 226)	(104, 23)	49
17:50:17.270	19	9.08104	(1045, 225)	(105, 23)	49
17:50:17.291	18	8.94341	(1055, 225)	(106, 23)	49
17:50:17.312	18	9.05644	(1065, 225)	(107, 23)	49
17:50:17.332	20	8.95437	(1071, 224)	(107, 22)	49
17:50:17.360	19	9.09867	(1075, 224)	(108, 22)	49
17:50:17.381	19	8.92148	(1085, 224)	(109, 22)	49
17:50:17.402	18	8.92148	(1095, 224)	(110, 22)	49
17:50:17.422	19	9.08904	(1105, 224)	(111, 22)	49
17:50:17.444	19	9.00267	(1115, 224)	(112, 22)	49
17:50:17.465	18	9.00667	(1125, 224)	(113, 22)	49
17:50:17.485	20	8.968	(1135, 224)	(114, 22)	49
17:50:17.513	19	9.05422	(1146, 223)	(115, 22)	49
17:50:17.534	18	9.07333	(1155, 223)	(116, 22)	49
17:50:17.554	19	9.01407	(1165, 223)	(117, 22)	49
17:50:17.575	20	8.94281	(1175, 223)	(118, 22)	49
17:50:17.597	18	9.06815	(1185, 223)	(119, 22)	49
17:50:17.617	20	8.96978	(1195, 223)	(120, 22)	49
17:50:17.645	19	9.09674	(1205, 223)	(121, 22)	49
17:50:17.665	20	9.07289	(1215, 223)	(122, 22)	49
17:50:17.686	19	8.9283	(1225, 223)	(123, 22)	49
17:50:17.708	19	8.98193	(1235, 223)	(124, 22)	49
17:50:17.735	20	8.94089	(1245, 223)	(125, 22)	49
17:50:17.758	19	8.88607	(1255, 223)	(126, 22)	49
17:50:17.784	19	8.99556	(1265, 224)	(127, 22)	49
17:50:17.805	19	9.05659	(1275, 224)	(128, 22)	49
17:50:17.826	19	9.05185	(1282, 225)	(128, 23)	49
17:50:17.847	18	9.06593	(1285, 225)	(129, 23)	49
17:50:17.867	19	8.88667	(1295, 226)	(130, 23)	49
17:50:17.888	19	8.98133	(1305, 226)	(131, 23)	49
17:50:17.909	19	8.97393	(1316, 228)	(132, 23)	49
17:50:17.930	19	8.88504	(1326, 228)	(133, 23)	49
17:50:17.952	19	9.04282	(1335, 228)	(134, 23)	49
17:50:17.979	18	8.97704	(1345, 229)	(135, 23)	49
17:50:17.999	20	8.86148	(1355, 230)	(136, 23)	49
17:50:18.027	20	8.8563	(1366, 230)	(137, 23)	49
17:50:18.049	18	8.7723	(1375, 230)	(138, 23)	49
17:50:18.069	20	8.83348	(1386, 231)	(139, 23)	49
17:50:18.090	19	8.79452	(1395, 231)	(140, 23)	49
17:50:18.110	19	8.888	(1405, 232)	(141, 23)	49
17:50:18.131	20	8.73244	(1415, 232)	(142, 23)	49
17:50:18.153	19	8.84563	(1425, 232)	(143, 23)	49
17:50:18.174	18	8.75156	(1435, 233)	(144, 23)	49
17:50:18.194	19	8.79674	(1445, 234)	(145, 23)	49
17:50:18.215	20	8.84	(1455, 234)	(146, 23)	49
17:50:18.243	19	8.72252	(1465, 234)	(147, 23)	49
17:50:18.264	18	8.61304	(1478, 234)	(148, 23)	49
17:50:18.285	17	8.60993	(1485, 234)	(149, 23)	49
17:50:18.305	18	8.57437	(1488, 235)	(149, 24)	49
17:50:18.326	18	8.50993	(1495, 235)	(150, 24)	49
17:50:18.347	18	8.52074	(1506, 235)	(151, 24)	49
17:50:18.368	19	8.448	(1516, 235)	(152, 24)	49
17:50:18.395	19	8.37037	(1526, 236)	(153, 24)	49
17:50:18.416	20	8.32741	(1535, 236)	(154, 24)	49
17:50:18.438	17	8.31674	(1546, 236)	(155, 24)	49
17:50:18.458	18	8.25778	(1556, 237)	(156, 24)	49
17:50:18.479	19	8.32252	(1565, 237)	(157, 24)	49
17:50:18.500	18	8.212	(1575, 238)	(158, 24)	49
17:50:18.521	17	8.2797	(1585, 238)	(159, 24)	49
17:50:18.541	19	8.17585	(1595, 239)	(160, 24)	49
17:50:18.564	18	8.22163	(1605, 239)	(161, 24)	49
17:50:18.591	19	8.11615	(1615, 240)	(162, 24)	49
17:50:18.611	18	8.06859	(1625, 240)	(163, 24)	49
17:50:18.632	17	8.06311	(1636, 241)	(164, 24)	49
17:50:18.653	19	7.94252	(1645, 242)	(165, 24)	49
17:50:18.681	21	7.88104	(1655, 242)	(166, 24)	49
17:50:18.709	20	7.90607	(1666, 243)	(167, 24)	49
17:50:18.737	20	8.01896	(1676, 244)	(168, 24)	49
17:50:18.764	21	7.83896	(1677, 245)	(168, 25)	49
17:50:18.793	22	7.85437	(1686, 245)	(169, 25)	49
17:50:18.821	19	7.82933	(1696, 246)	(170, 25)	49
17:50:18.848	18	7.76059	(1705, 246)	(171, 25)	49
17:50:18.869	16	7.78548	(1715, 248)	(172, 25)	49
17:50:18.889	17	7.84089	(1726, 249)	(173, 25)	49
17:50:18.910	18	7.87704	(1735, 250)	(174, 25)	49
17:50:18.931	18	7.76593	(1745, 251)	(175, 25)	49
17:50:18.952	18	7.70193	(1755, 253)	(176, 25)	49
17:50:18.973	18	7.71452	(1765, 254)	(177, 25)	49
17:50:18.994	18	7.69215	(1768, 255)	(177, 26)	49
17:50:19.015	16	7.6077	(1775, 256)	(178, 26)	49
17:50:19.036	16	7.58104	(1785, 258)	(179, 26)	49
17:50:19.056	17	7.47007	(1795, 260)	(180, 26)	49
17:50:19.077	18	7.38119	(1805, 262)	(181, 26)	49
17:50:19.098	17	7.36652	(1815, 264)	(182, 26)	49
17:50:19.119	17	7.44548	(1817, 265)	(182, 27)	49
17:50:19.140	17	7.35896	(1825, 267)	(183, 27)	49
17:50:19.160	17	7.33289	(1838, 271)	(184, 27)	49
17:50:19.181	17	7.43096	(1845, 273)	(185, 27)	49
17:50:19.202	18	7.39644	(1849, 275)	(185, 28)	49
17:50:19.223	17	7.50059	(1858, 278)	(186, 28)	49
17:50:19.244	18	7.51719	(1865, 280)	(187, 28)	49
17:50:19.264	18	7.38963	(1874, 285)	(187, 29)	49
17:50:19.285	18	7.39674	(1875, 285)	(188, 29)	49
17:50:19.307	16	7.29733	(1885, 289)	(189, 29)	49
17:50:19.327	18	7.36074	(1895, 294)	(190, 29)	49
17:50:19.348	17	7.35363	(1895, 295)	(190, 30)	49
17:50:19.369	17	7.34356	(1905, 299)	(191, 30)	49
17:50:19.390	19	7.38933	(1912, 305)	(191, 31)	49
17:50:19.418	16	7.41392	(1915, 307)	(192, 31)	49
17:50:19.438	18	7.39867	(1925, 314)	(193, 31)	49
17:50:19.460	18	7.37704	(1926, 315)	(193, 32)	49
17:50:19.481	17	7.30474	(1935, 322)	(194, 32)	49
17:50:19.501	18	7.29185	(1937, 325)	(194, 33)	49
17:50:19.523	17	7.27511	(1945, 333)	(195, 33)	49
17:50:19.543	17	7.26815	(1947, 335)	(195, 34)	49
17:50:19.564	17	7.272	(1955, 344)	(196, 34)	49
17:50:19.585	18	7.38	(1955, 345)	(196, 35)	49
17:50:19.612	17	7.31333	(1963, 355)	(196, 36)	49
17:50:19.633	18	7.30193	(1965, 358)	(197, 36)	49
17:50:19.654	17	7.25422	(1968, 365)	(197, 37)	49
17:50:19.675	17	7.26311	(1973, 375)	(197, 38)	49
17:50:19.695	17	7.32371	(1975, 379)	(198, 38)	49
17:50:19.716	17	7.39333	(1976, 385)	(198, 39)	49
17:50:19.737	18	7.36696	(1980, 395)	(198, 40)	49
17:50:19.759	16	7.23985	(1982, 405)	(198, 41)	49
17:50:19.780	17	7.336	(1984, 415)	(198, 42)	49
17:50:19.801	18	7.32593	(1985, 417)	(199, 42)	49
17:50:19.821	18	7.34578	(1985, 425)	(199, 43)	49
17:50:19.843	16	7.30756	(1987, 435)	(199, 44)	49
17:50:19.863	17	7.32104	(1988, 445)	(199, 45)	49
17:50:19.883	17	7.34045	(1989, 455)	(199, 46)	49
17:50:19.904	17	7.30311	(1989, 465)	(199, 47)	49
17:50:19.925	17	7.34859	(1989, 475)	(199, 48)	49
17:50:19.946	17	7.32682	(1988, 485)	(199, 49)	49
17:50:19.967	18	7.48919	(1985, 495)	(199, 50)	49
17:50:19.988	18	7.46326	(1984, 495)	(198, 50)	49
17:50:20.009	18	7.50044	(1980, 505)	(198, 51)	49
17:50:20.030	17	7.36104	(1972, 516)	(197, 52)	49
17:50:20.050	18	7.43141	(1965, 525)	(197, 53)	49
17:50:20.072	16	7.30978	(1964, 526)	(196, 53)	49
17:50:20.092	18	7.46252	(1954, 534)	(195, 53)	49
17:50:20.113	17	7.40933	(1953, 535)	(195, 54)	49
17:50:20.134	17	7.31081	(1944, 539)	(194, 54)	49
17:50:20.155	16	7.36015	(1937, 545)	(194, 55)	49
17:50:20.176	17	7.45956	(1934, 547)	(193, 55)	49
17:50:20.196	18	7.51378	(1924, 555)	(192, 56)	49
17:50:20.217	18	7.39022	(1914, 561)	(191, 56)	49
17:50:20.238	17	7.42252	(1907, 565)	(191, 57)	49
17:50:20.259	16	7.49733	(1904, 567)	(190, 57)	49
17:50:20.280	16	7.49674	(1894, 572)	(189, 57)	49
17:50:20.300	21	7.45156	(1890, 575)	(189, 58)	49
17:50:20.329	24	7.51956	(1884, 577)	(188, 58)	49
17:50:20.357	23	7.50845	(1874, 581)	(187, 58)	49
17:50:20.385	25	7.47496	(1866, 585)	(187, 59)	49
17:50:20.414	22	7.40148	(1864, 585)	(186, 59)	49
17:50:20.440	21	7.51896	(1854, 590)	(185, 59)	49
17:50:20.467	18	7.49556	(1844, 594)	(184, 59)	49
17:50:20.488	17	7.44207	(1843, 595)	(184, 60)	49
17:50:20.509	16	7.52311	(1834, 597)	(183, 60)	49
17:50:20.530	17	7.45852	(1823, 601)	(182, 60)	49
17:50:20.550	17	7.48637	(1810, 606)	(181, 61)	49
17:50:20.571	19	7.69941	(1804, 609)	(180, 61)	49
17:50:20.592	18	7.76015	(1794, 612)	(179, 61)	49
17:50:20.613	16	7.90163	(1787, 615)	(179, 62)	49
17:50:20.634	19	7.84208	(1784, 616)	(178, 62)	49
17:50:20.655	18	7.97526	(1774, 619)	(177, 62)	49
17:50:20.676	18	8.11615	(1764, 622)	(176, 62)	49
17:50:20.697	17	8.15111	(1758, 625)	(176, 63)	49
17:50:20.717	18	8.05956	(1754, 626)	(175, 63)	49
17:50:20.738	18	8.1243	(1744, 628)	(174, 63)	49
17:50:20.759	17	8.22119	(1734, 631)	(173, 63)	49
17:50:20.780	21	8.25067	(1724, 633)	(172, 63)	49
17:50:20.809	21	8.37733	(1715, 635)	(172, 64)	49
17:50:20.837	19	8.32281	(1714, 635)	(171, 64)	49
17:50:20.864	19	8.34163	(1704, 637)	(170, 64)	49
17:50:20.892	18	8.58963	(1694, 638)	(169, 64)	49
17:50:20.913	19	8.70711	(1684, 640)	(168, 64)	49
17:50:20.933	19	8.71333	(1674, 641)	(167, 64)	49
17:50:20.954	19	8.79911	(1664, 642)	(166, 64)	49
17:50:20.975	19	8.9523	(1654, 643)	(165, 64)	49
17:50:20.995	20	8.9757	(1644, 644)	(164, 64)	49
17:50:21.017	19	8.95822	(1633, 644)	(163, 64)	49
17:50:21.037	20	9.00978	(1624, 644)	(162, 64)	49
17:50:21.065	21	9.02993	(1614, 644)	(161, 64)	49
17:50:21.093	19	9.07437	(1604, 644)	(160, 64)	49
17:50:21.120	20	9.04356	(1594, 644)	(159, 64)	49
17:50:21.142	19	9.0883	(1584, 644)	(158, 64)	49
17:50:21.162	19	9.23126	(1574, 644)	(157, 64)	49
17:50:21.183	21	9.2877	(1564, 644)	(156, 64)	49
17:50:21.211	20	9.32356	(1554, 644)	(155, 64)	49
17:50:21.239	19	9.22163	(1548, 645)	(155, 65)	49
17:50:21.260	20	9.33467	(1544, 645)	(154, 65)	49
17:50:21.288	20	9.25585	(1534, 645)	(153, 65)	49
17:50:21.316	21	9.43659	(1524, 646)	(152, 65)	49
17:50:21.344	24	9.43496	(1514, 647)	(151, 65)	49
17:50:21.372	23	9.35704	(1504, 648)	(150, 65)	49
17:50:21.399	23	9.48267	(1494, 649)	(149, 65)	49
17:50:21.427	24	9.5523	(1484, 651)	(148, 65)	49
17:50:21.457	23	9.77022	(1474, 652)	(147, 65)	49
17:50:21.482	21	9.4917	(1464, 652)	(146, 65)	49
17:50:21.510	21	9.47926	(1454, 653)	(145, 65)	49
17:50:21.538	21	9.49067	(1444, 654)	(144, 65)	49
17:50:21.566	21	9.58726	(1434, 654)	(143, 65)	49
17:50:21.594	20	9.51141	(1419, 654)	(142, 65)	49
17:50:21.622	20	9.55926	(1414, 654)	(141, 65)	49
17:50:21.649	21	9.45052	(1404, 654)	(140, 65)	49
17:50:21.678	20	9.58993	(1394, 654)	(139, 65)	49
17:50:21.705	20	9.46637	(1384, 654)	(138, 65)	49
17:50:21.733	18	9.43304	(1374, 654)	(137, 65)	49
17:50:21.753	19	9.51096	(1356, 653)	(136, 65)	49
17:50:21.774	19	9.59037	(1354, 653)	(135, 65)	49
17:50:21.802	21	9.38015	(1344, 652)	(134, 65)	49
17:50:21.831	19	9.432	(1334, 651)	(133, 65)	49
17:50:21.858	21	9.32637	(1323, 651)	(132, 65)	49
17:50:21.886	20	9.21304	(1314, 650)	(131, 65)	49
17:50:21.913	19	9.26815	(1303, 649)	(130, 65)	49
17:50:21.934	19	9.16904	(1294, 648)	(129, 65)	49
17:50:21.955	19	9.11437	(1284, 647)	(128, 65)	49
17:50:21.983	20	9.02978	(1274, 647)	(127, 65)	49
17:50:22.011	20	8.98548	(1264, 646)	(126, 65)	49
17:50:22.038	21	8.88726	(1256, 644)	(126, 64)	49
17:50:22.067	19	8.87571	(1254, 644)	(125, 64)	49
17:50:22.095	20	8.92267	(1244, 643)	(124, 64)	49
17:50:22.122	20	8.99408	(1234, 643)	(123, 64)	49
17:50:22.150	20	8.92682	(1224, 641)	(122, 64)	49
17:50:22.177	21	8.83452	(1214, 641)	(121, 64)	49
17:50:22.210	25	8.86904	(1204, 641)	(120, 64)	49
17:50:22.241	26	8.90133	(1194, 640)	(119, 64)	49
17:50:22.277	25	8.87333	(1184, 639)	(118, 64)	49
17:50:22.311	22	8.69378	(1174, 639)	(117, 64)	49
17:50:22.337	19	8.75244	(1164, 637)	(116, 64)	49
17:50:22.358	17	8.812	(1154, 637)	(115, 64)	49
17:50:22.379	17	8.66444	(1144, 636)	(114, 64)	49
17:50:22.399	18	8.78296	(1134, 636)	(113, 64)	49
17:50:22.420	19	8.65926	(1124, 635)	(112, 64)	49
17:50:22.442	17	8.67837	(1114, 635)	(111, 64)	49
17:50:22.463	17	8.66711	(1110, 634)	(111, 63)	49
17:50:22.483	19	8.61541	(1104, 634)	(110, 63)	49
17:50:22.505	17	8.59689	(1093, 633)	(109, 63)	49
17:50:22.525	18	8.71437	(1084, 632)	(108, 63)	49
17:50:22.545	18	8.708	(1074, 632)	(107, 63)	49
17:50:22.566	19	8.67867	(1064, 631)	(106, 63)	49
17:50:22.588	17	8.58267	(1051, 631)	(105, 63)	49
17:50:22.609	17	8.63496	(1032, 629)	(103, 63)	49
17:50:22.629	18	8.64222	(1024, 629)	(102, 63)	49
17:50:22.650	18	8.53081	(1014, 629)	(101, 63)	49
17:50:22.671	21	8.5363	(1004, 628)	(100, 63)	49
17:50:22.700	22	8.68326	(994, 627)	(99, 63)	49
17:50:22.727	22	8.53659	(984, 627)	(98, 63)	49
17:50:22.756	21	8.49363	(974, 627)	(97, 63)	49
17:50:22.782	20	8.57304	(964, 626)	(96, 63)	49
17:50:22.810	20	8.59837	(954, 626)	(95, 63)	49
17:50:22.839	19	8.66311	(944, 626)	(94, 63)	49
17:50:22.859	20	8.72	(934, 625)	(93, 63)	49
17:50:22.887	22	8.59378	(927, 624)	(93, 62)	49
17:50:22.915	22	8.67689	(924, 624)	(92, 62)	49
17:50:22.943	20	8.69985	(914, 623)	(91, 62)	49
17:50:22.970	17	8.69363	(904, 622)	(90, 62)	49
17:50:22.991	18	8.74356	(894, 621)	(89, 62)	49
17:50:23.012	19	8.71007	(884, 620)	(88, 62)	49
17:50:23.033	18	8.69511	(873, 619)	(87, 62)	49
17:50:23.053	19	8.73392	(864, 619)	(86, 62)	49
17:50:23.074	19	8.79926	(854, 619)	(85, 62)	49
17:50:23.095	19	9.11022	(843, 618)	(84, 62)	49
17:50:23.116	19	9.17348	(834, 618)	(83, 62)	49
17:50:23.137	20	9.35067	(823, 617)	(82, 62)	49
17:50:23.165	18	9.39615	(814, 617)	(81, 62)	49
17:50:23.186	18	9.59052	(804, 617)	(80, 62)	49
17:50:23.206	19	9.45793	(794, 617)	(79, 62)	49
17:50:23.227	19	9.488	(784, 616)	(78, 62)	49
17:50:23.248	18	9.56474	(772, 616)	(77, 62)	49
17:50:23.269	19	9.56874	(764, 615)	(76, 62)	49
17:50:23.290	17	9.47719	(754, 615)	(75, 62)	49
17:50:23.310	19	9.424	(744, 615)	(74, 62)	49
17:50:23.331	19	9.4397	(734, 615)	(73, 62)	49
17:50:23.353	19	9.53926	(724, 615)	(72, 62)	49
17:50:23.373	19	9.41837	(714, 615)	(71, 62)	49
17:50:23.394	19	9.42459	(704, 615)	(70, 62)	49
17:50:23.415	23	9.30578	(694, 615)	(69, 62)	49
17:50:23.442	19	9.31644	(684, 615)	(68, 62)	49
17:50:23.464	23	9.34474	(674, 615)	(67, 62)	49
17:50:23.493	22	9.22726	(664, 616)	(66, 62)	49
17:50:23.520	22	9.35393	(654, 617)	(65, 62)	49
17:50:23.548	20	9.2397	(644, 618)	(64, 62)	49
17:50:23.575	21	9.18326	(634, 618)	(63, 62)	49
17:50:23.603	20	9.23467	(624, 619)	(62, 62)	49
17:50:23.631	23	9.05022	(614, 619)	(61, 62)	49
17:50:23.660	25	9.02163	(604, 621)	(60, 62)	49
17:50:23.694	26	9.13348	(594, 621)	(59, 62)	49
17:50:23.729	27	8.93926	(584, 622)	(58, 62)	49
17:50:23.763	23	9.3117	(574, 624)	(57, 62)	49
17:50:23.791	22	9.31882	(566, 625)	(57, 63)	49
17:50:23.818	23	9.35185	(564, 625)	(56, 63)	49
17:50:23.846	23	9.24237	(554, 625)	(55, 63)	49
17:50:23.875	21	9.10015	(544, 626)	(54, 63)	49
17:50:23.902	22	9.16741	(534, 628)	(53, 63)	49
17:50:23.930	23	9.20548	(524, 629)	(52, 63)	49
17:50:23.959	21	8.99452	(514, 631)	(51, 63)	49
17:50:23.985	22	9.056	(504, 633)	(50, 63)	49
17:50:24.014	21	8.90993	(494, 634)	(49, 63)	49
17:50:24.042	22	8.92667	(493, 635)	(49, 64)	49
17:50:24.069	21	8.77659	(484, 637)	(48, 64)	49
17:50:24.097	22	8.72252	(467, 641)	(47, 64)	49
17:50:24.125	22	8.46637	(464, 642)	(46, 64)	49
17:50:24.153	21	8.41822	(458, 645)	(46, 65)	49
17:50:24.180	22	8.29274	(454, 646)	(45, 65)	49
17:50:24.210	22	7.96667	(444, 650)	(44, 65)	49
17:50:24.236	21	8.06459	(434, 654)	(43, 65)	49
17:50:24.263	21	8.06193	(432, 655)	(43, 66)	49
17:50:24.292	20	7.83615	(424, 658)	(42, 66)	49
17:50:24.319	20	7.57733	(414, 662)	(41, 66)	49
17:50:24.346	21	7.42711	(409, 665)	(41, 67)	49
17:50:24.376	20	7.38874	(404, 667)	(40, 67)	49
17:50:24.403	19	7.35393	(394, 671)	(39, 67)	49
17:50:24.430	17	7.40726	(387, 675)	(39, 68)	49
17:50:24.451	18	7.41393	(384, 676)	(38, 68)	49
17:50:24.472	17	7.35037	(374, 680)	(37, 68)	49
17:50:24.493	16	7.33067	(367, 685)	(37, 69)	49
17:50:24.515	23	7.35822	(364, 687)	(36, 69)	49
17:50:24.543	24	7.38622	(356, 695)	(36, 70)	49
17:50:24.577	19	7.32622	(354, 695)	(35, 70)	49
17:50:24.597	17	7.37111	(344, 704)	(34, 70)	49
17:50:24.618	16	7.44504	(344, 705)	(34, 71)	49
17:50:24.639	16	7.32696	(337, 715)	(34, 72)	49
17:50:24.659	22	7.43941	(335, 725)	(34, 73)	49
17:50:24.688	22	7.34904	(334, 727)	(33, 73)	49
17:50:24.716	22	7.43807	(331, 735)	(33, 74)	49
17:50:24.744	20	7.32578	(329, 746)	(33, 75)	49
17:50:24.771	20	7.46074	(329, 755)	(33, 76)	49
17:50:24.799	18	7.37408	(329, 765)	(33, 77)	49
17:50:24.819	17	7.36385	(329, 775)	(33, 78)	49
17:50:24.840	16	7.46385	(329, 785)	(33, 79)	49
17:50:24.860	17	7.38859	(329, 795)	(33, 80)	49
17:50:24.881	16	7.46282	(329, 805)	(33, 81)	49
17:50:24.902	19	7.26933	(329, 833)	(33, 83)	49
17:50:24.923	19	7.38504	(329, 836)	(33, 84)	49
17:50:24.945	18	7.47408	(329, 845)	(33, 85)	49
17:50:24.966	17	7.47541	(329, 855)	(33, 86)	49
17:50:24.986	18	7.25867	(330, 865)	(33, 87)	49
17:50:25.007	18	7.30252	(332, 875)	(33, 88)	49
17:50:25.027	18	7.25674	(335, 883)	(34, 88)	49
17:50:25.048	18	7.27008	(335, 885)	(34, 89)	49
17:50:25.069	17	7.30904	(338, 895)	(34, 90)	49
17:50:25.090	17	7.26474	(341, 905)	(34, 91)	49
17:50:25.110	18	7.3083	(345, 914)	(35, 91)	49
17:50:25.132	17	7.28089	(346, 915)	(35, 92)	49
17:50:25.153	17	7.2757	(350, 925)	(35, 93)	49
17:50:25.175	19	7.26755	(355, 931)	(36, 93)	49
17:50:25.202	19	7.29526	(357, 935)	(36, 94)	49
17:50:25.230	20	7.25837	(364, 945)	(36, 95)	49
17:50:25.257	21	7.27956	(365, 945)	(37, 95)	49
17:50:25.285	19	7.27985	(373, 955)	(37, 96)	49
17:50:25.313	20	7.29467	(375, 956)	(38, 96)	49
17:50:25.341	19	7.37585	(384, 965)	(38, 97)	49
17:50:25.362	19	7.34148	(385, 966)	(39, 97)	49
17:50:25.390	19	7.34963	(395, 975)	(40, 98)	49
17:50:25.417	20	7.27763	(405, 982)	(41, 98)	49
17:50:25.445	20	7.28282	(411, 987)	(41, 99)	49
17:50:25.473	20	7.26711	(415, 989)	(42, 99)	49
17:50:25.501	20	7.34415	(423, 995)	(42, 100)	49
17:50:25.529	20	7.30237	(425, 996)	(43, 100)	49
17:50:25.557	20	7.37956	(435, 1001)	(44, 100)	49
17:50:25.585	20	7.32622	(441, 1005)	(44, 101)	49
17:50:25.612	20	7.36222	(446, 1007)	(45, 101)	49
17:50:25.640	19	7.41674	(455, 1012)	(46, 101)	49
17:50:25.663	20	7.52119	(461, 1015)	(46, 102)	49
17:50:25.689	20	7.60193	(465, 1017)	(47, 102)	49
17:50:25.716	20	7.82948	(475, 1022)	(48, 102)	49
17:50:25.744	20	7.94296	(481, 1025)	(48, 103)	49
17:50:25.772	20	7.86593	(485, 1026)	(49, 103)	49
17:50:25.799	21	7.9717	(495, 1030)	(50, 103)	49
17:50:25.828	18	8.0523	(505, 1034)	(51, 103)	49
17:50:25.848	19	8.156	(506, 1035)	(51, 104)	49
17:50:25.869	18	8.02207	(515, 1037)	(52, 104)	49
17:50:25.890	18	8.09526	(525, 1040)	(53, 104)	49
17:50:25.911	18	8.11259	(540, 1043)	(54, 104)	49
17:50:25.931	26	8.26178	(545, 1044)	(55, 104)	49
17:50:25.959	18	8.23007	(549, 1045)	(55, 105)	49
17:50:25.980	18	8.20874	(555, 1046)	(56, 105)	49
17:50:26.001	19	8.34637	(577, 1050)	(58, 105)	49
17:50:26.022	21	8.52133	(585, 1052)	(59, 105)	49
17:50:26.050	21	8.37156	(595, 1053)	(60, 105)	49
17:50:26.078	21	8.38844	(605, 1054)	(61, 105)	49
17:50:26.105	18	8.60311	(608, 1055)	(61, 106)	49
17:50:26.126	17	8.6157	(615, 1056)	(62, 106)	49
17:50:26.146	18	8.51689	(625, 1057)	(63, 106)	49
17:50:26.167	18	8.56044	(635, 1058)	(64, 106)	49
17:50:26.188	20	8.56296	(645, 1059)	(65, 106)	49
17:50:26.216	22	8.6197	(655, 1060)	(66, 106)	49
17:50:26.245	20	8.58963	(665, 1061)	(67, 106)	49
17:50:26.272	20	8.68178	(675, 1061)	(68, 106)	49
17:50:26.301	18	8.78845	(685, 1063)	(69, 106)	49
17:50:26.327	19	8.74519	(695, 1063)	(70, 106)	49
17:50:26.348	19	8.81393	(705, 1064)	(71, 106)	49
17:50:26.369	19	8.99393	(715, 1064)	(72, 106)	49
17:50:26.390	22	8.99526	(719, 1065)	(72, 107)	49
17:50:26.419	23	9.00044	(725, 1065)	(73, 107)	49
17:50:26.447	24	8.90044	(735, 1066)	(74, 107)	49
17:50:26.475	24	9.17659	(745, 1066)	(75, 107)	49
17:50:26.503	21	9.13941	(755, 1066)	(76, 107)	49
17:50:26.530	19	9.02696	(765, 1066)	(77, 107)	49
17:50:26.557	20	9.11985	(775, 1067)	(78, 107)	49
17:50:26.586	23	9.10815	(785, 1067)	(79, 107)	49
17:50:26.614	24	9.24148	(795, 1068)	(80, 107)	49
17:50:26.642	23	9.14	(805, 1069)	(81, 107)	49
17:50:26.669	23	9.24104	(815, 1070)	(82, 107)	49
17:50:26.697	25	9.21126	(825, 1071)	(83, 107)	49
17:50:26.727	21	9.14978	(835, 1072)	(84, 107)	49
17:50:26.752	20	9.28074	(845, 1073)	(85, 107)	49
17:50:26.779	20	9.28533	(856, 1074)	(86, 107)	49
17:50:26.807	20	9.34252	(862, 1075)	(86, 108)	49
17:50:26.835	21	9.23719	(865, 1075)	(87, 108)	49
17:50:26.864	19	9.32237	(875, 1075)	(88, 108)	49
17:50:26.891	20	9.22015	(885, 1076)	(89, 108)	49
17:50:26.919	20	9.20015	(895, 1077)	(90, 108)	49
17:50:26.947	20	9.16622	(905, 1078)	(91, 108)	49
17:50:26.976	25	9.2437	(915, 1078)	(92, 108)	49
17:50:27.010	24	9.16859	(925, 1079)	(93, 108)	49
17:50:27.038	24	9.17452	(935, 1080)	(94, 108)	49
17:50:27.066	26	9.27393	(945, 1081)	(95, 108)	49
17:50:27.101	25	9.22919	(955, 1082)	(96, 108)	49
17:50:27.135	21	9.24741	(965, 1082)	(97, 108)	49
17:50:27.162	19	9.29748	(975, 1083)	(98, 108)	49
17:50:27.183	19	9.31274	(986, 1083)	(99, 108)	49
17:50:27.204	18	9.15052	(995, 1084)	(100, 108)	49
17:50:27.224	20	9.1357	(1005, 1084)	(101, 108)	49
17:50:27.246	18	9.17244	(1015, 1084)	(102, 108)	49
17:50:27.267	18	9.13007	(1017, 1085)	(102, 109)	49
17:50:27.287	20	9.04237	(1025, 1085)	(103, 109)	49
17:50:27.315	20	9.11022	(1040, 1085)	(104, 109)	49
17:50:27.343	19	9.19763	(1048, 1085)	(105, 109)	49
17:50:27.364	18	9.24059	(1055, 1086)	(106, 109)	49
17:50:27.384	20	9.14563	(1065, 1086)	(107, 109)	49
17:50:27.406	18	9.07111	(1075, 1086)	(108, 109)	49
17:50:27.426	19	9.10163	(1085, 1086)	(109, 109)	49
17:50:27.447	20	9.08282	(1096, 1086)	(110, 109)	49
17:50:27.475	19	9.13881	(1105, 1086)	(111, 109)	49
17:50:27.496	18	9.17022	(1115, 1086)	(112, 109)	49
17:50:27.516	19	9.06918	(1126, 1086)	(113, 109)	49
17:50:27.537	19	9.21289	(1135, 1086)	(114, 109)	49
17:50:27.558	20	9.13556	(1146, 1086)	(115, 109)	49
17:50:27.586	19	9.156	(1155, 1086)	(116, 109)	49
17:50:27.606	20	9.23556	(1166, 1086)	(117, 109)	49
17:50:27.634	20	9.29659	(1175, 1086)	(118, 109)	49
17:50:27.663	23	9.01556	(1185, 1085)	(119, 109)	49
17:50:27.693	24	9.11882	(1188, 1084)	(119, 108)	49
17:50:27.726	24	9.07941	(1195, 1084)	(120, 108)	49
17:50:27.753	20	9.07674	(1205, 1082)	(121, 108)	49
17:50:27.780	19	9.11274	(1215, 1081)	(122, 108)	49
17:50:27.801	19	9.09156	(1225, 1081)	(123, 108)	49
17:50:27.823	18	9.16652	(1235, 1081)	(124, 108)	49
17:50:27.843	19	9.21511	(1245, 1080)	(125, 108)	49
17:50:27.864	20	9.23556	(1255, 1080)	(126, 108)	49
17:50:27.893	23	9.30119	(1265, 1079)	(127, 108)	49
17:50:27.920	24	9.27837	(1275, 1078)	(128, 108)	49
17:50:27.948	22	9.33185	(1286, 1077)	(129, 108)	49
17:50:27.975	20	9.22178	(1295, 1077)	(130, 108)	49
17:50:28.003	20	9.26548	(1305, 1077)	(131, 108)	49
17:50:28.031	19	9.27837	(1315, 1077)	(132, 108)	49
17:50:28.058	20	9.25333	(1325, 1077)	(133, 108)	49
17:50:28.080	20	9.24741	(1335, 1077)	(134, 108)	49
17:50:28.108	19	9.30563	(1345, 1077)	(135, 108)	49
17:50:28.135	24	9.34978	(1355, 1077)	(136, 108)	49
17:50:28.165	21	9.12015	(1365, 1079)	(137, 108)	49
17:50:28.191	20	9.28667	(1375, 1080)	(138, 108)	49
17:50:28.219	20	9.15052	(1385, 1081)	(139, 108)	49
17:50:28.246	20	9.20385	(1395, 1081)	(140, 108)	49
17:50:28.275	20	9.14548	(1405, 1083)	(141, 108)	49
17:50:28.303	20	9.20015	(1416, 1084)	(142, 108)	49
17:50:28.330	20	9.03526	(1418, 1085)	(142, 109)	49
17:50:28.358	20	9.06178	(1425, 1085)	(143, 109)	49
17:50:28.386	20	9.12711	(1437, 1088)	(144, 109)	49
17:50:28.413	21	9.0043	(1445, 1088)	(145, 109)	49
17:50:28.442	21	8.92933	(1455, 1089)	(146, 109)	49
17:50:28.470	20	9.03185	(1465, 1090)	(147, 109)	49
17:50:28.497	20	8.78593	(1476, 1091)	(148, 109)	49
17:50:28.524	21	8.77141	(1485, 1092)	(149, 109)	49
17:50:28.553	20	8.86015	(1495, 1093)	(150, 109)	49
17:50:28.581	20	8.82489	(1505, 1093)	(151, 109)	49
17:50:28.608	20	8.73141	(1515, 1093)	(152, 109)	49
17:50:28.636	20	8.66578	(1525, 1093)	(153, 109)	49
17:50:28.664	20	8.54444	(1535, 1094)	(154, 109)	49
17:50:28.691	20	8.42933	(1545, 1094)	(155, 109)	49
17:50:28.719	21	8.45674	(1555, 1094)	(156, 109)	49
17:50:28.747	21	8.44163	(1565, 1094)	(157, 109)	49
17:50:28.775	20	8.59052	(1566, 1095)	(157, 110)	49
17:50:28.803	20	8.29185	(1575, 1095)	(158, 110)	49
17:50:28.831	23	8.35482	(1585, 1095)	(159, 110)	49
17:50:28.859	18	8.32948	(1596, 1096)	(160, 110)	49
17:50:28.879	18	8.1877	(1605, 1096)	(161, 110)	49
17:50:28.901	19	8.02919	(1615, 1096)	(162, 110)	49
17:50:28.928	19	8.10608	(1625, 1097)	(163, 110)	49
17:50:28.956	19	7.96015	(1635, 1097)	(164, 110)	49
17:50:28.983	19	7.96341	(1645, 1097)	(165, 110)	49
17:50:29.004	19	7.89378	(1655, 1098)	(166, 110)	49
17:50:29.032	18	7.75674	(1665, 1098)	(167, 110)	49
17:50:29.052	17	7.64163	(1675, 1099)	(168, 110)	49
17:50:29.073	17	7.67363	(1685, 1099)	(169, 110)	49
17:50:29.094	16	7.56652	(1695, 1100)	(170, 110)	49
17:50:29.115	16	7.52148	(1705, 1100)	(171, 110)	49
17:50:29.136	16	7.676	(1715, 1101)	(172, 110)	49
17:50:29.156	20	7.55704	(1725, 1101)	(173, 110)	49
17:50:29.186	20	7.54993	(1735, 1103)	(174, 110)	49
17:50:29.213	20	7.66178	(1748, 1104)	(175, 110)	49
17:50:29.241	21	7.4957	(1753, 1105)	(175, 111)	49
17:50:29.270	18	7.70044	(1755, 1105)	(176, 111)	49
17:50:29.296	19	7.54874	(1765, 1106)	(177, 111)	49
17:50:29.317	17	7.4683	(1775, 1107)	(178, 111)	49
17:50:29.337	18	7.49259	(1785, 1108)	(179, 111)	49
17:50:29.359	17	7.48459	(1798, 1109)	(180, 111)	49
17:50:29.379	18	7.52459	(1806, 1111)	(181, 111)	49
17:50:29.401	17	7.46933	(1815, 1112)	(182, 111)	49
17:50:29.422	16	7.49556	(1825, 1112)	(183, 111)	49
17:50:29.442	18	7.62193	(1835, 1113)	(184, 111)	49
17:50:29.463	18	7.59674	(1850, 1114)	(185, 111)	49
17:50:29.484	25	7.49674	(1855, 1114)	(186, 111)	49
17:50:29.512	17	7.52089	(1858, 1115)	(186, 112)	49
17:50:29.533	17	7.50622	(1865, 1116)	(187, 112)	49
17:50:29.553	17	7.58593	(1877, 1117)	(188, 112)	49
17:50:29.574	18	7.53585	(1885, 1118)	(189, 112)	49
17:50:29.595	18	7.59763	(1895, 1120)	(190, 112)	49
17:50:29.615	18	7.64311	(1905, 1121)	(191, 112)	49
17:50:29.636	18	7.08904	(0, 0)	(0, 0)	49
EOM

