BOM
Frame extends: 2263, 1306
_ms_area: 10
measurements taken: 585
current rendering method: 1
is mouse replay: 1
Camera settings: Roation Quaternion: ( -0.78287, -0.0775602, 0.576814, 0.219924), Translationsvektor: ( -0.0821918, 0.0689128, 1.775).
System_Time	Elapsed_Time_PaintGL	Elapsed_Kernel_Time	Frame_Coordinates	Grid_Position	Manual_Measurement
17:49:54.532	18	3.66637	(318, 226)	(32, 23)	49
17:49:54.558	19	3.76652	(325, 225)	(33, 23)	49
17:49:54.579	19	3.86311	(335, 225)	(34, 23)	49
17:49:54.600	19	3.91807	(345, 225)	(35, 23)	49
17:49:54.621	19	4.07363	(357, 225)	(36, 23)	49
17:49:54.642	19	4.13393	(372, 225)	(37, 23)	49
17:49:54.663	19	4.18785	(375, 225)	(38, 23)	49
17:49:54.691	18	4.26474	(385, 225)	(39, 23)	49
17:49:54.711	18	4.41407	(395, 225)	(40, 23)	49
17:49:54.732	18	4.45037	(405, 225)	(41, 23)	49
17:49:54.753	18	4.54726	(415, 225)	(42, 23)	49
17:49:54.774	18	4.57541	(425, 225)	(43, 23)	49
17:49:54.795	19	4.67911	(435, 226)	(44, 23)	49
17:49:54.816	19	4.75304	(445, 226)	(45, 23)	49
17:49:54.836	20	4.88459	(455, 226)	(46, 23)	49
17:49:54.857	19	5.04904	(465, 227)	(47, 23)	49
17:49:54.878	19	5.14341	(475, 227)	(48, 23)	49
17:49:54.899	19	5.26193	(485, 228)	(49, 23)	49
17:49:54.919	20	5.28059	(495, 228)	(50, 23)	49
17:49:54.940	20	5.36252	(505, 229)	(51, 23)	49
17:49:54.969	19	5.61259	(515, 229)	(52, 23)	49
17:49:54.996	20	5.85882	(525, 229)	(53, 23)	49
17:49:55.025	26	6.13378	(535, 229)	(54, 23)	49
17:49:55.060	27	6.29881	(545, 229)	(55, 23)	49
17:49:55.094	24	6.43482	(555, 229)	(56, 23)	49
17:49:55.121	23	6.70356	(565, 229)	(57, 23)	49
17:49:55.150	22	6.99526	(575, 229)	(58, 23)	49
17:49:55.177	23	7.17378	(585, 229)	(59, 23)	49
17:49:55.205	22	7.40207	(596, 229)	(60, 23)	49
17:49:55.232	23	7.51096	(605, 230)	(61, 23)	49
17:49:55.260	24	7.67719	(615, 230)	(62, 23)	49
17:49:55.289	24	7.89067	(626, 230)	(63, 23)	49
17:49:55.316	24	8.06859	(635, 230)	(64, 23)	49
17:49:55.344	30	8.22785	(645, 230)	(65, 23)	49
17:49:55.380	31	8.39378	(655, 230)	(66, 23)	49
17:49:55.414	34	8.51956	(665, 230)	(67, 23)	49
17:49:55.457	33	8.76978	(680, 230)	(68, 23)	49
17:49:55.499	27	8.82652	(685, 230)	(69, 23)	49
17:49:55.532	23	9.10148	(695, 230)	(70, 23)	49
17:49:55.560	23	9.17008	(705, 230)	(71, 23)	49
17:49:55.587	23	9.32667	(715, 230)	(72, 23)	49
17:49:55.615	27	9.40089	(725, 230)	(73, 23)	49
17:49:55.650	29	9.49304	(735, 230)	(74, 23)	49
17:49:55.685	29	9.652	(749, 230)	(75, 23)	49
17:49:55.720	30	9.80267	(756, 230)	(76, 23)	49
17:49:55.755	30	9.91852	(766, 230)	(77, 23)	49
17:49:55.789	29	10.0113	(775, 230)	(78, 23)	49
17:49:55.824	29	10.1062	(785, 230)	(79, 23)	49
17:49:55.859	30	10.2147	(796, 229)	(80, 23)	49
17:49:55.894	29	10.2521	(805, 229)	(81, 23)	49
17:49:55.928	26	10.4818	(815, 229)	(82, 23)	49
17:49:55.962	28	10.4834	(825, 228)	(83, 23)	49
17:49:55.998	31	10.5714	(835, 228)	(84, 23)	49
17:49:56.033	31	10.62	(845, 228)	(85, 23)	49
17:49:56.067	31	10.7818	(855, 228)	(86, 23)	49
17:49:56.102	30	10.7889	(865, 228)	(87, 23)	49
17:49:56.136	25	10.9471	(875, 228)	(88, 23)	49
17:49:56.164	25	10.9895	(885, 228)	(89, 23)	49
17:49:56.192	25	11.0425	(895, 228)	(90, 23)	49
17:49:56.219	27	11.0705	(905, 228)	(91, 23)	49
17:49:56.248	25	11.0043	(915, 228)	(92, 23)	49
17:49:56.275	31	11.004	(925, 228)	(93, 23)	49
17:49:56.311	31	11.0394	(935, 228)	(94, 23)	49
17:49:56.345	25	10.9557	(945, 227)	(95, 23)	49
17:49:56.373	25	11.0283	(957, 227)	(96, 23)	49
17:49:56.400	25	11.0156	(966, 227)	(97, 23)	49
17:49:56.428	25	10.9831	(975, 227)	(98, 23)	49
17:49:56.456	29	10.9502	(985, 227)	(99, 23)	49
17:49:56.492	30	10.7707	(995, 227)	(100, 23)	49
17:49:56.527	29	10.6973	(1005, 227)	(101, 23)	49
17:49:56.560	25	10.6247	(1015, 226)	(102, 23)	49
17:49:56.588	24	10.4732	(1025, 226)	(103, 23)	49
17:49:56.616	24	10.3541	(1035, 226)	(104, 23)	49
17:49:56.644	29	10.2147	(1045, 225)	(105, 23)	49
17:49:56.679	28	10.1197	(1055, 225)	(106, 23)	49
17:49:56.713	29	9.89541	(1065, 225)	(107, 23)	49
17:49:56.748	29	9.87111	(1071, 224)	(107, 22)	49
17:49:56.784	28	9.87422	(1075, 224)	(108, 22)	49
17:49:56.818	28	9.85896	(1085, 224)	(109, 22)	49
17:49:56.853	27	9.6323	(1095, 224)	(110, 22)	49
17:49:56.888	28	9.65674	(1105, 224)	(111, 22)	49
17:49:56.922	28	9.6763	(1115, 224)	(112, 22)	49
17:49:56.958	29	9.80059	(1125, 224)	(113, 22)	49
17:49:56.992	28	9.87704	(1135, 224)	(114, 22)	49
17:49:57.027	28	9.94696	(1146, 223)	(115, 22)	49
17:49:57.061	29	10.0874	(1155, 223)	(116, 22)	49
17:49:57.096	28	10.2271	(1165, 223)	(117, 22)	49
17:49:57.130	30	10.3447	(1175, 223)	(118, 22)	49
17:49:57.166	30	10.4234	(1185, 223)	(119, 22)	49
17:49:57.201	29	10.7036	(1195, 223)	(120, 22)	49
17:49:57.235	30	10.7401	(1205, 223)	(121, 22)	49
17:49:57.270	28	10.8573	(1215, 223)	(122, 22)	49
17:49:57.304	30	10.9022	(1225, 223)	(123, 22)	49
17:49:57.339	29	11.043	(1235, 223)	(124, 22)	49
17:49:57.374	30	11.0264	(1245, 223)	(125, 22)	49
17:49:57.410	26	11.0801	(1255, 223)	(126, 22)	49
17:49:57.443	26	11.1859	(1265, 224)	(127, 22)	49
17:49:57.472	29	11.1701	(1275, 224)	(128, 22)	49
17:49:57.506	30	11.1841	(1282, 225)	(128, 23)	49
17:49:57.541	30	11.1484	(1285, 225)	(129, 23)	49
17:49:57.576	26	11.1597	(1295, 226)	(130, 23)	49
17:49:57.603	25	11.1397	(1305, 226)	(131, 23)	49
17:49:57.631	25	11.2181	(1316, 228)	(132, 23)	49
17:49:57.659	25	11.0637	(1326, 228)	(133, 23)	49
17:49:57.686	29	11.0076	(1335, 228)	(134, 23)	49
17:49:57.722	31	10.9603	(1345, 229)	(135, 23)	49
17:49:57.756	30	10.8662	(1355, 230)	(136, 23)	49
17:49:57.791	27	10.9287	(1366, 230)	(137, 23)	49
17:49:57.826	26	10.9942	(1375, 230)	(138, 23)	49
17:49:57.860	24	10.7984	(1386, 231)	(139, 23)	49
17:49:57.888	24	10.7501	(1395, 231)	(140, 23)	49
17:49:57.915	29	10.736	(1405, 232)	(141, 23)	49
17:49:57.951	30	10.5301	(1415, 232)	(142, 23)	49
17:49:57.986	31	10.3929	(1425, 232)	(143, 23)	49
17:49:58.021	25	10.3321	(1435, 233)	(144, 23)	49
17:49:58.048	25	10.2138	(1445, 234)	(145, 23)	49
17:49:58.076	25	10.0713	(1455, 234)	(146, 23)	49
17:49:58.103	26	9.95348	(1465, 234)	(147, 23)	49
17:49:58.131	26	9.80296	(1478, 234)	(148, 23)	49
17:49:58.159	26	9.74978	(1485, 234)	(149, 23)	49
17:49:58.187	24	9.63156	(1488, 235)	(149, 24)	49
17:49:58.215	24	9.68267	(1495, 235)	(150, 24)	49
17:49:58.242	26	9.41956	(1506, 235)	(151, 24)	49
17:49:58.271	24	9.24104	(1516, 235)	(152, 24)	49
17:49:58.298	25	9.09644	(1526, 236)	(153, 24)	49
17:49:58.326	25	9.01022	(1535, 236)	(154, 24)	49
17:49:58.354	24	8.81585	(1546, 236)	(155, 24)	49
17:49:58.382	25	8.68	(1556, 237)	(156, 24)	49
17:49:58.410	24	8.60607	(1565, 237)	(157, 24)	49
17:49:58.437	24	8.4877	(1575, 238)	(158, 24)	49
17:49:58.465	24	8.33659	(1585, 238)	(159, 24)	49
17:49:58.492	25	8.20193	(1595, 239)	(160, 24)	49
17:49:58.521	23	8.02237	(1605, 239)	(161, 24)	49
17:49:58.549	22	7.804	(1615, 240)	(162, 24)	49
17:49:58.576	23	7.66652	(1625, 240)	(163, 24)	49
17:49:58.604	23	7.50844	(1636, 241)	(164, 24)	49
17:49:58.632	23	7.34919	(1645, 242)	(165, 24)	49
17:49:58.660	23	7.15037	(1655, 242)	(166, 24)	49
17:49:58.688	23	6.95956	(1666, 243)	(167, 24)	49
17:49:58.716	22	6.87882	(1676, 244)	(168, 24)	49
17:49:58.744	21	6.83348	(1677, 245)	(168, 25)	49
17:49:58.771	22	6.66518	(1686, 245)	(169, 25)	49
17:49:58.799	22	6.5243	(1696, 246)	(170, 25)	49
17:49:58.827	21	6.33052	(1705, 246)	(171, 25)	49
17:49:58.854	22	6.13718	(1715, 248)	(172, 25)	49
17:49:58.882	21	5.8963	(1726, 249)	(173, 25)	49
17:49:58.910	20	5.776	(1735, 250)	(174, 25)	49
17:49:58.938	21	5.62059	(1745, 251)	(175, 25)	49
17:49:58.966	20	5.41985	(1755, 253)	(176, 25)	49
17:49:58.994	21	5.28756	(1765, 254)	(177, 25)	49
17:49:59.022	20	5.27007	(1768, 255)	(177, 26)	49
17:49:59.049	21	5.23244	(1775, 256)	(178, 26)	49
17:49:59.076	21	5.15778	(1785, 258)	(179, 26)	49
17:49:59.104	21	5.10282	(1795, 260)	(180, 26)	49
17:49:59.132	21	4.99526	(1805, 262)	(181, 26)	49
17:49:59.160	20	4.91333	(1815, 264)	(182, 26)	49
17:49:59.188	20	4.892	(1817, 265)	(182, 27)	49
17:49:59.216	19	4.83244	(1825, 267)	(183, 27)	49
17:49:59.236	19	4.77067	(1838, 271)	(184, 27)	49
17:49:59.257	19	4.69956	(1845, 273)	(185, 27)	49
17:49:59.278	18	4.67496	(1849, 275)	(185, 28)	49
17:49:59.299	19	4.62089	(1858, 278)	(186, 28)	49
17:49:59.320	19	4.56178	(1865, 280)	(187, 28)	49
17:49:59.340	21	4.48548	(1874, 285)	(187, 29)	49
17:49:59.368	21	4.47496	(1875, 285)	(188, 29)	49
17:49:59.397	20	4.40637	(1885, 289)	(189, 29)	49
17:49:59.425	19	4.32	(1895, 294)	(190, 29)	49
17:49:59.446	18	4.33022	(1895, 295)	(190, 30)	49
17:49:59.466	19	4.24119	(1905, 299)	(191, 30)	49
17:49:59.487	17	4.2197	(1912, 305)	(191, 31)	49
17:49:59.507	19	4.20904	(1915, 307)	(192, 31)	49
17:49:59.528	18	4.20044	(1925, 314)	(193, 31)	49
17:49:59.549	19	4.15082	(1926, 315)	(193, 32)	49
17:49:59.571	18	4.08667	(1935, 322)	(194, 32)	49
17:49:59.591	19	4.08178	(1937, 325)	(194, 33)	49
17:49:59.613	18	4.0443	(1945, 333)	(195, 33)	49
17:49:59.633	18	4.02178	(1947, 335)	(195, 34)	49
17:49:59.654	18	3.99556	(1955, 344)	(196, 34)	49
17:49:59.674	19	4.0117	(1955, 345)	(196, 35)	49
17:49:59.696	18	3.97881	(1963, 355)	(196, 36)	49
17:49:59.717	18	3.97822	(1965, 358)	(197, 36)	49
17:49:59.737	18	3.96533	(1968, 365)	(197, 37)	49
17:49:59.758	19	3.97096	(1973, 375)	(197, 38)	49
17:49:59.779	18	4.01378	(1975, 379)	(198, 38)	49
17:49:59.800	18	4.00726	(1976, 385)	(198, 39)	49
17:49:59.821	18	4.00341	(1980, 395)	(198, 40)	49
17:49:59.842	17	4.01659	(1982, 405)	(198, 41)	49
17:49:59.863	19	4.04563	(1984, 415)	(198, 42)	49
17:49:59.884	18	4.04474	(1985, 417)	(199, 42)	49
17:49:59.904	21	4.10193	(1985, 425)	(199, 43)	49
17:49:59.933	23	4.05911	(1987, 435)	(199, 44)	49
17:49:59.960	23	4.11081	(1988, 445)	(199, 45)	49
17:49:59.989	23	4.1003	(1989, 455)	(199, 46)	49
17:50:00.016	22	4.10578	(1989, 465)	(199, 47)	49
17:50:00.043	18	4.20415	(1989, 475)	(199, 48)	49
17:50:00.064	18	4.23037	(1988, 485)	(199, 49)	49
17:50:00.085	18	4.26874	(1985, 495)	(199, 50)	49
17:50:00.106	18	4.27067	(1984, 495)	(198, 50)	49
17:50:00.127	18	4.33748	(1980, 505)	(198, 51)	49
17:50:00.148	18	4.43511	(1972, 516)	(197, 52)	49
17:50:00.168	19	4.50815	(1965, 525)	(197, 53)	49
17:50:00.189	18	4.55289	(1964, 526)	(196, 53)	49
17:50:00.210	18	4.62385	(1954, 534)	(195, 53)	49
17:50:00.231	19	4.62711	(1953, 535)	(195, 54)	49
17:50:00.251	19	4.77437	(1944, 539)	(194, 54)	49
17:50:00.272	19	4.82652	(1937, 545)	(194, 55)	49
17:50:00.293	19	4.86222	(1934, 547)	(193, 55)	49
17:50:00.314	19	4.95481	(1924, 555)	(192, 56)	49
17:50:00.334	20	5.04311	(1914, 561)	(191, 56)	49
17:50:00.356	19	5.13052	(1907, 565)	(191, 57)	49
17:50:00.376	21	5.148	(1904, 567)	(190, 57)	49
17:50:00.405	19	5.23674	(1894, 572)	(189, 57)	49
17:50:00.426	19	5.25778	(1890, 575)	(189, 58)	49
17:50:00.446	19	5.30889	(1884, 577)	(188, 58)	49
17:50:00.467	20	5.42474	(1874, 581)	(187, 58)	49
17:50:00.488	19	5.60489	(1866, 585)	(187, 59)	49
17:50:00.509	19	5.61452	(1864, 585)	(186, 59)	49
17:50:00.530	20	5.7957	(1854, 590)	(185, 59)	49
17:50:00.557	20	6.04859	(1844, 594)	(184, 59)	49
17:50:00.578	20	6.09378	(1843, 595)	(184, 60)	49
17:50:00.606	20	6.3643	(1834, 597)	(183, 60)	49
17:50:00.634	21	6.77763	(1823, 601)	(182, 60)	49
17:50:00.661	22	7.03719	(1810, 606)	(181, 61)	49
17:50:00.689	21	7.2277	(1804, 609)	(180, 61)	49
17:50:00.717	22	7.5757	(1794, 612)	(179, 61)	49
17:50:00.745	26	7.65096	(1787, 615)	(179, 62)	49
17:50:00.774	28	7.68578	(1784, 616)	(178, 62)	49
17:50:00.809	27	7.93644	(1774, 619)	(177, 62)	49
17:50:00.843	22	8.06311	(1764, 622)	(176, 62)	49
17:50:00.871	22	8.27689	(1758, 625)	(176, 63)	49
17:50:00.898	22	8.38104	(1754, 626)	(175, 63)	49
17:50:00.926	26	8.60311	(1744, 628)	(174, 63)	49
17:50:00.954	28	8.70385	(1734, 631)	(173, 63)	49
17:50:00.991	28	8.94548	(1724, 633)	(172, 63)	49
17:50:01.024	28	9.10696	(1715, 635)	(172, 64)	49
17:50:01.059	29	9.07467	(1714, 635)	(171, 64)	49
17:50:01.093	30	9.33452	(1704, 637)	(170, 64)	49
17:50:01.128	28	9.4877	(1694, 638)	(169, 64)	49
17:50:01.163	28	9.70252	(1684, 640)	(168, 64)	49
17:50:01.197	30	9.81778	(1674, 641)	(167, 64)	49
17:50:01.233	30	9.94652	(1664, 642)	(166, 64)	49
17:50:01.268	29	10.1412	(1654, 643)	(165, 64)	49
17:50:01.302	30	10.2927	(1644, 644)	(164, 64)	49
17:50:01.337	29	10.4492	(1633, 644)	(163, 64)	49
17:50:01.371	31	10.5541	(1624, 644)	(162, 64)	49
17:50:01.407	29	10.668	(1614, 644)	(161, 64)	49
17:50:01.442	29	10.8	(1604, 644)	(160, 64)	49
17:50:01.476	33	10.9041	(1594, 644)	(159, 64)	49
17:50:01.517	28	11.0975	(1584, 644)	(158, 64)	49
17:50:01.552	27	11.2154	(1574, 644)	(157, 64)	49
17:50:01.586	27	11.3246	(1564, 644)	(156, 64)	49
17:50:01.621	26	11.4596	(1554, 644)	(155, 64)	49
17:50:01.649	26	11.476	(1548, 645)	(155, 65)	49
17:50:01.683	28	11.5129	(1544, 645)	(154, 65)	49
17:50:01.719	27	11.6564	(1534, 645)	(153, 65)	49
17:50:01.753	33	11.715	(1524, 646)	(152, 65)	49
17:50:01.789	36	11.7273	(1514, 647)	(151, 65)	49
17:50:01.832	34	11.7846	(1504, 648)	(150, 65)	49
17:50:01.873	35	11.8803	(1494, 649)	(149, 65)	49
17:50:01.915	37	11.9141	(1484, 651)	(148, 65)	49
17:50:01.956	28	11.9541	(1474, 652)	(147, 65)	49
17:50:01.990	28	12.061	(1464, 652)	(146, 65)	49
17:50:02.025	28	12.035	(1454, 653)	(145, 65)	49
17:50:02.059	28	12.0292	(1444, 654)	(144, 65)	49
17:50:02.094	28	12.099	(1434, 654)	(143, 65)	49
17:50:02.129	29	12.1533	(1419, 654)	(142, 65)	49
17:50:02.163	26	12.2015	(1414, 654)	(141, 65)	49
17:50:02.191	26	12.232	(1404, 654)	(140, 65)	49
17:50:02.219	26	12.2225	(1394, 654)	(139, 65)	49
17:50:02.246	30	12.1828	(1384, 654)	(138, 65)	49
17:50:02.282	31	11.9879	(1374, 654)	(137, 65)	49
17:50:02.316	32	11.6344	(1356, 653)	(136, 65)	49
17:50:02.352	28	11.6241	(1354, 653)	(135, 65)	49
17:50:02.387	26	11.4593	(1344, 652)	(134, 65)	49
17:50:02.421	25	11.265	(1334, 651)	(133, 65)	49
17:50:02.449	28	11.2052	(1323, 651)	(132, 65)	49
17:50:02.484	30	11.1079	(1314, 650)	(131, 65)	49
17:50:02.518	31	11.0345	(1303, 649)	(130, 65)	49
17:50:02.553	31	10.969	(1294, 648)	(129, 65)	49
17:50:02.588	30	10.9759	(1284, 647)	(128, 65)	49
17:50:02.623	30	10.9074	(1274, 647)	(127, 65)	49
17:50:02.658	26	10.8551	(1264, 646)	(126, 65)	49
17:50:02.692	28	10.8378	(1256, 644)	(126, 64)	49
17:50:02.727	31	11.0218	(1254, 644)	(125, 64)	49
17:50:02.762	31	10.6394	(1244, 643)	(124, 64)	49
17:50:02.797	29	10.5742	(1234, 643)	(123, 64)	49
17:50:02.832	29	10.4711	(1224, 641)	(122, 64)	49
17:50:02.866	29	10.4301	(1214, 641)	(121, 64)	49
17:50:02.900	31	10.3056	(1204, 641)	(120, 64)	49
17:50:02.936	31	10.2704	(1194, 640)	(119, 64)	49
17:50:02.971	30	10.2089	(1184, 639)	(118, 64)	49
17:50:03.005	24	10.1508	(1174, 639)	(117, 64)	49
17:50:03.033	24	10.003	(1164, 637)	(116, 64)	49
17:50:03.060	30	10.0714	(1154, 637)	(115, 64)	49
17:50:03.096	29	9.70845	(1144, 636)	(114, 64)	49
17:50:03.130	28	9.65941	(1134, 636)	(113, 64)	49
17:50:03.165	36	9.50726	(1124, 635)	(112, 64)	49
17:50:03.209	25	9.34267	(1114, 635)	(111, 64)	49
17:50:03.241	23	9.35318	(1110, 634)	(111, 63)	49
17:50:03.269	23	9.36059	(1104, 634)	(110, 63)	49
17:50:03.296	29	9.25719	(1093, 633)	(109, 63)	49
17:50:03.333	30	9.23541	(1084, 632)	(108, 63)	49
17:50:03.367	30	9.34667	(1074, 632)	(107, 63)	49
17:50:03.402	28	9.59259	(1064, 631)	(106, 63)	49
17:50:03.436	26	9.83452	(1051, 631)	(105, 63)	49
17:50:03.470	27	10.0421	(1032, 629)	(103, 63)	49
17:50:03.505	26	10.1076	(1024, 629)	(102, 63)	49
17:50:03.533	26	10.2157	(1014, 629)	(101, 63)	49
17:50:03.568	26	10.3173	(1004, 628)	(100, 63)	49
17:50:03.603	26	10.4984	(994, 627)	(99, 63)	49
17:50:03.638	26	10.6479	(984, 627)	(98, 63)	49
17:50:03.672	25	10.7274	(974, 627)	(97, 63)	49
17:50:03.700	25	10.9255	(964, 626)	(96, 63)	49
17:50:03.728	28	11.0073	(954, 626)	(95, 63)	49
17:50:03.763	29	11.124	(944, 626)	(94, 63)	49
17:50:03.798	30	11.2913	(934, 625)	(93, 63)	49
17:50:03.833	28	11.3046	(927, 624)	(93, 62)	49
17:50:03.867	26	11.3647	(924, 624)	(92, 62)	49
17:50:03.894	30	11.5007	(914, 623)	(91, 62)	49
17:50:03.929	30	11.5988	(904, 622)	(90, 62)	49
17:50:03.965	29	11.7886	(894, 621)	(89, 62)	49
17:50:03.999	31	11.8793	(884, 620)	(88, 62)	49
17:50:04.035	30	11.9976	(873, 619)	(87, 62)	49
17:50:04.069	30	12.164	(864, 619)	(86, 62)	49
17:50:04.104	30	12.1596	(854, 619)	(85, 62)	49
17:50:04.138	30	12.3698	(843, 618)	(84, 62)	49
17:50:04.174	33	12.8277	(834, 618)	(83, 62)	49
17:50:04.215	31	12.9741	(823, 617)	(82, 62)	49
17:50:04.249	30	13.0665	(814, 617)	(81, 62)	49
17:50:04.284	29	12.9644	(804, 617)	(80, 62)	49
17:50:04.318	37	12.9673	(794, 617)	(79, 62)	49
17:50:04.364	40	13.1698	(784, 616)	(78, 62)	49
17:50:04.410	33	13.017	(772, 616)	(77, 62)	49
17:50:04.452	31	12.8739	(764, 615)	(76, 62)	49
17:50:04.486	28	13.0089	(754, 615)	(75, 62)	49
17:50:04.520	30	12.8379	(744, 615)	(74, 62)	49
17:50:04.555	29	12.7526	(734, 615)	(73, 62)	49
17:50:04.589	35	12.4841	(724, 615)	(72, 62)	49
17:50:04.632	30	12.4573	(714, 615)	(71, 62)	49
17:50:04.666	29	12.3815	(704, 615)	(70, 62)	49
17:50:04.701	27	12.3062	(694, 615)	(69, 62)	49
17:50:04.735	29	12.3653	(684, 615)	(68, 62)	49
17:50:04.770	33	12.0569	(674, 615)	(67, 62)	49
17:50:04.806	31	11.9367	(664, 616)	(66, 62)	49
17:50:04.841	27	11.9757	(654, 617)	(65, 62)	49
17:50:04.875	25	11.7465	(644, 618)	(64, 62)	49
17:50:04.903	26	11.6258	(634, 618)	(63, 62)	49
17:50:04.938	32	11.476	(624, 619)	(62, 62)	49
17:50:04.973	35	11.4127	(614, 619)	(61, 62)	49
17:50:05.015	35	11.2293	(604, 621)	(60, 62)	49
17:50:05.057	30	10.9406	(594, 621)	(59, 62)	49
17:50:05.090	26	10.899	(584, 622)	(58, 62)	49
17:50:05.117	25	10.7443	(574, 624)	(57, 62)	49
17:50:05.145	28	10.5773	(566, 625)	(57, 63)	49
17:50:05.181	30	10.4923	(564, 625)	(56, 63)	49
17:50:05.216	30	10.4404	(554, 625)	(55, 63)	49
17:50:05.251	30	10.1945	(544, 626)	(54, 63)	49
17:50:05.285	34	10.0447	(534, 628)	(53, 63)	49
17:50:05.326	25	9.83215	(524, 629)	(52, 63)	49
17:50:05.354	24	9.68533	(514, 631)	(51, 63)	49
17:50:05.382	23	9.39644	(504, 633)	(50, 63)	49
17:50:05.410	23	9.19659	(494, 634)	(49, 63)	49
17:50:05.437	23	9.17511	(493, 635)	(49, 64)	49
17:50:05.465	23	8.98415	(484, 637)	(48, 64)	49
17:50:05.493	23	8.50933	(467, 641)	(47, 64)	49
17:50:05.521	22	8.44978	(464, 642)	(46, 64)	49
17:50:05.548	23	8.3923	(458, 645)	(46, 65)	49
17:50:05.577	26	8.20622	(454, 646)	(45, 65)	49
17:50:05.613	29	8.01008	(444, 650)	(44, 65)	49
17:50:05.647	29	7.70533	(434, 654)	(43, 65)	49
17:50:05.682	26	7.66859	(432, 655)	(43, 66)	49
17:50:05.715	23	7.60578	(424, 658)	(42, 66)	49
17:50:05.743	22	7.33689	(414, 662)	(41, 66)	49
17:50:05.771	23	7.15867	(409, 665)	(41, 67)	49
17:50:05.799	23	7.06089	(404, 667)	(40, 67)	49
17:50:05.827	23	6.63511	(394, 671)	(39, 67)	49
17:50:05.855	23	6.49541	(387, 675)	(39, 68)	49
17:50:05.883	24	6.51348	(384, 676)	(38, 68)	49
17:50:05.911	22	5.95526	(374, 680)	(37, 68)	49
17:50:05.939	21	5.67674	(367, 685)	(37, 69)	49
17:50:05.966	23	5.65926	(364, 687)	(36, 69)	49
17:50:05.994	22	5.45363	(356, 695)	(36, 70)	49
17:50:06.022	20	5.41704	(354, 695)	(35, 70)	49
17:50:06.050	21	5.4157	(344, 704)	(34, 70)	49
17:50:06.078	22	5.3197	(344, 705)	(34, 71)	49
17:50:06.105	21	5.28593	(337, 715)	(34, 72)	49
17:50:06.132	20	5.24193	(335, 725)	(34, 73)	49
17:50:06.153	20	5.19867	(334, 727)	(33, 73)	49
17:50:06.175	21	5.11185	(331, 735)	(33, 74)	49
17:50:06.203	21	5.12385	(329, 746)	(33, 75)	49
17:50:06.231	21	5.18356	(329, 755)	(33, 76)	49
17:50:06.258	21	5.12	(329, 765)	(33, 77)	49
17:50:06.287	21	5.03052	(329, 775)	(33, 78)	49
17:50:06.314	20	5.01911	(329, 785)	(33, 79)	49
17:50:06.341	22	4.98222	(329, 795)	(33, 80)	49
17:50:06.370	20	5.00178	(329, 805)	(33, 81)	49
17:50:06.397	21	4.94993	(329, 833)	(33, 83)	49
17:50:06.425	21	4.91496	(329, 836)	(33, 84)	49
17:50:06.452	21	4.86948	(329, 845)	(33, 85)	49
17:50:06.481	21	4.82089	(329, 855)	(33, 86)	49
17:50:06.509	22	4.77452	(330, 865)	(33, 87)	49
17:50:06.537	19	4.80918	(332, 875)	(33, 88)	49
17:50:06.564	19	4.81837	(335, 883)	(34, 88)	49
17:50:06.584	20	4.81259	(335, 885)	(34, 89)	49
17:50:06.605	19	4.94978	(338, 895)	(34, 90)	49
17:50:06.626	19	4.86045	(341, 905)	(34, 91)	49
17:50:06.647	20	4.86059	(345, 914)	(35, 91)	49
17:50:06.668	19	4.88163	(346, 915)	(35, 92)	49
17:50:06.689	19	4.91363	(350, 925)	(35, 93)	49
17:50:06.709	20	5.02444	(355, 931)	(36, 93)	49
17:50:06.730	19	4.98193	(357, 935)	(36, 94)	49
17:50:06.751	19	5.02015	(364, 945)	(36, 95)	49
17:50:06.772	19	5.02148	(365, 945)	(37, 95)	49
17:50:06.793	18	5.01319	(373, 955)	(37, 96)	49
17:50:06.814	19	5.048	(375, 956)	(38, 96)	49
17:50:06.835	19	5.07318	(384, 965)	(38, 97)	49
17:50:06.856	19	5.03926	(385, 966)	(39, 97)	49
17:50:06.876	20	5.03822	(395, 975)	(40, 98)	49
17:50:06.897	19	5.11541	(405, 982)	(41, 98)	49
17:50:06.918	19	5.13526	(411, 987)	(41, 99)	49
17:50:06.939	19	5.21111	(415, 989)	(42, 99)	49
17:50:06.960	20	5.21778	(423, 995)	(42, 100)	49
17:50:06.981	19	5.32015	(425, 996)	(43, 100)	49
17:50:07.002	19	5.3317	(435, 1001)	(44, 100)	49
17:50:07.022	19	5.3923	(441, 1005)	(44, 101)	49
17:50:07.043	20	5.49911	(446, 1007)	(45, 101)	49
17:50:07.065	19	5.70267	(455, 1012)	(46, 101)	49
17:50:07.085	19	5.74889	(461, 1015)	(46, 102)	49
17:50:07.105	21	5.73689	(465, 1017)	(47, 102)	49
17:50:07.134	20	6.06874	(475, 1022)	(48, 102)	49
17:50:07.162	20	6.10237	(481, 1025)	(48, 103)	49
17:50:07.189	21	6.22563	(485, 1026)	(49, 103)	49
17:50:07.217	20	6.49985	(495, 1030)	(50, 103)	49
17:50:07.238	21	6.67215	(505, 1034)	(51, 103)	49
17:50:07.266	21	6.66874	(506, 1035)	(51, 104)	49
17:50:07.294	21	6.82459	(515, 1037)	(52, 104)	49
17:50:07.322	26	6.98133	(525, 1040)	(53, 104)	49
17:50:07.357	26	7.06104	(540, 1043)	(54, 104)	49
17:50:07.391	22	7.2483	(545, 1044)	(55, 104)	49
17:50:07.419	22	7.26563	(549, 1045)	(55, 105)	49
17:50:07.447	22	7.376	(555, 1046)	(56, 105)	49
17:50:07.474	23	7.60741	(577, 1050)	(58, 105)	49
17:50:07.503	32	7.65422	(585, 1052)	(59, 105)	49
17:50:07.538	30	7.86993	(595, 1053)	(60, 105)	49
17:50:07.572	26	7.97778	(605, 1054)	(61, 105)	49
17:50:07.600	24	7.98267	(608, 1055)	(61, 106)	49
17:50:07.628	25	8.14341	(615, 1056)	(62, 106)	49
17:50:07.656	25	8.38267	(625, 1057)	(63, 106)	49
17:50:07.683	25	8.34341	(635, 1058)	(64, 106)	49
17:50:07.711	26	8.38	(645, 1059)	(65, 106)	49
17:50:07.739	25	8.53467	(655, 1060)	(66, 106)	49
17:50:07.767	24	8.66311	(665, 1061)	(67, 106)	49
17:50:07.794	23	8.75037	(675, 1061)	(68, 106)	49
17:50:07.822	23	8.79778	(685, 1063)	(69, 106)	49
17:50:07.850	23	8.99807	(695, 1063)	(70, 106)	49
17:50:07.877	25	9.01837	(705, 1064)	(71, 106)	49
17:50:07.906	25	9.14089	(715, 1064)	(72, 106)	49
17:50:07.933	23	9.24963	(719, 1065)	(72, 107)	49
17:50:07.961	24	9.2197	(725, 1065)	(73, 107)	49
17:50:07.989	23	9.33067	(735, 1066)	(74, 107)	49
17:50:08.017	23	9.43141	(745, 1066)	(75, 107)	49
17:50:08.044	24	9.53867	(755, 1066)	(76, 107)	49
17:50:08.073	29	9.66356	(765, 1066)	(77, 107)	49
17:50:08.107	30	9.71733	(775, 1067)	(78, 107)	49
17:50:08.143	29	9.76519	(785, 1067)	(79, 107)	49
17:50:08.177	27	9.87037	(795, 1068)	(80, 107)	49
17:50:08.212	24	10.0077	(805, 1069)	(81, 107)	49
17:50:08.239	25	10.1461	(815, 1070)	(82, 107)	49
17:50:08.267	28	10.1993	(825, 1071)	(83, 107)	49
17:50:08.302	29	10.2185	(835, 1072)	(84, 107)	49
17:50:08.337	30	10.2511	(845, 1073)	(85, 107)	49
17:50:08.372	30	10.2498	(856, 1074)	(86, 107)	49
17:50:08.406	26	10.3422	(862, 1075)	(86, 108)	49
17:50:08.434	26	10.416	(865, 1075)	(87, 108)	49
17:50:08.468	28	10.3476	(875, 1075)	(88, 108)	49
17:50:08.504	31	10.256	(885, 1076)	(89, 108)	49
17:50:08.539	32	10.4191	(895, 1077)	(90, 108)	49
17:50:08.581	30	10.3858	(905, 1078)	(91, 108)	49
17:50:08.614	27	10.4827	(915, 1078)	(92, 108)	49
17:50:08.649	28	10.4271	(925, 1079)	(93, 108)	49
17:50:08.685	31	10.4166	(935, 1080)	(94, 108)	49
17:50:08.720	35	10.3646	(945, 1081)	(95, 108)	49
17:50:08.762	33	10.2644	(955, 1082)	(96, 108)	49
17:50:08.804	25	10.2753	(965, 1082)	(97, 108)	49
17:50:08.837	26	10.1766	(975, 1083)	(98, 108)	49
17:50:08.865	25	10.0437	(986, 1083)	(99, 108)	49
17:50:08.893	26	9.98711	(995, 1084)	(100, 108)	49
17:50:08.928	32	9.85926	(1005, 1084)	(101, 108)	49
17:50:08.970	36	9.26519	(1015, 1084)	(102, 108)	49
17:50:09.012	26	9.23348	(1017, 1085)	(102, 109)	49
17:50:09.045	23	9.09155	(1025, 1085)	(103, 109)	49
17:50:09.073	23	8.81763	(1040, 1085)	(104, 109)	49
17:50:09.101	23	8.75733	(1048, 1085)	(105, 109)	49
17:50:09.129	24	8.70785	(1055, 1086)	(106, 109)	49
17:50:09.157	28	8.63348	(1065, 1086)	(107, 109)	49
17:50:09.193	28	8.72652	(1075, 1086)	(108, 109)	49
17:50:09.234	25	8.75304	(1085, 1086)	(109, 109)	49
17:50:09.261	32	8.90696	(1096, 1086)	(110, 109)	49
17:50:09.296	32	8.924	(1105, 1086)	(111, 109)	49
17:50:09.331	24	9.05689	(1115, 1086)	(112, 109)	49
17:50:09.359	24	9.21941	(1126, 1086)	(113, 109)	49
17:50:09.386	30	9.28178	(1135, 1086)	(114, 109)	49
17:50:09.422	30	9.38933	(1146, 1086)	(115, 109)	49
17:50:09.456	24	9.55985	(1155, 1086)	(116, 109)	49
17:50:09.483	23	9.67259	(1166, 1086)	(117, 109)	49
17:50:09.511	24	9.86489	(1175, 1086)	(118, 109)	49
17:50:09.539	25	10.0511	(1185, 1085)	(119, 109)	49
17:50:09.567	25	10.1314	(1188, 1084)	(119, 108)	49
17:50:09.595	26	10.3519	(1195, 1084)	(120, 108)	49
17:50:09.623	27	10.613	(1205, 1082)	(121, 108)	49
17:50:09.658	25	10.7593	(1215, 1081)	(122, 108)	49
17:50:09.685	29	10.9441	(1225, 1081)	(123, 108)	49
17:50:09.721	29	11.1111	(1235, 1081)	(124, 108)	49
17:50:09.755	30	11.085	(1245, 1080)	(125, 108)	49
17:50:09.790	30	11.0901	(1255, 1080)	(126, 108)	49
17:50:09.825	27	11.0471	(1265, 1079)	(127, 108)	49
17:50:09.859	25	11.0804	(1275, 1078)	(128, 108)	49
17:50:09.886	26	11.0354	(1286, 1077)	(129, 108)	49
17:50:09.914	26	10.9801	(1295, 1077)	(130, 108)	49
17:50:09.943	25	10.9287	(1305, 1077)	(131, 108)	49
17:50:09.970	26	10.8255	(1315, 1077)	(132, 108)	49
17:50:09.998	25	10.8034	(1325, 1077)	(133, 108)	49
17:50:10.026	25	10.6753	(1335, 1077)	(134, 108)	49
17:50:10.053	25	10.5799	(1345, 1077)	(135, 108)	49
17:50:10.081	26	10.5207	(1355, 1077)	(136, 108)	49
17:50:10.110	25	10.6447	(1365, 1079)	(137, 108)	49
17:50:10.137	25	10.5212	(1375, 1080)	(138, 108)	49
17:50:10.165	28	10.3188	(1385, 1081)	(139, 108)	49
17:50:10.200	30	10.2382	(1395, 1081)	(140, 108)	49
17:50:10.236	29	10.0668	(1405, 1083)	(141, 108)	49
17:50:10.270	25	10.1548	(1416, 1084)	(142, 108)	49
17:50:10.297	24	10.0006	(1418, 1085)	(142, 109)	49
17:50:10.325	24	9.94667	(1425, 1085)	(143, 109)	49
17:50:10.352	25	9.93244	(1437, 1088)	(144, 109)	49
17:50:10.380	25	9.77289	(1445, 1088)	(145, 109)	49
17:50:10.409	23	9.65778	(1455, 1089)	(146, 109)	49
17:50:10.436	24	9.42474	(1465, 1090)	(147, 109)	49
17:50:10.464	24	9.30963	(1476, 1091)	(148, 109)	49
17:50:10.492	29	9.27659	(1485, 1092)	(149, 109)	49
17:50:10.528	29	9.04755	(1495, 1093)	(150, 109)	49
17:50:10.562	30	8.94133	(1505, 1093)	(151, 109)	49
17:50:10.596	31	8.85363	(1515, 1093)	(152, 109)	49
17:50:10.632	27	8.68385	(1525, 1093)	(153, 109)	49
17:50:10.666	24	8.56385	(1535, 1094)	(154, 109)	49
17:50:10.693	22	8.4883	(1545, 1094)	(155, 109)	49
17:50:10.721	22	8.37037	(1555, 1094)	(156, 109)	49
17:50:10.749	23	8.29185	(1565, 1094)	(157, 109)	49
17:50:10.777	27	8.33719	(1566, 1095)	(157, 110)	49
17:50:10.812	29	8.09052	(1575, 1095)	(158, 110)	49
17:50:10.846	25	7.93378	(1585, 1095)	(159, 110)	49
17:50:10.874	22	7.72607	(1596, 1096)	(160, 110)	49
17:50:10.901	22	7.50326	(1605, 1096)	(161, 110)	49
17:50:10.929	30	7.348	(1615, 1096)	(162, 110)	49
17:50:10.964	21	7.11333	(1625, 1097)	(163, 110)	49
17:50:10.992	21	6.90059	(1635, 1097)	(164, 110)	49
17:50:11.019	22	6.75452	(1645, 1097)	(165, 110)	49
17:50:11.048	20	6.41644	(1655, 1098)	(166, 110)	49
17:50:11.075	20	6.16978	(1665, 1098)	(167, 110)	49
17:50:11.103	20	5.96356	(1675, 1099)	(168, 110)	49
17:50:11.131	20	5.70563	(1685, 1099)	(169, 110)	49
17:50:11.152	19	5.48415	(1695, 1100)	(170, 110)	49
17:50:11.173	20	5.28341	(1705, 1100)	(171, 110)	49
17:50:11.200	19	5.12548	(1715, 1101)	(172, 110)	49
17:50:11.221	19	5.0003	(1725, 1101)	(173, 110)	49
17:50:11.242	19	4.91393	(1735, 1103)	(174, 110)	49
17:50:11.263	19	4.85837	(1748, 1104)	(175, 110)	49
17:50:11.285	19	4.82415	(1753, 1105)	(175, 111)	49
17:50:11.312	19	4.83082	(1755, 1105)	(176, 111)	49
17:50:11.346	20	4.71822	(1765, 1106)	(177, 111)	49
17:50:11.367	23	4.61778	(1775, 1107)	(178, 111)	49
17:50:11.396	23	4.51304	(1785, 1108)	(179, 111)	49
17:50:11.424	23	4.44785	(1798, 1109)	(180, 111)	49
17:50:11.451	23	4.2997	(1806, 1111)	(181, 111)	49
17:50:11.479	22	4.27941	(1815, 1112)	(182, 111)	49
17:50:11.507	24	4.14741	(1825, 1112)	(183, 111)	49
17:50:11.536	22	4.06133	(1835, 1113)	(184, 111)	49
17:50:11.563	22	3.95837	(1850, 1114)	(185, 111)	49
17:50:11.590	22	3.96148	(1855, 1114)	(186, 111)	49
17:50:11.619	22	4.09704	(1858, 1115)	(186, 112)	49
17:50:11.647	22	3.83319	(1865, 1116)	(187, 112)	49
17:50:11.674	22	3.78326	(1877, 1117)	(188, 112)	49
17:50:11.702	22	3.67822	(1885, 1118)	(189, 112)	49
17:50:11.729	19	3.6243	(1895, 1120)	(190, 112)	49
17:50:11.750	19	3.54237	(1905, 1121)	(191, 112)	49
17:50:11.771	17	2.37956	(0, 0)	(0, 0)	49
EOM

