BOM
Frame extends: 2263, 1306
_ms_area: 10
measurements taken: 585
current rendering method: 0
is mouse replay: 1
Camera settings: Roation Quaternion: ( 0.488333, -0.339726, -0.497206, 0.631584), Translationsvektor: ( 0.0768895, 0.101072, 1.625).
System_Time	Elapsed_Time_PaintGL	Elapsed_Kernel_Time	Frame_Coordinates	Grid_Position	Manual_Measurement
00:28:43.476	66	57.1655	(-1, -1)	(-1, -1)	16
00:28:43.548	68	57.3071	(-1, -1)	(-1, -1)	16
00:28:43.623	70	57.523	(-1, -1)	(-1, -1)	16
00:28:43.699	70	57.7607	(-1, -1)	(-1, -1)	16
00:28:43.776	69	58.0727	(-1, -1)	(-1, -1)	16
00:28:43.850	66	58.4729	(-1, -1)	(-1, -1)	16
00:28:43.922	68	58.4092	(-1, -1)	(-1, -1)	16
00:28:43.998	66	58.6637	(-1, -1)	(-1, -1)	16
00:28:44.072	66	58.8994	(-1, -1)	(-1, -1)	16
00:28:44.146	72	59.0972	(-1, -1)	(-1, -1)	16
00:28:44.227	67	59.3074	(-1, -1)	(-1, -1)	16
00:28:44.296	66	59.5677	(-1, -1)	(-1, -1)	16
00:28:44.373	72	59.7576	(-1, -1)	(-1, -1)	16
00:28:44.449	68	59.9683	(-1, -1)	(-1, -1)	16
00:28:44.527	70	60.2018	(-1, -1)	(-1, -1)	16
00:28:44.602	68	60.4744	(-1, -1)	(-1, -1)	16
00:28:44.678	69	60.72	(-1, -1)	(-1, -1)	16
00:28:44.757	71	60.7953	(-1, -1)	(-1, -1)	16
00:28:44.834	70	61.057	(-1, -1)	(-1, -1)	16
00:28:44.907	70	61.2907	(-1, -1)	(-1, -1)	16
00:28:44.986	73	61.4748	(-1, -1)	(-1, -1)	16
00:28:45.061	70	61.6369	(-1, -1)	(-1, -1)	16
00:28:45.138	76	61.8459	(-1, -1)	(-1, -1)	16
00:28:45.223	74	62.0324	(-1, -1)	(-1, -1)	16
00:28:45.304	69	62.2756	(-1, -1)	(-1, -1)	16
00:28:45.382	76	62.4265	(-1, -1)	(-1, -1)	16
00:28:45.469	70	62.5852	(-1, -1)	(-1, -1)	16
00:28:45.547	69	62.7964	(-1, -1)	(-1, -1)	16
00:28:45.624	76	62.9606	(-1, -1)	(-1, -1)	16
00:28:45.708	71	63.1917	(-1, -1)	(-1, -1)	16
00:28:45.785	75	63.3044	(-1, -1)	(-1, -1)	16
00:28:45.873	72	63.5276	(-1, -1)	(-1, -1)	16
00:28:45.950	74	63.6984	(-1, -1)	(-1, -1)	16
00:28:46.029	74	63.8159	(-1, -1)	(-1, -1)	16
00:28:46.111	75	63.9799	(-1, -1)	(-1, -1)	16
00:28:46.196	74	64.1418	(-1, -1)	(-1, -1)	16
00:28:46.278	76	64.3628	(-1, -1)	(-1, -1)	16
00:28:46.360	81	64.451	(-1, -1)	(-1, -1)	16
00:28:46.445	76	64.6021	(-1, -1)	(-1, -1)	16
00:28:46.528	75	64.7662	(-1, -1)	(-1, -1)	16
00:28:46.610	78	64.8827	(-1, -1)	(-1, -1)	16
00:28:46.699	74	64.9976	(-1, -1)	(-1, -1)	16
00:28:46.778	72	65.1347	(-1, -1)	(-1, -1)	16
00:28:46.855	78	65.3397	(-1, -1)	(-1, -1)	16
00:28:46.939	77	65.4382	(-1, -1)	(-1, -1)	16
00:28:47.021	72	65.6074	(-1, -1)	(-1, -1)	16
00:28:47.098	80	65.6892	(-1, -1)	(-1, -1)	16
00:28:47.188	76	65.7904	(-1, -1)	(-1, -1)	16
00:28:47.275	77	65.8259	(-1, -1)	(-1, -1)	16
00:28:47.362	75	65.9668	(-1, -1)	(-1, -1)	16
00:28:47.444	75	66.1344	(-1, -1)	(-1, -1)	16
00:28:47.530	78	66.1656	(-1, -1)	(-1, -1)	16
00:28:47.612	76	66.2391	(-1, -1)	(-1, -1)	16
00:28:47.700	78	66.3487	(-1, -1)	(-1, -1)	16
00:28:47.789	76	66.4284	(-1, -1)	(-1, -1)	16
00:28:47.869	76	66.5354	(-1, -1)	(-1, -1)	16
00:28:47.953	78	66.5978	(-1, -1)	(-1, -1)	16
00:28:48.036	76	66.6724	(-1, -1)	(-1, -1)	16
00:28:48.123	79	66.7227	(-1, -1)	(-1, -1)	16
00:28:48.213	81	66.8532	(-1, -1)	(-1, -1)	16
00:28:48.303	79	66.8827	(-1, -1)	(-1, -1)	16
00:28:48.392	77	66.923	(-1, -1)	(-1, -1)	16
00:28:48.473	75	67.0557	(-1, -1)	(-1, -1)	16
00:28:48.560	76	67.0108	(-1, -1)	(-1, -1)	16
00:28:48.642	78	67.0751	(-1, -1)	(-1, -1)	16
00:28:48.723	74	67.1745	(-1, -1)	(-1, -1)	16
00:28:48.803	78	67.1221	(-1, -1)	(-1, -1)	16
00:28:48.884	81	67.144	(-1, -1)	(-1, -1)	16
00:28:48.977	78	67.2059	(-1, -1)	(-1, -1)	16
00:28:49.069	76	67.2428	(-1, -1)	(-1, -1)	16
00:28:49.156	80	67.2141	(-1, -1)	(-1, -1)	16
00:28:49.247	78	67.22	(-1, -1)	(-1, -1)	16
00:28:49.329	77	67.2841	(-1, -1)	(-1, -1)	16
00:28:49.414	79	67.2529	(-1, -1)	(-1, -1)	16
00:28:49.496	74	67.3582	(-1, -1)	(-1, -1)	16
00:28:49.572	74	67.2815	(-1, -1)	(-1, -1)	16
00:28:49.656	79	67.2181	(-1, -1)	(-1, -1)	16
00:28:49.741	75	67.2009	(-1, -1)	(-1, -1)	16
00:28:49.823	81	67.1727	(-1, -1)	(-1, -1)	16
00:28:49.914	79	67.2415	(-1, -1)	(-1, -1)	16
00:28:49.996	76	67.2719	(-1, -1)	(-1, -1)	16
00:28:50.085	75	67.1892	(-1, -1)	(-1, -1)	16
00:28:50.163	74	67.1904	(-1, -1)	(-1, -1)	16
00:28:50.239	75	67.1444	(-1, -1)	(-1, -1)	16
00:28:50.324	79	66.9782	(-1, -1)	(-1, -1)	16
00:28:50.406	74	67.0239	(-1, -1)	(-1, -1)	16
00:28:50.484	79	66.9279	(-1, -1)	(-1, -1)	16
00:28:50.567	76	66.9016	(-1, -1)	(-1, -1)	16
00:28:50.652	78	66.8523	(-1, -1)	(-1, -1)	16
00:28:50.734	78	66.8951	(-1, -1)	(-1, -1)	16
00:28:50.816	74	66.8879	(-1, -1)	(-1, -1)	16
00:28:50.896	79	66.7127	(-1, -1)	(-1, -1)	16
00:28:50.987	77	66.7172	(-1, -1)	(-1, -1)	16
00:28:51.069	75	66.5336	(-1, -1)	(-1, -1)	16
00:28:51.152	78	66.4302	(-1, -1)	(-1, -1)	16
00:28:51.234	76	66.3241	(-1, -1)	(-1, -1)	16
00:28:51.319	79	66.2847	(-1, -1)	(-1, -1)	16
00:28:51.409	77	66.2567	(-1, -1)	(-1, -1)	16
00:28:51.491	76	66.1747	(-1, -1)	(-1, -1)	16
00:28:51.574	74	66.1622	(-1, -1)	(-1, -1)	16
00:28:51.650	76	66.1576	(-1, -1)	(-1, -1)	16
00:28:51.736	77	66.0233	(-1, -1)	(-1, -1)	16
00:28:51.826	77	65.9447	(-1, -1)	(-1, -1)	16
00:28:51.907	73	65.8133	(-1, -1)	(-1, -1)	16
00:28:51.986	77	65.6556	(-1, -1)	(-1, -1)	16
00:28:52.068	74	65.575	(-1, -1)	(-1, -1)	16
00:28:52.152	79	65.4988	(-1, -1)	(-1, -1)	16
00:28:52.242	76	65.4151	(-1, -1)	(-1, -1)	16
00:28:52.327	77	65.3407	(-1, -1)	(-1, -1)	16
00:28:52.412	77	65.2794	(-1, -1)	(-1, -1)	16
00:28:52.499	74	65.1481	(-1, -1)	(-1, -1)	16
00:28:52.576	73	64.9514	(-1, -1)	(-1, -1)	16
00:28:52.652	72	64.7526	(-1, -1)	(-1, -1)	16
00:28:52.727	74	64.6524	(-1, -1)	(-1, -1)	16
00:28:52.806	76	64.4353	(-1, -1)	(-1, -1)	16
00:28:52.889	72	64.4637	(-1, -1)	(-1, -1)	16
00:28:52.966	77	64.2136	(-1, -1)	(-1, -1)	16
00:28:53.050	76	64.128	(-1, -1)	(-1, -1)	16
00:28:53.132	71	63.9927	(-1, -1)	(-1, -1)	16
00:28:53.212	76	63.8967	(-1, -1)	(-1, -1)	16
00:28:53.300	74	63.8846	(-1, -1)	(-1, -1)	16
00:28:53.382	71	63.8609	(-1, -1)	(-1, -1)	16
00:28:53.463	75	63.5646	(-1, -1)	(-1, -1)	16
00:28:53.541	72	63.4861	(-1, -1)	(-1, -1)	16
00:28:53.620	76	63.1641	(-1, -1)	(-1, -1)	16
00:28:53.703	75	63.0139	(-1, -1)	(-1, -1)	16
00:28:53.788	73	62.827	(-1, -1)	(-1, -1)	16
00:28:53.869	75	62.6932	(-1, -1)	(-1, -1)	16
00:28:53.954	73	62.5686	(-1, -1)	(-1, -1)	16
00:28:54.034	71	62.4572	(-1, -1)	(-1, -1)	16
00:28:54.116	73	62.2207	(-1, -1)	(-1, -1)	16
00:28:54.195	69	62.1157	(-1, -1)	(-1, -1)	16
00:28:54.274	73	61.8376	(-1, -1)	(-1, -1)	16
00:28:54.357	74	61.6613	(-1, -1)	(-1, -1)	16
00:28:54.438	73	61.4732	(-1, -1)	(-1, -1)	16
00:28:54.516	73	61.2422	(-1, -1)	(-1, -1)	16
00:28:54.591	71	61.1061	(-1, -1)	(-1, -1)	16
00:28:54.670	73	60.9016	(-1, -1)	(-1, -1)	16
00:28:54.753	72	60.7018	(-1, -1)	(-1, -1)	16
00:28:54.827	68	60.6296	(-1, -1)	(-1, -1)	16
00:28:54.906	73	60.5133	(-1, -1)	(-1, -1)	16
00:28:54.990	72	60.36	(-1, -1)	(-1, -1)	16
00:28:55.064	67	60.1846	(-1, -1)	(-1, -1)	16
00:28:55.146	71	59.9373	(-1, -1)	(-1, -1)	16
00:28:55.226	68	59.781	(-1, -1)	(-1, -1)	16
00:28:55.304	71	59.5519	(-1, -1)	(-1, -1)	16
00:28:55.386	72	59.3773	(-1, -1)	(-1, -1)	16
00:28:55.461	68	59.1662	(-1, -1)	(-1, -1)	16
00:28:55.538	70	58.9793	(-1, -1)	(-1, -1)	16
00:28:55.613	69	58.8178	(-1, -1)	(-1, -1)	16
00:28:55.693	70	58.7354	(-1, -1)	(-1, -1)	16
00:28:55.774	72	58.5778	(-1, -1)	(-1, -1)	16
00:28:55.851	68	58.3905	(-1, -1)	(-1, -1)	16
00:28:55.929	68	58.2015	(-1, -1)	(-1, -1)	16
00:28:56.003	70	57.9954	(-1, -1)	(-1, -1)	16
00:28:56.079	67	57.8064	(-1, -1)	(-1, -1)	16
00:28:56.157	69	57.7433	(-1, -1)	(-1, -1)	16
00:28:56.234	70	57.6151	(-1, -1)	(-1, -1)	16
00:28:56.308	67	57.3357	(-1, -1)	(-1, -1)	16
00:28:56.382	69	57.1839	(-1, -1)	(-1, -1)	16
00:28:56.460	68	57.1636	(-1, -1)	(-1, -1)	16
00:28:56.530	64	57.0209	(-1, -1)	(-1, -1)	16
00:28:56.600	69	56.8219	(-1, -1)	(-1, -1)	16
00:28:56.679	71	56.6927	(-1, -1)	(-1, -1)	16
00:28:56.752	65	56.6892	(-1, -1)	(-1, -1)	16
00:28:56.824	69	56.4271	(-1, -1)	(-1, -1)	16
00:28:56.902	63	56.3616	(-1, -1)	(-1, -1)	16
00:28:56.969	63	56.3717	(-1, -1)	(-1, -1)	16
00:28:57.043	67	56.1046	(-1, -1)	(-1, -1)	16
00:28:57.115	63	56.0868	(-1, -1)	(-1, -1)	16
00:28:57.185	63	56.0564	(-1, -1)	(-1, -1)	16
00:28:57.260	65	55.7639	(-1, -1)	(-1, -1)	16
00:28:57.332	64	55.7843	(-1, -1)	(-1, -1)	16
00:28:57.401	68	55.6061	(-1, -1)	(-1, -1)	16
00:28:57.478	66	55.5721	(-1, -1)	(-1, -1)	16
00:28:57.553	64	55.4495	(-1, -1)	(-1, -1)	16
00:28:57.623	69	55.3973	(-1, -1)	(-1, -1)	16
00:28:57.700	67	55.3098	(-1, -1)	(-1, -1)	16
00:28:57.775	63	55.3954	(-1, -1)	(-1, -1)	16
00:28:57.848	68	55.2277	(-1, -1)	(-1, -1)	16
00:28:57.923	66	55.2127	(-1, -1)	(-1, -1)	16
00:28:57.990	62	55.2633	(-1, -1)	(-1, -1)	16
00:28:58.061	68	55.1213	(-1, -1)	(-1, -1)	16
00:28:58.142	65	55.1338	(-1, -1)	(-1, -1)	16
00:28:58.212	63	55.2119	(-1, -1)	(-1, -1)	16
00:28:58.284	66	55.1021	(-1, -1)	(-1, -1)	16
00:28:58.365	64	55.112	(-1, -1)	(-1, -1)	16
00:28:58.435	62	55.2114	(-1, -1)	(-1, -1)	16
00:28:58.506	67	55.1154	(-1, -1)	(-1, -1)	16
00:28:58.583	64	55.1773	(-1, -1)	(-1, -1)	16
00:28:58.652	68	55.193	(-1, -1)	(-1, -1)	16
00:28:58.729	67	55.2287	(-1, -1)	(-1, -1)	16
00:28:58.807	67	55.2748	(-1, -1)	(-1, -1)	16
00:28:58.883	68	55.3243	(-1, -1)	(-1, -1)	16
00:28:58.961	66	55.34	(-1, -1)	(-1, -1)	16
00:28:59.034	62	55.5239	(-1, -1)	(-1, -1)	16
00:28:59.106	66	55.543	(-1, -1)	(-1, -1)	16
00:28:59.181	68	55.584	(-1, -1)	(-1, -1)	16
00:28:59.255	63	55.7887	(-1, -1)	(-1, -1)	16
00:28:59.326	71	55.9799	(-1, -1)	(-1, -1)	16
00:28:59.403	68	56.1847	(-1, -1)	(-1, -1)	16
00:28:59.478	66	56.3092	(-1, -1)	(-1, -1)	16
00:28:59.550	69	56.5129	(-1, -1)	(-1, -1)	16
00:28:59.627	69	56.5264	(-1, -1)	(-1, -1)	16
00:28:59.702	65	56.7713	(-1, -1)	(-1, -1)	16
00:28:59.773	68	56.9899	(-1, -1)	(-1, -1)	16
00:28:59.849	67	57.0465	(-1, -1)	(-1, -1)	16
00:28:59.923	64	57.4204	(-1, -1)	(-1, -1)	16
00:28:59.995	67	57.6329	(-1, -1)	(-1, -1)	16
00:29:00.069	69	57.7847	(-1, -1)	(-1, -1)	16
00:29:00.145	63	57.9329	(-1, -1)	(-1, -1)	16
00:29:00.215	65	58.1716	(-1, -1)	(-1, -1)	16
00:29:00.286	70	58.2444	(-1, -1)	(-1, -1)	16
00:29:00.361	67	58.4012	(-1, -1)	(-1, -1)	16
00:29:00.441	70	58.6855	(-1, -1)	(-1, -1)	16
00:29:00.516	67	58.8966	(-1, -1)	(-1, -1)	16
00:29:00.590	71	58.9163	(-1, -1)	(-1, -1)	16
00:29:00.669	72	59.2031	(-1, -1)	(-1, -1)	16
00:29:00.744	68	59.5136	(-1, -1)	(-1, -1)	16
00:29:00.822	71	59.4616	(-1, -1)	(-1, -1)	16
00:29:00.905	71	59.7452	(-1, -1)	(-1, -1)	16
00:29:00.979	69	60.0833	(-1, -1)	(-1, -1)	16
00:29:01.058	73	60.2954	(-1, -1)	(-1, -1)	16
00:29:01.140	68	60.491	(-1, -1)	(-1, -1)	16
00:29:01.216	68	60.7545	(-1, -1)	(-1, -1)	16
00:29:01.295	73	60.8736	(-1, -1)	(-1, -1)	16
00:29:01.376	69	60.9634	(-1, -1)	(-1, -1)	16
00:29:01.452	68	61.2773	(-1, -1)	(-1, -1)	16
00:29:01.531	72	61.4353	(-1, -1)	(-1, -1)	16
00:29:01.605	69	61.6944	(-1, -1)	(-1, -1)	16
00:29:01.683	74	61.689	(-1, -1)	(-1, -1)	16
00:29:01.767	74	61.9601	(-1, -1)	(-1, -1)	16
00:29:01.849	72	62.1628	(-1, -1)	(-1, -1)	16
00:29:01.931	73	62.3939	(-1, -1)	(-1, -1)	16
00:29:02.011	72	62.6281	(-1, -1)	(-1, -1)	16
00:29:02.085	72	62.6481	(-1, -1)	(-1, -1)	16
00:29:02.170	72	62.915	(-1, -1)	(-1, -1)	16
00:29:02.244	72	63.1519	(-1, -1)	(-1, -1)	16
00:29:02.323	76	63.323	(-1, -1)	(-1, -1)	16
00:29:02.407	78	63.5901	(-1, -1)	(-1, -1)	16
00:29:02.492	77	63.8173	(-1, -1)	(-1, -1)	16
00:29:02.572	72	64.145	(-1, -1)	(-1, -1)	16
00:29:02.649	73	64.2344	(-1, -1)	(-1, -1)	16
00:29:02.734	76	64.5111	(-1, -1)	(-1, -1)	16
00:29:02.819	75	64.8105	(-1, -1)	(-1, -1)	16
00:29:02.898	72	64.9784	(-1, -1)	(-1, -1)	16
00:29:02.976	77	65.1364	(-1, -1)	(-1, -1)	16
00:29:03.058	73	65.3883	(-1, -1)	(-1, -1)	16
00:29:03.136	75	65.5609	(-1, -1)	(-1, -1)	16
00:29:03.220	78	65.7396	(-1, -1)	(-1, -1)	16
00:29:03.301	73	66.0326	(-1, -1)	(-1, -1)	16
00:29:03.380	76	66.1581	(-1, -1)	(-1, -1)	16
00:29:03.470	77	66.219	(-1, -1)	(-1, -1)	16
00:29:03.553	79	66.3336	(-1, -1)	(-1, -1)	16
00:29:03.637	79	66.5104	(-1, -1)	(-1, -1)	16
00:29:03.719	76	66.6913	(-1, -1)	(-1, -1)	16
00:29:03.806	78	66.8961	(-1, -1)	(-1, -1)	16
00:29:03.893	76	67.1249	(-1, -1)	(-1, -1)	16
00:29:03.980	79	67.2535	(-1, -1)	(-1, -1)	16
00:29:04.068	80	67.4427	(-1, -1)	(-1, -1)	16
00:29:04.156	79	67.6255	(-1, -1)	(-1, -1)	16
00:29:04.242	79	67.7748	(-1, -1)	(-1, -1)	16
00:29:04.324	76	67.997	(-1, -1)	(-1, -1)	16
00:29:04.409	80	68.1298	(-1, -1)	(-1, -1)	16
00:29:04.499	80	68.2907	(-1, -1)	(-1, -1)	16
00:29:04.581	76	68.5342	(-1, -1)	(-1, -1)	16
00:29:04.666	79	68.5538	(-1, -1)	(-1, -1)	16
00:29:04.748	76	68.7523	(-1, -1)	(-1, -1)	16
00:29:04.834	81	68.8465	(-1, -1)	(-1, -1)	16
00:29:04.923	82	69.0572	(-1, -1)	(-1, -1)	16
00:29:05.014	81	69.1481	(-1, -1)	(-1, -1)	16
00:29:05.105	80	69.3868	(-1, -1)	(-1, -1)	16
00:29:05.192	76	69.4347	(-1, -1)	(-1, -1)	16
00:29:05.276	76	69.5914	(-1, -1)	(-1, -1)	16
00:29:05.362	77	69.6567	(-1, -1)	(-1, -1)	16
00:29:05.442	77	69.8068	(-1, -1)	(-1, -1)	16
00:29:05.528	81	69.9427	(-1, -1)	(-1, -1)	16
00:29:05.617	78	70.1341	(-1, -1)	(-1, -1)	16
00:29:05.701	92	70.117	(-1, -1)	(-1, -1)	16
00:29:05.798	78	70.2791	(-1, -1)	(-1, -1)	16
00:29:05.882	83	70.292	(-1, -1)	(-1, -1)	16
00:29:05.978	85	70.5047	(-1, -1)	(-1, -1)	16
00:29:06.069	77	70.5493	(-1, -1)	(-1, -1)	16
00:29:06.154	82	70.5599	(-1, -1)	(-1, -1)	16
00:29:06.242	78	70.6314	(-1, -1)	(-1, -1)	16
00:29:06.327	83	70.6513	(-1, -1)	(-1, -1)	16
00:29:06.416	79	70.756	(-1, -1)	(-1, -1)	16
00:29:06.499	80	70.9193	(-1, -1)	(-1, -1)	16
00:29:06.584	80	70.8825	(-1, -1)	(-1, -1)	16
00:29:06.667	80	70.9652	(-1, -1)	(-1, -1)	16
00:29:06.751	82	70.9756	(-1, -1)	(-1, -1)	16
00:29:06.840	80	71.0816	(-1, -1)	(-1, -1)	16
00:29:06.925	83	71.1258	(-1, -1)	(-1, -1)	16
00:29:07.016	89	71.1844	(-1, -1)	(-1, -1)	16
00:29:07.114	83	71.1947	(-1, -1)	(-1, -1)	16
00:29:07.205	81	71.2486	(-1, -1)	(-1, -1)	16
00:29:07.292	79	71.4307	(-1, -1)	(-1, -1)	16
00:29:07.376	84	71.3255	(-1, -1)	(-1, -1)	16
00:29:07.466	80	71.3615	(-1, -1)	(-1, -1)	16
00:29:07.549	80	71.4742	(-1, -1)	(-1, -1)	16
00:29:07.636	83	71.405	(-1, -1)	(-1, -1)	16
00:29:07.722	80	71.4335	(-1, -1)	(-1, -1)	16
00:29:07.809	82	71.3692	(-1, -1)	(-1, -1)	16
00:29:07.897	81	71.4074	(-1, -1)	(-1, -1)	16
00:29:07.991	83	71.3695	(-1, -1)	(-1, -1)	16
00:29:08.087	82	71.3413	(-1, -1)	(-1, -1)	16
00:29:08.179	84	71.3304	(-1, -1)	(-1, -1)	16
00:29:08.267	83	71.3787	(-1, -1)	(-1, -1)	16
00:29:08.356	81	71.3353	(-1, -1)	(-1, -1)	16
00:29:08.448	82	71.3065	(-1, -1)	(-1, -1)	16
00:29:08.537	82	71.2404	(-1, -1)	(-1, -1)	16
00:29:08.628	83	71.2222	(-1, -1)	(-1, -1)	16
00:29:08.721	84	71.1606	(-1, -1)	(-1, -1)	16
00:29:08.808	78	71.2407	(-1, -1)	(-1, -1)	16
00:29:08.891	78	71.1927	(-1, -1)	(-1, -1)	16
00:29:08.974	78	71.0083	(-1, -1)	(-1, -1)	16
00:29:09.060	81	71.0124	(-1, -1)	(-1, -1)	16
00:29:09.149	80	71.0344	(-1, -1)	(-1, -1)	16
00:29:09.231	80	70.8289	(-1, -1)	(-1, -1)	16
00:29:09.319	82	70.8364	(-1, -1)	(-1, -1)	16
00:29:09.405	78	70.7933	(-1, -1)	(-1, -1)	16
00:29:09.495	80	70.5816	(-1, -1)	(-1, -1)	16
00:29:09.580	79	70.5141	(-1, -1)	(-1, -1)	16
00:29:09.664	83	70.4532	(-1, -1)	(-1, -1)	16
00:29:09.757	81	70.3184	(-1, -1)	(-1, -1)	16
00:29:09.844	78	70.3588	(-1, -1)	(-1, -1)	16
00:29:09.929	82	70.132	(-1, -1)	(-1, -1)	16
00:29:10.018	79	70.0184	(-1, -1)	(-1, -1)	16
00:29:10.102	82	69.8923	(-1, -1)	(-1, -1)	16
00:29:10.198	81	69.8003	(-1, -1)	(-1, -1)	16
00:29:10.290	81	69.7104	(-1, -1)	(-1, -1)	16
00:29:10.380	82	69.5637	(-1, -1)	(-1, -1)	16
00:29:10.469	79	69.4076	(-1, -1)	(-1, -1)	16
00:29:10.555	80	69.22	(-1, -1)	(-1, -1)	16
00:29:10.643	78	69.137	(-1, -1)	(-1, -1)	16
00:29:10.728	80	69.0059	(-1, -1)	(-1, -1)	16
00:29:10.818	80	68.8255	(-1, -1)	(-1, -1)	16
00:29:10.900	77	68.769	(-1, -1)	(-1, -1)	16
00:29:10.985	80	68.4714	(-1, -1)	(-1, -1)	16
00:29:11.068	76	68.3597	(-1, -1)	(-1, -1)	16
00:29:11.150	78	68.1656	(-1, -1)	(-1, -1)	16
00:29:11.235	78	67.9698	(-1, -1)	(-1, -1)	16
00:29:11.316	76	67.9225	(-1, -1)	(-1, -1)	16
00:29:11.402	79	67.6316	(-1, -1)	(-1, -1)	16
00:29:11.484	78	67.493	(-1, -1)	(-1, -1)	16
00:29:11.569	79	67.2607	(-1, -1)	(-1, -1)	16
00:29:11.652	78	67.1022	(-1, -1)	(-1, -1)	16
00:29:11.734	74	66.9724	(-1, -1)	(-1, -1)	16
00:29:11.812	78	66.6827	(-1, -1)	(-1, -1)	16
00:29:11.894	74	66.5628	(-1, -1)	(-1, -1)	16
00:29:11.979	79	66.317	(-1, -1)	(-1, -1)	16
00:29:12.070	78	66.0767	(-1, -1)	(-1, -1)	16
00:29:12.152	74	66.0136	(-1, -1)	(-1, -1)	16
00:29:12.236	77	65.7591	(-1, -1)	(-1, -1)	16
00:29:12.319	76	65.6876	(-1, -1)	(-1, -1)	16
00:29:12.403	78	65.4333	(-1, -1)	(-1, -1)	16
00:29:12.487	79	65.3224	(-1, -1)	(-1, -1)	16
00:29:12.568	72	65.112	(-1, -1)	(-1, -1)	16
00:29:12.647	77	64.7809	(-1, -1)	(-1, -1)	16
00:29:12.729	74	64.5921	(-1, -1)	(-1, -1)	16
00:29:12.813	76	64.393	(-1, -1)	(-1, -1)	16
00:29:12.901	76	64.124	(-1, -1)	(-1, -1)	16
00:29:12.986	74	64.0839	(-1, -1)	(-1, -1)	16
00:29:13.071	76	63.9012	(-1, -1)	(-1, -1)	16
00:29:13.155	74	63.4483	(-1, -1)	(-1, -1)	16
00:29:13.237	73	63.4056	(-1, -1)	(-1, -1)	16
00:29:13.321	75	63.3259	(-1, -1)	(-1, -1)	16
00:29:13.402	74	63.1437	(-1, -1)	(-1, -1)	16
00:29:13.481	75	62.9199	(-1, -1)	(-1, -1)	16
00:29:13.565	73	62.7544	(-1, -1)	(-1, -1)	16
00:29:13.648	74	62.6256	(-1, -1)	(-1, -1)	16
00:29:13.739	74	62.4557	(-1, -1)	(-1, -1)	16
00:29:13.819	70	62.279	(-1, -1)	(-1, -1)	16
00:29:13.897	74	62.0664	(-1, -1)	(-1, -1)	16
00:29:13.986	72	61.9437	(-1, -1)	(-1, -1)	16
00:29:14.063	68	61.7508	(-1, -1)	(-1, -1)	16
00:29:14.141	72	61.5215	(-1, -1)	(-1, -1)	16
00:29:14.216	69	61.4618	(-1, -1)	(-1, -1)	16
00:29:14.292	68	61.2104	(-1, -1)	(-1, -1)	16
00:29:14.371	72	61.0071	(-1, -1)	(-1, -1)	16
00:29:14.446	69	60.9987	(-1, -1)	(-1, -1)	16
00:29:14.527	72	60.7043	(-1, -1)	(-1, -1)	16
00:29:14.607	71	60.7064	(-1, -1)	(-1, -1)	16
00:29:14.682	68	60.4719	(-1, -1)	(-1, -1)	16
00:29:14.762	72	60.4212	(-1, -1)	(-1, -1)	16
00:29:14.842	68	60.259	(-1, -1)	(-1, -1)	16
00:29:14.920	71	60.0904	(-1, -1)	(-1, -1)	16
00:29:14.996	72	60.1271	(-1, -1)	(-1, -1)	16
00:29:15.072	68	60.0409	(-1, -1)	(-1, -1)	16
00:29:15.149	68	59.8904	(-1, -1)	(-1, -1)	16
00:29:15.227	71	59.8902	(-1, -1)	(-1, -1)	16
00:29:15.300	67	59.8521	(-1, -1)	(-1, -1)	16
00:29:15.370	66	59.7676	(-1, -1)	(-1, -1)	16
00:29:15.443	70	59.6658	(-1, -1)	(-1, -1)	16
00:29:15.516	65	59.7465	(-1, -1)	(-1, -1)	16
00:29:15.586	68	59.644	(-1, -1)	(-1, -1)	16
00:29:15.665	70	59.3784	(-1, -1)	(-1, -1)	16
00:29:15.739	68	59.3852	(-1, -1)	(-1, -1)	16
00:29:15.821	69	59.3136	(-1, -1)	(-1, -1)	16
00:29:15.899	66	59.291	(-1, -1)	(-1, -1)	16
00:29:15.970	71	59.209	(-1, -1)	(-1, -1)	16
00:29:16.053	70	59.1422	(-1, -1)	(-1, -1)	16
00:29:16.128	67	59.2732	(-1, -1)	(-1, -1)	16
00:29:16.205	72	59.1582	(-1, -1)	(-1, -1)	16
00:29:16.282	71	59.0987	(-1, -1)	(-1, -1)	16
00:29:16.359	67	59.0953	(-1, -1)	(-1, -1)	16
00:29:16.435	72	59.1313	(-1, -1)	(-1, -1)	16
00:29:16.526	70	59.128	(-1, -1)	(-1, -1)	16
00:29:16.600	68	59.1194	(-1, -1)	(-1, -1)	16
00:29:16.678	72	59.1862	(-1, -1)	(-1, -1)	16
00:29:16.759	68	59.2126	(-1, -1)	(-1, -1)	16
00:29:16.832	71	59.2144	(-1, -1)	(-1, -1)	16
00:29:16.909	69	59.2761	(-1, -1)	(-1, -1)	16
00:29:16.982	66	59.4461	(-1, -1)	(-1, -1)	16
00:29:17.052	70	59.4006	(-1, -1)	(-1, -1)	16
00:29:17.132	71	59.5388	(-1, -1)	(-1, -1)	16
00:29:17.205	67	59.588	(-1, -1)	(-1, -1)	16
00:29:17.276	71	59.6456	(-1, -1)	(-1, -1)	16
00:29:17.354	72	59.752	(-1, -1)	(-1, -1)	16
00:29:17.435	71	59.885	(-1, -1)	(-1, -1)	16
00:29:17.513	72	59.8959	(-1, -1)	(-1, -1)	16
00:29:17.595	70	60.009	(-1, -1)	(-1, -1)	16
00:29:17.672	70	60.044	(-1, -1)	(-1, -1)	16
00:29:17.749	72	60.1837	(-1, -1)	(-1, -1)	16
00:29:17.826	70	60.3231	(-1, -1)	(-1, -1)	16
00:29:17.900	72	60.3437	(-1, -1)	(-1, -1)	16
00:29:17.985	72	60.4754	(-1, -1)	(-1, -1)	16
00:29:18.060	67	60.6978	(-1, -1)	(-1, -1)	16
00:29:18.139	74	60.7	(-1, -1)	(-1, -1)	16
00:29:18.222	72	60.7647	(-1, -1)	(-1, -1)	16
00:29:18.297	69	60.899	(-1, -1)	(-1, -1)	16
00:29:18.375	73	60.9591	(-1, -1)	(-1, -1)	16
00:29:18.462	72	61.0705	(-1, -1)	(-1, -1)	16
00:29:18.540	68	61.3201	(-1, -1)	(-1, -1)	16
00:29:18.617	75	61.2019	(-1, -1)	(-1, -1)	16
00:29:18.700	69	61.3656	(-1, -1)	(-1, -1)	16
00:29:18.778	74	61.4781	(-1, -1)	(-1, -1)	16
00:29:18.863	73	61.7899	(-1, -1)	(-1, -1)	16
00:29:18.943	70	61.9677	(-1, -1)	(-1, -1)	16
00:29:19.022	73	61.8542	(-1, -1)	(-1, -1)	16
00:29:19.103	70	62.0637	(-1, -1)	(-1, -1)	16
00:29:19.183	74	62.3926	(-1, -1)	(-1, -1)	16
00:29:19.265	74	62.4533	(-1, -1)	(-1, -1)	16
00:29:19.347	72	62.6007	(-1, -1)	(-1, -1)	16
00:29:19.424	76	62.7981	(-1, -1)	(-1, -1)	16
00:29:19.511	76	62.8556	(-1, -1)	(-1, -1)	16
00:29:19.593	74	62.9951	(-1, -1)	(-1, -1)	16
00:29:19.675	73	63.0919	(-1, -1)	(-1, -1)	16
00:29:19.756	71	63.3397	(-1, -1)	(-1, -1)	16
00:29:19.837	75	63.4336	(-1, -1)	(-1, -1)	16
00:29:19.918	75	63.6178	(-1, -1)	(-1, -1)	16
00:29:19.999	75	63.6876	(-1, -1)	(-1, -1)	16
00:29:20.086	75	63.8207	(-1, -1)	(-1, -1)	16
00:29:20.167	71	64.067	(-1, -1)	(-1, -1)	16
00:29:20.245	76	64.1787	(-1, -1)	(-1, -1)	16
00:29:20.327	78	64.2364	(-1, -1)	(-1, -1)	16
00:29:20.413	74	64.4759	(-1, -1)	(-1, -1)	16
00:29:20.496	75	64.4933	(-1, -1)	(-1, -1)	16
00:29:20.578	73	64.5246	(-1, -1)	(-1, -1)	16
00:29:20.655	76	64.6664	(-1, -1)	(-1, -1)	16
00:29:20.743	76	64.8062	(-1, -1)	(-1, -1)	16
00:29:20.827	74	65.0693	(-1, -1)	(-1, -1)	16
00:29:20.906	77	65.1203	(-1, -1)	(-1, -1)	16
00:29:20.992	76	65.287	(-1, -1)	(-1, -1)	16
00:29:21.070	74	65.3641	(-1, -1)	(-1, -1)	16
00:29:21.155	78	65.5172	(-1, -1)	(-1, -1)	16
00:29:21.237	72	65.6135	(-1, -1)	(-1, -1)	16
00:29:21.313	74	65.735	(-1, -1)	(-1, -1)	16
00:29:21.392	77	65.7317	(-1, -1)	(-1, -1)	16
00:29:21.473	73	65.8575	(-1, -1)	(-1, -1)	16
00:29:21.552	77	65.9206	(-1, -1)	(-1, -1)	16
00:29:21.637	79	65.9957	(-1, -1)	(-1, -1)	16
00:29:21.723	74	66.0634	(-1, -1)	(-1, -1)	16
00:29:21.802	78	66.0532	(-1, -1)	(-1, -1)	16
00:29:21.884	75	66.1773	(-1, -1)	(-1, -1)	16
00:29:21.969	78	66.203	(-1, -1)	(-1, -1)	16
00:29:22.059	78	66.3056	(-1, -1)	(-1, -1)	16
00:29:22.146	78	66.4178	(-1, -1)	(-1, -1)	16
00:29:22.233	78	66.4359	(-1, -1)	(-1, -1)	16
00:29:22.315	73	66.5973	(-1, -1)	(-1, -1)	16
00:29:22.394	79	66.5843	(-1, -1)	(-1, -1)	16
00:29:22.484	76	66.5742	(-1, -1)	(-1, -1)	16
00:29:22.567	75	66.6941	(-1, -1)	(-1, -1)	16
00:29:22.652	77	66.685	(-1, -1)	(-1, -1)	16
00:29:22.733	77	66.6742	(-1, -1)	(-1, -1)	16
00:29:22.819	78	66.7025	(-1, -1)	(-1, -1)	16
00:29:22.910	76	66.8596	(-1, -1)	(-1, -1)	16
00:29:22.998	79	66.8363	(-1, -1)	(-1, -1)	16
00:29:23.084	76	66.8367	(-1, -1)	(-1, -1)	16
00:29:23.164	75	66.8809	(-1, -1)	(-1, -1)	16
00:29:23.247	80	66.819	(-1, -1)	(-1, -1)	16
00:29:23.332	74	66.8898	(-1, -1)	(-1, -1)	16
00:29:23.413	74	66.9893	(-1, -1)	(-1, -1)	16
00:29:23.498	78	66.9181	(-1, -1)	(-1, -1)	16
00:29:23.581	75	66.9087	(-1, -1)	(-1, -1)	16
00:29:23.669	78	66.8867	(-1, -1)	(-1, -1)	16
00:29:23.755	78	66.9194	(-1, -1)	(-1, -1)	16
00:29:23.838	77	66.9588	(-1, -1)	(-1, -1)	16
00:29:23.922	78	66.8859	(-1, -1)	(-1, -1)	16
00:29:24.004	75	66.9957	(-1, -1)	(-1, -1)	16
00:29:24.089	80	66.927	(-1, -1)	(-1, -1)	16
00:29:24.180	79	66.9567	(-1, -1)	(-1, -1)	16
00:29:24.262	79	66.857	(-1, -1)	(-1, -1)	16
00:29:24.349	77	66.8093	(-1, -1)	(-1, -1)	16
00:29:24.428	74	66.8361	(-1, -1)	(-1, -1)	16
00:29:24.514	78	66.7556	(-1, -1)	(-1, -1)	16
00:29:24.595	75	66.8981	(-1, -1)	(-1, -1)	16
00:29:24.684	78	66.7037	(-1, -1)	(-1, -1)	16
00:29:24.773	77	66.6972	(-1, -1)	(-1, -1)	16
00:29:24.852	75	66.8083	(-1, -1)	(-1, -1)	16
00:29:24.937	78	66.6972	(-1, -1)	(-1, -1)	16
00:29:25.022	78	66.6067	(-1, -1)	(-1, -1)	16
00:29:25.102	74	66.6119	(-1, -1)	(-1, -1)	16
00:29:25.180	77	66.4744	(-1, -1)	(-1, -1)	16
00:29:25.262	76	66.3793	(-1, -1)	(-1, -1)	16
00:29:25.347	79	66.3735	(-1, -1)	(-1, -1)	16
00:29:25.438	77	66.3161	(-1, -1)	(-1, -1)	16
00:29:25.519	75	66.2847	(-1, -1)	(-1, -1)	16
00:29:25.605	78	66.1092	(-1, -1)	(-1, -1)	16
00:29:25.687	74	66.0511	(-1, -1)	(-1, -1)	16
00:29:25.773	78	66.015	(-1, -1)	(-1, -1)	16
00:29:25.862	81	65.8585	(-1, -1)	(-1, -1)	16
00:29:25.952	78	65.6908	(-1, -1)	(-1, -1)	16
00:29:26.042	77	65.6394	(-1, -1)	(-1, -1)	16
00:29:26.125	74	65.4822	(-1, -1)	(-1, -1)	16
00:29:26.209	78	65.3858	(-1, -1)	(-1, -1)	16
00:29:26.294	77	65.201	(-1, -1)	(-1, -1)	16
00:29:26.376	78	65.0886	(-1, -1)	(-1, -1)	16
00:29:26.460	76	65.0458	(-1, -1)	(-1, -1)	16
00:29:26.541	72	64.8502	(-1, -1)	(-1, -1)	16
00:29:26.619	77	64.5873	(-1, -1)	(-1, -1)	16
00:29:26.703	76	64.5914	(-1, -1)	(-1, -1)	16
00:29:26.784	72	64.533	(-1, -1)	(-1, -1)	16
00:29:26.864	74	64.2476	(-1, -1)	(-1, -1)	16
00:29:26.946	76	64.1433	(-1, -1)	(-1, -1)	16
00:29:27.030	76	63.9959	(-1, -1)	(-1, -1)	16
00:29:27.118	73	63.8304	(-1, -1)	(-1, -1)	16
00:29:27.195	72	63.7264	(-1, -1)	(-1, -1)	16
00:29:27.272	72	63.4412	(-1, -1)	(-1, -1)	16
00:29:27.350	70	63.3692	(-1, -1)	(-1, -1)	16
00:29:27.425	71	63.1261	(-1, -1)	(-1, -1)	16
00:29:27.502	72	62.9794	(-1, -1)	(-1, -1)	16
00:29:27.577	69	62.9671	(-1, -1)	(-1, -1)	16
00:29:27.656	73	62.6126	(-1, -1)	(-1, -1)	16
00:29:27.739	74	62.4391	(-1, -1)	(-1, -1)	16
00:29:27.822	74	62.3329	(-1, -1)	(-1, -1)	16
00:29:27.905	74	62.084	(-1, -1)	(-1, -1)	16
00:29:27.989	71	62.0899	(-1, -1)	(-1, -1)	16
00:29:28.067	74	61.892	(-1, -1)	(-1, -1)	16
00:29:28.149	72	61.7927	(-1, -1)	(-1, -1)	16
00:29:28.223	68	61.5437	(-1, -1)	(-1, -1)	16
00:29:28.301	74	61.3665	(-1, -1)	(-1, -1)	16
00:29:28.384	73	61.1676	(-1, -1)	(-1, -1)	16
00:29:28.460	66	60.9877	(-1, -1)	(-1, -1)	16
00:29:28.529	67	60.8061	(-1, -1)	(-1, -1)	16
00:29:28.599	68	60.6145	(-1, -1)	(-1, -1)	16
00:29:28.678	72	60.3333	(-1, -1)	(-1, -1)	16
00:29:28.761	72	60.2341	(-1, -1)	(-1, -1)	16
00:29:28.835	69	60.0286	(-1, -1)	(-1, -1)	16
00:29:28.913	73	59.744	(-1, -1)	(-1, -1)	16
00:29:28.997	68	59.5696	(-1, -1)	(-1, -1)	16
00:29:29.072	68	59.4593	(-1, -1)	(-1, -1)	16
00:29:29.153	71	59.103	(-1, -1)	(-1, -1)	16
00:29:29.234	70	58.9151	(-1, -1)	(-1, -1)	16
00:29:29.310	71	58.6793	(-1, -1)	(-1, -1)	16
00:29:29.386	69	58.3736	(-1, -1)	(-1, -1)	16
00:29:29.461	67	58.2333	(-1, -1)	(-1, -1)	16
00:29:29.544	70	58.197	(-1, -1)	(-1, -1)	16
00:29:29.623	70	57.9959	(-1, -1)	(-1, -1)	16
00:29:29.699	70	57.7759	(-1, -1)	(-1, -1)	16
00:29:29.776	68	57.525	(-1, -1)	(-1, -1)	16
00:29:29.853	65	57.2228	(-1, -1)	(-1, -1)	16
00:29:29.919	65	57.096	(-1, -1)	(-1, -1)	16
00:29:29.992	68	56.8215	(-1, -1)	(-1, -1)	16
00:29:30.067	63	56.597	(-1, -1)	(-1, -1)	16
00:29:30.135	64	56.4628	(-1, -1)	(-1, -1)	16
00:29:30.210	66	56.0163	(-1, -1)	(-1, -1)	16
00:29:30.282	66	55.924	(-1, -1)	(-1, -1)	16
00:29:30.359	69	55.8467	(-1, -1)	(-1, -1)	16
00:29:30.437	66	55.6692	(-1, -1)	(-1, -1)	16
00:29:30.511	63	55.4547	(-1, -1)	(-1, -1)	16
00:29:30.584	65	55.1954	(-1, -1)	(-1, -1)	16
00:29:30.661	65	54.9824	(-1, -1)	(-1, -1)	16
00:29:30.732	63	54.7696	(-1, -1)	(-1, -1)	16
00:29:30.804	60	46.879	(-1, -1)	(-1, -1)	16
EOM

