BOM
Frame extends: 2263, 1306
_ms_area: 10
measurements taken: 585
current rendering method: 0
is mouse replay: 1
Camera settings: Roation Quaternion: ( 0.488333, -0.339726, -0.497206, 0.631584), Translationsvektor: ( 0.0768895, 0.101072, 1.625).
System_Time	Elapsed_Time_PaintGL	Elapsed_Kernel_Time	Frame_Coordinates	Grid_Position	Manual_Measurement
00:16:33.448	91	82.1631	(318, 226)	(32, 23)	98
00:16:33.548	95	82.1095	(325, 225)	(33, 23)	98
00:16:33.651	93	82.1173	(335, 225)	(34, 23)	98
00:16:33.750	95	82.067	(345, 225)	(35, 23)	98
00:16:33.853	92	82.1717	(357, 225)	(36, 23)	98
00:16:33.951	95	82.1013	(372, 225)	(37, 23)	98
00:16:34.057	94	82.0978	(375, 225)	(38, 23)	98
00:16:34.160	95	82.1104	(385, 225)	(39, 23)	98
00:16:34.266	91	82.1391	(395, 225)	(40, 23)	98
00:16:34.363	95	82.1061	(405, 225)	(41, 23)	98
00:16:34.467	94	82.0705	(415, 225)	(42, 23)	98
00:16:34.568	90	82.2044	(425, 225)	(43, 23)	98
00:16:34.667	95	82.1653	(435, 226)	(44, 23)	98
00:16:34.770	91	82.1476	(445, 226)	(45, 23)	98
00:16:34.872	94	82.0536	(455, 226)	(46, 23)	98
00:16:34.977	94	82.1	(465, 227)	(47, 23)	98
00:16:35.077	96	82.1446	(475, 227)	(48, 23)	98
00:16:35.181	90	82.2388	(485, 228)	(49, 23)	98
00:16:35.279	95	82.228	(495, 228)	(50, 23)	98
00:16:35.382	92	82.2219	(505, 229)	(51, 23)	98
00:16:35.481	94	82.0816	(515, 229)	(52, 23)	98
00:16:35.585	94	82.0806	(525, 229)	(53, 23)	98
00:16:35.689	95	82.103	(535, 229)	(54, 23)	98
00:16:35.792	91	82.0498	(545, 229)	(55, 23)	98
00:16:35.891	94	82.0996	(555, 229)	(56, 23)	98
00:16:35.994	93	82.1124	(565, 229)	(57, 23)	98
00:16:36.093	93	82.1606	(575, 229)	(58, 23)	98
00:16:36.195	90	82.2083	(585, 229)	(59, 23)	98
00:16:36.294	94	82.1016	(596, 229)	(60, 23)	98
00:16:36.397	90	82.0593	(605, 230)	(61, 23)	98
00:16:36.495	95	82.063	(615, 230)	(62, 23)	98
00:16:36.601	95	82.1394	(626, 230)	(63, 23)	98
00:16:36.703	95	82.1704	(635, 230)	(64, 23)	98
00:16:36.807	93	82.1676	(645, 230)	(65, 23)	98
00:16:36.905	96	82.1719	(655, 230)	(66, 23)	98
00:16:37.011	94	82.0779	(665, 230)	(67, 23)	98
00:16:37.114	95	82.0961	(680, 230)	(68, 23)	98
00:16:37.218	92	82.1154	(685, 230)	(69, 23)	98
00:16:37.320	94	82.0988	(695, 230)	(70, 23)	98
00:16:37.421	95	82.1876	(705, 230)	(71, 23)	98
00:16:37.525	94	82.0776	(715, 230)	(72, 23)	98
00:16:37.629	97	82.091	(725, 230)	(73, 23)	98
00:16:37.733	96	82.1087	(735, 230)	(74, 23)	98
00:16:37.838	91	82.1436	(749, 230)	(75, 23)	98
00:16:37.934	95	82.111	(756, 230)	(76, 23)	98
00:16:38.038	91	82.1364	(766, 230)	(77, 23)	98
00:16:38.137	95	82.0893	(775, 230)	(78, 23)	98
00:16:38.241	94	82.1121	(785, 230)	(79, 23)	98
00:16:38.343	92	82.1567	(796, 229)	(80, 23)	98
00:16:38.445	95	82.1151	(805, 229)	(81, 23)	98
00:16:38.546	94	82.1421	(815, 229)	(82, 23)	98
00:16:38.650	97	82.1298	(825, 228)	(83, 23)	98
00:16:38.758	94	82.1133	(835, 228)	(84, 23)	98
00:16:38.860	95	82.1239	(845, 228)	(85, 23)	98
00:16:38.963	95	82.0926	(855, 228)	(86, 23)	98
00:16:39.068	93	82.0656	(865, 228)	(87, 23)	98
00:16:39.163	88	82.1228	(875, 228)	(88, 23)	98
00:16:39.253	89	82.1305	(885, 228)	(89, 23)	98
00:16:39.344	89	82.1692	(895, 228)	(90, 23)	98
00:16:39.446	93	82.1607	(905, 228)	(91, 23)	98
00:16:39.546	90	82.1905	(915, 228)	(92, 23)	98
00:16:39.647	93	82.0594	(925, 228)	(93, 23)	98
00:16:39.748	92	82.1341	(935, 228)	(94, 23)	98
00:16:39.846	96	82.1436	(945, 227)	(95, 23)	98
00:16:39.950	91	82.1089	(957, 227)	(96, 23)	98
00:16:40.048	94	82.1397	(966, 227)	(97, 23)	98
00:16:40.152	92	82.1566	(975, 227)	(98, 23)	98
00:16:40.251	94	82.0984	(985, 227)	(99, 23)	98
00:16:40.354	94	82.1132	(995, 227)	(100, 23)	98
00:16:40.460	94	82.1776	(1005, 227)	(101, 23)	98
00:16:40.563	95	82.0907	(1015, 226)	(102, 23)	98
00:16:40.667	95	82.0517	(1025, 226)	(103, 23)	98
00:16:40.771	94	82.1053	(1035, 226)	(104, 23)	98
00:16:40.875	96	82.1684	(1045, 225)	(105, 23)	98
00:16:40.983	93	82.1286	(1055, 225)	(106, 23)	98
00:16:41.090	93	82.1056	(1065, 225)	(107, 23)	98
00:16:41.198	91	82.2138	(1071, 224)	(107, 22)	98
00:16:41.291	90	82.2781	(1075, 224)	(108, 22)	98
00:16:41.395	94	82.2428	(1085, 224)	(109, 22)	98
00:16:41.492	91	82.1699	(1095, 224)	(110, 22)	98
00:16:41.591	96	82.0833	(1105, 224)	(111, 22)	98
00:16:41.695	94	82.0972	(1115, 224)	(112, 22)	98
00:16:41.801	95	82.0721	(1125, 224)	(113, 22)	98
00:16:41.905	94	82.0735	(1135, 224)	(114, 22)	98
00:16:42.013	92	82.0959	(1146, 223)	(115, 22)	98
00:16:42.112	91	82.1107	(1155, 223)	(116, 22)	98
00:16:42.210	94	82.1665	(1165, 223)	(117, 22)	98
00:16:42.313	90	82.1504	(1175, 223)	(118, 22)	98
00:16:42.411	93	82.1276	(1185, 223)	(119, 22)	98
00:16:42.508	91	82.0902	(1195, 223)	(120, 22)	98
00:16:42.617	95	82.1606	(1205, 223)	(121, 22)	98
00:16:42.717	91	82.1575	(1215, 223)	(122, 22)	98
00:16:42.818	94	82.1459	(1225, 223)	(123, 22)	98
00:16:42.922	89	82.121	(1235, 223)	(124, 22)	98
00:16:43.016	89	82.1732	(1245, 223)	(125, 22)	98
00:16:43.126	91	82.0566	(1255, 223)	(126, 22)	98
00:16:43.228	94	82.0471	(1265, 224)	(127, 22)	98
00:16:43.332	91	82.1508	(1275, 224)	(128, 22)	98
00:16:43.434	94	82.1336	(1282, 225)	(128, 23)	98
00:16:43.540	93	82.113	(1285, 225)	(129, 23)	98
00:16:43.648	95	82.1037	(1295, 226)	(130, 23)	98
00:16:43.757	92	82.1169	(1305, 226)	(131, 23)	98
00:16:43.859	95	82.1559	(1316, 228)	(132, 23)	98
00:16:43.963	90	82.0785	(1326, 228)	(133, 23)	98
00:16:44.060	96	82.0751	(1335, 228)	(134, 23)	98
00:16:44.166	91	82.1862	(1345, 229)	(135, 23)	98
00:16:44.259	91	82.1699	(1355, 230)	(136, 23)	98
00:16:44.360	95	82.175	(1366, 230)	(137, 23)	98
00:16:44.461	89	82.1677	(1375, 230)	(138, 23)	98
00:16:44.560	94	82.1302	(1386, 231)	(139, 23)	98
00:16:44.666	94	82.0892	(1395, 231)	(140, 23)	98
00:16:44.772	93	82.0908	(1405, 232)	(141, 23)	98
00:16:44.874	94	82.1239	(1415, 232)	(142, 23)	98
00:16:44.978	95	82.1381	(1425, 232)	(143, 23)	98
00:16:45.081	91	82.1244	(1435, 233)	(144, 23)	98
00:16:45.178	95	82.0628	(1445, 234)	(145, 23)	98
00:16:45.283	106	82.1267	(1455, 234)	(146, 23)	98
00:16:45.394	94	82.0979	(1465, 234)	(147, 23)	98
00:16:45.490	91	82.1126	(1478, 234)	(148, 23)	98
00:16:45.589	94	82.1044	(1485, 234)	(149, 23)	98
00:16:45.691	90	82.1517	(1488, 235)	(149, 24)	98
00:16:45.790	93	82.1963	(1495, 235)	(150, 24)	98
00:16:45.886	90	82.1548	(1506, 235)	(151, 24)	98
00:16:45.985	94	82.1656	(1516, 235)	(152, 24)	98
00:16:46.088	91	82.1641	(1526, 236)	(153, 24)	98
00:16:46.187	94	82.1065	(1535, 236)	(154, 24)	98
00:16:46.291	90	82.141	(1546, 236)	(155, 24)	98
00:16:46.386	91	82.1936	(1556, 237)	(156, 24)	98
00:16:46.485	96	82.0942	(1565, 237)	(157, 24)	98
00:16:46.590	92	82.089	(1575, 238)	(158, 24)	98
00:16:46.687	97	82.0803	(1585, 238)	(159, 24)	98
00:16:46.790	91	82.0696	(1595, 239)	(160, 24)	98
00:16:46.888	95	82.0649	(1605, 239)	(161, 24)	98
00:16:46.993	94	82.1699	(1615, 240)	(162, 24)	98
00:16:47.097	94	82.1563	(1625, 240)	(163, 24)	98
00:16:47.200	94	82.1684	(1636, 241)	(164, 24)	98
00:16:47.298	94	82.1921	(1645, 242)	(165, 24)	98
00:16:47.393	90	82.1976	(1655, 242)	(166, 24)	98
00:16:47.485	90	82.0588	(1666, 243)	(167, 24)	98
00:16:47.583	90	82.1747	(1676, 244)	(168, 24)	98
00:16:47.679	92	82.0859	(1677, 245)	(168, 25)	98
00:16:47.777	91	82.1554	(1686, 245)	(169, 25)	98
00:16:47.876	93	82.1046	(1696, 246)	(170, 25)	98
00:16:47.980	91	82.2004	(1705, 246)	(171, 25)	98
00:16:48.077	96	82.0873	(1715, 248)	(172, 25)	98
00:16:48.183	94	82.0631	(1726, 249)	(173, 25)	98
00:16:48.291	96	82.0345	(1735, 250)	(174, 25)	98
00:16:48.398	93	82.1553	(1745, 251)	(175, 25)	98
00:16:48.501	95	82.1207	(1755, 253)	(176, 25)	98
00:16:48.607	94	82.1784	(1765, 254)	(177, 25)	98
00:16:48.710	95	82.0634	(1768, 255)	(177, 26)	98
00:16:48.816	92	82.089	(1775, 256)	(178, 26)	98
00:16:48.909	93	82.1615	(1785, 258)	(179, 26)	98
00:16:49.009	94	82.1467	(1795, 260)	(180, 26)	98
00:16:49.105	91	82.1439	(1805, 262)	(181, 26)	98
00:16:49.203	94	82.1123	(1815, 264)	(182, 26)	98
00:16:49.300	91	82.0329	(1817, 265)	(182, 27)	98
00:16:49.399	94	82.0604	(1825, 267)	(183, 27)	98
00:16:49.501	92	82.1535	(1838, 271)	(184, 27)	98
00:16:49.600	94	82.0548	(1845, 273)	(185, 27)	98
00:16:49.702	91	82.0505	(1849, 275)	(185, 28)	98
00:16:49.800	92	82.0713	(1858, 278)	(186, 28)	98
00:16:49.900	90	82.1339	(1865, 280)	(187, 28)	98
00:16:49.996	96	82.1973	(1874, 285)	(187, 29)	98
00:16:50.101	94	82.2041	(1875, 285)	(188, 29)	98
00:16:50.207	97	82.0396	(1885, 289)	(189, 29)	98
00:16:50.310	93	82.1267	(1895, 294)	(190, 29)	98
00:16:50.412	95	82.0363	(1895, 295)	(190, 30)	98
00:16:50.517	94	82.072	(1905, 299)	(191, 30)	98
00:16:50.619	92	82.0999	(1912, 305)	(191, 31)	98
00:16:50.719	95	82.1431	(1915, 307)	(192, 31)	98
00:16:50.822	93	82.0729	(1925, 314)	(193, 31)	98
00:16:50.922	95	82.0434	(1926, 315)	(193, 32)	98
00:16:51.025	93	82.0997	(1935, 322)	(194, 32)	98
00:16:51.130	96	82.0973	(1937, 325)	(194, 33)	98
00:16:51.234	95	82.0692	(1945, 333)	(195, 33)	98
00:16:51.338	94	82.1573	(1947, 335)	(195, 34)	98
00:16:51.442	95	82.048	(1955, 344)	(196, 34)	98
00:16:51.546	93	82.0726	(1955, 345)	(196, 35)	98
00:16:51.643	96	82.0593	(1963, 355)	(196, 36)	98
00:16:51.747	96	82.1221	(1965, 358)	(197, 36)	98
00:16:51.851	92	82.0736	(1968, 365)	(197, 37)	98
00:16:51.949	95	82.1236	(1973, 375)	(197, 38)	98
00:16:52.052	90	82.2034	(1975, 379)	(198, 38)	98
00:16:52.150	95	82.0538	(1976, 385)	(198, 39)	98
00:16:52.247	90	82.1784	(1980, 395)	(198, 40)	98
00:16:52.345	95	82.1244	(1982, 405)	(198, 41)	98
00:16:52.449	91	82.1156	(1984, 415)	(198, 42)	98
00:16:52.547	94	82.0748	(1985, 417)	(199, 42)	98
00:16:52.651	92	82.0964	(1985, 425)	(199, 43)	98
00:16:52.749	94	82.0659	(1987, 435)	(199, 44)	98
00:16:52.853	92	82.1818	(1988, 445)	(199, 45)	98
00:16:52.950	95	82.0867	(1989, 455)	(199, 46)	98
00:16:53.054	92	82.1529	(1989, 465)	(199, 47)	98
00:16:53.152	95	82.0659	(1989, 475)	(199, 48)	98
00:16:53.259	93	82.063	(1988, 485)	(199, 49)	98
00:16:53.361	96	82.1461	(1985, 495)	(199, 50)	98
00:16:53.468	92	82.2019	(1984, 495)	(198, 50)	98
00:16:53.568	89	82.1477	(1980, 505)	(198, 51)	98
00:16:53.667	94	82.2227	(1972, 516)	(197, 52)	98
00:16:53.769	91	82.2157	(1965, 525)	(197, 53)	98
00:16:53.868	96	82.1148	(1964, 526)	(196, 53)	98
00:16:53.972	94	82.1464	(1954, 534)	(195, 53)	98
00:16:54.076	95	82.104	(1953, 535)	(195, 54)	98
00:16:54.180	91	82.1024	(1944, 539)	(194, 54)	98
00:16:54.278	95	82.1021	(1937, 545)	(194, 55)	98
00:16:54.382	95	82.1639	(1934, 547)	(193, 55)	98
00:16:54.487	94	82.1144	(1924, 555)	(192, 56)	98
00:16:54.590	91	82.0782	(1914, 561)	(191, 56)	98
00:16:54.690	94	82.1087	(1907, 565)	(191, 57)	98
00:16:54.791	92	82.0855	(1904, 567)	(190, 57)	98
00:16:54.890	94	82.1307	(1894, 572)	(189, 57)	98
00:16:54.992	90	82.1585	(1890, 575)	(189, 58)	98
00:16:55.091	91	82.103	(1884, 577)	(188, 58)	98
00:16:55.189	95	82.0999	(1874, 581)	(187, 58)	98
00:16:55.294	93	82.1006	(1866, 585)	(187, 59)	98
00:16:55.396	91	82.1062	(1864, 585)	(186, 59)	98
00:16:55.494	94	82.0815	(1854, 590)	(185, 59)	98
00:16:55.598	91	82.1271	(1844, 594)	(184, 59)	98
00:16:55.696	94	82.0837	(1843, 595)	(184, 60)	98
00:16:55.792	91	82.2261	(1834, 597)	(183, 60)	98
00:16:55.892	93	82.0772	(1823, 601)	(182, 60)	98
00:16:55.994	92	82.1607	(1810, 606)	(181, 61)	98
00:16:56.093	94	82.1387	(1804, 609)	(180, 61)	98
00:16:56.198	92	82.1123	(1794, 612)	(179, 61)	98
00:16:56.294	95	82.0639	(1787, 615)	(179, 62)	98
00:16:56.400	93	82.0821	(1784, 616)	(178, 62)	98
00:16:56.501	94	82.1193	(1774, 619)	(177, 62)	98
00:16:56.600	98	82.1289	(1764, 622)	(176, 62)	98
00:16:56.702	90	82.2241	(1758, 625)	(176, 63)	98
00:16:56.802	91	82.0979	(1754, 626)	(175, 63)	98
00:16:56.899	95	82.0945	(1744, 628)	(174, 63)	98
00:16:57.006	94	82.1249	(1734, 631)	(173, 63)	98
00:16:57.106	91	82.1717	(1724, 633)	(172, 63)	98
00:16:57.205	95	82.0553	(1715, 635)	(172, 64)	98
00:16:57.309	92	82.115	(1714, 635)	(171, 64)	98
00:16:57.406	95	82.1827	(1704, 637)	(170, 64)	98
00:16:57.504	91	82.1333	(1694, 638)	(169, 64)	98
00:16:57.602	92	82.1837	(1684, 640)	(168, 64)	98
00:16:57.697	92	82.0699	(1674, 641)	(167, 64)	98
00:16:57.796	93	82.0717	(1664, 642)	(166, 64)	98
00:16:57.892	92	82.0707	(1654, 643)	(165, 64)	98
00:16:57.991	94	82.1554	(1644, 644)	(164, 64)	98
00:16:58.093	91	82.0775	(1633, 644)	(163, 64)	98
00:16:58.193	95	82.0563	(1624, 644)	(162, 64)	98
00:16:58.297	91	82.1793	(1614, 644)	(161, 64)	98
00:16:58.393	95	82.1956	(1604, 644)	(160, 64)	98
00:16:58.499	95	82.1649	(1594, 644)	(159, 64)	98
00:16:58.602	94	82.0843	(1584, 644)	(158, 64)	98
00:16:58.706	96	82.0843	(1574, 644)	(157, 64)	98
00:16:58.809	93	82.111	(1564, 644)	(156, 64)	98
00:16:58.909	94	82.0914	(1554, 644)	(155, 64)	98
00:16:59.013	95	82.0563	(1548, 645)	(155, 65)	98
00:16:59.119	93	82.1244	(1544, 645)	(154, 65)	98
00:16:59.221	95	82.1271	(1534, 645)	(153, 65)	98
00:16:59.327	95	82.1721	(1524, 646)	(152, 65)	98
00:16:59.431	94	82.1689	(1514, 647)	(151, 65)	98
00:16:59.535	94	82.1689	(1504, 648)	(150, 65)	98
00:16:59.636	90	82.1757	(1494, 649)	(149, 65)	98
00:16:59.736	92	82.1483	(1484, 651)	(148, 65)	98
00:16:59.831	90	82.213	(1474, 652)	(147, 65)	98
00:16:59.930	94	82.0603	(1464, 652)	(146, 65)	98
00:17:00.025	88	82.1425	(1454, 653)	(145, 65)	98
00:17:00.115	89	82.1502	(1444, 654)	(144, 65)	98
00:17:00.206	91	82.1222	(1434, 654)	(143, 65)	98
00:17:00.305	94	82.0594	(1419, 654)	(142, 65)	98
00:17:00.401	90	82.1369	(1414, 654)	(141, 65)	98
00:17:00.500	93	82.1827	(1404, 654)	(140, 65)	98
00:17:00.604	94	82.164	(1394, 654)	(139, 65)	98
00:17:00.700	90	82.0547	(1384, 654)	(138, 65)	98
00:17:00.798	91	82.1167	(1374, 654)	(137, 65)	98
00:17:00.899	94	82.1884	(1356, 653)	(136, 65)	98
00:17:01.000	94	82.148	(1354, 653)	(135, 65)	98
00:17:01.097	93	82.2019	(1344, 652)	(134, 65)	98
00:17:01.196	93	82.1218	(1334, 651)	(133, 65)	98
00:17:01.292	91	82.1639	(1323, 651)	(132, 65)	98
00:17:01.390	95	82.0599	(1314, 650)	(131, 65)	98
00:17:01.494	95	82.043	(1303, 649)	(130, 65)	98
00:17:01.599	93	82.0855	(1294, 648)	(129, 65)	98
00:17:01.701	91	82.0699	(1284, 647)	(128, 65)	98
00:17:01.799	90	82.0839	(1274, 647)	(127, 65)	98
00:17:01.896	93	82.1247	(1264, 646)	(126, 65)	98
00:17:01.995	94	82.0803	(1256, 644)	(126, 64)	98
00:17:02.098	91	82.0966	(1254, 644)	(125, 64)	98
00:17:02.198	94	82.1381	(1244, 643)	(124, 64)	98
00:17:02.300	92	82.1994	(1234, 643)	(123, 64)	98
00:17:02.397	95	82.1277	(1224, 641)	(122, 64)	98
00:17:02.501	89	82.195	(1214, 641)	(121, 64)	98
00:17:02.599	94	82.0542	(1204, 641)	(120, 64)	98
00:17:02.696	90	82.1056	(1194, 640)	(119, 64)	98
00:17:02.792	90	82.1493	(1184, 639)	(118, 64)	98
00:17:02.894	98	82.1721	(1174, 639)	(117, 64)	98
00:17:02.996	95	82.1113	(1164, 637)	(116, 64)	98
00:17:03.102	94	82.0664	(1154, 637)	(115, 64)	98
00:17:03.204	95	82.0763	(1144, 636)	(114, 64)	98
00:17:03.309	97	82.0785	(1134, 636)	(113, 64)	98
00:17:03.416	96	82.1139	(1124, 635)	(112, 64)	98
00:17:03.521	91	82.101	(1114, 635)	(111, 64)	98
00:17:03.622	94	82.0498	(1110, 634)	(111, 63)	98
00:17:03.729	94	82.1225	(1104, 634)	(110, 63)	98
00:17:03.828	91	82.091	(1093, 633)	(109, 63)	98
00:17:03.928	94	82.1087	(1084, 632)	(108, 63)	98
00:17:04.029	89	82.1905	(1074, 632)	(107, 63)	98
00:17:04.129	103	82.1087	(1064, 631)	(106, 63)	98
00:17:04.238	90	82.1556	(1051, 631)	(105, 63)	98
00:17:04.337	94	82.1782	(1032, 629)	(103, 63)	98
00:17:04.433	90	82.1319	(1024, 629)	(102, 63)	98
00:17:04.532	94	82.0716	(1014, 629)	(101, 63)	98
00:17:04.634	90	82.1969	(1004, 628)	(100, 63)	98
00:17:04.733	94	82.1016	(994, 627)	(99, 63)	98
00:17:04.829	89	82.2046	(984, 627)	(98, 63)	98
00:17:04.927	93	82.0948	(974, 627)	(97, 63)	98
00:17:05.024	92	82.087	(964, 626)	(96, 63)	98
00:17:05.123	95	82.1481	(954, 626)	(95, 63)	98
00:17:05.227	94	82.1213	(944, 626)	(94, 63)	98
00:17:05.331	95	82.1916	(934, 625)	(93, 63)	98
00:17:05.437	92	82.1321	(927, 624)	(93, 62)	98
00:17:05.536	95	82.1584	(924, 624)	(92, 62)	98
00:17:05.638	95	82.1548	(914, 623)	(91, 62)	98
00:17:05.740	90	82.1467	(904, 622)	(90, 62)	98
00:17:05.839	95	82.1058	(894, 621)	(89, 62)	98
00:17:05.941	90	82.2335	(884, 620)	(88, 62)	98
00:17:06.040	95	82.1437	(873, 619)	(87, 62)	98
00:17:06.148	94	82.2199	(864, 619)	(86, 62)	98
00:17:06.249	95	82.1813	(854, 619)	(85, 62)	98
00:17:06.352	91	82.0892	(843, 618)	(84, 62)	98
00:17:06.452	94	82.1742	(834, 618)	(83, 62)	98
00:17:06.554	92	82.0668	(823, 617)	(82, 62)	98
00:17:06.652	92	82.069	(814, 617)	(81, 62)	98
00:17:06.749	91	82.0707	(804, 617)	(80, 62)	98
00:17:06.849	94	82.1236	(794, 617)	(79, 62)	98
00:17:06.950	90	82.1788	(784, 616)	(78, 62)	98
00:17:07.048	94	82.1284	(772, 616)	(77, 62)	98
00:17:07.144	91	82.1523	(764, 615)	(76, 62)	98
00:17:07.243	94	82.143	(754, 615)	(75, 62)	98
00:17:07.340	92	82.1973	(744, 615)	(74, 62)	98
00:17:07.438	93	82.1081	(734, 615)	(73, 62)	98
00:17:07.542	92	82.148	(724, 615)	(72, 62)	98
00:17:07.640	94	82.0822	(714, 615)	(71, 62)	98
00:17:07.743	91	82.1827	(704, 615)	(70, 62)	98
00:17:07.841	95	82.1015	(694, 615)	(69, 62)	98
00:17:07.947	94	82.091	(684, 615)	(68, 62)	98
00:17:08.048	93	82.105	(674, 615)	(67, 62)	98
00:17:08.147	96	82.1523	(664, 616)	(66, 62)	98
00:17:08.251	95	82.0544	(654, 617)	(65, 62)	98
00:17:08.356	94	82.1129	(644, 618)	(64, 62)	98
00:17:08.457	90	82.1459	(634, 618)	(63, 62)	98
00:17:08.557	94	82.1012	(624, 619)	(62, 62)	98
00:17:08.652	90	82.1561	(614, 619)	(61, 62)	98
00:17:08.752	95	82.1646	(604, 621)	(60, 62)	98
00:17:08.854	92	82.1736	(594, 621)	(59, 62)	98
00:17:08.953	94	82.0963	(584, 622)	(58, 62)	98
00:17:09.049	91	82.1548	(574, 624)	(57, 62)	98
00:17:09.148	94	82.0816	(566, 625)	(57, 63)	98
00:17:09.251	91	82.1076	(564, 625)	(56, 63)	98
00:17:09.349	94	82.1504	(554, 625)	(55, 63)	98
00:17:09.446	91	82.1203	(544, 626)	(54, 63)	98
00:17:09.544	95	82.0984	(534, 628)	(53, 63)	98
00:17:09.649	95	82.1793	(524, 629)	(52, 63)	98
00:17:09.757	96	82.1467	(514, 631)	(51, 63)	98
00:17:09.858	97	82.0901	(504, 633)	(50, 63)	98
00:17:09.959	90	82.1487	(494, 634)	(49, 63)	98
00:17:10.058	95	82.1013	(493, 635)	(49, 64)	98
00:17:10.161	91	82.1436	(484, 637)	(48, 64)	98
00:17:10.261	93	82.1575	(467, 641)	(47, 64)	98
00:17:10.365	95	82.0876	(464, 642)	(46, 64)	98
00:17:10.468	94	82.164	(458, 645)	(46, 65)	98
00:17:10.564	92	82.1167	(454, 646)	(45, 65)	98
00:17:10.663	93	82.1489	(444, 650)	(44, 65)	98
00:17:10.759	91	82.108	(434, 654)	(43, 65)	98
00:17:10.858	95	82.0668	(432, 655)	(43, 66)	98
00:17:10.962	91	82.0864	(424, 658)	(42, 66)	98
00:17:11.060	93	82.112	(414, 662)	(41, 66)	98
00:17:11.156	90	82.1647	(409, 665)	(41, 67)	98
00:17:11.255	93	82.1141	(404, 667)	(40, 67)	98
00:17:11.350	90	82.2453	(394, 671)	(39, 67)	98
00:17:11.448	95	82.0773	(387, 675)	(39, 68)	98
00:17:11.554	93	82.1064	(384, 676)	(38, 68)	98
00:17:11.648	92	82.1624	(374, 680)	(37, 68)	98
00:17:11.748	94	82.0785	(367, 685)	(37, 69)	98
00:17:11.844	89	82.2944	(364, 687)	(36, 69)	98
00:17:11.944	91	82.1769	(356, 695)	(36, 70)	98
00:17:12.038	91	82.1653	(354, 695)	(35, 70)	98
00:17:12.137	94	82.2084	(344, 704)	(34, 70)	98
00:17:12.240	92	82.1677	(344, 705)	(34, 71)	98
00:17:12.339	95	82.0735	(337, 715)	(34, 72)	98
00:17:12.443	95	82.0542	(335, 725)	(34, 73)	98
00:17:12.547	95	82.0932	(334, 727)	(33, 73)	98
00:17:12.651	90	82.2178	(331, 735)	(33, 74)	98
00:17:12.748	96	82.211	(329, 746)	(33, 75)	98
00:17:12.853	95	82.0942	(329, 755)	(33, 76)	98
00:17:12.959	95	82.0886	(329, 765)	(33, 77)	98
00:17:13.060	90	82.1597	(329, 775)	(33, 78)	98
00:17:13.159	93	82.0735	(329, 785)	(33, 79)	98
00:17:13.254	90	82.1668	(329, 795)	(33, 80)	98
00:17:13.354	95	82.1516	(329, 805)	(33, 81)	98
00:17:13.457	91	82.0526	(329, 833)	(33, 83)	98
00:17:13.556	95	82.1237	(329, 836)	(33, 84)	98
00:17:13.661	91	82.1065	(329, 845)	(33, 85)	98
00:17:13.764	96	82.0607	(329, 855)	(33, 86)	98
00:17:13.870	91	82.2104	(330, 865)	(33, 87)	98
00:17:13.966	93	82.1012	(332, 875)	(33, 88)	98
00:17:14.061	91	82.1604	(335, 883)	(34, 88)	98
00:17:14.164	94	82.1047	(335, 885)	(34, 89)	98
00:17:14.264	94	82.0924	(338, 895)	(34, 90)	98
00:17:14.367	93	82.0916	(341, 905)	(34, 91)	98
00:17:14.466	95	82.1271	(345, 914)	(35, 91)	98
00:17:14.568	90	82.1529	(346, 915)	(35, 92)	98
00:17:14.667	94	82.0689	(350, 925)	(35, 93)	98
00:17:14.770	90	82.1828	(355, 931)	(36, 93)	98
00:17:14.869	95	82.1213	(357, 935)	(36, 94)	98
00:17:14.972	91	82.1197	(364, 945)	(36, 95)	98
00:17:15.070	92	82.1156	(365, 945)	(37, 95)	98
00:17:15.167	90	82.1597	(373, 955)	(37, 96)	98
00:17:15.265	94	82.1111	(375, 956)	(38, 96)	98
00:17:15.371	91	82.1471	(384, 965)	(38, 97)	98
00:17:15.468	94	82.1495	(385, 966)	(39, 97)	98
00:17:15.573	94	82.0892	(395, 975)	(40, 98)	98
00:17:15.675	95	82.1163	(405, 982)	(41, 98)	98
00:17:15.781	94	82.1533	(411, 987)	(41, 99)	98
00:17:15.884	95	82.1441	(415, 989)	(42, 99)	98
00:17:15.993	94	82.093	(423, 995)	(42, 100)	98
00:17:16.093	91	82.0827	(425, 996)	(43, 100)	98
00:17:16.196	94	82.1593	(435, 1001)	(44, 100)	98
00:17:16.293	89	82.1763	(441, 1005)	(44, 101)	98
00:17:16.392	95	82.1033	(446, 1007)	(45, 101)	98
00:17:16.494	90	82.1634	(455, 1012)	(46, 101)	98
00:17:16.593	95	82.0627	(461, 1015)	(46, 102)	98
00:17:16.697	95	82.1791	(465, 1017)	(47, 102)	98
00:17:16.800	90	82.2804	(475, 1022)	(48, 102)	98
00:17:16.897	93	82.0895	(481, 1025)	(48, 103)	98
00:17:16.996	94	82.0979	(485, 1026)	(49, 103)	98
00:17:17.099	93	82.0736	(495, 1030)	(50, 103)	98
00:17:17.198	93	82.1501	(505, 1034)	(51, 103)	98
00:17:17.293	92	82.1505	(506, 1035)	(51, 104)	98
00:17:17.393	92	82.0554	(515, 1037)	(52, 104)	98
00:17:17.488	92	82.1018	(525, 1040)	(53, 104)	98
00:17:17.588	93	82.0796	(540, 1043)	(54, 104)	98
00:17:17.692	90	82.1009	(545, 1044)	(55, 104)	98
00:17:17.787	90	82.1523	(549, 1045)	(55, 105)	98
00:17:17.887	91	82.2261	(555, 1046)	(56, 105)	98
00:17:17.983	91	82.2505	(577, 1050)	(58, 105)	98
00:17:18.081	95	82.1305	(585, 1052)	(59, 105)	98
00:17:18.183	90	82.1252	(595, 1053)	(60, 105)	98
00:17:18.283	95	82.1505	(605, 1054)	(61, 105)	98
00:17:18.387	94	82.1073	(608, 1055)	(61, 106)	98
00:17:18.491	95	82.1041	(615, 1056)	(62, 106)	98
00:17:18.595	95	82.0944	(625, 1057)	(63, 106)	98
00:17:18.699	95	82.1483	(635, 1058)	(64, 106)	98
00:17:18.803	95	82.1218	(645, 1059)	(65, 106)	98
00:17:18.908	93	82.067	(655, 1060)	(66, 106)	98
00:17:19.012	96	82.1293	(665, 1061)	(67, 106)	98
00:17:19.117	94	82.1099	(675, 1061)	(68, 106)	98
00:17:19.212	89	82.1852	(685, 1063)	(69, 106)	98
00:17:19.305	93	82.0547	(695, 1063)	(70, 106)	98
00:17:19.401	91	82.1041	(705, 1064)	(71, 106)	98
00:17:19.500	95	82.0803	(715, 1064)	(72, 106)	98
00:17:19.603	91	82.1698	(719, 1065)	(72, 107)	98
00:17:19.700	95	82.1579	(725, 1065)	(73, 107)	98
00:17:19.805	92	82.1453	(735, 1066)	(74, 107)	98
00:17:19.903	94	82.0529	(745, 1066)	(75, 107)	98
00:17:20.006	96	82.1077	(755, 1066)	(76, 107)	98
00:17:20.111	94	82.0695	(765, 1066)	(77, 107)	98
00:17:20.213	92	82.1213	(775, 1067)	(78, 107)	98
00:17:20.313	95	82.1144	(785, 1067)	(79, 107)	98
00:17:20.417	95	82.0951	(795, 1068)	(80, 107)	98
00:17:20.521	96	82.152	(805, 1069)	(81, 107)	98
00:17:20.626	95	82.2067	(815, 1070)	(82, 107)	98
00:17:20.728	89	82.1409	(825, 1071)	(83, 107)	98
00:17:20.827	94	82.1437	(835, 1072)	(84, 107)	98
00:17:20.922	90	82.2283	(845, 1073)	(85, 107)	98
00:17:21.022	93	82.1196	(856, 1074)	(86, 107)	98
00:17:21.118	89	82.1788	(862, 1075)	(86, 108)	98
00:17:21.216	94	82.1621	(865, 1075)	(87, 108)	98
00:17:21.312	89	82.1634	(875, 1075)	(88, 108)	98
00:17:21.411	94	82.1424	(885, 1076)	(89, 108)	98
00:17:21.517	93	82.1053	(895, 1077)	(90, 108)	98
00:17:21.619	94	82.067	(905, 1078)	(91, 108)	98
00:17:21.724	93	82.0843	(915, 1078)	(92, 108)	98
00:17:21.820	96	82.113	(925, 1079)	(93, 108)	98
00:17:21.925	95	82.101	(935, 1080)	(94, 108)	98
00:17:22.029	96	82.1933	(945, 1081)	(95, 108)	98
00:17:22.134	94	82.0766	(955, 1082)	(96, 108)	98
00:17:22.238	94	82.0927	(965, 1082)	(97, 108)	98
00:17:22.341	92	82.1393	(975, 1083)	(98, 108)	98
00:17:22.439	96	82.1886	(986, 1083)	(99, 108)	98
00:17:22.544	94	82.1399	(995, 1084)	(100, 108)	98
00:17:22.639	90	82.1056	(1005, 1084)	(101, 108)	98
00:17:22.740	94	82.1236	(1015, 1084)	(102, 108)	98
00:17:22.841	93	82.076	(1017, 1085)	(102, 109)	98
00:17:22.941	93	82.1498	(1025, 1085)	(103, 109)	98
00:17:23.036	91	82.0797	(1040, 1085)	(104, 109)	98
00:17:23.135	93	82.0644	(1048, 1085)	(105, 109)	98
00:17:23.238	92	82.1296	(1055, 1086)	(106, 109)	98
00:17:23.337	94	82.151	(1065, 1086)	(107, 109)	98
00:17:23.439	90	82.1859	(1075, 1086)	(108, 109)	98
00:17:23.538	94	82.1102	(1085, 1086)	(109, 109)	98
00:17:23.641	91	82.1508	(1096, 1086)	(110, 109)	98
00:17:23.739	97	82.0901	(1105, 1086)	(111, 109)	98
00:17:23.845	94	82.121	(1115, 1086)	(112, 109)	98
00:17:23.948	94	82.0631	(1126, 1086)	(113, 109)	98
00:17:24.051	90	82.2089	(1135, 1086)	(114, 109)	98
00:17:24.148	90	82.1659	(1146, 1086)	(115, 109)	98
00:17:24.248	90	82.1556	(1155, 1086)	(116, 109)	98
00:17:24.342	91	82.1401	(1166, 1086)	(117, 109)	98
00:17:24.442	95	82.1724	(1175, 1086)	(118, 109)	98
00:17:24.546	95	82.1333	(1185, 1085)	(119, 109)	98
00:17:24.650	95	82.0896	(1188, 1084)	(119, 108)	98
00:17:24.754	90	82.1382	(1195, 1084)	(120, 108)	98
00:17:24.853	95	82.1253	(1205, 1082)	(121, 108)	98
00:17:24.957	102	82.1496	(1215, 1081)	(122, 108)	98
00:17:25.069	93	82.1418	(1225, 1081)	(123, 108)	98
00:17:25.171	91	82.0298	(1235, 1081)	(124, 108)	98
00:17:25.272	93	82.0785	(1245, 1080)	(125, 108)	98
00:17:25.372	92	82.069	(1255, 1080)	(126, 108)	98
00:17:25.471	94	82.0865	(1265, 1079)	(127, 108)	98
00:17:25.567	89	82.201	(1275, 1078)	(128, 108)	98
00:17:25.666	94	82.0735	(1286, 1077)	(129, 108)	98
00:17:25.770	94	82.1087	(1295, 1077)	(130, 108)	98
00:17:25.874	93	82.0926	(1305, 1077)	(131, 108)	98
00:17:25.971	92	82.1801	(1315, 1077)	(132, 108)	98
00:17:26.069	94	82.1219	(1325, 1077)	(133, 108)	98
00:17:26.172	92	82.1913	(1335, 1077)	(134, 108)	98
00:17:26.271	94	82.1259	(1345, 1077)	(135, 108)	98
00:17:26.375	92	82.1406	(1355, 1077)	(136, 108)	98
00:17:26.472	94	82.0898	(1365, 1079)	(137, 108)	98
00:17:26.576	96	82.1576	(1375, 1080)	(138, 108)	98
00:17:26.680	94	82.1403	(1385, 1081)	(139, 108)	98
00:17:26.784	97	82.0449	(1395, 1081)	(140, 108)	98
00:17:26.888	92	82.1425	(1405, 1083)	(141, 108)	98
00:17:26.988	95	82.093	(1416, 1084)	(142, 108)	98
00:17:27.091	94	82.1785	(1418, 1085)	(142, 109)	98
00:17:27.195	101	82.0961	(1425, 1085)	(143, 109)	98
00:17:27.297	90	82.1204	(1437, 1088)	(144, 109)	98
00:17:27.397	94	82.1403	(1445, 1088)	(145, 109)	98
00:17:27.492	90	82.1959	(1455, 1089)	(146, 109)	98
00:17:27.591	94	82.0956	(1465, 1090)	(147, 109)	98
00:17:27.694	90	82.1601	(1476, 1091)	(148, 109)	98
00:17:27.792	94	82.1367	(1485, 1092)	(149, 109)	98
00:17:27.890	93	82.0893	(1495, 1093)	(150, 109)	98
00:17:27.991	94	82.2025	(1505, 1093)	(151, 109)	98
00:17:28.090	92	82.1447	(1515, 1093)	(152, 109)	98
00:17:28.189	95	82.1087	(1525, 1093)	(153, 109)	98
00:17:28.294	93	82.1258	(1535, 1094)	(154, 109)	98
00:17:28.397	95	82.188	(1545, 1094)	(155, 109)	98
00:17:28.502	93	82.1246	(1555, 1094)	(156, 109)	98
00:17:28.606	95	82.0769	(1565, 1094)	(157, 109)	98
00:17:28.712	93	82.1276	(1566, 1095)	(157, 110)	98
00:17:28.815	95	82.0896	(1575, 1095)	(158, 110)	98
00:17:28.919	94	82.1175	(1585, 1095)	(159, 110)	98
00:17:29.023	94	82.1292	(1596, 1096)	(160, 110)	98
00:17:29.127	93	82.0699	(1605, 1096)	(161, 110)	98
00:17:29.223	88	82.1159	(1615, 1096)	(162, 110)	98
00:17:29.322	95	82.1837	(1625, 1097)	(163, 110)	98
00:17:29.425	91	82.163	(1635, 1097)	(164, 110)	98
00:17:29.524	93	82.0935	(1645, 1097)	(165, 110)	98
00:17:29.619	90	82.2058	(1655, 1098)	(166, 110)	98
00:17:29.718	93	82.1363	(1665, 1098)	(167, 110)	98
00:17:29.813	90	82.1606	(1675, 1099)	(168, 110)	98
00:17:29.912	94	82.135	(1685, 1099)	(169, 110)	98
00:17:30.009	90	82.0847	(1695, 1100)	(170, 110)	98
00:17:30.106	91	82.1622	(1705, 1100)	(171, 110)	98
00:17:30.207	93	82.1759	(1715, 1101)	(172, 110)	98
00:17:30.307	91	82.1825	(1725, 1101)	(173, 110)	98
00:17:30.407	93	82.2056	(1735, 1103)	(174, 110)	98
00:17:30.509	91	82.1607	(1748, 1104)	(175, 110)	98
00:17:30.609	95	82.0687	(1753, 1105)	(175, 111)	98
00:17:30.710	89	82.2201	(1755, 1105)	(176, 111)	98
00:17:30.801	91	82.2221	(1765, 1106)	(177, 111)	98
00:17:30.899	96	82.0618	(1775, 1107)	(178, 111)	98
00:17:31.004	94	82.1631	(1785, 1108)	(179, 111)	98
00:17:31.108	91	82.1133	(1798, 1109)	(180, 111)	98
00:17:31.206	93	82.18	(1806, 1111)	(181, 111)	98
00:17:31.303	101	82.1636	(1815, 1112)	(182, 111)	98
00:17:31.414	94	82.1247	(1825, 1112)	(183, 111)	98
00:17:31.510	90	82.1458	(1835, 1113)	(184, 111)	98
00:17:31.608	95	82.0963	(1850, 1114)	(185, 111)	98
00:17:31.705	90	82.1935	(1855, 1114)	(186, 111)	98
00:17:31.803	90	82.0631	(1858, 1115)	(186, 112)	98
00:17:31.900	90	82.0249	(1865, 1116)	(187, 112)	98
00:17:31.998	95	82.1634	(1877, 1117)	(188, 112)	98
00:17:32.102	91	82.1239	(1885, 1118)	(189, 112)	98
00:17:32.198	92	82.0905	(1895, 1120)	(190, 112)	98
00:17:32.296	90	82.1812	(1905, 1121)	(191, 112)	98
00:17:32.397	95	82.0929	(0, 0)	(0, 0)	98
EOM

