BOM
Frame extends: 2263, 1306
_ms_area: 10
measurements taken: 585
current rendering method: 2
is mouse replay: 1
Camera settings: Roation Quaternion: ( 0.488333, -0.339726, -0.497206, 0.631584), Translationsvektor: ( 0.0768895, 0.101072, 1.625).
System_Time	Elapsed_Time_PaintGL	Elapsed_Kernel_Time	Frame_Coordinates	Grid_Position	Manual_Measurement
00:33:15.076	29	18.1647	(318, 226)	(32, 23)	16
00:33:15.110	29	18.2997	(325, 225)	(33, 23)	16
00:33:15.144	30	18.4283	(335, 225)	(34, 23)	16
00:33:15.180	31	18.9007	(345, 225)	(35, 23)	16
00:33:15.220	30	19.035	(357, 225)	(36, 23)	16
00:33:15.257	31	19.0561	(372, 225)	(37, 23)	16
00:33:15.297	31	19.1578	(375, 225)	(38, 23)	16
00:33:15.335	30	19.2564	(385, 225)	(39, 23)	16
00:33:15.373	30	19.4813	(395, 225)	(40, 23)	16
00:33:15.407	29	19.5123	(405, 225)	(41, 23)	16
00:33:15.443	31	19.6061	(415, 225)	(42, 23)	16
00:33:15.482	30	19.7556	(425, 225)	(43, 23)	16
00:33:15.523	31	19.7942	(435, 226)	(44, 23)	16
00:33:15.562	31	19.9813	(445, 226)	(45, 23)	16
00:33:15.601	31	20.1553	(455, 226)	(46, 23)	16
00:33:15.636	31	20.4028	(465, 227)	(47, 23)	16
00:33:15.671	30	20.5388	(475, 227)	(48, 23)	16
00:33:15.706	32	20.6569	(485, 228)	(49, 23)	16
00:33:15.748	37	20.92	(495, 228)	(50, 23)	16
00:33:15.792	34	20.9447	(505, 229)	(51, 23)	16
00:33:15.831	31	21.2181	(515, 229)	(52, 23)	16
00:33:15.865	31	21.4667	(525, 229)	(53, 23)	16
00:33:15.900	32	21.66	(535, 229)	(54, 23)	16
00:33:15.935	36	21.9018	(545, 229)	(55, 23)	16
00:33:15.977	34	22.1022	(555, 229)	(56, 23)	16
00:33:16.018	34	22.2754	(565, 229)	(57, 23)	16
00:33:16.060	31	22.6387	(575, 229)	(58, 23)	16
00:33:16.094	35	22.9304	(585, 229)	(59, 23)	16
00:33:16.138	35	23.0689	(596, 229)	(60, 23)	16
00:33:16.179	37	23.2914	(605, 230)	(61, 23)	16
00:33:16.220	34	23.3649	(615, 230)	(62, 23)	16
00:33:16.262	38	23.6721	(626, 230)	(63, 23)	16
00:33:16.304	40	23.8587	(635, 230)	(64, 23)	16
00:33:16.353	39	24.1674	(645, 230)	(65, 23)	16
00:33:16.402	38	24.4674	(655, 230)	(66, 23)	16
00:33:16.449	34	24.5714	(665, 230)	(67, 23)	16
00:33:16.491	37	24.9184	(680, 230)	(68, 23)	16
00:33:16.533	36	25.0647	(685, 230)	(69, 23)	16
00:33:16.575	36	25.2236	(695, 230)	(70, 23)	16
00:33:16.616	37	25.3735	(705, 230)	(71, 23)	16
00:33:16.659	38	25.479	(715, 230)	(72, 23)	16
00:33:16.699	43	25.871	(725, 230)	(73, 23)	16
00:33:16.750	46	25.9551	(735, 230)	(74, 23)	16
00:33:16.805	47	26.2893	(749, 230)	(75, 23)	16
00:33:16.860	38	26.3316	(756, 230)	(76, 23)	16
00:33:16.901	39	26.5007	(766, 230)	(77, 23)	16
00:33:16.943	38	26.8353	(775, 230)	(78, 23)	16
00:33:16.984	40	26.8176	(785, 230)	(79, 23)	16
00:33:17.033	39	26.9753	(796, 229)	(80, 23)	16
00:33:17.075	45	27.1191	(805, 229)	(81, 23)	16
00:33:17.124	42	27.017	(815, 229)	(82, 23)	16
00:33:17.173	41	27.4665	(825, 228)	(83, 23)	16
00:33:17.224	42	27.4847	(835, 228)	(84, 23)	16
00:33:17.271	37	27.6641	(845, 228)	(85, 23)	16
00:33:17.311	39	27.5841	(855, 228)	(86, 23)	16
00:33:17.353	37	27.7843	(865, 228)	(87, 23)	16
00:33:17.396	45	27.8384	(875, 228)	(88, 23)	16
00:33:17.444	42	27.8993	(885, 228)	(89, 23)	16
00:33:17.492	37	27.9883	(895, 228)	(90, 23)	16
00:33:17.533	37	28.0219	(905, 228)	(91, 23)	16
00:33:17.576	45	28.0367	(915, 228)	(92, 23)	16
00:33:17.625	45	28.289	(925, 228)	(93, 23)	16
00:33:17.674	42	28.3153	(935, 228)	(94, 23)	16
00:33:17.721	40	28.4412	(945, 227)	(95, 23)	16
00:33:17.771	39	28.4273	(957, 227)	(96, 23)	16
00:33:17.819	44	28.4187	(966, 227)	(97, 23)	16
00:33:17.875	40	28.2641	(975, 227)	(98, 23)	16
00:33:17.923	41	28.2938	(985, 227)	(99, 23)	16
00:33:17.974	40	28.4077	(995, 227)	(100, 23)	16
00:33:18.021	40	28.3172	(1005, 227)	(101, 23)	16
00:33:18.070	40	28.2376	(1015, 226)	(102, 23)	16
00:33:18.118	46	28.2539	(1025, 226)	(103, 23)	16
00:33:18.175	48	28.1487	(1035, 226)	(104, 23)	16
00:33:18.231	47	28.2859	(1045, 225)	(105, 23)	16
00:33:18.290	41	28.1197	(1055, 225)	(106, 23)	16
00:33:18.334	40	28.3427	(1065, 225)	(107, 23)	16
00:33:18.383	41	28.2261	(1071, 224)	(107, 22)	16
00:33:18.431	40	28.1064	(1075, 224)	(108, 22)	16
00:33:18.483	44	27.8136	(1085, 224)	(109, 22)	16
00:33:18.535	37	27.8261	(1095, 224)	(110, 22)	16
00:33:18.576	40	27.6601	(1105, 224)	(111, 22)	16
00:33:18.619	41	27.5896	(1115, 224)	(112, 22)	16
00:33:18.668	40	27.5724	(1125, 224)	(113, 22)	16
00:33:18.716	39	27.5041	(1135, 224)	(114, 22)	16
00:33:18.757	37	27.4316	(1146, 223)	(115, 22)	16
00:33:18.798	41	27.3502	(1155, 223)	(116, 22)	16
00:33:18.850	42	27.4009	(1165, 223)	(117, 22)	16
00:33:18.897	39	27.3021	(1175, 223)	(118, 22)	16
00:33:18.938	38	27.2514	(1185, 223)	(119, 22)	16
00:33:18.980	38	27.2735	(1195, 223)	(120, 22)	16
00:33:19.021	43	27.0942	(1205, 223)	(121, 22)	16
00:33:19.071	44	27.0535	(1215, 223)	(122, 22)	16
00:33:19.121	40	27.0641	(1225, 223)	(123, 22)	16
00:33:19.168	38	26.9553	(1235, 223)	(124, 22)	16
00:33:19.210	38	26.8258	(1245, 223)	(125, 22)	16
00:33:19.251	39	26.784	(1255, 223)	(126, 22)	16
00:33:19.293	44	26.6603	(1265, 224)	(127, 22)	16
00:33:19.341	38	26.617	(1275, 224)	(128, 22)	16
00:33:19.383	35	26.421	(1282, 225)	(128, 23)	16
00:33:19.424	38	26.3996	(1285, 225)	(129, 23)	16
00:33:19.467	41	26.4542	(1295, 226)	(130, 23)	16
00:33:19.516	41	26.2828	(1305, 226)	(131, 23)	16
00:33:19.564	36	26.3187	(1316, 228)	(132, 23)	16
00:33:19.605	38	26.2527	(1326, 228)	(133, 23)	16
00:33:19.648	45	26.115	(1335, 228)	(134, 23)	16
00:33:19.704	43	25.9914	(1345, 229)	(135, 23)	16
00:33:19.752	37	25.9711	(1355, 230)	(136, 23)	16
00:33:19.793	38	25.7261	(1366, 230)	(137, 23)	16
00:33:19.835	37	25.6517	(1375, 230)	(138, 23)	16
00:33:19.877	39	25.6006	(1386, 231)	(139, 23)	16
00:33:19.918	40	25.5249	(1395, 231)	(140, 23)	16
00:33:19.968	37	25.5193	(1405, 232)	(141, 23)	16
00:33:20.009	40	25.4677	(1415, 232)	(142, 23)	16
00:33:20.059	41	25.4006	(1425, 232)	(143, 23)	16
00:33:20.107	42	25.2914	(1435, 233)	(144, 23)	16
00:33:20.155	36	25.2107	(1445, 234)	(145, 23)	16
00:33:20.197	34	25.2027	(1455, 234)	(146, 23)	16
00:33:20.239	36	24.9289	(1465, 234)	(147, 23)	16
00:33:20.280	42	24.7692	(1478, 234)	(148, 23)	16
00:33:20.330	42	24.6748	(1485, 234)	(149, 23)	16
00:33:20.379	36	24.6089	(1488, 235)	(149, 24)	16
00:33:20.418	34	24.561	(1495, 235)	(150, 24)	16
00:33:20.461	35	24.3572	(1506, 235)	(151, 24)	16
00:33:20.504	37	24.4046	(1516, 235)	(152, 24)	16
00:33:20.544	36	24.1905	(1526, 236)	(153, 24)	16
00:33:20.586	35	24.0745	(1535, 236)	(154, 24)	16
00:33:20.628	32	23.9437	(1546, 236)	(155, 24)	16
00:33:20.663	36	23.8418	(1556, 237)	(156, 24)	16
00:33:20.704	36	23.5444	(1565, 237)	(157, 24)	16
00:33:20.746	36	23.5016	(1575, 238)	(158, 24)	16
00:33:20.789	34	23.3418	(1585, 238)	(159, 24)	16
00:33:20.828	35	23.2761	(1595, 239)	(160, 24)	16
00:33:20.871	39	22.8732	(1605, 239)	(161, 24)	16
00:33:20.918	39	22.8913	(1615, 240)	(162, 24)	16
00:33:20.962	39	22.7233	(1625, 240)	(163, 24)	16
00:33:21.013	36	22.4357	(1636, 241)	(164, 24)	16
00:33:21.052	35	22.383	(1645, 242)	(165, 24)	16
00:33:21.093	35	22.1067	(1655, 242)	(166, 24)	16
00:33:21.135	35	21.9852	(1666, 243)	(167, 24)	16
00:33:21.177	36	21.9064	(1676, 244)	(168, 24)	16
00:33:21.220	39	21.8307	(1677, 245)	(168, 25)	16
00:33:21.266	32	21.7653	(1686, 245)	(169, 25)	16
00:33:21.301	32	21.5576	(1696, 246)	(170, 25)	16
00:33:21.336	32	21.3163	(1705, 246)	(171, 25)	16
00:33:21.371	34	21.2156	(1715, 248)	(172, 25)	16
00:33:21.413	35	21.0687	(1726, 249)	(173, 25)	16
00:33:21.454	32	20.9424	(1735, 250)	(174, 25)	16
00:33:21.489	36	20.741	(1745, 251)	(175, 25)	16
00:33:21.531	33	20.5428	(1755, 253)	(176, 25)	16
00:33:21.567	31	20.4169	(1765, 254)	(177, 25)	16
00:33:21.600	33	20.4302	(1768, 255)	(177, 26)	16
00:33:21.635	30	20.3756	(1775, 256)	(178, 26)	16
00:33:21.669	30	20.1413	(1785, 258)	(179, 26)	16
00:33:21.704	30	20.0447	(1795, 260)	(180, 26)	16
00:33:21.739	33	19.8366	(1805, 262)	(181, 26)	16
00:33:21.775	33	19.8267	(1815, 264)	(182, 26)	16
00:33:21.816	30	19.7736	(1817, 265)	(182, 27)	16
00:33:21.850	31	19.6641	(1825, 267)	(183, 27)	16
00:33:21.886	30	19.4173	(1838, 271)	(184, 27)	16
00:33:21.920	30	19.3793	(1845, 273)	(185, 27)	16
00:33:21.956	31	19.2921	(1849, 275)	(185, 28)	16
00:33:21.990	32	19.1321	(1858, 278)	(186, 28)	16
00:33:22.025	32	19.0724	(1865, 280)	(187, 28)	16
00:33:22.060	32	18.9526	(1874, 285)	(187, 29)	16
00:33:22.095	29	18.8607	(1875, 285)	(188, 29)	16
00:33:22.129	30	18.8058	(1885, 289)	(189, 29)	16
00:33:22.164	33	18.6683	(1895, 294)	(190, 29)	16
00:33:22.199	32	18.6379	(1895, 295)	(190, 30)	16
00:33:22.234	31	18.5311	(1905, 299)	(191, 30)	16
00:33:22.271	31	18.5505	(1912, 305)	(191, 31)	16
00:33:22.310	32	18.491	(1915, 307)	(192, 31)	16
00:33:22.344	33	18.4375	(1925, 314)	(193, 31)	16
00:33:22.382	32	18.3584	(1926, 315)	(193, 32)	16
00:33:22.421	31	18.2616	(1935, 322)	(194, 32)	16
00:33:22.456	31	18.2523	(1937, 325)	(194, 33)	16
00:33:22.491	31	18.2172	(1945, 333)	(195, 33)	16
00:33:22.525	29	18.0948	(1947, 335)	(195, 34)	16
00:33:22.560	28	18.2068	(1955, 344)	(196, 34)	16
00:33:22.594	30	18.205	(1955, 345)	(196, 35)	16
00:33:22.630	28	18.1415	(1963, 355)	(196, 36)	16
00:33:22.664	29	18.0683	(1965, 358)	(197, 36)	16
00:33:22.699	28	18.0898	(1968, 365)	(197, 37)	16
00:33:22.733	28	17.9901	(1973, 375)	(197, 38)	16
00:33:22.769	27	18.0406	(1975, 379)	(198, 38)	16
00:33:22.803	30	17.9879	(1976, 385)	(198, 39)	16
00:33:22.838	32	18.0121	(1980, 395)	(198, 40)	16
00:33:22.873	31	17.9524	(1982, 405)	(198, 41)	16
00:33:22.908	30	17.9799	(1984, 415)	(198, 42)	16
00:33:22.942	28	17.8766	(1985, 417)	(199, 42)	16
00:33:22.977	27	17.963	(1985, 425)	(199, 43)	16
00:33:23.012	31	18.0199	(1987, 435)	(199, 44)	16
00:33:23.047	31	17.9825	(1988, 445)	(199, 45)	16
00:33:23.082	31	18.0317	(1989, 455)	(199, 46)	16
00:33:23.117	29	18.0796	(1989, 465)	(199, 47)	16
00:33:23.150	27	18.1151	(1989, 475)	(199, 48)	16
00:33:23.185	27	18.1025	(1988, 485)	(199, 49)	16
00:33:23.220	29	18.199	(1985, 495)	(199, 50)	16
00:33:23.255	31	18.1776	(1984, 495)	(198, 50)	16
00:33:23.290	31	18.2868	(1980, 505)	(198, 51)	16
00:33:23.326	29	18.5184	(1972, 516)	(197, 52)	16
00:33:23.359	29	18.6484	(1965, 525)	(197, 53)	16
00:33:23.395	30	18.7222	(1964, 526)	(196, 53)	16
00:33:23.430	31	18.947	(1954, 534)	(195, 53)	16
00:33:23.464	31	18.9342	(1953, 535)	(195, 54)	16
00:33:23.498	33	19.2027	(1944, 539)	(194, 54)	16
00:33:23.534	32	19.6203	(1937, 545)	(194, 55)	16
00:33:23.568	30	19.6047	(1934, 547)	(193, 55)	16
00:33:23.602	30	19.9283	(1924, 555)	(192, 56)	16
00:33:23.637	33	20.0554	(1914, 561)	(191, 56)	16
00:33:23.673	37	20.2453	(1907, 565)	(191, 57)	16
00:33:23.715	33	20.3391	(1904, 567)	(190, 57)	16
00:33:23.755	31	20.6148	(1894, 572)	(189, 57)	16
00:33:23.791	33	20.6222	(1890, 575)	(189, 58)	16
00:33:23.833	36	20.7917	(1884, 577)	(188, 58)	16
00:33:23.875	36	21.1164	(1874, 581)	(187, 58)	16
00:33:23.916	36	21.2796	(1866, 585)	(187, 59)	16
00:33:23.961	32	21.3807	(1864, 585)	(186, 59)	16
00:33:23.999	32	21.764	(1854, 590)	(185, 59)	16
00:33:24.034	32	21.9514	(1844, 594)	(184, 59)	16
00:33:24.068	36	21.9129	(1843, 595)	(184, 60)	16
00:33:24.110	33	22.228	(1834, 597)	(183, 60)	16
00:33:24.145	34	22.5108	(1823, 601)	(182, 60)	16
00:33:24.187	33	22.9633	(1810, 606)	(181, 61)	16
00:33:24.228	40	23.139	(1804, 609)	(180, 61)	16
00:33:24.279	44	23.3332	(1794, 612)	(179, 61)	16
00:33:24.327	41	23.5123	(1787, 615)	(179, 62)	16
00:33:24.375	33	23.5994	(1784, 616)	(178, 62)	16
00:33:24.416	32	23.7947	(1774, 619)	(177, 62)	16
00:33:24.451	37	23.9687	(1764, 622)	(176, 62)	16
00:33:24.493	38	24.1961	(1758, 625)	(176, 63)	16
00:33:24.538	36	24.3388	(1754, 626)	(175, 63)	16
00:33:24.584	36	24.665	(1744, 628)	(174, 63)	16
00:33:24.624	37	24.809	(1734, 631)	(173, 63)	16
00:33:24.667	36	24.8947	(1724, 633)	(172, 63)	16
00:33:24.708	36	25.0927	(1715, 635)	(172, 64)	16
00:33:24.750	36	25.1551	(1714, 635)	(171, 64)	16
00:33:24.791	35	25.4656	(1704, 637)	(170, 64)	16
00:33:24.832	37	25.7323	(1694, 638)	(169, 64)	16
00:33:24.875	41	25.8447	(1684, 640)	(168, 64)	16
00:33:24.924	41	25.9567	(1674, 641)	(167, 64)	16
00:33:24.973	41	26.2135	(1664, 642)	(166, 64)	16
00:33:25.021	37	26.5933	(1654, 643)	(165, 64)	16
00:33:25.063	34	26.6761	(1644, 644)	(164, 64)	16
00:33:25.105	42	26.961	(1633, 644)	(163, 64)	16
00:33:25.154	46	27.1536	(1624, 644)	(162, 64)	16
00:33:25.212	40	27.0981	(1614, 644)	(161, 64)	16
00:33:25.256	37	27.4379	(1604, 644)	(160, 64)	16
00:33:25.298	38	27.563	(1594, 644)	(159, 64)	16
00:33:25.341	40	27.6409	(1584, 644)	(158, 64)	16
00:33:25.389	42	27.7437	(1574, 644)	(157, 64)	16
00:33:25.438	38	27.8979	(1564, 644)	(156, 64)	16
00:33:25.480	39	27.8954	(1554, 644)	(155, 64)	16
00:33:25.522	42	27.9581	(1548, 645)	(155, 65)	16
00:33:25.570	42	27.9486	(1544, 645)	(154, 65)	16
00:33:25.619	40	28.2062	(1534, 645)	(153, 65)	16
00:33:25.667	38	28.2382	(1524, 646)	(152, 65)	16
00:33:25.717	45	28.3501	(1514, 647)	(151, 65)	16
00:33:25.766	44	28.4751	(1504, 648)	(150, 65)	16
00:33:25.815	41	28.5399	(1494, 649)	(149, 65)	16
00:33:25.862	41	28.5781	(1484, 651)	(148, 65)	16
00:33:25.911	44	28.6639	(1474, 652)	(147, 65)	16
00:33:25.959	45	28.7867	(1464, 652)	(146, 65)	16
00:33:26.009	43	28.956	(1454, 653)	(145, 65)	16
00:33:26.057	42	29.0599	(1444, 654)	(144, 65)	16
00:33:26.106	46	29.4101	(1434, 654)	(143, 65)	16
00:33:26.166	47	29.3086	(1419, 654)	(142, 65)	16
00:33:26.218	46	28.9833	(1414, 654)	(141, 65)	16
00:33:26.266	40	29.8096	(1404, 654)	(140, 65)	16
00:33:26.314	40	29.9452	(1394, 654)	(139, 65)	16
00:33:26.356	43	29.8741	(1384, 654)	(138, 65)	16
00:33:26.405	46	30.2003	(1374, 654)	(137, 65)	16
00:33:26.463	44	30.4151	(1356, 653)	(136, 65)	16
00:33:26.515	40	30.4357	(1354, 653)	(135, 65)	16
00:33:26.556	44	30.6815	(1344, 652)	(134, 65)	16
00:33:26.606	48	30.7535	(1334, 651)	(133, 65)	16
00:33:26.662	45	30.9976	(1323, 651)	(132, 65)	16
00:33:26.711	44	30.5138	(1314, 650)	(131, 65)	16
00:33:26.760	43	31.3012	(1303, 649)	(130, 65)	16
00:33:26.810	46	31.3961	(1294, 648)	(129, 65)	16
00:33:26.864	43	31.6671	(1284, 647)	(128, 65)	16
00:33:26.911	47	31.7428	(1274, 647)	(127, 65)	16
00:33:26.969	49	31.3317	(1264, 646)	(126, 65)	16
00:33:27.024	48	31.5276	(1256, 644)	(126, 64)	16
00:33:27.081	47	31.7622	(1254, 644)	(125, 64)	16
00:33:27.135	44	32.019	(1244, 643)	(124, 64)	16
00:33:27.184	48	32.1458	(1234, 643)	(123, 64)	16
00:33:27.239	50	32.2542	(1224, 641)	(122, 64)	16
00:33:27.298	45	31.8459	(1214, 641)	(121, 64)	16
00:33:27.350	44	32.5852	(1204, 641)	(120, 64)	16
00:33:27.399	46	32.6279	(1194, 640)	(119, 64)	16
00:33:27.449	51	32.9031	(1184, 639)	(118, 64)	16
00:33:27.505	45	33.0022	(1174, 639)	(117, 64)	16
00:33:27.558	44	33.0431	(1164, 637)	(116, 64)	16
00:33:27.608	50	33.1818	(1154, 637)	(115, 64)	16
00:33:27.664	49	33.355	(1144, 636)	(114, 64)	16
00:33:27.720	48	33.4041	(1134, 636)	(113, 64)	16
00:33:27.773	44	33.4714	(1124, 635)	(112, 64)	16
00:33:27.822	48	33.6182	(1114, 635)	(111, 64)	16
00:33:27.879	48	33.6022	(1110, 634)	(111, 63)	16
00:33:27.934	44	33.6056	(1104, 634)	(110, 63)	16
00:33:27.982	45	33.7379	(1093, 633)	(109, 63)	16
00:33:28.032	50	33.6858	(1084, 632)	(108, 63)	16
00:33:28.088	46	33.52	(1074, 632)	(107, 63)	16
00:33:28.143	44	33.6159	(1064, 631)	(106, 63)	16
00:33:28.191	46	33.7004	(1051, 631)	(105, 63)	16
00:33:28.240	46	33.7207	(1032, 629)	(103, 63)	16
00:33:28.296	54	33.7741	(1024, 629)	(102, 63)	16
00:33:28.358	45	33.7853	(1014, 629)	(101, 63)	16
00:33:28.407	49	33.7563	(1004, 628)	(100, 63)	16
00:33:28.463	50	33.7877	(994, 627)	(99, 63)	16
00:33:28.522	48	33.7615	(984, 627)	(98, 63)	16
00:33:28.574	44	33.8919	(974, 627)	(97, 63)	16
00:33:28.622	45	33.7286	(964, 626)	(96, 63)	16
00:33:28.670	47	33.7286	(954, 626)	(95, 63)	16
00:33:28.720	45	33.7698	(944, 626)	(94, 63)	16
00:33:28.768	47	33.8249	(934, 625)	(93, 63)	16
00:33:28.824	45	33.644	(927, 624)	(93, 62)	16
00:33:28.872	46	33.5419	(924, 624)	(92, 62)	16
00:33:28.929	50	33.8056	(914, 623)	(91, 62)	16
00:33:28.984	44	33.8381	(904, 622)	(90, 62)	16
00:33:29.034	53	33.3093	(894, 621)	(89, 62)	16
00:33:29.095	44	33.4936	(884, 620)	(88, 62)	16
00:33:29.143	45	32.9161	(873, 619)	(87, 62)	16
00:33:29.192	44	33.2775	(864, 619)	(86, 62)	16
00:33:29.240	45	33.1243	(854, 619)	(85, 62)	16
00:33:29.289	47	33.225	(843, 618)	(84, 62)	16
00:33:29.346	51	32.9433	(834, 618)	(83, 62)	16
00:33:29.401	43	32.4307	(823, 617)	(82, 62)	16
00:33:29.448	43	32.7012	(814, 617)	(81, 62)	16
00:33:29.498	48	32.6664	(804, 617)	(80, 62)	16
00:33:29.555	44	32.4713	(794, 617)	(79, 62)	16
00:33:29.602	44	32.3767	(784, 616)	(78, 62)	16
00:33:29.651	47	32.2394	(772, 616)	(77, 62)	16
00:33:29.708	47	32.0815	(764, 615)	(76, 62)	16
00:33:29.763	46	32.1519	(754, 615)	(75, 62)	16
00:33:29.818	43	31.8233	(744, 615)	(74, 62)	16
00:33:29.866	46	31.7332	(734, 615)	(73, 62)	16
00:33:29.917	48	31.3074	(724, 615)	(72, 62)	16
00:33:29.971	48	31.2892	(714, 615)	(71, 62)	16
00:33:30.026	41	31.1271	(704, 615)	(70, 62)	16
00:33:30.074	45	31.0646	(694, 615)	(69, 62)	16
00:33:30.124	46	30.4844	(684, 615)	(68, 62)	16
00:33:30.173	45	30.3609	(674, 615)	(67, 62)	16
00:33:30.221	43	30.1899	(664, 616)	(66, 62)	16
00:33:30.270	40	29.7751	(654, 617)	(65, 62)	16
00:33:30.318	41	29.5252	(644, 618)	(64, 62)	16
00:33:30.367	46	29.2964	(634, 618)	(63, 62)	16
00:33:30.424	44	29.0148	(624, 619)	(62, 62)	16
00:33:30.471	40	28.4975	(614, 619)	(61, 62)	16
00:33:30.521	43	28.2501	(604, 621)	(60, 62)	16
00:33:30.569	43	27.875	(594, 621)	(59, 62)	16
00:33:30.618	43	27.6567	(584, 622)	(58, 62)	16
00:33:30.666	37	27.2594	(574, 624)	(57, 62)	16
00:33:30.707	37	27.0476	(566, 625)	(57, 63)	16
00:33:30.750	41	26.8496	(564, 625)	(56, 63)	16
00:33:30.798	41	26.4399	(554, 625)	(55, 63)	16
00:33:30.847	36	26.2348	(544, 626)	(54, 63)	16
00:33:30.888	39	26.0058	(534, 628)	(53, 63)	16
00:33:30.930	39	25.7406	(524, 629)	(52, 63)	16
00:33:30.972	41	25.4526	(514, 631)	(51, 63)	16
00:33:31.021	39	25.1121	(504, 633)	(50, 63)	16
00:33:31.070	35	24.8353	(494, 634)	(49, 63)	16
00:33:31.110	37	24.7382	(493, 635)	(49, 64)	16
00:33:31.153	39	24.4439	(484, 637)	(48, 64)	16
00:33:31.201	39	24.1084	(467, 641)	(47, 64)	16
00:33:31.244	36	23.9199	(464, 642)	(46, 64)	16
00:33:31.284	33	23.8049	(458, 645)	(46, 65)	16
00:33:31.325	33	23.5862	(454, 646)	(45, 65)	16
00:33:31.360	35	23.264	(444, 650)	(44, 65)	16
00:33:31.404	41	22.9801	(434, 654)	(43, 65)	16
00:33:31.453	39	22.8256	(432, 655)	(43, 66)	16
00:33:31.499	32	22.4591	(424, 658)	(42, 66)	16
00:33:31.534	32	22.2286	(414, 662)	(41, 66)	16
00:33:31.569	33	22.0279	(409, 665)	(41, 67)	16
00:33:31.604	35	21.9179	(404, 667)	(40, 67)	16
00:33:31.646	38	21.655	(394, 671)	(39, 67)	16
00:33:31.689	33	21.3957	(387, 675)	(39, 68)	16
00:33:31.729	32	21.2852	(384, 676)	(38, 68)	16
00:33:31.765	38	20.9123	(374, 680)	(37, 68)	16
00:33:31.807	36	20.8119	(367, 685)	(37, 69)	16
00:33:31.850	36	20.6077	(364, 687)	(36, 69)	16
00:33:31.890	33	20.4954	(356, 695)	(36, 70)	16
00:33:31.932	38	20.435	(354, 695)	(35, 70)	16
00:33:31.973	31	20.1524	(344, 704)	(34, 70)	16
00:33:32.007	34	20.1532	(344, 705)	(34, 71)	16
00:33:32.050	33	19.8953	(337, 715)	(34, 72)	16
00:33:32.091	30	19.8345	(335, 725)	(34, 73)	16
00:33:32.126	28	19.8566	(334, 727)	(33, 73)	16
00:33:32.160	32	19.7227	(331, 735)	(33, 74)	16
00:33:32.196	32	19.5594	(329, 746)	(33, 75)	16
00:33:32.231	32	19.5524	(329, 755)	(33, 76)	16
00:33:32.265	33	19.4929	(329, 765)	(33, 77)	16
00:33:32.306	30	19.4419	(329, 775)	(33, 78)	16
00:33:32.341	29	19.3021	(329, 785)	(33, 79)	16
00:33:32.375	32	19.2736	(329, 795)	(33, 80)	16
00:33:32.411	32	19.3345	(329, 805)	(33, 81)	16
00:33:32.446	31	19.1596	(329, 833)	(33, 83)	16
00:33:32.480	32	19.104	(329, 836)	(33, 84)	16
00:33:32.515	28	19.2089	(329, 845)	(33, 85)	16
00:33:32.550	30	19.0567	(329, 855)	(33, 86)	16
00:33:32.584	31	19.048	(330, 865)	(33, 87)	16
00:33:32.619	30	18.9776	(332, 875)	(33, 88)	16
00:33:32.653	30	19.0461	(335, 883)	(34, 88)	16
00:33:32.689	30	19.0796	(335, 885)	(34, 89)	16
00:33:32.723	31	19.008	(338, 895)	(34, 90)	16
00:33:32.758	29	18.9803	(341, 905)	(34, 91)	16
00:33:32.792	31	18.9868	(345, 914)	(35, 91)	16
00:33:32.827	30	19	(346, 915)	(35, 92)	16
00:33:32.863	30	18.9119	(350, 925)	(35, 93)	16
00:33:32.897	30	19.0763	(355, 931)	(36, 93)	16
00:33:32.932	29	19.1735	(357, 935)	(36, 94)	16
00:33:32.967	30	19.1176	(364, 945)	(36, 95)	16
00:33:33.001	30	19.2021	(365, 945)	(37, 95)	16
00:33:33.036	30	19.179	(373, 955)	(37, 96)	16
00:33:33.070	31	19.1799	(375, 956)	(38, 96)	16
00:33:33.106	30	19.3087	(384, 965)	(38, 97)	16
00:33:33.141	30	19.3184	(385, 966)	(39, 97)	16
00:33:33.175	30	19.3049	(395, 975)	(40, 98)	16
00:33:33.211	33	19.46	(405, 982)	(41, 98)	16
00:33:33.252	33	19.5133	(411, 987)	(41, 99)	16
00:33:33.287	33	19.5561	(415, 989)	(42, 99)	16
00:33:33.329	31	19.5111	(423, 995)	(42, 100)	16
00:33:33.363	30	19.5907	(425, 996)	(43, 100)	16
00:33:33.398	30	19.6231	(435, 1001)	(44, 100)	16
00:33:33.432	31	19.743	(441, 1005)	(44, 101)	16
00:33:33.468	29	19.7723	(446, 1007)	(45, 101)	16
00:33:33.502	30	19.7895	(455, 1012)	(46, 101)	16
00:33:33.537	30	19.8836	(461, 1015)	(46, 102)	16
00:33:33.571	30	19.9527	(465, 1017)	(47, 102)	16
00:33:33.606	29	19.9964	(475, 1022)	(48, 102)	16
00:33:33.640	30	19.9833	(481, 1025)	(48, 103)	16
00:33:33.675	31	20.043	(485, 1026)	(49, 103)	16
00:33:33.711	32	20.181	(495, 1030)	(50, 103)	16
00:33:33.746	31	20.2407	(505, 1034)	(51, 103)	16
00:33:33.780	30	20.2244	(506, 1035)	(51, 104)	16
00:33:33.815	29	20.393	(515, 1037)	(52, 104)	16
00:33:33.849	33	20.3554	(525, 1040)	(53, 104)	16
00:33:33.885	33	20.8221	(540, 1043)	(54, 104)	16
00:33:33.927	33	20.8487	(545, 1044)	(55, 104)	16
00:33:33.968	34	20.9833	(549, 1045)	(55, 105)	16
00:33:34.010	33	20.9236	(555, 1046)	(56, 105)	16
00:33:34.052	34	21.2133	(577, 1050)	(58, 105)	16
00:33:34.093	35	21.367	(585, 1052)	(59, 105)	16
00:33:34.135	34	21.7154	(595, 1053)	(60, 105)	16
00:33:34.178	33	21.8924	(605, 1054)	(61, 105)	16
00:33:34.218	32	21.9495	(608, 1055)	(61, 106)	16
00:33:34.253	32	21.9144	(615, 1056)	(62, 106)	16
00:33:34.288	35	22.0545	(625, 1057)	(63, 106)	16
00:33:34.330	34	22.3564	(635, 1058)	(64, 106)	16
00:33:34.371	35	22.5204	(645, 1059)	(65, 106)	16
00:33:34.414	37	22.7929	(655, 1060)	(66, 106)	16
00:33:34.454	34	22.9569	(665, 1061)	(67, 106)	16
00:33:34.496	41	23.3055	(675, 1061)	(68, 106)	16
00:33:34.549	39	23.4327	(685, 1063)	(69, 106)	16
00:33:34.594	36	23.6461	(695, 1063)	(70, 106)	16
00:33:34.636	35	23.8695	(705, 1064)	(71, 106)	16
00:33:34.677	41	23.9567	(715, 1064)	(72, 106)	16
00:33:34.726	42	23.9794	(719, 1065)	(72, 107)	16
00:33:34.775	42	24.1449	(725, 1065)	(73, 107)	16
00:33:34.823	37	24.423	(735, 1066)	(74, 107)	16
00:33:34.865	40	24.7172	(745, 1066)	(75, 107)	16
00:33:34.915	40	24.9151	(755, 1066)	(76, 107)	16
00:33:34.963	41	25.0439	(765, 1066)	(77, 107)	16
00:33:35.013	42	25.4311	(775, 1067)	(78, 107)	16
00:33:35.061	36	25.651	(785, 1067)	(79, 107)	16
00:33:35.101	44	25.7957	(795, 1068)	(80, 107)	16
00:33:35.150	39	25.9708	(805, 1069)	(81, 107)	16
00:33:35.193	41	26.4044	(815, 1070)	(82, 107)	16
00:33:35.241	36	26.5933	(825, 1071)	(83, 107)	16
00:33:35.282	35	26.8979	(835, 1072)	(84, 107)	16
00:33:35.323	35	26.7921	(845, 1073)	(85, 107)	16
00:33:35.366	42	27.113	(856, 1074)	(86, 107)	16
00:33:35.415	42	27.1567	(862, 1075)	(86, 108)	16
00:33:35.464	40	27.2902	(865, 1075)	(87, 108)	16
00:33:35.512	40	27.4809	(875, 1075)	(88, 108)	16
00:33:35.561	43	27.7714	(885, 1076)	(89, 108)	16
00:33:35.609	45	27.8347	(895, 1077)	(90, 108)	16
00:33:35.660	41	27.9373	(905, 1078)	(91, 108)	16
00:33:35.707	39	28.3468	(915, 1078)	(92, 108)	16
00:33:35.754	41	28.3385	(925, 1079)	(93, 108)	16
00:33:35.805	44	28.5978	(935, 1080)	(94, 108)	16
00:33:35.853	45	28.6093	(945, 1081)	(95, 108)	16
00:33:35.901	40	28.6684	(955, 1082)	(96, 108)	16
00:33:35.949	41	28.9676	(965, 1082)	(97, 108)	16
00:33:35.998	45	29.0279	(975, 1083)	(98, 108)	16
00:33:36.048	48	29.1213	(986, 1083)	(99, 108)	16
00:33:36.104	44	29.2415	(995, 1084)	(100, 108)	16
00:33:36.150	42	29.4305	(1005, 1084)	(101, 108)	16
00:33:36.200	42	29.651	(1015, 1084)	(102, 108)	16
00:33:36.248	42	29.524	(1017, 1085)	(102, 109)	16
00:33:36.297	39	29.6671	(1025, 1085)	(103, 109)	16
00:33:36.338	40	29.8237	(1040, 1085)	(104, 109)	16
00:33:36.380	40	29.5193	(1048, 1085)	(105, 109)	16
00:33:36.422	44	29.881	(1055, 1086)	(106, 109)	16
00:33:36.473	48	30.0474	(1065, 1086)	(107, 109)	16
00:33:36.528	42	30.0572	(1075, 1086)	(108, 109)	16
00:33:36.574	40	30.1846	(1085, 1086)	(109, 109)	16
00:33:36.616	42	30.0902	(1096, 1086)	(110, 109)	16
00:33:36.665	45	30.2813	(1105, 1086)	(111, 109)	16
00:33:36.714	42	30.1996	(1115, 1086)	(112, 109)	16
00:33:36.763	40	30.1956	(1126, 1086)	(113, 109)	16
00:33:36.813	47	30.2505	(1135, 1086)	(114, 109)	16
00:33:36.869	49	30.2249	(1146, 1086)	(115, 109)	16
00:33:36.923	42	30.1853	(1155, 1086)	(116, 109)	16
00:33:36.971	42	30.3939	(1166, 1086)	(117, 109)	16
00:33:37.023	50	30.0713	(1175, 1086)	(118, 109)	16
00:33:37.084	50	30.1244	(1185, 1085)	(119, 109)	16
00:33:37.144	45	30.1481	(1188, 1084)	(119, 108)	16
00:33:37.194	41	30.164	(1195, 1084)	(120, 108)	16
00:33:37.242	43	30.2227	(1205, 1082)	(121, 108)	16
00:33:37.291	42	30.164	(1215, 1081)	(122, 108)	16
00:33:37.340	40	30.1258	(1225, 1081)	(123, 108)	16
00:33:37.387	40	30.1344	(1235, 1081)	(124, 108)	16
00:33:37.429	43	29.9812	(1245, 1080)	(125, 108)	16
00:33:37.479	45	30.1782	(1255, 1080)	(126, 108)	16
00:33:37.528	45	30.1139	(1265, 1079)	(127, 108)	16
00:33:37.578	41	29.8636	(1275, 1078)	(128, 108)	16
00:33:37.625	39	29.9076	(1286, 1077)	(129, 108)	16
00:33:37.666	41	29.8357	(1295, 1077)	(130, 108)	16
00:33:37.716	46	29.7726	(1305, 1077)	(131, 108)	16
00:33:37.776	41	29.5704	(1315, 1077)	(132, 108)	16
00:33:37.820	40	29.4628	(1325, 1077)	(133, 108)	16
00:33:37.868	47	29.3145	(1335, 1077)	(134, 108)	16
00:33:37.925	48	29.0527	(1345, 1077)	(135, 108)	16
00:33:37.986	44	29.1572	(1355, 1077)	(136, 108)	16
00:33:38.034	38	28.9978	(1365, 1079)	(137, 108)	16
00:33:38.076	41	28.7354	(1375, 1080)	(138, 108)	16
00:33:38.125	44	28.5071	(1385, 1081)	(139, 108)	16
00:33:38.178	46	28.2104	(1395, 1081)	(140, 108)	16
00:33:38.230	37	28.0773	(1405, 1083)	(141, 108)	16
00:33:38.271	37	27.9821	(1416, 1084)	(142, 108)	16
00:33:38.314	42	27.919	(1418, 1085)	(142, 109)	16
00:33:38.362	41	27.9064	(1425, 1085)	(143, 109)	16
00:33:38.411	37	27.4742	(1437, 1088)	(144, 109)	16
00:33:38.451	38	27.4401	(1445, 1088)	(145, 109)	16
00:33:38.494	42	27.3133	(1455, 1089)	(146, 109)	16
00:33:38.548	39	26.7576	(1465, 1090)	(147, 109)	16
00:33:38.590	38	26.5782	(1476, 1091)	(148, 109)	16
00:33:38.632	39	26.569	(1485, 1092)	(149, 109)	16
00:33:38.674	39	26.283	(1495, 1093)	(150, 109)	16
00:33:38.724	42	26.0396	(1505, 1093)	(151, 109)	16
00:33:38.773	40	25.9904	(1515, 1093)	(152, 109)	16
00:33:38.821	38	25.7619	(1525, 1093)	(153, 109)	16
00:33:38.862	36	25.2453	(1535, 1094)	(154, 109)	16
00:33:38.904	39	25.0815	(1545, 1094)	(155, 109)	16
00:33:38.952	40	25.1145	(1555, 1094)	(156, 109)	16
00:33:39.001	39	24.6527	(1565, 1094)	(157, 109)	16
00:33:39.052	39	24.5847	(1566, 1095)	(157, 110)	16
00:33:39.099	36	24.4539	(1575, 1095)	(158, 110)	16
00:33:39.140	36	24.3433	(1585, 1095)	(159, 110)	16
00:33:39.182	36	24.0961	(1596, 1096)	(160, 110)	16
00:33:39.224	35	23.74	(1605, 1096)	(161, 110)	16
00:33:39.266	34	23.5767	(1615, 1096)	(162, 110)	16
00:33:39.306	36	23.2059	(1625, 1097)	(163, 110)	16
00:33:39.349	40	22.9659	(1635, 1097)	(164, 110)	16
00:33:39.403	41	22.8044	(1645, 1097)	(165, 110)	16
00:33:39.446	33	22.4332	(1655, 1098)	(166, 110)	16
00:33:39.488	31	22.2969	(1665, 1098)	(167, 110)	16
00:33:39.522	33	22.1036	(1675, 1099)	(168, 110)	16
00:33:39.557	34	21.8643	(1685, 1099)	(169, 110)	16
00:33:39.601	33	21.783	(1695, 1100)	(170, 110)	16
00:33:39.640	32	21.4387	(1705, 1100)	(171, 110)	16
00:33:39.675	31	21.247	(1715, 1101)	(172, 110)	16
00:33:39.709	31	20.8884	(1725, 1101)	(173, 110)	16
00:33:39.745	35	20.7713	(1735, 1103)	(174, 110)	16
00:33:39.787	35	20.4159	(1748, 1104)	(175, 110)	16
00:33:39.829	34	20.4136	(1753, 1105)	(175, 111)	16
00:33:39.870	30	20.3065	(1755, 1105)	(176, 111)	16
00:33:39.904	31	20.2116	(1765, 1106)	(177, 111)	16
00:33:39.939	30	20.0378	(1775, 1107)	(178, 111)	16
00:33:39.973	31	19.9025	(1785, 1108)	(179, 111)	16
00:33:40.008	33	19.5939	(1798, 1109)	(180, 111)	16
00:33:40.054	35	19.3704	(1806, 1111)	(181, 111)	16
00:33:40.094	31	19.2316	(1815, 1112)	(182, 111)	16
00:33:40.134	30	19.0554	(1825, 1112)	(183, 111)	16
00:33:40.168	30	18.8954	(1835, 1113)	(184, 111)	16
00:33:40.204	30	18.6323	(1850, 1114)	(185, 111)	16
00:33:40.239	30	18.6119	(1855, 1114)	(186, 111)	16
00:33:40.275	30	18.672	(1858, 1115)	(186, 112)	16
00:33:40.308	30	18.4733	(1865, 1116)	(187, 112)	16
00:33:40.343	29	18.3609	(1877, 1117)	(188, 112)	16
00:33:40.377	29	18.2364	(1885, 1118)	(189, 112)	16
00:33:40.411	31	18.1113	(1895, 1120)	(190, 112)	16
00:33:40.447	32	18.0987	(1905, 1121)	(191, 112)	16
00:33:40.483	29	14.3671	(0, 0)	(0, 0)	16
EOM

