BOM
Frame extends: 2263, 1306
_ms_area: 10
measurements taken: 585
current rendering method: 2
is mouse replay: 1
Camera settings: Roation Quaternion: ( -0.028539, 0.735581, -0.672664, 0.0750333), Translationsvektor: ( 0.212108, -0.14242, 1.85).
System_Time	Elapsed_Time_PaintGL	Elapsed_Kernel_Time	Frame_Coordinates	Grid_Position	Manual_Measurement
16:33:44.704	21	12.1735	(318, 226)	(32, 23)	49
16:33:44.740	24	12.2332	(325, 225)	(33, 23)	49
16:33:44.770	28	12.1855	(335, 225)	(34, 23)	49
16:33:44.803	29	12.2327	(345, 225)	(35, 23)	49
16:33:44.839	26	12.2099	(357, 225)	(36, 23)	49
16:33:44.872	24	12.265	(372, 225)	(37, 23)	49
16:33:44.900	22	12.3024	(375, 225)	(38, 23)	49
16:33:44.928	21	12.3127	(385, 225)	(39, 23)	49
16:33:44.955	23	12.3397	(395, 225)	(40, 23)	49
16:33:44.983	27	12.327	(405, 225)	(41, 23)	49
16:33:45.019	25	12.3394	(415, 225)	(42, 23)	49
16:33:45.054	25	12.3359	(425, 225)	(43, 23)	49
16:33:45.088	23	12.3879	(435, 226)	(44, 23)	49
16:33:45.122	22	12.3492	(445, 226)	(45, 23)	49
16:33:45.150	25	12.4089	(455, 226)	(46, 23)	49
16:33:45.179	24	12.4012	(465, 227)	(47, 23)	49
16:33:45.206	24	12.3896	(475, 227)	(48, 23)	49
16:33:45.234	25	12.4538	(485, 228)	(49, 23)	49
16:33:45.262	24	12.4234	(495, 228)	(50, 23)	49
16:33:45.289	23	12.4292	(505, 229)	(51, 23)	49
16:33:45.317	24	12.4593	(515, 229)	(52, 23)	49
16:33:45.345	25	12.4877	(525, 229)	(53, 23)	49
16:33:45.373	25	12.5061	(535, 229)	(54, 23)	49
16:33:45.401	24	12.4996	(545, 229)	(55, 23)	49
16:33:45.428	26	12.5016	(555, 229)	(56, 23)	49
16:33:45.465	24	12.488	(565, 229)	(57, 23)	49
16:33:45.498	25	12.503	(575, 229)	(58, 23)	49
16:33:45.527	24	12.5136	(585, 229)	(59, 23)	49
16:33:45.555	25	12.5261	(596, 229)	(60, 23)	49
16:33:45.592	25	12.4819	(605, 230)	(61, 23)	49
16:33:45.623	26	12.5582	(615, 230)	(62, 23)	49
16:33:45.661	25	12.5476	(626, 230)	(63, 23)	49
16:33:45.693	22	12.5967	(635, 230)	(64, 23)	49
16:33:45.720	24	12.6554	(645, 230)	(65, 23)	49
16:33:45.749	23	12.6699	(655, 230)	(66, 23)	49
16:33:45.776	23	12.716	(665, 230)	(67, 23)	49
16:33:45.804	22	12.7828	(680, 230)	(68, 23)	49
16:33:45.831	24	12.7924	(685, 230)	(69, 23)	49
16:33:45.860	23	12.8058	(695, 230)	(70, 23)	49
16:33:45.887	23	12.8461	(705, 230)	(71, 23)	49
16:33:45.916	22	12.8839	(715, 230)	(72, 23)	49
16:33:45.943	22	12.8933	(725, 230)	(73, 23)	49
16:33:45.970	24	12.8561	(735, 230)	(74, 23)	49
16:33:45.999	23	12.9304	(749, 230)	(75, 23)	49
16:33:46.028	28	12.9404	(756, 230)	(76, 23)	49
16:33:46.062	28	12.8797	(766, 230)	(77, 23)	49
16:33:46.097	27	12.9366	(775, 230)	(78, 23)	49
16:33:46.131	24	12.9493	(785, 230)	(79, 23)	49
16:33:46.158	24	13.0224	(796, 229)	(80, 23)	49
16:33:46.186	31	12.98	(805, 229)	(81, 23)	49
16:33:46.223	32	12.9022	(815, 229)	(82, 23)	49
16:33:46.264	32	12.9587	(825, 228)	(83, 23)	49
16:33:46.307	27	12.967	(835, 228)	(84, 23)	49
16:33:46.339	23	13.0751	(845, 228)	(85, 23)	49
16:33:46.366	23	13.0516	(855, 228)	(86, 23)	49
16:33:46.394	24	13.1443	(865, 228)	(87, 23)	49
16:33:46.423	27	13.2473	(875, 228)	(88, 23)	49
16:33:46.458	27	13.2824	(885, 228)	(89, 23)	49
16:33:46.493	27	13.2761	(895, 228)	(90, 23)	49
16:33:46.528	26	13.3907	(905, 228)	(91, 23)	49
16:33:46.562	23	13.4028	(915, 228)	(92, 23)	49
16:33:46.589	23	13.4593	(925, 228)	(93, 23)	49
16:33:46.617	27	13.4784	(935, 228)	(94, 23)	49
16:33:46.653	28	13.6127	(945, 227)	(95, 23)	49
16:33:46.688	27	13.66	(957, 227)	(96, 23)	49
16:33:46.722	24	13.6767	(966, 227)	(97, 23)	49
16:33:46.749	24	13.7166	(975, 227)	(98, 23)	49
16:33:46.776	24	13.8004	(985, 227)	(99, 23)	49
16:33:46.804	24	13.8455	(995, 227)	(100, 23)	49
16:33:46.833	24	13.8988	(1005, 227)	(101, 23)	49
16:33:46.860	32	13.8652	(1015, 226)	(102, 23)	49
16:33:46.896	33	13.963	(1025, 226)	(103, 23)	49
16:33:46.940	28	13.9662	(1035, 226)	(104, 23)	49
16:33:46.972	25	14.0766	(1045, 225)	(105, 23)	49
16:33:47.000	25	14.0166	(1055, 225)	(106, 23)	49
16:33:47.028	26	14.1185	(1065, 225)	(107, 23)	49
16:33:47.062	26	14.0964	(1071, 224)	(107, 22)	49
16:33:47.096	28	14.1637	(1075, 224)	(108, 22)	49
16:33:47.132	26	14.1954	(1085, 224)	(109, 22)	49
16:33:47.166	27	14.4065	(1095, 224)	(110, 22)	49
16:33:47.201	27	14.555	(1105, 224)	(111, 22)	49
16:33:47.236	26	14.628	(1115, 224)	(112, 22)	49
16:33:47.271	26	14.9243	(1125, 224)	(113, 22)	49
16:33:47.305	27	14.9273	(1135, 224)	(114, 22)	49
16:33:47.341	27	15.0859	(1146, 223)	(115, 22)	49
16:33:47.375	25	15.1145	(1155, 223)	(116, 22)	49
16:33:47.403	27	15.1601	(1165, 223)	(117, 22)	49
16:33:47.437	28	15.3607	(1175, 223)	(118, 22)	49
16:33:47.479	28	15.4492	(1185, 223)	(119, 22)	49
16:33:47.514	28	15.392	(1195, 223)	(120, 22)	49
16:33:47.550	27	15.5422	(1205, 223)	(121, 22)	49
16:33:47.584	27	15.5239	(1215, 223)	(122, 22)	49
16:33:47.618	27	15.5449	(1225, 223)	(123, 22)	49
16:33:47.653	30	15.6467	(1235, 223)	(124, 22)	49
16:33:47.689	34	15.5942	(1245, 223)	(125, 22)	49
16:33:47.730	30	15.7455	(1255, 223)	(126, 22)	49
16:33:47.765	30	15.7899	(1265, 224)	(127, 22)	49
16:33:47.799	26	15.7096	(1275, 224)	(128, 22)	49
16:33:47.827	25	15.8164	(1282, 225)	(128, 23)	49
16:33:47.855	25	15.7536	(1285, 225)	(129, 23)	49
16:33:47.883	25	15.649	(1295, 226)	(130, 23)	49
16:33:47.910	26	15.6584	(1305, 226)	(131, 23)	49
16:33:47.945	26	15.7256	(1316, 228)	(132, 23)	49
16:33:47.973	27	15.6859	(1326, 228)	(133, 23)	49
16:33:48.007	26	15.656	(1335, 228)	(134, 23)	49
16:33:48.035	25	15.6548	(1345, 229)	(135, 23)	49
16:33:48.063	30	15.6984	(1355, 230)	(136, 23)	49
16:33:48.098	30	15.688	(1366, 230)	(137, 23)	49
16:33:48.133	28	15.6649	(1375, 230)	(138, 23)	49
16:33:48.167	29	15.6233	(1386, 231)	(139, 23)	49
16:33:48.202	29	15.6116	(1395, 231)	(140, 23)	49
16:33:48.238	29	15.553	(1405, 232)	(141, 23)	49
16:33:48.272	28	15.491	(1415, 232)	(142, 23)	49
16:33:48.307	28	15.5138	(1425, 232)	(143, 23)	49
16:33:48.342	27	15.456	(1435, 233)	(144, 23)	49
16:33:48.376	29	15.4089	(1445, 234)	(145, 23)	49
16:33:48.411	27	15.2689	(1455, 234)	(146, 23)	49
16:33:48.445	26	15.196	(1465, 234)	(147, 23)	49
16:33:48.480	32	15.151	(1478, 234)	(148, 23)	49
16:33:48.517	32	15.132	(1485, 234)	(149, 23)	49
16:33:48.558	31	15.0819	(1488, 235)	(149, 24)	49
16:33:48.600	30	15.0016	(1495, 235)	(150, 24)	49
16:33:48.633	27	14.937	(1506, 235)	(151, 24)	49
16:33:48.668	25	14.8276	(1516, 235)	(152, 24)	49
16:33:48.695	27	14.705	(1526, 236)	(153, 24)	49
16:33:48.730	26	14.5443	(1535, 236)	(154, 24)	49
16:33:48.765	31	14.4379	(1546, 236)	(155, 24)	49
16:33:48.805	31	14.287	(1556, 237)	(156, 24)	49
16:33:48.842	28	14.2013	(1565, 237)	(157, 24)	49
16:33:48.876	24	14.0178	(1575, 238)	(158, 24)	49
16:33:48.905	24	13.9705	(1585, 238)	(159, 24)	49
16:33:48.932	28	13.7896	(1595, 239)	(160, 24)	49
16:33:48.967	26	13.7849	(1605, 239)	(161, 24)	49
16:33:49.001	28	13.6203	(1615, 240)	(162, 24)	49
16:33:49.037	24	13.5624	(1625, 240)	(163, 24)	49
16:33:49.064	25	13.3359	(1636, 241)	(164, 24)	49
16:33:49.092	25	13.2406	(1645, 242)	(165, 24)	49
16:33:49.120	25	13.1901	(1655, 242)	(166, 24)	49
16:33:49.148	26	13.1961	(1666, 243)	(167, 24)	49
16:33:49.183	25	13.2369	(1676, 244)	(168, 24)	49
16:33:49.210	26	13.1532	(1677, 245)	(168, 25)	49
16:33:49.245	24	13.1658	(1686, 245)	(169, 25)	49
16:33:49.272	23	13.0877	(1696, 246)	(170, 25)	49
16:33:49.300	23	13.0404	(1705, 246)	(171, 25)	49
16:33:49.328	22	13.0433	(1715, 248)	(172, 25)	49
16:33:49.356	27	13.1123	(1726, 249)	(173, 25)	49
16:33:49.391	27	12.9776	(1735, 250)	(174, 25)	49
16:33:49.426	26	12.9819	(1745, 251)	(175, 25)	49
16:33:49.460	25	12.943	(1755, 253)	(176, 25)	49
16:33:49.488	23	12.9431	(1765, 254)	(177, 25)	49
16:33:49.516	21	12.8341	(1768, 255)	(177, 26)	49
16:33:49.543	23	12.7779	(1775, 256)	(178, 26)	49
16:33:49.572	22	12.787	(1785, 258)	(179, 26)	49
16:33:49.599	24	12.6846	(1795, 260)	(180, 26)	49
16:33:49.627	28	12.6871	(1805, 262)	(181, 26)	49
16:33:49.663	30	12.34	(1815, 264)	(182, 26)	49
16:33:49.697	22	12.2754	(1817, 265)	(182, 27)	49
16:33:49.724	22	12.1055	(1825, 267)	(183, 27)	49
16:33:49.752	22	12.0207	(1838, 271)	(184, 27)	49
16:33:49.780	21	12.0095	(1845, 273)	(185, 27)	49
16:33:49.808	24	11.993	(1849, 275)	(185, 28)	49
16:33:49.835	25	11.9859	(1858, 278)	(186, 28)	49
16:33:49.864	25	11.9813	(1865, 280)	(187, 28)	49
16:33:49.893	24	12.0345	(1874, 285)	(187, 29)	49
16:33:49.920	22	12.0113	(1875, 285)	(188, 29)	49
16:33:49.947	21	11.9704	(1885, 289)	(189, 29)	49
16:33:49.975	21	11.9308	(1895, 294)	(190, 29)	49
16:33:50.002	25	11.9379	(1895, 295)	(190, 30)	49
16:33:50.031	29	11.9713	(1905, 299)	(191, 30)	49
16:33:50.066	26	11.9538	(1912, 305)	(191, 31)	49
16:33:50.100	27	11.975	(1915, 307)	(192, 31)	49
16:33:50.135	22	11.9511	(1925, 314)	(193, 31)	49
16:33:50.163	26	11.8927	(1926, 315)	(193, 32)	49
16:33:50.198	26	11.9176	(1935, 322)	(194, 32)	49
16:33:50.232	26	11.9201	(1937, 325)	(194, 33)	49
16:33:50.267	26	11.9473	(1945, 333)	(195, 33)	49
16:33:50.302	27	11.9384	(1947, 335)	(195, 34)	49
16:33:50.337	23	11.9077	(1955, 344)	(196, 34)	49
16:33:50.364	30	11.9031	(1955, 345)	(196, 35)	49
16:33:50.399	22	11.8902	(1963, 355)	(196, 36)	49
16:33:50.426	23	11.92	(1965, 358)	(197, 36)	49
16:33:50.455	26	11.8807	(1968, 365)	(197, 37)	49
16:33:50.490	28	11.9308	(1973, 375)	(197, 38)	49
16:33:50.524	25	11.9196	(1975, 379)	(198, 38)	49
16:33:50.552	24	11.8901	(1976, 385)	(198, 39)	49
16:33:50.580	25	11.8956	(1980, 395)	(198, 40)	49
16:33:50.608	25	11.9116	(1982, 405)	(198, 41)	49
16:33:50.635	25	11.8659	(1984, 415)	(198, 42)	49
16:33:50.663	25	11.888	(1985, 417)	(199, 42)	49
16:33:50.692	25	11.883	(1985, 425)	(199, 43)	49
16:33:50.728	22	11.8308	(1987, 435)	(199, 44)	49
16:33:50.753	21	11.8661	(1988, 445)	(199, 45)	49
16:33:50.780	22	11.9049	(1989, 455)	(199, 46)	49
16:33:50.808	25	11.8916	(1989, 465)	(199, 47)	49
16:33:50.837	26	11.9123	(1989, 475)	(199, 48)	49
16:33:50.872	26	11.8507	(1988, 485)	(199, 49)	49
16:33:50.907	27	11.841	(1985, 495)	(199, 50)	49
16:33:50.942	23	11.889	(1984, 495)	(198, 50)	49
16:33:50.969	23	11.8567	(1980, 505)	(198, 51)	49
16:33:50.997	22	11.8864	(1972, 516)	(197, 52)	49
16:33:51.024	21	11.8896	(1965, 525)	(197, 53)	49
16:33:51.053	23	11.8711	(1964, 526)	(196, 53)	49
16:33:51.080	25	11.8649	(1954, 534)	(195, 53)	49
16:33:51.108	26	11.9252	(1953, 535)	(195, 54)	49
16:33:51.137	23	11.8898	(1944, 539)	(194, 54)	49
16:33:51.164	21	11.8596	(1937, 545)	(194, 55)	49
16:33:51.191	22	11.9135	(1934, 547)	(193, 55)	49
16:33:51.218	23	11.9271	(1924, 555)	(192, 56)	49
16:33:51.247	22	11.9176	(1914, 561)	(191, 56)	49
16:33:51.275	21	11.9378	(1907, 565)	(191, 57)	49
16:33:51.303	29	11.9237	(1904, 567)	(190, 57)	49
16:33:51.339	29	11.8681	(1894, 572)	(189, 57)	49
16:33:51.373	25	11.9785	(1890, 575)	(189, 58)	49
16:33:51.400	22	11.9284	(1884, 577)	(188, 58)	49
16:33:51.428	22	11.9499	(1874, 581)	(187, 58)	49
16:33:51.456	23	11.9344	(1866, 585)	(187, 59)	49
16:33:51.483	24	11.9516	(1864, 585)	(186, 59)	49
16:33:51.511	23	11.9418	(1854, 590)	(185, 59)	49
16:33:51.539	24	11.9476	(1844, 594)	(184, 59)	49
16:33:51.567	24	11.9847	(1843, 595)	(184, 60)	49
16:33:51.594	25	12.073	(1834, 597)	(183, 60)	49
16:33:51.623	24	12.2893	(1823, 601)	(182, 60)	49
16:33:51.650	24	12.5147	(1810, 606)	(181, 61)	49
16:33:51.678	24	12.6391	(1804, 609)	(180, 61)	49
16:33:51.705	26	12.6116	(1794, 612)	(179, 61)	49
16:33:51.734	24	12.6594	(1787, 615)	(179, 62)	49
16:33:51.761	25	12.6447	(1784, 616)	(178, 62)	49
16:33:51.790	24	12.9443	(1774, 619)	(177, 62)	49
16:33:51.817	26	13.0044	(1764, 622)	(176, 62)	49
16:33:51.853	32	12.873	(1758, 625)	(176, 63)	49
16:33:51.895	31	12.9893	(1754, 626)	(175, 63)	49
16:33:51.937	30	13.111	(1744, 628)	(174, 63)	49
16:33:51.978	30	13.2364	(1734, 631)	(173, 63)	49
16:33:52.012	26	13.4234	(1724, 633)	(172, 63)	49
16:33:52.039	26	13.5121	(1715, 635)	(172, 64)	49
16:33:52.075	28	13.5258	(1714, 635)	(171, 64)	49
16:33:52.110	29	13.7824	(1704, 637)	(170, 64)	49
16:33:52.146	27	13.9419	(1694, 638)	(169, 64)	49
16:33:52.179	27	14.0527	(1684, 640)	(168, 64)	49
16:33:52.213	24	14.093	(1674, 641)	(167, 64)	49
16:33:52.240	24	14.3311	(1664, 642)	(166, 64)	49
16:33:52.268	24	14.4861	(1654, 643)	(165, 64)	49
16:33:52.297	24	14.6233	(1644, 644)	(164, 64)	49
16:33:52.325	27	14.8939	(1633, 644)	(163, 64)	49
16:33:52.360	28	15.0831	(1624, 644)	(162, 64)	49
16:33:52.394	27	15.0323	(1614, 644)	(161, 64)	49
16:33:52.428	25	15.3604	(1604, 644)	(160, 64)	49
16:33:52.456	24	15.4077	(1594, 644)	(159, 64)	49
16:33:52.484	25	15.5144	(1584, 644)	(158, 64)	49
16:33:52.513	25	15.5661	(1574, 644)	(157, 64)	49
16:33:52.547	27	15.6799	(1564, 644)	(156, 64)	49
16:33:52.583	26	15.8388	(1554, 644)	(155, 64)	49
16:33:52.617	25	15.9339	(1548, 645)	(155, 65)	49
16:33:52.644	27	15.9409	(1544, 645)	(154, 65)	49
16:33:52.679	27	15.943	(1534, 645)	(153, 65)	49
16:33:52.713	28	16.1338	(1524, 646)	(152, 65)	49
16:33:52.749	27	16.1951	(1514, 647)	(151, 65)	49
16:33:52.783	28	16.3621	(1504, 648)	(150, 65)	49
16:33:52.818	28	16.4627	(1494, 649)	(149, 65)	49
16:33:52.853	27	16.667	(1484, 651)	(148, 65)	49
16:33:52.888	28	16.5385	(1474, 652)	(147, 65)	49
16:33:52.923	29	16.7034	(1464, 652)	(146, 65)	49
16:33:52.961	35	16.6843	(1454, 653)	(145, 65)	49
16:33:53.000	33	16.8327	(1444, 654)	(144, 65)	49
16:33:53.041	31	16.8892	(1434, 654)	(143, 65)	49
16:33:53.076	30	16.9566	(1419, 654)	(142, 65)	49
16:33:53.110	31	16.8613	(1414, 654)	(141, 65)	49
16:33:53.145	30	16.9356	(1404, 654)	(140, 65)	49
16:33:53.180	38	16.8827	(1394, 654)	(139, 65)	49
16:33:53.223	30	17.0299	(1384, 654)	(138, 65)	49
16:33:53.257	30	16.8969	(1374, 654)	(137, 65)	49
16:33:53.291	30	16.9649	(1356, 653)	(136, 65)	49
16:33:53.325	31	16.992	(1354, 653)	(135, 65)	49
16:33:53.360	32	17.0182	(1344, 652)	(134, 65)	49
16:33:53.396	30	16.9896	(1334, 651)	(133, 65)	49
16:33:53.431	30	17.0816	(1323, 651)	(132, 65)	49
16:33:53.465	31	17.0283	(1314, 650)	(131, 65)	49
16:33:53.500	33	16.9498	(1303, 649)	(130, 65)	49
16:33:53.541	31	16.9058	(1294, 648)	(129, 65)	49
16:33:53.576	30	17.0505	(1284, 647)	(128, 65)	49
16:33:53.611	30	17.0351	(1274, 647)	(127, 65)	49
16:33:53.646	30	16.9585	(1264, 646)	(126, 65)	49
16:33:53.680	27	16.6604	(1256, 644)	(126, 64)	49
16:33:53.715	26	16.7007	(1254, 644)	(125, 64)	49
16:33:53.742	27	16.7945	(1244, 643)	(124, 64)	49
16:33:53.778	30	16.8465	(1234, 643)	(123, 64)	49
16:33:53.812	30	16.6687	(1224, 641)	(122, 64)	49
16:33:53.847	27	16.6833	(1214, 641)	(121, 64)	49
16:33:53.881	28	16.7582	(1204, 641)	(120, 64)	49
16:33:53.917	27	16.7756	(1194, 640)	(119, 64)	49
16:33:53.952	32	16.7161	(1184, 639)	(118, 64)	49
16:33:53.994	33	16.6699	(1174, 639)	(117, 64)	49
16:33:54.036	31	16.7354	(1164, 637)	(116, 64)	49
16:33:54.078	29	16.7636	(1154, 637)	(115, 64)	49
16:33:54.111	28	16.6997	(1144, 636)	(114, 64)	49
16:33:54.146	28	16.748	(1134, 636)	(113, 64)	49
16:33:54.180	36	16.7924	(1124, 635)	(112, 64)	49
16:33:54.224	36	16.7784	(1114, 635)	(111, 64)	49
16:33:54.267	30	16.6418	(1110, 634)	(111, 63)	49
16:33:54.306	27	16.6964	(1104, 634)	(110, 63)	49
16:33:54.341	26	16.712	(1093, 633)	(109, 63)	49
16:33:54.375	33	16.7225	(1084, 632)	(108, 63)	49
16:33:54.418	36	16.7036	(1074, 632)	(107, 63)	49
16:33:54.460	33	16.7219	(1064, 631)	(106, 63)	49
16:33:54.501	29	16.7772	(1051, 631)	(105, 63)	49
16:33:54.536	28	16.7001	(1032, 629)	(103, 63)	49
16:33:54.570	30	16.7988	(1024, 629)	(102, 63)	49
16:33:54.605	29	16.7772	(1014, 629)	(101, 63)	49
16:33:54.640	29	16.931	(1004, 628)	(100, 63)	49
16:33:54.674	30	16.9016	(994, 627)	(99, 63)	49
16:33:54.710	28	16.867	(984, 627)	(98, 63)	49
16:33:54.743	27	16.8421	(974, 627)	(97, 63)	49
16:33:54.778	32	16.9317	(964, 626)	(96, 63)	49
16:33:54.815	32	16.9963	(954, 626)	(95, 63)	49
16:33:54.855	33	16.9378	(944, 626)	(94, 63)	49
16:33:54.898	32	16.8541	(934, 625)	(93, 63)	49
16:33:54.939	28	16.8209	(927, 624)	(93, 62)	49
16:33:54.973	26	16.8929	(924, 624)	(92, 62)	49
16:33:55.007	34	16.8447	(914, 623)	(91, 62)	49
16:33:55.053	35	16.6404	(904, 622)	(90, 62)	49
16:33:55.092	36	16.6061	(894, 621)	(89, 62)	49
16:33:55.136	32	16.6683	(884, 620)	(88, 62)	49
16:33:55.175	27	16.7652	(873, 619)	(87, 62)	49
16:33:55.209	27	16.6519	(864, 619)	(86, 62)	49
16:33:55.245	32	16.6717	(854, 619)	(85, 62)	49
16:33:55.280	31	16.7464	(843, 618)	(84, 62)	49
16:33:55.314	32	16.7625	(834, 618)	(83, 62)	49
16:33:55.350	29	16.7281	(823, 617)	(82, 62)	49
16:33:55.382	27	16.8865	(814, 617)	(81, 62)	49
16:33:55.417	29	16.9636	(804, 617)	(80, 62)	49
16:33:55.454	34	17.1692	(794, 617)	(79, 62)	49
16:33:55.495	34	16.9461	(784, 616)	(78, 62)	49
16:33:55.538	32	16.9596	(772, 616)	(77, 62)	49
16:33:55.578	30	16.9111	(764, 615)	(76, 62)	49
16:33:55.613	29	16.9481	(754, 615)	(75, 62)	49
16:33:55.648	28	16.8379	(744, 615)	(74, 62)	49
16:33:55.682	30	16.6735	(734, 615)	(73, 62)	49
16:33:55.716	27	16.6727	(724, 615)	(72, 62)	49
16:33:55.751	27	16.5947	(714, 615)	(71, 62)	49
16:33:55.786	27	16.4187	(704, 615)	(70, 62)	49
16:33:55.821	26	16.3335	(694, 615)	(69, 62)	49
16:33:55.849	26	16.2133	(684, 615)	(68, 62)	49
16:33:55.877	28	16.1797	(674, 615)	(67, 62)	49
16:33:55.912	30	15.8973	(664, 616)	(66, 62)	49
16:33:55.947	35	15.9496	(654, 617)	(65, 62)	49
16:33:55.988	26	15.9046	(644, 618)	(64, 62)	49
16:33:56.022	27	15.744	(634, 618)	(63, 62)	49
16:33:56.051	25	15.608	(624, 619)	(62, 62)	49
16:33:56.078	26	15.5286	(614, 619)	(61, 62)	49
16:33:56.106	26	15.4496	(604, 621)	(60, 62)	49
16:33:56.133	26	15.3323	(594, 621)	(59, 62)	49
16:33:56.161	26	15.1526	(584, 622)	(58, 62)	49
16:33:56.196	24	14.9956	(574, 624)	(57, 62)	49
16:33:56.224	24	15.0313	(566, 625)	(57, 63)	49
16:33:56.251	25	14.9676	(564, 625)	(56, 63)	49
16:33:56.279	29	14.8501	(554, 625)	(55, 63)	49
16:33:56.315	30	14.8298	(544, 626)	(54, 63)	49
16:33:56.350	30	14.6827	(534, 628)	(53, 63)	49
16:33:56.385	29	14.663	(524, 629)	(52, 63)	49
16:33:56.420	29	14.6179	(514, 631)	(51, 63)	49
16:33:56.455	27	14.4757	(504, 633)	(50, 63)	49
16:33:56.489	28	14.456	(494, 634)	(49, 63)	49
16:33:56.524	28	14.4001	(493, 635)	(49, 64)	49
16:33:56.559	28	14.2858	(484, 637)	(48, 64)	49
16:33:56.594	26	14.1207	(467, 641)	(47, 64)	49
16:33:56.628	24	14.0441	(464, 642)	(46, 64)	49
16:33:56.655	24	14.0301	(458, 645)	(46, 65)	49
16:33:56.683	24	13.8369	(454, 646)	(45, 65)	49
16:33:56.711	24	13.781	(444, 650)	(44, 65)	49
16:33:56.739	27	13.8674	(434, 654)	(43, 65)	49
16:33:56.774	27	13.6012	(432, 655)	(43, 66)	49
16:33:56.810	24	13.6727	(424, 658)	(42, 66)	49
16:33:56.836	24	13.6692	(414, 662)	(41, 66)	49
16:33:56.863	24	13.7517	(409, 665)	(41, 67)	49
16:33:56.891	25	13.5336	(404, 667)	(40, 67)	49
16:33:56.920	26	13.2427	(394, 671)	(39, 67)	49
16:33:56.955	27	13.069	(387, 675)	(39, 68)	49
16:33:56.989	28	13.1591	(384, 676)	(38, 68)	49
16:33:57.026	26	13.1784	(374, 680)	(37, 68)	49
16:33:57.059	27	13.0502	(367, 685)	(37, 69)	49
16:33:57.094	26	13.0756	(364, 687)	(36, 69)	49
16:33:57.129	26	12.9336	(356, 695)	(36, 70)	49
16:33:57.163	26	13.0215	(354, 695)	(35, 70)	49
16:33:57.198	27	12.8797	(344, 704)	(34, 70)	49
16:33:57.232	25	12.8154	(344, 705)	(34, 71)	49
16:33:57.260	27	13.048	(337, 715)	(34, 72)	49
16:33:57.296	28	12.9259	(335, 725)	(34, 73)	49
16:33:57.330	29	12.939	(334, 727)	(33, 73)	49
16:33:57.366	28	12.8929	(331, 735)	(33, 74)	49
16:33:57.401	27	12.9092	(329, 746)	(33, 75)	49
16:33:57.434	24	12.88	(329, 755)	(33, 76)	49
16:33:57.462	24	12.8446	(329, 765)	(33, 77)	49
16:33:57.490	24	12.8394	(329, 775)	(33, 78)	49
16:33:57.517	24	12.9516	(329, 785)	(33, 79)	49
16:33:57.545	24	12.8459	(329, 795)	(33, 80)	49
16:33:57.573	25	12.8676	(329, 805)	(33, 81)	49
16:33:57.601	32	12.8111	(329, 833)	(33, 83)	49
16:33:57.636	22	12.7881	(329, 836)	(33, 84)	49
16:33:57.663	23	12.7652	(329, 845)	(33, 85)	49
16:33:57.693	27	12.8207	(329, 855)	(33, 86)	49
16:33:57.726	24	12.769	(330, 865)	(33, 87)	49
16:33:57.754	27	12.7361	(332, 875)	(33, 88)	49
16:33:57.789	28	12.7526	(335, 883)	(34, 88)	49
16:33:57.825	27	12.7366	(335, 885)	(34, 89)	49
16:33:57.860	27	12.7056	(338, 895)	(34, 90)	49
16:33:57.893	27	12.7616	(341, 905)	(34, 91)	49
16:33:57.928	27	12.7126	(345, 914)	(35, 91)	49
16:33:57.963	27	12.8164	(346, 915)	(35, 92)	49
16:33:57.997	28	12.8412	(350, 925)	(35, 93)	49
16:33:58.032	25	12.6914	(355, 931)	(36, 93)	49
16:33:58.059	24	12.7244	(357, 935)	(36, 94)	49
16:33:58.087	22	12.8914	(364, 945)	(36, 95)	49
16:33:58.114	23	12.9493	(365, 945)	(37, 95)	49
16:33:58.143	28	12.9024	(373, 955)	(37, 96)	49
16:33:58.179	25	12.8607	(375, 956)	(38, 96)	49
16:33:58.212	24	12.9517	(384, 965)	(38, 97)	49
16:33:58.240	23	13.0164	(385, 966)	(39, 97)	49
16:33:58.267	24	13.0104	(395, 975)	(40, 98)	49
16:33:58.296	22	13.1582	(405, 982)	(41, 98)	49
16:33:58.324	25	13.3825	(411, 987)	(41, 99)	49
16:33:58.352	26	13.181	(415, 989)	(42, 99)	49
16:33:58.387	25	13.2492	(423, 995)	(42, 100)	49
16:33:58.415	34	13.3751	(425, 996)	(43, 100)	49
16:33:58.456	26	13.4473	(435, 1001)	(44, 100)	49
16:33:58.484	23	13.6145	(441, 1005)	(44, 101)	49
16:33:58.511	24	13.701	(446, 1007)	(45, 101)	49
16:33:58.539	28	13.8039	(455, 1012)	(46, 101)	49
16:33:58.573	24	13.7267	(461, 1015)	(46, 102)	49
16:33:58.601	25	13.9087	(465, 1017)	(47, 102)	49
16:33:58.630	24	13.9004	(475, 1022)	(48, 102)	49
16:33:58.657	24	14.0453	(481, 1025)	(48, 103)	49
16:33:58.685	24	14.0403	(485, 1026)	(49, 103)	49
16:33:58.713	23	14.0631	(495, 1030)	(50, 103)	49
16:33:58.741	24	14.2954	(505, 1034)	(51, 103)	49
16:33:58.768	24	14.1932	(506, 1035)	(51, 104)	49
16:33:58.796	27	14.1757	(515, 1037)	(52, 104)	49
16:33:58.831	30	14.2864	(525, 1040)	(53, 104)	49
16:33:58.867	26	14.4695	(540, 1043)	(54, 104)	49
16:33:58.901	26	14.4724	(545, 1044)	(55, 104)	49
16:33:58.935	30	14.3622	(549, 1045)	(55, 105)	49
16:33:58.972	33	14.3876	(555, 1046)	(56, 105)	49
16:33:59.013	35	14.6843	(577, 1050)	(58, 105)	49
16:33:59.062	30	14.6151	(585, 1052)	(59, 105)	49
16:33:59.096	25	14.681	(595, 1053)	(60, 105)	49
16:33:59.124	26	14.7344	(605, 1054)	(61, 105)	49
16:33:59.159	26	14.7687	(608, 1055)	(61, 106)	49
16:33:59.193	26	14.825	(615, 1056)	(62, 106)	49
16:33:59.228	26	14.9316	(625, 1057)	(63, 106)	49
16:33:59.263	27	14.9166	(635, 1058)	(64, 106)	49
16:33:59.297	27	14.9704	(645, 1059)	(65, 106)	49
16:33:59.333	27	15.0707	(655, 1060)	(66, 106)	49
16:33:59.366	29	15.1055	(665, 1061)	(67, 106)	49
16:33:59.402	27	15.2508	(675, 1061)	(68, 106)	49
16:33:59.437	27	15.3058	(685, 1063)	(69, 106)	49
16:33:59.471	27	15.363	(695, 1063)	(70, 106)	49
16:33:59.505	25	15.4541	(705, 1064)	(71, 106)	49
16:33:59.533	25	15.48	(715, 1064)	(72, 106)	49
16:33:59.561	24	15.4185	(719, 1065)	(72, 107)	49
16:33:59.588	26	15.5252	(725, 1065)	(73, 107)	49
16:33:59.617	25	15.4895	(735, 1066)	(74, 107)	49
16:33:59.645	31	15.5764	(745, 1066)	(75, 107)	49
16:33:59.680	30	15.5788	(755, 1066)	(76, 107)	49
16:33:59.715	27	15.5867	(765, 1066)	(77, 107)	49
16:33:59.749	26	15.6114	(775, 1067)	(78, 107)	49
16:33:59.776	26	15.7129	(785, 1067)	(79, 107)	49
16:33:59.804	28	15.7557	(795, 1068)	(80, 107)	49
16:33:59.840	34	15.7889	(805, 1069)	(81, 107)	49
16:33:59.881	30	15.7988	(815, 1070)	(82, 107)	49
16:33:59.916	31	15.9618	(825, 1071)	(83, 107)	49
16:33:59.951	29	15.9521	(835, 1072)	(84, 107)	49
16:33:59.985	33	15.9637	(845, 1073)	(85, 107)	49
16:34:00.027	26	15.8378	(856, 1074)	(86, 107)	49
16:34:00.054	27	15.8573	(862, 1075)	(86, 108)	49
16:34:00.090	27	15.9363	(865, 1075)	(87, 108)	49
16:34:00.124	27	15.9153	(875, 1075)	(88, 108)	49
16:34:00.159	28	15.9089	(885, 1076)	(89, 108)	49
16:34:00.194	31	15.8713	(895, 1077)	(90, 108)	49
16:34:00.230	34	15.9222	(905, 1078)	(91, 108)	49
16:34:00.276	33	15.9852	(915, 1078)	(92, 108)	49
16:34:00.312	28	15.9699	(925, 1079)	(93, 108)	49
16:34:00.346	26	15.92	(935, 1080)	(94, 108)	49
16:34:00.374	25	15.9265	(945, 1081)	(95, 108)	49
16:34:00.402	26	15.901	(955, 1082)	(96, 108)	49
16:34:00.437	31	15.8978	(965, 1082)	(97, 108)	49
16:34:00.473	31	15.8779	(975, 1083)	(98, 108)	49
16:34:00.507	31	15.8981	(986, 1083)	(99, 108)	49
16:34:00.542	31	15.8673	(995, 1084)	(100, 108)	49
16:34:00.576	28	15.8724	(1005, 1084)	(101, 108)	49
16:34:00.611	27	15.8416	(1015, 1084)	(102, 108)	49
16:34:00.646	32	15.936	(1017, 1085)	(102, 109)	49
16:34:00.689	35	15.916	(1025, 1085)	(103, 109)	49
16:34:00.729	29	15.9117	(1040, 1085)	(104, 109)	49
16:34:00.764	30	15.9421	(1048, 1085)	(105, 109)	49
16:34:00.798	30	15.9919	(1055, 1086)	(106, 109)	49
16:34:00.833	32	16.0508	(1065, 1086)	(107, 109)	49
16:34:00.869	35	16.0637	(1075, 1086)	(108, 109)	49
16:34:00.911	35	16.0652	(1085, 1086)	(109, 109)	49
16:34:00.953	35	16.0653	(1096, 1086)	(110, 109)	49
16:34:00.994	27	16.0819	(1105, 1086)	(111, 109)	49
16:34:01.028	25	16.1007	(1115, 1086)	(112, 109)	49
16:34:01.056	25	16.0302	(1126, 1086)	(113, 109)	49
16:34:01.085	29	16.0179	(1135, 1086)	(114, 109)	49
16:34:01.119	30	16.0452	(1146, 1086)	(115, 109)	49
16:34:01.154	29	16.0379	(1155, 1086)	(116, 109)	49
16:34:01.188	28	15.967	(1166, 1086)	(117, 109)	49
16:34:01.223	25	15.8456	(1175, 1086)	(118, 109)	49
16:34:01.250	26	15.8404	(1185, 1085)	(119, 109)	49
16:34:01.278	25	15.8329	(1188, 1084)	(119, 108)	49
16:34:01.305	26	15.775	(1195, 1084)	(120, 108)	49
16:34:01.333	27	15.7188	(1205, 1082)	(121, 108)	49
16:34:01.362	25	15.6966	(1215, 1081)	(122, 108)	49
16:34:01.396	26	15.6603	(1225, 1081)	(123, 108)	49
16:34:01.425	26	15.5345	(1235, 1081)	(124, 108)	49
16:34:01.459	26	15.4738	(1245, 1080)	(125, 108)	49
16:34:01.492	26	15.1739	(1255, 1080)	(126, 108)	49
16:34:01.523	24	15.2144	(1265, 1079)	(127, 108)	49
16:34:01.556	31	15.1373	(1275, 1078)	(128, 108)	49
16:34:01.592	24	15.0175	(1286, 1077)	(129, 108)	49
16:34:01.619	25	14.8622	(1295, 1077)	(130, 108)	49
16:34:01.646	26	14.8594	(1305, 1077)	(131, 108)	49
16:34:01.675	24	14.7803	(1315, 1077)	(132, 108)	49
16:34:01.702	25	14.659	(1325, 1077)	(133, 108)	49
16:34:01.730	25	14.5324	(1335, 1077)	(134, 108)	49
16:34:01.757	28	14.4926	(1345, 1077)	(135, 108)	49
16:34:01.794	29	14.4015	(1355, 1077)	(136, 108)	49
16:34:01.829	26	14.3222	(1365, 1079)	(137, 108)	49
16:34:01.862	24	14.1828	(1375, 1080)	(138, 108)	49
16:34:01.890	24	14.0545	(1385, 1081)	(139, 108)	49
16:34:01.918	23	14.0003	(1395, 1081)	(140, 108)	49
16:34:01.945	28	13.9582	(1405, 1083)	(141, 108)	49
16:34:01.981	29	13.7074	(1416, 1084)	(142, 108)	49
16:34:02.016	29	13.744	(1418, 1085)	(142, 109)	49
16:34:02.050	24	13.5994	(1425, 1085)	(143, 109)	49
16:34:02.078	24	13.5419	(1437, 1088)	(144, 109)	49
16:34:02.105	24	13.4616	(1445, 1088)	(145, 109)	49
16:34:02.134	23	13.3073	(1455, 1089)	(146, 109)	49
16:34:02.161	26	13.1954	(1465, 1090)	(147, 109)	49
16:34:02.190	23	13.136	(1476, 1091)	(148, 109)	49
16:34:02.217	24	12.9824	(1485, 1092)	(149, 109)	49
16:34:02.246	24	12.9453	(1495, 1093)	(150, 109)	49
16:34:02.273	23	12.895	(1505, 1093)	(151, 109)	49
16:34:02.304	24	12.7944	(1515, 1093)	(152, 109)	49
16:34:02.336	24	12.7736	(1525, 1093)	(153, 109)	49
16:34:02.364	23	12.779	(1535, 1094)	(154, 109)	49
16:34:02.391	24	12.7056	(1545, 1094)	(155, 109)	49
16:34:02.419	24	12.688	(1555, 1094)	(156, 109)	49
16:34:02.447	23	12.5991	(1565, 1094)	(157, 109)	49
16:34:02.474	21	12.5759	(1566, 1095)	(157, 110)	49
16:34:02.501	22	12.5776	(1575, 1095)	(158, 110)	49
16:34:02.529	23	12.5424	(1585, 1095)	(159, 110)	49
16:34:02.557	31	12.4215	(1596, 1096)	(160, 110)	49
16:34:02.593	25	12.2308	(1605, 1096)	(161, 110)	49
16:34:02.620	25	12.2083	(1615, 1096)	(162, 110)	49
16:34:02.648	24	12.1656	(1625, 1097)	(163, 110)	49
16:34:02.675	26	12.2027	(1635, 1097)	(164, 110)	49
16:34:02.703	21	12.1727	(1645, 1097)	(165, 110)	49
16:34:02.730	22	12.1403	(1655, 1098)	(166, 110)	49
16:34:02.758	22	12.1523	(1665, 1098)	(167, 110)	49
16:34:02.786	26	12.1295	(1675, 1099)	(168, 110)	49
16:34:02.816	26	12.1373	(1685, 1099)	(169, 110)	49
16:34:02.851	27	12.0633	(1695, 1100)	(170, 110)	49
16:34:02.884	22	12.0659	(1705, 1100)	(171, 110)	49
16:34:02.912	23	12.0916	(1715, 1101)	(172, 110)	49
16:34:02.941	21	12.1081	(1725, 1101)	(173, 110)	49
16:34:02.967	23	12.0647	(1735, 1103)	(174, 110)	49
16:34:02.995	23	12.0603	(1748, 1104)	(175, 110)	49
16:34:03.024	23	12.0544	(1753, 1105)	(175, 111)	49
16:34:03.052	23	12.0708	(1755, 1105)	(176, 111)	49
16:34:03.079	23	12.0658	(1765, 1106)	(177, 111)	49
16:34:03.107	22	12.045	(1775, 1107)	(178, 111)	49
16:34:03.134	24	12.0547	(1785, 1108)	(179, 111)	49
16:34:03.163	22	12.0154	(1798, 1109)	(180, 111)	49
16:34:03.190	22	12.0289	(1806, 1111)	(181, 111)	49
16:34:03.217	23	12.0319	(1815, 1112)	(182, 111)	49
16:34:03.246	23	11.9828	(1825, 1112)	(183, 111)	49
16:34:03.274	23	11.9636	(1835, 1113)	(184, 111)	49
16:34:03.302	22	11.9504	(1850, 1114)	(185, 111)	49
16:34:03.329	35	11.9613	(1855, 1114)	(186, 111)	49
16:34:03.371	23	11.9695	(1858, 1115)	(186, 112)	49
16:34:03.399	22	11.9468	(1865, 1116)	(187, 112)	49
16:34:03.426	23	11.9646	(1877, 1117)	(188, 112)	49
16:34:03.454	23	11.9184	(1885, 1118)	(189, 112)	49
16:34:03.482	23	11.9127	(1895, 1120)	(190, 112)	49
16:34:03.510	22	11.9321	(1905, 1121)	(191, 112)	49
16:34:03.537	23	11.8329	(0, 0)	(0, 0)	49
EOM

