BOM
Frame extends: 2263, 1306
_ms_area: 10
measurements taken: 585
current rendering method: 0
is mouse replay: 1
Camera settings: Roation Quaternion: ( -0.028539, 0.735581, -0.672664, 0.0750333), Translationsvektor: ( 0.212108, -0.14242, 1.85).
System_Time	Elapsed_Time_PaintGL	Elapsed_Kernel_Time	Frame_Coordinates	Grid_Position	Manual_Measurement
16:34:33.145	44	35.4025	(-1, -1)	(-1, -1)	49
16:34:33.195	45	35.3052	(-1, -1)	(-1, -1)	49
16:34:33.251	46	35.3286	(-1, -1)	(-1, -1)	49
16:34:33.306	48	35.3479	(-1, -1)	(-1, -1)	49
16:34:33.361	44	35.3293	(-1, -1)	(-1, -1)	49
16:34:33.410	45	35.3206	(-1, -1)	(-1, -1)	49
16:34:33.466	48	35.3366	(-1, -1)	(-1, -1)	49
16:34:33.521	47	35.3323	(-1, -1)	(-1, -1)	49
16:34:33.577	45	35.3228	(-1, -1)	(-1, -1)	49
16:34:33.625	46	35.3314	(-1, -1)	(-1, -1)	49
16:34:33.681	47	35.316	(-1, -1)	(-1, -1)	49
16:34:33.736	43	35.4036	(-1, -1)	(-1, -1)	49
16:34:33.787	43	35.3436	(-1, -1)	(-1, -1)	49
16:34:33.834	44	35.3449	(-1, -1)	(-1, -1)	49
16:34:33.890	48	35.3444	(-1, -1)	(-1, -1)	49
16:34:33.946	47	35.3597	(-1, -1)	(-1, -1)	49
16:34:34.001	44	35.3287	(-1, -1)	(-1, -1)	49
16:34:34.049	46	35.3243	(-1, -1)	(-1, -1)	49
16:34:34.105	49	35.3252	(-1, -1)	(-1, -1)	49
16:34:34.161	47	35.3225	(-1, -1)	(-1, -1)	49
16:34:34.216	43	35.327	(-1, -1)	(-1, -1)	49
16:34:34.267	48	35.3244	(-1, -1)	(-1, -1)	49
16:34:34.324	47	35.3391	(-1, -1)	(-1, -1)	49
16:34:34.377	46	35.3391	(-1, -1)	(-1, -1)	49
16:34:34.431	43	35.3372	(-1, -1)	(-1, -1)	49
16:34:34.479	43	35.4279	(-1, -1)	(-1, -1)	49
16:34:34.530	47	35.3514	(-1, -1)	(-1, -1)	49
16:34:34.587	46	35.3496	(-1, -1)	(-1, -1)	49
16:34:34.641	43	35.3265	(-1, -1)	(-1, -1)	49
16:34:34.688	42	35.413	(-1, -1)	(-1, -1)	49
16:34:34.737	44	35.4279	(-1, -1)	(-1, -1)	49
16:34:34.788	47	35.3296	(-1, -1)	(-1, -1)	49
16:34:34.843	46	35.3388	(-1, -1)	(-1, -1)	49
16:34:34.897	44	35.4181	(-1, -1)	(-1, -1)	49
16:34:34.948	47	35.3087	(-1, -1)	(-1, -1)	49
16:34:35.011	47	35.3559	(-1, -1)	(-1, -1)	49
16:34:35.065	44	35.3541	(-1, -1)	(-1, -1)	49
16:34:35.116	47	35.3153	(-1, -1)	(-1, -1)	49
16:34:35.171	46	35.3264	(-1, -1)	(-1, -1)	49
16:34:35.225	48	35.3059	(-1, -1)	(-1, -1)	49
16:34:35.281	42	35.3607	(-1, -1)	(-1, -1)	49
16:34:35.328	44	35.4381	(-1, -1)	(-1, -1)	49
16:34:35.378	47	35.3277	(-1, -1)	(-1, -1)	49
16:34:35.434	46	35.3062	(-1, -1)	(-1, -1)	49
16:34:35.489	43	35.3156	(-1, -1)	(-1, -1)	49
16:34:35.538	46	35.3471	(-1, -1)	(-1, -1)	49
16:34:35.593	48	35.3366	(-1, -1)	(-1, -1)	49
16:34:35.649	48	35.327	(-1, -1)	(-1, -1)	49
16:34:35.703	43	35.4025	(-1, -1)	(-1, -1)	49
16:34:35.752	43	35.4028	(-1, -1)	(-1, -1)	49
16:34:35.802	47	35.3351	(-1, -1)	(-1, -1)	49
16:34:35.858	48	35.3415	(-1, -1)	(-1, -1)	49
16:34:35.913	43	35.3604	(-1, -1)	(-1, -1)	49
16:34:35.961	44	35.3191	(-1, -1)	(-1, -1)	49
16:34:36.011	47	35.3216	(-1, -1)	(-1, -1)	49
16:34:36.068	48	35.3348	(-1, -1)	(-1, -1)	49
16:34:36.122	42	35.3449	(-1, -1)	(-1, -1)	49
16:34:36.169	41	35.3954	(-1, -1)	(-1, -1)	49
16:34:36.219	48	35.3271	(-1, -1)	(-1, -1)	49
16:34:36.275	46	35.3274	(-1, -1)	(-1, -1)	49
16:34:36.331	43	35.3255	(-1, -1)	(-1, -1)	49
16:34:36.377	42	35.4345	(-1, -1)	(-1, -1)	49
16:34:36.430	47	35.3519	(-1, -1)	(-1, -1)	49
16:34:36.483	48	35.3465	(-1, -1)	(-1, -1)	49
16:34:36.539	46	35.3231	(-1, -1)	(-1, -1)	49
16:34:36.593	43	35.4302	(-1, -1)	(-1, -1)	49
16:34:36.643	48	35.344	(-1, -1)	(-1, -1)	49
16:34:36.699	46	35.3138	(-1, -1)	(-1, -1)	49
16:34:36.754	43	35.3347	(-1, -1)	(-1, -1)	49
16:34:36.802	44	35.3384	(-1, -1)	(-1, -1)	49
16:34:36.851	48	35.3148	(-1, -1)	(-1, -1)	49
16:34:36.908	47	35.3367	(-1, -1)	(-1, -1)	49
16:34:36.962	44	35.3329	(-1, -1)	(-1, -1)	49
16:34:37.011	43	35.3356	(-1, -1)	(-1, -1)	49
16:34:37.060	47	35.3191	(-1, -1)	(-1, -1)	49
16:34:37.115	48	35.3321	(-1, -1)	(-1, -1)	49
16:34:37.171	44	35.3351	(-1, -1)	(-1, -1)	49
16:34:37.219	45	35.3279	(-1, -1)	(-1, -1)	49
16:34:37.269	48	35.3446	(-1, -1)	(-1, -1)	49
16:34:37.325	47	35.3382	(-1, -1)	(-1, -1)	49
16:34:37.381	45	35.3092	(-1, -1)	(-1, -1)	49
16:34:37.428	44	35.3021	(-1, -1)	(-1, -1)	49
16:34:37.480	46	35.3286	(-1, -1)	(-1, -1)	49
16:34:37.533	47	35.3111	(-1, -1)	(-1, -1)	49
16:34:37.589	45	35.3182	(-1, -1)	(-1, -1)	49
16:34:37.643	46	35.3409	(-1, -1)	(-1, -1)	49
16:34:37.700	48	35.316	(-1, -1)	(-1, -1)	49
16:34:37.755	47	35.3204	(-1, -1)	(-1, -1)	49
16:34:37.810	43	35.3209	(-1, -1)	(-1, -1)	49
16:34:37.858	42	35.3822	(-1, -1)	(-1, -1)	49
16:34:37.909	47	35.3542	(-1, -1)	(-1, -1)	49
16:34:37.964	47	35.3404	(-1, -1)	(-1, -1)	49
16:34:38.019	42	35.4517	(-1, -1)	(-1, -1)	49
16:34:38.067	42	35.3985	(-1, -1)	(-1, -1)	49
16:34:38.117	47	35.32	(-1, -1)	(-1, -1)	49
16:34:38.172	48	35.3305	(-1, -1)	(-1, -1)	49
16:34:38.228	43	35.3308	(-1, -1)	(-1, -1)	49
16:34:38.276	45	35.3456	(-1, -1)	(-1, -1)	49
16:34:38.332	48	35.3379	(-1, -1)	(-1, -1)	49
16:34:38.388	47	35.3172	(-1, -1)	(-1, -1)	49
16:34:38.443	43	35.3264	(-1, -1)	(-1, -1)	49
16:34:38.491	46	35.3231	(-1, -1)	(-1, -1)	49
16:34:38.542	48	35.3473	(-1, -1)	(-1, -1)	49
16:34:38.597	47	35.3203	(-1, -1)	(-1, -1)	49
16:34:38.651	43	35.308	(-1, -1)	(-1, -1)	49
16:34:38.699	43	35.436	(-1, -1)	(-1, -1)	49
16:34:38.749	48	35.3321	(-1, -1)	(-1, -1)	49
16:34:38.806	50	35.3342	(-1, -1)	(-1, -1)	49
16:34:38.860	44	35.3262	(-1, -1)	(-1, -1)	49
16:34:38.909	47	35.3299	(-1, -1)	(-1, -1)	49
16:34:38.965	47	35.3347	(-1, -1)	(-1, -1)	49
16:34:39.020	48	35.3292	(-1, -1)	(-1, -1)	49
16:34:39.075	44	35.3436	(-1, -1)	(-1, -1)	49
16:34:39.124	45	35.3379	(-1, -1)	(-1, -1)	49
16:34:39.174	47	35.3184	(-1, -1)	(-1, -1)	49
16:34:39.230	47	35.301	(-1, -1)	(-1, -1)	49
16:34:39.284	45	35.3336	(-1, -1)	(-1, -1)	49
16:34:39.334	46	35.3164	(-1, -1)	(-1, -1)	49
16:34:39.389	47	35.3081	(-1, -1)	(-1, -1)	49
16:34:39.447	45	35.332	(-1, -1)	(-1, -1)	49
16:34:39.499	41	35.3926	(-1, -1)	(-1, -1)	49
16:34:39.549	47	35.3253	(-1, -1)	(-1, -1)	49
16:34:39.605	47	35.3212	(-1, -1)	(-1, -1)	49
16:34:39.662	47	35.3418	(-1, -1)	(-1, -1)	49
16:34:39.715	43	35.325	(-1, -1)	(-1, -1)	49
16:34:39.763	41	35.3916	(-1, -1)	(-1, -1)	49
16:34:39.813	47	35.3437	(-1, -1)	(-1, -1)	49
16:34:39.869	48	35.3185	(-1, -1)	(-1, -1)	49
16:34:39.925	46	35.3199	(-1, -1)	(-1, -1)	49
16:34:39.980	47	35.3434	(-1, -1)	(-1, -1)	49
16:34:40.035	48	35.3444	(-1, -1)	(-1, -1)	49
16:34:40.095	47	35.3384	(-1, -1)	(-1, -1)	49
16:34:40.146	43	35.4099	(-1, -1)	(-1, -1)	49
16:34:40.196	48	35.3431	(-1, -1)	(-1, -1)	49
16:34:40.252	46	35.3441	(-1, -1)	(-1, -1)	49
16:34:40.307	47	35.3544	(-1, -1)	(-1, -1)	49
16:34:40.361	45	35.3324	(-1, -1)	(-1, -1)	49
16:34:40.411	47	35.3256	(-1, -1)	(-1, -1)	49
16:34:40.467	47	35.3173	(-1, -1)	(-1, -1)	49
16:34:40.523	47	35.3289	(-1, -1)	(-1, -1)	49
16:34:40.576	46	35.3284	(-1, -1)	(-1, -1)	49
16:34:40.627	47	35.3427	(-1, -1)	(-1, -1)	49
16:34:40.682	47	35.3273	(-1, -1)	(-1, -1)	49
16:34:40.736	43	35.4089	(-1, -1)	(-1, -1)	49
16:34:40.785	45	35.3253	(-1, -1)	(-1, -1)	49
16:34:40.836	46	35.3259	(-1, -1)	(-1, -1)	49
16:34:40.891	48	35.3434	(-1, -1)	(-1, -1)	49
16:34:40.947	45	35.3293	(-1, -1)	(-1, -1)	49
16:34:40.993	42	35.3825	(-1, -1)	(-1, -1)	49
16:34:41.044	47	35.335	(-1, -1)	(-1, -1)	49
16:34:41.099	48	35.3636	(-1, -1)	(-1, -1)	49
16:34:41.155	45	35.3302	(-1, -1)	(-1, -1)	49
16:34:41.209	43	35.4363	(-1, -1)	(-1, -1)	49
16:34:41.259	47	35.3364	(-1, -1)	(-1, -1)	49
16:34:41.315	47	35.3424	(-1, -1)	(-1, -1)	49
16:34:41.369	44	35.3369	(-1, -1)	(-1, -1)	49
16:34:41.418	45	35.3311	(-1, -1)	(-1, -1)	49
16:34:41.468	46	35.3224	(-1, -1)	(-1, -1)	49
16:34:41.523	48	35.3215	(-1, -1)	(-1, -1)	49
16:34:41.579	43	35.3219	(-1, -1)	(-1, -1)	49
16:34:41.633	44	35.3237	(-1, -1)	(-1, -1)	49
16:34:41.683	48	35.3327	(-1, -1)	(-1, -1)	49
16:34:41.740	47	35.3292	(-1, -1)	(-1, -1)	49
16:34:41.793	44	35.3253	(-1, -1)	(-1, -1)	49
16:34:41.842	44	35.3607	(-1, -1)	(-1, -1)	49
16:34:41.892	47	35.3461	(-1, -1)	(-1, -1)	49
16:34:41.947	48	35.3436	(-1, -1)	(-1, -1)	49
16:34:42.003	44	35.3324	(-1, -1)	(-1, -1)	49
16:34:42.051	44	35.312	(-1, -1)	(-1, -1)	49
16:34:42.100	47	35.3381	(-1, -1)	(-1, -1)	49
16:34:42.157	48	35.3204	(-1, -1)	(-1, -1)	49
16:34:42.211	43	35.3336	(-1, -1)	(-1, -1)	49
16:34:42.259	44	35.4415	(-1, -1)	(-1, -1)	49
16:34:42.309	48	35.3413	(-1, -1)	(-1, -1)	49
16:34:42.364	48	35.3375	(-1, -1)	(-1, -1)	49
16:34:42.419	44	35.3587	(-1, -1)	(-1, -1)	49
16:34:42.469	47	35.3514	(-1, -1)	(-1, -1)	49
16:34:42.525	46	35.3222	(-1, -1)	(-1, -1)	49
16:34:42.580	47	35.3265	(-1, -1)	(-1, -1)	49
16:34:42.634	42	35.4089	(-1, -1)	(-1, -1)	49
16:34:42.682	42	35.448	(-1, -1)	(-1, -1)	49
16:34:42.732	43	35.328	(-1, -1)	(-1, -1)	49
16:34:42.780	47	35.3311	(-1, -1)	(-1, -1)	49
16:34:42.837	44	35.3431	(-1, -1)	(-1, -1)	49
16:34:42.884	41	35.4237	(-1, -1)	(-1, -1)	49
16:34:42.934	47	35.3541	(-1, -1)	(-1, -1)	49
16:34:42.990	48	35.336	(-1, -1)	(-1, -1)	49
16:34:43.046	46	35.3104	(-1, -1)	(-1, -1)	49
16:34:43.100	45	35.3273	(-1, -1)	(-1, -1)	49
16:34:43.150	47	35.3447	(-1, -1)	(-1, -1)	49
16:34:43.207	47	35.3231	(-1, -1)	(-1, -1)	49
16:34:43.261	44	35.3572	(-1, -1)	(-1, -1)	49
16:34:43.308	44	35.4447	(-1, -1)	(-1, -1)	49
16:34:43.358	48	35.3335	(-1, -1)	(-1, -1)	49
16:34:43.414	48	35.3387	(-1, -1)	(-1, -1)	49
16:34:43.471	43	35.339	(-1, -1)	(-1, -1)	49
16:34:43.517	45	35.3153	(-1, -1)	(-1, -1)	49
16:34:43.569	47	35.3502	(-1, -1)	(-1, -1)	49
16:34:43.623	47	35.3234	(-1, -1)	(-1, -1)	49
16:34:43.679	44	35.3394	(-1, -1)	(-1, -1)	49
16:34:43.726	41	35.4234	(-1, -1)	(-1, -1)	49
16:34:43.776	48	35.3564	(-1, -1)	(-1, -1)	49
16:34:43.832	47	35.3296	(-1, -1)	(-1, -1)	49
16:34:43.887	45	35.3364	(-1, -1)	(-1, -1)	49
16:34:43.934	42	35.4479	(-1, -1)	(-1, -1)	49
16:34:43.984	48	35.3239	(-1, -1)	(-1, -1)	49
16:34:44.040	47	35.3185	(-1, -1)	(-1, -1)	49
16:34:44.096	45	35.3452	(-1, -1)	(-1, -1)	49
16:34:44.149	42	35.383	(-1, -1)	(-1, -1)	49
16:34:44.199	46	35.3113	(-1, -1)	(-1, -1)	49
16:34:44.255	48	35.3364	(-1, -1)	(-1, -1)	49
16:34:44.311	43	35.3021	(-1, -1)	(-1, -1)	49
16:34:44.358	42	35.4028	(-1, -1)	(-1, -1)	49
16:34:44.409	46	35.3281	(-1, -1)	(-1, -1)	49
16:34:44.464	47	35.3319	(-1, -1)	(-1, -1)	49
16:34:44.519	43	35.3222	(-1, -1)	(-1, -1)	49
16:34:44.567	41	35.4182	(-1, -1)	(-1, -1)	49
16:34:44.617	47	35.3293	(-1, -1)	(-1, -1)	49
16:34:44.672	48	35.336	(-1, -1)	(-1, -1)	49
16:34:44.727	43	35.3277	(-1, -1)	(-1, -1)	49
16:34:44.776	42	35.4244	(-1, -1)	(-1, -1)	49
16:34:44.826	46	35.3381	(-1, -1)	(-1, -1)	49
16:34:44.881	46	35.3271	(-1, -1)	(-1, -1)	49
16:34:44.935	46	35.3449	(-1, -1)	(-1, -1)	49
16:34:44.985	44	35.3434	(-1, -1)	(-1, -1)	49
16:34:45.034	47	35.3344	(-1, -1)	(-1, -1)	49
16:34:45.090	47	35.341	(-1, -1)	(-1, -1)	49
16:34:45.146	45	35.3079	(-1, -1)	(-1, -1)	49
16:34:45.199	44	35.4213	(-1, -1)	(-1, -1)	49
16:34:45.250	47	35.3087	(-1, -1)	(-1, -1)	49
16:34:45.305	47	35.3443	(-1, -1)	(-1, -1)	49
16:34:45.361	44	35.3104	(-1, -1)	(-1, -1)	49
16:34:45.409	44	35.3196	(-1, -1)	(-1, -1)	49
16:34:45.458	47	35.3424	(-1, -1)	(-1, -1)	49
16:34:45.514	47	35.3241	(-1, -1)	(-1, -1)	49
16:34:45.570	43	35.3366	(-1, -1)	(-1, -1)	49
16:34:45.616	41	35.419	(-1, -1)	(-1, -1)	49
16:34:45.667	47	35.3458	(-1, -1)	(-1, -1)	49
16:34:45.721	44	35.3323	(-1, -1)	(-1, -1)	49
16:34:45.774	45	35.3244	(-1, -1)	(-1, -1)	49
16:34:45.824	42	35.415	(-1, -1)	(-1, -1)	49
16:34:45.875	48	35.3215	(-1, -1)	(-1, -1)	49
16:34:45.931	46	35.3302	(-1, -1)	(-1, -1)	49
16:34:45.987	48	35.353	(-1, -1)	(-1, -1)	49
16:34:46.041	43	35.4199	(-1, -1)	(-1, -1)	49
16:34:46.091	48	35.3575	(-1, -1)	(-1, -1)	49
16:34:46.146	47	35.3447	(-1, -1)	(-1, -1)	49
16:34:46.201	45	35.3467	(-1, -1)	(-1, -1)	49
16:34:46.249	43	35.429	(-1, -1)	(-1, -1)	49
16:34:46.300	47	35.3133	(-1, -1)	(-1, -1)	49
16:34:46.355	48	35.325	(-1, -1)	(-1, -1)	49
16:34:46.412	47	35.3298	(-1, -1)	(-1, -1)	49
16:34:46.465	44	35.329	(-1, -1)	(-1, -1)	49
16:34:46.515	46	35.3409	(-1, -1)	(-1, -1)	49
16:34:46.570	48	35.3258	(-1, -1)	(-1, -1)	49
16:34:46.626	47	35.359	(-1, -1)	(-1, -1)	49
16:34:46.680	43	35.3332	(-1, -1)	(-1, -1)	49
16:34:46.728	44	35.3892	(-1, -1)	(-1, -1)	49
16:34:46.779	47	35.3323	(-1, -1)	(-1, -1)	49
16:34:46.834	44	35.3436	(-1, -1)	(-1, -1)	49
16:34:46.882	50	35.3511	(-1, -1)	(-1, -1)	49
16:34:46.939	47	35.3561	(-1, -1)	(-1, -1)	49
16:34:46.994	49	35.3227	(-1, -1)	(-1, -1)	49
16:34:47.053	48	35.3379	(-1, -1)	(-1, -1)	49
16:34:47.104	48	35.3484	(-1, -1)	(-1, -1)	49
16:34:47.162	47	35.3166	(-1, -1)	(-1, -1)	49
16:34:47.217	48	35.3551	(-1, -1)	(-1, -1)	49
16:34:47.271	43	35.3359	(-1, -1)	(-1, -1)	49
16:34:47.319	42	35.4037	(-1, -1)	(-1, -1)	49
16:34:47.369	43	35.3665	(-1, -1)	(-1, -1)	49
16:34:47.418	46	35.3274	(-1, -1)	(-1, -1)	49
16:34:47.474	46	35.3284	(-1, -1)	(-1, -1)	49
16:34:47.530	47	35.3335	(-1, -1)	(-1, -1)	49
16:34:47.585	48	35.335	(-1, -1)	(-1, -1)	49
16:34:47.642	49	35.3425	(-1, -1)	(-1, -1)	49
16:34:47.695	44	35.3401	(-1, -1)	(-1, -1)	49
16:34:47.745	48	35.3354	(-1, -1)	(-1, -1)	49
16:34:47.805	47	35.3431	(-1, -1)	(-1, -1)	49
16:34:47.857	47	35.3458	(-1, -1)	(-1, -1)	49
16:34:47.912	43	35.3324	(-1, -1)	(-1, -1)	49
16:34:47.960	44	35.3473	(-1, -1)	(-1, -1)	49
16:34:48.009	47	35.3252	(-1, -1)	(-1, -1)	49
16:34:48.065	48	35.343	(-1, -1)	(-1, -1)	49
16:34:48.120	43	35.4003	(-1, -1)	(-1, -1)	49
16:34:48.170	47	35.361	(-1, -1)	(-1, -1)	49
16:34:48.225	47	35.352	(-1, -1)	(-1, -1)	49
16:34:48.281	48	35.3361	(-1, -1)	(-1, -1)	49
16:34:48.334	43	35.3316	(-1, -1)	(-1, -1)	49
16:34:48.383	44	35.4375	(-1, -1)	(-1, -1)	49
16:34:48.434	47	35.3261	(-1, -1)	(-1, -1)	49
16:34:48.489	48	35.3397	(-1, -1)	(-1, -1)	49
16:34:48.543	43	35.4247	(-1, -1)	(-1, -1)	49
16:34:48.593	47	35.3307	(-1, -1)	(-1, -1)	49
16:34:48.649	48	35.3366	(-1, -1)	(-1, -1)	49
16:34:48.705	46	35.3459	(-1, -1)	(-1, -1)	49
16:34:48.758	42	35.3796	(-1, -1)	(-1, -1)	49
16:34:48.807	42	35.379	(-1, -1)	(-1, -1)	49
16:34:48.857	48	35.3467	(-1, -1)	(-1, -1)	49
16:34:48.913	55	35.3258	(-1, -1)	(-1, -1)	49
16:34:48.974	41	35.396	(-1, -1)	(-1, -1)	49
16:34:49.025	47	35.3523	(-1, -1)	(-1, -1)	49
16:34:49.080	47	35.3196	(-1, -1)	(-1, -1)	49
16:34:49.136	47	35.3351	(-1, -1)	(-1, -1)	49
16:34:49.190	45	35.3142	(-1, -1)	(-1, -1)	49
16:34:49.240	47	35.3385	(-1, -1)	(-1, -1)	49
16:34:49.295	47	35.3247	(-1, -1)	(-1, -1)	49
16:34:49.351	47	35.333	(-1, -1)	(-1, -1)	49
16:34:49.405	44	35.4247	(-1, -1)	(-1, -1)	49
16:34:49.456	46	35.3317	(-1, -1)	(-1, -1)	49
16:34:49.511	49	35.3311	(-1, -1)	(-1, -1)	49
16:34:49.570	46	35.3135	(-1, -1)	(-1, -1)	49
16:34:49.621	44	35.3332	(-1, -1)	(-1, -1)	49
16:34:49.671	47	35.3274	(-1, -1)	(-1, -1)	49
16:34:49.727	48	35.3179	(-1, -1)	(-1, -1)	49
16:34:49.782	47	35.3231	(-1, -1)	(-1, -1)	49
16:34:49.836	44	35.3218	(-1, -1)	(-1, -1)	49
16:34:49.885	45	35.3221	(-1, -1)	(-1, -1)	49
16:34:49.934	48	35.2907	(-1, -1)	(-1, -1)	49
16:34:49.992	47	35.3237	(-1, -1)	(-1, -1)	49
16:34:50.045	43	35.4178	(-1, -1)	(-1, -1)	49
16:34:50.094	47	35.3329	(-1, -1)	(-1, -1)	49
16:34:50.150	48	35.3084	(-1, -1)	(-1, -1)	49
16:34:50.206	46	35.3299	(-1, -1)	(-1, -1)	49
16:34:50.260	41	35.4039	(-1, -1)	(-1, -1)	49
16:34:50.308	45	35.4159	(-1, -1)	(-1, -1)	49
16:34:50.359	47	35.323	(-1, -1)	(-1, -1)	49
16:34:50.413	43	35.3394	(-1, -1)	(-1, -1)	49
16:34:50.463	44	35.3156	(-1, -1)	(-1, -1)	49
16:34:50.511	46	35.3336	(-1, -1)	(-1, -1)	49
16:34:50.568	47	35.3304	(-1, -1)	(-1, -1)	49
16:34:50.626	48	35.3163	(-1, -1)	(-1, -1)	49
16:34:50.677	42	35.4554	(-1, -1)	(-1, -1)	49
16:34:50.726	41	35.4265	(-1, -1)	(-1, -1)	49
16:34:50.775	42	35.4293	(-1, -1)	(-1, -1)	49
16:34:50.825	47	35.344	(-1, -1)	(-1, -1)	49
16:34:50.879	43	35.3233	(-1, -1)	(-1, -1)	49
16:34:50.928	44	35.3455	(-1, -1)	(-1, -1)	49
16:34:50.985	47	35.3418	(-1, -1)	(-1, -1)	49
16:34:51.045	47	35.3385	(-1, -1)	(-1, -1)	49
16:34:51.095	43	35.4529	(-1, -1)	(-1, -1)	49
16:34:51.143	44	35.3207	(-1, -1)	(-1, -1)	49
16:34:51.193	48	35.3396	(-1, -1)	(-1, -1)	49
16:34:51.252	48	35.3193	(-1, -1)	(-1, -1)	49
16:34:51.303	44	35.36	(-1, -1)	(-1, -1)	49
16:34:51.352	44	35.3507	(-1, -1)	(-1, -1)	49
16:34:51.401	48	35.3289	(-1, -1)	(-1, -1)	49
16:34:51.462	45	35.3341	(-1, -1)	(-1, -1)	49
16:34:51.512	44	35.3201	(-1, -1)	(-1, -1)	49
16:34:51.561	47	35.3357	(-1, -1)	(-1, -1)	49
16:34:51.617	47	35.3086	(-1, -1)	(-1, -1)	49
16:34:51.674	47	35.3391	(-1, -1)	(-1, -1)	49
16:34:51.727	41	35.4342	(-1, -1)	(-1, -1)	49
16:34:51.775	42	35.377	(-1, -1)	(-1, -1)	49
16:34:51.825	48	35.332	(-1, -1)	(-1, -1)	49
16:34:51.882	46	35.3342	(-1, -1)	(-1, -1)	49
16:34:51.936	41	35.3905	(-1, -1)	(-1, -1)	49
16:34:51.984	42	35.3895	(-1, -1)	(-1, -1)	49
16:34:52.035	46	35.2818	(-1, -1)	(-1, -1)	49
16:34:52.092	48	35.332	(-1, -1)	(-1, -1)	49
16:34:52.145	44	35.3151	(-1, -1)	(-1, -1)	49
16:34:52.193	44	35.3295	(-1, -1)	(-1, -1)	49
16:34:52.243	46	35.3203	(-1, -1)	(-1, -1)	49
16:34:52.298	48	35.3372	(-1, -1)	(-1, -1)	49
16:34:52.354	43	35.3416	(-1, -1)	(-1, -1)	49
16:34:52.404	46	35.3156	(-1, -1)	(-1, -1)	49
16:34:52.458	48	35.3237	(-1, -1)	(-1, -1)	49
16:34:52.515	47	35.3684	(-1, -1)	(-1, -1)	49
16:34:52.569	43	35.3473	(-1, -1)	(-1, -1)	49
16:34:52.618	47	35.3283	(-1, -1)	(-1, -1)	49
16:34:52.674	46	35.3323	(-1, -1)	(-1, -1)	49
16:34:52.728	45	35.3304	(-1, -1)	(-1, -1)	49
16:34:52.777	44	35.3233	(-1, -1)	(-1, -1)	49
16:34:52.825	46	35.3141	(-1, -1)	(-1, -1)	49
16:34:52.875	49	35.3452	(-1, -1)	(-1, -1)	49
16:34:52.932	47	35.3299	(-1, -1)	(-1, -1)	49
16:34:52.985	42	35.4449	(-1, -1)	(-1, -1)	49
16:34:53.034	43	35.4021	(-1, -1)	(-1, -1)	49
16:34:53.084	49	35.3154	(-1, -1)	(-1, -1)	49
16:34:53.140	47	35.3025	(-1, -1)	(-1, -1)	49
16:34:53.194	45	35.3353	(-1, -1)	(-1, -1)	49
16:34:53.244	47	35.3492	(-1, -1)	(-1, -1)	49
16:34:53.299	48	35.3311	(-1, -1)	(-1, -1)	49
16:34:53.356	47	35.3345	(-1, -1)	(-1, -1)	49
16:34:53.409	42	35.4059	(-1, -1)	(-1, -1)	49
16:34:53.458	45	35.4613	(-1, -1)	(-1, -1)	49
16:34:53.509	46	35.3133	(-1, -1)	(-1, -1)	49
16:34:53.563	43	35.3579	(-1, -1)	(-1, -1)	49
16:34:53.611	42	35.3911	(-1, -1)	(-1, -1)	49
16:34:53.661	48	35.3333	(-1, -1)	(-1, -1)	49
16:34:53.717	46	35.3182	(-1, -1)	(-1, -1)	49
16:34:53.772	44	35.3339	(-1, -1)	(-1, -1)	49
16:34:53.820	46	35.3502	(-1, -1)	(-1, -1)	49
16:34:53.877	47	35.3159	(-1, -1)	(-1, -1)	49
16:34:53.932	47	35.3247	(-1, -1)	(-1, -1)	49
16:34:53.987	43	35.3283	(-1, -1)	(-1, -1)	49
16:34:54.036	47	35.3453	(-1, -1)	(-1, -1)	49
16:34:54.092	47	35.319	(-1, -1)	(-1, -1)	49
16:34:54.148	46	35.3185	(-1, -1)	(-1, -1)	49
16:34:54.202	46	35.324	(-1, -1)	(-1, -1)	49
16:34:54.259	47	35.356	(-1, -1)	(-1, -1)	49
16:34:54.315	48	35.3551	(-1, -1)	(-1, -1)	49
16:34:54.371	47	35.3058	(-1, -1)	(-1, -1)	49
16:34:54.425	43	35.3615	(-1, -1)	(-1, -1)	49
16:34:54.475	47	35.3437	(-1, -1)	(-1, -1)	49
16:34:54.530	48	35.3437	(-1, -1)	(-1, -1)	49
16:34:54.588	46	35.3164	(-1, -1)	(-1, -1)	49
16:34:54.640	44	35.3289	(-1, -1)	(-1, -1)	49
16:34:54.689	44	35.3129	(-1, -1)	(-1, -1)	49
16:34:54.737	43	35.4182	(-1, -1)	(-1, -1)	49
16:34:54.787	47	35.356	(-1, -1)	(-1, -1)	49
16:34:54.841	42	35.447	(-1, -1)	(-1, -1)	49
16:34:54.889	44	35.3905	(-1, -1)	(-1, -1)	49
16:34:54.942	47	35.3347	(-1, -1)	(-1, -1)	49
16:34:54.995	47	35.3313	(-1, -1)	(-1, -1)	49
16:34:55.050	43	35.4093	(-1, -1)	(-1, -1)	49
16:34:55.098	42	35.4375	(-1, -1)	(-1, -1)	49
16:34:55.149	47	35.3093	(-1, -1)	(-1, -1)	49
16:34:55.205	47	35.3228	(-1, -1)	(-1, -1)	49
16:34:55.259	44	35.3274	(-1, -1)	(-1, -1)	49
16:34:55.309	48	35.3188	(-1, -1)	(-1, -1)	49
16:34:55.365	45	35.3348	(-1, -1)	(-1, -1)	49
16:34:55.420	47	35.3339	(-1, -1)	(-1, -1)	49
16:34:55.474	44	35.3919	(-1, -1)	(-1, -1)	49
16:34:55.526	46	35.3145	(-1, -1)	(-1, -1)	49
16:34:55.580	48	35.3428	(-1, -1)	(-1, -1)	49
16:34:55.636	46	35.3545	(-1, -1)	(-1, -1)	49
16:34:55.689	43	35.3973	(-1, -1)	(-1, -1)	49
16:34:55.739	46	35.3391	(-1, -1)	(-1, -1)	49
16:34:55.794	46	35.3336	(-1, -1)	(-1, -1)	49
16:34:55.854	46	35.3404	(-1, -1)	(-1, -1)	49
16:34:55.906	43	35.3415	(-1, -1)	(-1, -1)	49
16:34:55.955	48	35.3493	(-1, -1)	(-1, -1)	49
16:34:56.011	48	35.3348	(-1, -1)	(-1, -1)	49
16:34:56.068	46	35.3279	(-1, -1)	(-1, -1)	49
16:34:56.121	45	35.3246	(-1, -1)	(-1, -1)	49
16:34:56.170	48	35.3319	(-1, -1)	(-1, -1)	49
16:34:56.226	47	35.3514	(-1, -1)	(-1, -1)	49
16:34:56.281	48	35.339	(-1, -1)	(-1, -1)	49
16:34:56.336	42	35.4136	(-1, -1)	(-1, -1)	49
16:34:56.385	42	35.4132	(-1, -1)	(-1, -1)	49
16:34:56.433	42	35.401	(-1, -1)	(-1, -1)	49
16:34:56.482	45	35.3292	(-1, -1)	(-1, -1)	49
16:34:56.531	42	35.4267	(-1, -1)	(-1, -1)	49
16:34:56.579	45	35.3327	(-1, -1)	(-1, -1)	49
16:34:56.629	48	35.3628	(-1, -1)	(-1, -1)	49
16:34:56.685	47	35.3387	(-1, -1)	(-1, -1)	49
16:34:56.739	43	35.3073	(-1, -1)	(-1, -1)	49
16:34:56.787	44	35.4446	(-1, -1)	(-1, -1)	49
16:34:56.837	44	35.3247	(-1, -1)	(-1, -1)	49
16:34:56.886	48	35.3336	(-1, -1)	(-1, -1)	49
16:34:56.943	43	35.3295	(-1, -1)	(-1, -1)	49
16:34:56.989	45	35.3388	(-1, -1)	(-1, -1)	49
16:34:57.040	46	35.3382	(-1, -1)	(-1, -1)	49
16:34:57.095	47	35.3277	(-1, -1)	(-1, -1)	49
16:34:57.152	43	35.3219	(-1, -1)	(-1, -1)	49
16:34:57.198	44	35.3336	(-1, -1)	(-1, -1)	49
16:34:57.248	47	35.3422	(-1, -1)	(-1, -1)	49
16:34:57.304	47	35.3044	(-1, -1)	(-1, -1)	49
16:34:57.361	46	35.3279	(-1, -1)	(-1, -1)	49
16:34:57.414	44	35.347	(-1, -1)	(-1, -1)	49
16:34:57.464	47	35.3505	(-1, -1)	(-1, -1)	49
16:34:57.519	49	35.3539	(-1, -1)	(-1, -1)	49
16:34:57.575	47	35.3643	(-1, -1)	(-1, -1)	49
16:34:57.630	44	35.3387	(-1, -1)	(-1, -1)	49
16:34:57.679	47	35.3249	(-1, -1)	(-1, -1)	49
16:34:57.733	44	35.347	(-1, -1)	(-1, -1)	49
16:34:57.781	42	35.4028	(-1, -1)	(-1, -1)	49
16:34:57.830	42	35.3984	(-1, -1)	(-1, -1)	49
16:34:57.880	49	35.3347	(-1, -1)	(-1, -1)	49
16:34:57.937	48	35.3209	(-1, -1)	(-1, -1)	49
16:34:57.992	42	35.3372	(-1, -1)	(-1, -1)	49
16:34:58.039	41	35.3843	(-1, -1)	(-1, -1)	49
16:34:58.090	47	35.3191	(-1, -1)	(-1, -1)	49
16:34:58.144	47	35.3298	(-1, -1)	(-1, -1)	49
16:34:58.201	42	35.3476	(-1, -1)	(-1, -1)	49
16:34:58.248	45	35.3357	(-1, -1)	(-1, -1)	49
16:34:58.298	46	35.3324	(-1, -1)	(-1, -1)	49
16:34:58.353	47	35.3252	(-1, -1)	(-1, -1)	49
16:34:58.409	47	35.3422	(-1, -1)	(-1, -1)	49
16:34:58.463	44	35.3083	(-1, -1)	(-1, -1)	49
16:34:58.513	47	35.3191	(-1, -1)	(-1, -1)	49
16:34:58.569	48	35.3627	(-1, -1)	(-1, -1)	49
16:34:58.625	47	35.3105	(-1, -1)	(-1, -1)	49
16:34:58.679	46	35.3175	(-1, -1)	(-1, -1)	49
16:34:58.728	44	35.3431	(-1, -1)	(-1, -1)	49
16:34:58.778	47	35.3467	(-1, -1)	(-1, -1)	49
16:34:58.834	46	35.321	(-1, -1)	(-1, -1)	49
16:34:58.888	44	35.3559	(-1, -1)	(-1, -1)	49
16:34:58.936	45	35.3361	(-1, -1)	(-1, -1)	49
16:34:58.986	47	35.3332	(-1, -1)	(-1, -1)	49
16:34:59.045	46	35.3271	(-1, -1)	(-1, -1)	49
16:34:59.096	44	35.3622	(-1, -1)	(-1, -1)	49
16:34:59.146	47	35.3418	(-1, -1)	(-1, -1)	49
16:34:59.201	43	35.3206	(-1, -1)	(-1, -1)	49
16:34:59.249	42	35.4028	(-1, -1)	(-1, -1)	49
16:34:59.297	42	35.3927	(-1, -1)	(-1, -1)	49
16:34:59.348	46	35.3213	(-1, -1)	(-1, -1)	49
16:34:59.403	49	35.3452	(-1, -1)	(-1, -1)	49
16:34:59.459	44	35.3234	(-1, -1)	(-1, -1)	49
16:34:59.506	42	35.4267	(-1, -1)	(-1, -1)	49
16:34:59.556	47	35.341	(-1, -1)	(-1, -1)	49
16:34:59.612	46	35.3271	(-1, -1)	(-1, -1)	49
16:34:59.669	48	35.3461	(-1, -1)	(-1, -1)	49
16:34:59.722	43	35.4441	(-1, -1)	(-1, -1)	49
16:34:59.772	48	35.3422	(-1, -1)	(-1, -1)	49
16:34:59.827	46	35.3446	(-1, -1)	(-1, -1)	49
16:34:59.886	46	35.3182	(-1, -1)	(-1, -1)	49
16:34:59.937	44	35.4113	(-1, -1)	(-1, -1)	49
16:34:59.990	46	35.3099	(-1, -1)	(-1, -1)	49
16:35:00.041	43	35.3342	(-1, -1)	(-1, -1)	49
16:35:00.090	41	35.4062	(-1, -1)	(-1, -1)	49
16:35:00.139	43	35.3299	(-1, -1)	(-1, -1)	49
16:35:00.187	44	35.3194	(-1, -1)	(-1, -1)	49
16:35:00.236	46	35.4113	(-1, -1)	(-1, -1)	49
16:35:00.294	44	35.3486	(-1, -1)	(-1, -1)	49
16:35:00.340	43	35.408	(-1, -1)	(-1, -1)	49
16:35:00.391	46	35.3363	(-1, -1)	(-1, -1)	49
16:35:00.445	45	35.3302	(-1, -1)	(-1, -1)	49
16:35:00.507	47	35.3221	(-1, -1)	(-1, -1)	49
16:35:00.563	44	35.3139	(-1, -1)	(-1, -1)	49
16:35:00.613	45	35.3114	(-1, -1)	(-1, -1)	49
16:35:00.662	44	35.3387	(-1, -1)	(-1, -1)	49
16:35:00.710	43	35.3486	(-1, -1)	(-1, -1)	49
16:35:00.758	41	35.4147	(-1, -1)	(-1, -1)	49
16:35:00.806	43	35.3927	(-1, -1)	(-1, -1)	49
16:35:00.857	47	35.3333	(-1, -1)	(-1, -1)	49
16:35:00.911	48	35.3487	(-1, -1)	(-1, -1)	49
16:35:00.966	42	35.4338	(-1, -1)	(-1, -1)	49
16:35:01.015	42	35.4246	(-1, -1)	(-1, -1)	49
16:35:01.065	47	35.3536	(-1, -1)	(-1, -1)	49
16:35:01.120	47	35.3369	(-1, -1)	(-1, -1)	49
16:35:01.175	44	35.3473	(-1, -1)	(-1, -1)	49
16:35:01.223	43	35.424	(-1, -1)	(-1, -1)	49
16:35:01.276	47	35.3148	(-1, -1)	(-1, -1)	49
16:35:01.329	47	35.3311	(-1, -1)	(-1, -1)	49
16:35:01.384	42	35.3492	(-1, -1)	(-1, -1)	49
16:35:01.432	44	35.4323	(-1, -1)	(-1, -1)	49
16:35:01.482	47	35.3407	(-1, -1)	(-1, -1)	49
16:35:01.537	48	35.3364	(-1, -1)	(-1, -1)	49
16:35:01.593	47	35.3191	(-1, -1)	(-1, -1)	49
16:35:01.647	43	35.4548	(-1, -1)	(-1, -1)	49
16:35:01.697	49	35.3293	(-1, -1)	(-1, -1)	49
16:35:01.753	47	35.3323	(-1, -1)	(-1, -1)	49
16:35:01.807	43	35.3447	(-1, -1)	(-1, -1)	49
16:35:01.856	41	35.4024	(-1, -1)	(-1, -1)	49
16:35:01.904	42	35.383	(-1, -1)	(-1, -1)	49
16:35:01.953	41	35.4234	(-1, -1)	(-1, -1)	49
16:35:02.002	45	35.3431	(-1, -1)	(-1, -1)	49
16:35:02.052	47	35.3357	(-1, -1)	(-1, -1)	49
16:35:02.108	47	35.3473	(-1, -1)	(-1, -1)	49
16:35:02.162	42	35.4321	(-1, -1)	(-1, -1)	49
16:35:02.212	45	35.3258	(-1, -1)	(-1, -1)	49
16:35:02.259	41	35.4046	(-1, -1)	(-1, -1)	49
16:35:02.307	43	35.3833	(-1, -1)	(-1, -1)	49
16:35:02.358	46	35.3434	(-1, -1)	(-1, -1)	49
16:35:02.412	42	35.4439	(-1, -1)	(-1, -1)	49
16:35:02.460	42	35.4055	(-1, -1)	(-1, -1)	49
16:35:02.511	47	35.3147	(-1, -1)	(-1, -1)	49
16:35:02.565	42	35.4148	(-1, -1)	(-1, -1)	49
16:35:02.613	43	35.4376	(-1, -1)	(-1, -1)	49
16:35:02.662	45	35.3372	(-1, -1)	(-1, -1)	49
16:35:02.712	44	35.3631	(-1, -1)	(-1, -1)	49
16:35:02.759	49	35.3486	(-1, -1)	(-1, -1)	49
16:35:02.817	45	35.3391	(-1, -1)	(-1, -1)	49
16:35:02.870	44	35.4249	(-1, -1)	(-1, -1)	49
16:35:02.920	42	35.3917	(-1, -1)	(-1, -1)	49
16:35:02.970	47	35.3209	(-1, -1)	(-1, -1)	49
16:35:03.026	47	35.3176	(-1, -1)	(-1, -1)	49
16:35:03.080	44	35.3351	(-1, -1)	(-1, -1)	49
16:35:03.130	43	35.3572	(-1, -1)	(-1, -1)	49
16:35:03.177	45	35.3295	(-1, -1)	(-1, -1)	49
16:35:03.227	47	35.3144	(-1, -1)	(-1, -1)	49
16:35:03.281	42	35.4292	(-1, -1)	(-1, -1)	49
16:35:03.330	45	35.335	(-1, -1)	(-1, -1)	49
16:35:03.463	44	35.3314	(-1, -1)	(-1, -1)	49
16:35:03.510	44	35.3262	(-1, -1)	(-1, -1)	49
16:35:03.607	49	35.3387	(-1, -1)	(-1, -1)	49
16:35:03.666	49	35.3563	(-1, -1)	(-1, -1)	49
16:35:03.718	42	35.4218	(-1, -1)	(-1, -1)	49
16:35:03.767	45	35.3129	(-1, -1)	(-1, -1)	49
16:35:03.846	46	35.316	(-1, -1)	(-1, -1)	49
16:35:03.900	42	35.4061	(-1, -1)	(-1, -1)	49
16:35:03.949	42	35.4154	(-1, -1)	(-1, -1)	49
16:35:03.998	43	35.3428	(-1, -1)	(-1, -1)	49
16:35:04.054	44	35.3201	(-1, -1)	(-1, -1)	49
EOM

