BOM
Frame extends: 2263, 1306
_ms_area: 10
measurements taken: 585
current rendering method: 1
is mouse replay: 1
Camera settings: Roation Quaternion: ( -0.028539, 0.735581, -0.672664, 0.0750333), Translationsvektor: ( 0.212108, -0.14242, 1.85).
System_Time	Elapsed_Time_PaintGL	Elapsed_Kernel_Time	Frame_Coordinates	Grid_Position	Manual_Measurement
16:34:06.469	19	4.48844	(318, 226)	(32, 23)	49
16:34:06.493	20	4.50429	(325, 225)	(33, 23)	49
16:34:06.527	24	4.55615	(335, 225)	(34, 23)	49
16:34:06.555	24	4.61437	(345, 225)	(35, 23)	49
16:34:06.583	23	4.66696	(357, 225)	(36, 23)	49
16:34:06.617	24	4.76519	(372, 225)	(37, 23)	49
16:34:06.646	24	4.78919	(375, 225)	(38, 23)	49
16:34:06.674	24	4.85319	(385, 225)	(39, 23)	49
16:34:06.701	23	4.9283	(395, 225)	(40, 23)	49
16:34:06.729	19	5.02844	(405, 225)	(41, 23)	49
16:34:06.756	20	5.07289	(415, 225)	(42, 23)	49
16:34:06.785	19	5.12	(425, 225)	(43, 23)	49
16:34:06.812	20	5.1363	(435, 226)	(44, 23)	49
16:34:06.839	21	5.18193	(445, 226)	(45, 23)	49
16:34:06.867	21	5.2357	(455, 226)	(46, 23)	49
16:34:06.895	21	5.30267	(465, 227)	(47, 23)	49
16:34:06.923	20	5.36518	(475, 227)	(48, 23)	49
16:34:06.951	21	5.44015	(485, 228)	(49, 23)	49
16:34:06.979	19	5.46904	(495, 228)	(50, 23)	49
16:34:07.006	20	5.53763	(505, 229)	(51, 23)	49
16:34:07.034	21	5.61067	(515, 229)	(52, 23)	49
16:34:07.062	21	5.6637	(525, 229)	(53, 23)	49
16:34:07.090	26	5.70741	(535, 229)	(54, 23)	49
16:34:07.117	20	5.7917	(545, 229)	(55, 23)	49
16:34:07.138	19	5.86667	(555, 229)	(56, 23)	49
16:34:07.159	20	5.9357	(565, 229)	(57, 23)	49
16:34:07.180	20	6.10785	(575, 229)	(58, 23)	49
16:34:07.208	20	6.26682	(585, 229)	(59, 23)	49
16:34:07.237	24	6.41896	(596, 229)	(60, 23)	49
16:34:07.263	21	6.55896	(605, 230)	(61, 23)	49
16:34:07.291	20	6.67022	(615, 230)	(62, 23)	49
16:34:07.318	26	6.84755	(626, 230)	(63, 23)	49
16:34:07.348	25	6.93363	(635, 230)	(64, 23)	49
16:34:07.375	26	7.07348	(645, 230)	(65, 23)	49
16:34:07.410	26	7.24237	(655, 230)	(66, 23)	49
16:34:07.438	27	7.38474	(665, 230)	(67, 23)	49
16:34:07.473	22	7.6237	(680, 230)	(68, 23)	49
16:34:07.500	22	7.716	(685, 230)	(69, 23)	49
16:34:07.527	23	7.79674	(695, 230)	(70, 23)	49
16:34:07.555	30	7.93037	(705, 230)	(71, 23)	49
16:34:07.592	32	8.09037	(715, 230)	(72, 23)	49
16:34:07.633	32	8.28015	(725, 230)	(73, 23)	49
16:34:07.676	29	8.45215	(735, 230)	(74, 23)	49
16:34:07.709	24	8.59022	(749, 230)	(75, 23)	49
16:34:07.736	23	8.6683	(756, 230)	(76, 23)	49
16:34:07.764	27	8.83422	(766, 230)	(77, 23)	49
16:34:07.800	27	9.10755	(775, 230)	(78, 23)	49
16:34:07.834	28	8.98815	(785, 230)	(79, 23)	49
16:34:07.869	28	9.156	(796, 229)	(80, 23)	49
16:34:07.903	26	9.29852	(805, 229)	(81, 23)	49
16:34:07.930	24	9.42874	(815, 229)	(82, 23)	49
16:34:07.958	25	9.61274	(825, 228)	(83, 23)	49
16:34:07.986	25	9.73541	(835, 228)	(84, 23)	49
16:34:08.015	24	9.88	(845, 228)	(85, 23)	49
16:34:08.042	30	9.99644	(855, 228)	(86, 23)	49
16:34:08.077	25	10.1576	(865, 228)	(87, 23)	49
16:34:08.104	26	10.3773	(875, 228)	(88, 23)	49
16:34:08.133	25	10.6369	(885, 228)	(89, 23)	49
16:34:08.161	26	10.9036	(895, 228)	(90, 23)	49
16:34:08.195	26	11.156	(905, 228)	(91, 23)	49
16:34:08.223	27	11.3307	(915, 228)	(92, 23)	49
16:34:08.258	26	11.5441	(925, 228)	(93, 23)	49
16:34:08.293	27	11.8273	(935, 228)	(94, 23)	49
16:34:08.327	27	12.1105	(945, 227)	(95, 23)	49
16:34:08.362	27	12.495	(957, 227)	(96, 23)	49
16:34:08.397	28	12.7523	(966, 227)	(97, 23)	49
16:34:08.432	27	12.8653	(975, 227)	(98, 23)	49
16:34:08.466	28	13.093	(985, 227)	(99, 23)	49
16:34:08.501	29	13.3221	(995, 227)	(100, 23)	49
16:34:08.535	27	13.4252	(1005, 227)	(101, 23)	49
16:34:08.570	27	13.5538	(1015, 226)	(102, 23)	49
16:34:08.605	33	13.7124	(1025, 226)	(103, 23)	49
16:34:08.641	35	13.7243	(1035, 226)	(104, 23)	49
16:34:08.682	36	13.7447	(1045, 225)	(105, 23)	49
16:34:08.726	30	13.7191	(1055, 225)	(106, 23)	49
16:34:08.759	27	13.7561	(1065, 225)	(107, 23)	49
16:34:08.793	27	13.7644	(1071, 224)	(107, 22)	49
16:34:08.828	34	13.7422	(1075, 224)	(108, 22)	49
16:34:08.870	33	13.785	(1085, 224)	(109, 22)	49
16:34:08.913	34	13.8333	(1095, 224)	(110, 22)	49
16:34:08.954	33	14.119	(1105, 224)	(111, 22)	49
16:34:08.995	34	14.2754	(1115, 224)	(112, 22)	49
16:34:09.037	37	14.5092	(1125, 224)	(113, 22)	49
16:34:09.078	35	14.8074	(1135, 224)	(114, 22)	49
16:34:09.120	36	15.0713	(1146, 223)	(115, 22)	49
16:34:09.162	35	15.2695	(1155, 223)	(116, 22)	49
16:34:09.203	36	15.5508	(1165, 223)	(117, 22)	49
16:34:09.245	36	15.7233	(1175, 223)	(118, 22)	49
16:34:09.287	36	16.1351	(1185, 223)	(119, 22)	49
16:34:09.329	35	16.144	(1195, 223)	(120, 22)	49
16:34:09.371	35	16.5067	(1205, 223)	(121, 22)	49
16:34:09.412	37	16.509	(1215, 223)	(122, 22)	49
16:34:09.454	36	16.5335	(1225, 223)	(123, 22)	49
16:34:09.496	36	16.3945	(1235, 223)	(124, 22)	49
16:34:09.538	35	16.3293	(1245, 223)	(125, 22)	49
16:34:09.579	33	16.1662	(1255, 223)	(126, 22)	49
16:34:09.620	34	16.1827	(1265, 224)	(127, 22)	49
16:34:09.662	37	16.2167	(1275, 224)	(128, 22)	49
16:34:09.704	36	16.0853	(1282, 225)	(128, 23)	49
16:34:09.746	35	16.0982	(1285, 225)	(129, 23)	49
16:34:09.787	34	16.0443	(1295, 226)	(130, 23)	49
16:34:09.828	32	16.1425	(1305, 226)	(131, 23)	49
16:34:09.863	35	15.9345	(1316, 228)	(132, 23)	49
16:34:09.906	34	15.863	(1326, 228)	(133, 23)	49
16:34:09.947	37	15.8864	(1335, 228)	(134, 23)	49
16:34:09.991	35	15.7166	(1345, 229)	(135, 23)	49
16:34:10.031	35	15.6812	(1355, 230)	(136, 23)	49
16:34:10.073	36	15.5939	(1366, 230)	(137, 23)	49
16:34:10.114	36	15.6024	(1375, 230)	(138, 23)	49
16:34:10.156	35	15.5271	(1386, 231)	(139, 23)	49
16:34:10.198	34	15.381	(1395, 231)	(140, 23)	49
16:34:10.239	29	15.3689	(1405, 232)	(141, 23)	49
16:34:10.273	33	15.1836	(1415, 232)	(142, 23)	49
16:34:10.309	34	15.1548	(1425, 232)	(143, 23)	49
16:34:10.350	35	15.0031	(1435, 233)	(144, 23)	49
16:34:10.393	33	14.8578	(1445, 234)	(145, 23)	49
16:34:10.434	31	14.6776	(1455, 234)	(146, 23)	49
16:34:10.468	31	14.6215	(1465, 234)	(147, 23)	49
16:34:10.503	30	14.4741	(1478, 234)	(148, 23)	49
16:34:10.538	34	14.1465	(1485, 234)	(149, 23)	49
16:34:10.580	34	14.1622	(1488, 235)	(149, 24)	49
16:34:10.622	34	14.0513	(1495, 235)	(150, 24)	49
16:34:10.664	31	13.9382	(1506, 235)	(151, 24)	49
16:34:10.698	30	14.0773	(1516, 235)	(152, 24)	49
16:34:10.733	28	13.7591	(1526, 236)	(153, 24)	49
16:34:10.767	36	13.6564	(1535, 236)	(154, 24)	49
16:34:10.810	36	13.5139	(1546, 236)	(155, 24)	49
16:34:10.852	38	13.2613	(1556, 237)	(156, 24)	49
16:34:10.893	29	12.9883	(1565, 237)	(157, 24)	49
16:34:10.928	29	12.7098	(1575, 238)	(158, 24)	49
16:34:10.963	30	12.7427	(1585, 238)	(159, 24)	49
16:34:10.997	30	12.3039	(1595, 239)	(160, 24)	49
16:34:11.031	31	12.1092	(1605, 239)	(161, 24)	49
16:34:11.066	31	11.8425	(1615, 240)	(162, 24)	49
16:34:11.102	29	11.4679	(1625, 240)	(163, 24)	49
16:34:11.136	30	11.1347	(1636, 241)	(164, 24)	49
16:34:11.171	29	10.9788	(1645, 242)	(165, 24)	49
16:34:11.205	35	10.5665	(1655, 242)	(166, 24)	49
16:34:11.248	35	10.2015	(1666, 243)	(167, 24)	49
16:34:11.291	32	9.70178	(1676, 244)	(168, 24)	49
16:34:11.331	25	9.78682	(1677, 245)	(168, 25)	49
16:34:11.359	28	9.43733	(1686, 245)	(169, 25)	49
16:34:11.394	27	9.39867	(1696, 246)	(170, 25)	49
16:34:11.428	27	9.01082	(1705, 246)	(171, 25)	49
16:34:11.463	27	8.92445	(1715, 248)	(172, 25)	49
16:34:11.498	27	8.72904	(1726, 249)	(173, 25)	49
16:34:11.532	28	8.6403	(1735, 250)	(174, 25)	49
16:34:11.567	26	8.41052	(1745, 251)	(175, 25)	49
16:34:11.594	28	8.21008	(1755, 253)	(176, 25)	49
16:34:11.630	30	8.05363	(1765, 254)	(177, 25)	49
16:34:11.664	27	8.05704	(1768, 255)	(177, 26)	49
16:34:11.699	27	7.90385	(1775, 256)	(178, 26)	49
16:34:11.734	21	7.69689	(1785, 258)	(179, 26)	49
16:34:11.761	21	7.43037	(1795, 260)	(180, 26)	49
16:34:11.789	25	7.19748	(1805, 262)	(181, 26)	49
16:34:11.817	27	6.96756	(1815, 264)	(182, 26)	49
16:34:11.853	28	6.93822	(1817, 265)	(182, 27)	49
16:34:11.889	27	6.87185	(1825, 267)	(183, 27)	49
16:34:11.921	23	6.73511	(1838, 271)	(184, 27)	49
16:34:11.949	21	6.56993	(1845, 273)	(185, 27)	49
16:34:11.977	20	6.64904	(1849, 275)	(185, 28)	49
16:34:12.005	26	6.42978	(1858, 278)	(186, 28)	49
16:34:12.040	26	6.2363	(1865, 280)	(187, 28)	49
16:34:12.068	25	6.14311	(1874, 285)	(187, 29)	49
16:34:12.096	25	6.46948	(1875, 285)	(188, 29)	49
16:34:12.123	22	6.04074	(1885, 289)	(189, 29)	49
16:34:12.151	20	5.91126	(1895, 294)	(190, 29)	49
16:34:12.178	25	5.97689	(1895, 295)	(190, 30)	49
16:34:12.207	24	5.73482	(1905, 299)	(191, 30)	49
16:34:12.235	24	5.65718	(1912, 305)	(191, 31)	49
16:34:12.262	25	5.668	(1915, 307)	(192, 31)	49
16:34:12.290	25	5.57852	(1925, 314)	(193, 31)	49
16:34:12.318	25	5.81096	(1926, 315)	(193, 32)	49
16:34:12.346	23	5.55481	(1935, 322)	(194, 32)	49
16:34:12.373	25	5.47896	(1937, 325)	(194, 33)	49
16:34:12.401	25	5.49096	(1945, 333)	(195, 33)	49
16:34:12.429	24	5.69556	(1947, 335)	(195, 34)	49
16:34:12.457	25	5.42104	(1955, 344)	(196, 34)	49
16:34:12.485	24	5.67674	(1955, 345)	(196, 35)	49
16:34:12.513	25	5.45081	(1963, 355)	(196, 36)	49
16:34:12.540	21	5.41244	(1965, 358)	(197, 36)	49
16:34:12.567	22	5.56326	(1968, 365)	(197, 37)	49
16:34:12.595	21	5.46252	(1973, 375)	(197, 38)	49
16:34:12.623	21	5.49778	(1975, 379)	(198, 38)	49
16:34:12.651	21	5.49037	(1976, 385)	(198, 39)	49
16:34:12.679	20	5.52696	(1980, 395)	(198, 40)	49
16:34:12.707	22	5.52726	(1982, 405)	(198, 41)	49
16:34:12.735	20	5.58326	(1984, 415)	(198, 42)	49
16:34:12.762	21	5.62178	(1985, 417)	(199, 42)	49
16:34:12.790	21	5.62874	(1985, 425)	(199, 43)	49
16:34:12.818	20	5.70489	(1987, 435)	(199, 44)	49
16:34:12.845	21	5.71837	(1988, 445)	(199, 45)	49
16:34:12.874	21	5.7917	(1989, 455)	(199, 46)	49
16:34:12.901	22	5.80607	(1989, 465)	(199, 47)	49
16:34:12.929	22	5.81318	(1989, 475)	(199, 48)	49
16:34:12.957	22	5.87422	(1988, 485)	(199, 49)	49
16:34:12.985	22	5.87793	(1985, 495)	(199, 50)	49
16:34:13.013	20	5.89867	(1984, 495)	(198, 50)	49
16:34:13.040	22	5.90933	(1980, 505)	(198, 51)	49
16:34:13.069	21	6.02415	(1972, 516)	(197, 52)	49
16:34:13.096	22	6.17511	(1965, 525)	(197, 53)	49
16:34:13.124	22	6.14385	(1964, 526)	(196, 53)	49
16:34:13.152	21	6.28533	(1954, 534)	(195, 53)	49
16:34:13.179	22	6.24815	(1953, 535)	(195, 54)	49
16:34:13.208	21	6.50267	(1944, 539)	(194, 54)	49
16:34:13.236	21	6.62385	(1937, 545)	(194, 55)	49
16:34:13.263	21	6.72104	(1934, 547)	(193, 55)	49
16:34:13.291	22	6.73585	(1924, 555)	(192, 56)	49
16:34:13.318	29	6.89052	(1914, 561)	(191, 56)	49
16:34:13.353	23	6.96163	(1907, 565)	(191, 57)	49
16:34:13.380	21	7.0003	(1904, 567)	(190, 57)	49
16:34:13.408	21	7.22518	(1894, 572)	(189, 57)	49
16:34:13.436	26	7.21467	(1890, 575)	(189, 58)	49
16:34:13.465	27	7.34593	(1884, 577)	(188, 58)	49
16:34:13.500	27	7.60148	(1874, 581)	(187, 58)	49
16:34:13.536	28	7.84445	(1866, 585)	(187, 59)	49
16:34:13.571	28	7.97185	(1864, 585)	(186, 59)	49
16:34:13.604	25	8.40978	(1854, 590)	(185, 59)	49
16:34:13.632	22	8.86045	(1844, 594)	(184, 59)	49
16:34:13.659	24	8.90948	(1843, 595)	(184, 60)	49
16:34:13.688	29	9.17941	(1834, 597)	(183, 60)	49
16:34:13.723	29	9.81422	(1823, 601)	(182, 60)	49
16:34:13.757	30	10.2876	(1810, 606)	(181, 61)	49
16:34:13.792	27	10.4338	(1804, 609)	(180, 61)	49
16:34:13.826	26	10.9039	(1794, 612)	(179, 61)	49
16:34:13.853	27	11.2594	(1787, 615)	(179, 62)	49
16:34:13.882	26	11.38	(1784, 616)	(178, 62)	49
16:34:13.909	27	11.7511	(1774, 619)	(177, 62)	49
16:34:13.944	26	11.9668	(1764, 622)	(176, 62)	49
16:34:13.972	27	12.2101	(1758, 625)	(176, 63)	49
16:34:14.007	28	12.3704	(1754, 626)	(175, 63)	49
16:34:14.041	28	12.6508	(1744, 628)	(174, 63)	49
16:34:14.076	29	13.0321	(1734, 631)	(173, 63)	49
16:34:14.112	33	13.2847	(1724, 633)	(172, 63)	49
16:34:14.153	35	13.6151	(1715, 635)	(172, 64)	49
16:34:14.195	33	13.6459	(1714, 635)	(171, 64)	49
16:34:14.237	30	13.8855	(1704, 637)	(170, 64)	49
16:34:14.271	30	14.2631	(1694, 638)	(169, 64)	49
16:34:14.306	34	14.6883	(1684, 640)	(168, 64)	49
16:34:14.348	36	14.7825	(1674, 641)	(167, 64)	49
16:34:14.390	36	15.0363	(1664, 642)	(166, 64)	49
16:34:14.431	32	15.5887	(1654, 643)	(165, 64)	49
16:34:14.466	32	15.9305	(1644, 644)	(164, 64)	49
16:34:14.500	32	16.0692	(1633, 644)	(163, 64)	49
16:34:14.535	33	16.4401	(1624, 644)	(162, 64)	49
16:34:14.577	34	16.7982	(1614, 644)	(161, 64)	49
16:34:14.620	33	16.8081	(1604, 644)	(160, 64)	49
16:34:14.661	33	17.0739	(1594, 644)	(159, 64)	49
16:34:14.702	34	17.376	(1584, 644)	(158, 64)	49
16:34:14.744	41	17.5959	(1574, 644)	(157, 64)	49
16:34:14.794	40	17.801	(1564, 644)	(156, 64)	49
16:34:14.842	35	18.1514	(1554, 644)	(155, 64)	49
16:34:14.882	33	18.2799	(1548, 645)	(155, 65)	49
16:34:14.917	40	18.3459	(1544, 645)	(154, 65)	49
16:34:14.968	45	18.6001	(1534, 645)	(153, 65)	49
16:34:15.024	39	18.9276	(1524, 646)	(152, 65)	49
16:34:15.070	34	19.1061	(1514, 647)	(151, 65)	49
16:34:15.112	38	19.1142	(1504, 648)	(150, 65)	49
16:34:15.155	40	19.2161	(1494, 649)	(149, 65)	49
16:34:15.203	41	19.4588	(1484, 651)	(148, 65)	49
16:34:15.252	38	19.5886	(1474, 652)	(147, 65)	49
16:34:15.293	36	19.7114	(1464, 652)	(146, 65)	49
16:34:15.336	47	19.9101	(1454, 653)	(145, 65)	49
16:34:15.392	48	20.1557	(1444, 654)	(144, 65)	49
16:34:15.448	40	20.252	(1434, 654)	(143, 65)	49
16:34:15.495	38	20.5884	(1419, 654)	(142, 65)	49
16:34:15.536	39	20.6095	(1414, 654)	(141, 65)	49
16:34:15.578	39	20.6945	(1404, 654)	(140, 65)	49
16:34:15.620	39	20.9646	(1394, 654)	(139, 65)	49
16:34:15.662	39	21.0387	(1384, 654)	(138, 65)	49
16:34:15.703	40	21.1393	(1374, 654)	(137, 65)	49
16:34:15.745	38	21.3439	(1356, 653)	(136, 65)	49
16:34:15.786	45	21.4013	(1354, 653)	(135, 65)	49
16:34:15.837	45	21.295	(1344, 652)	(134, 65)	49
16:34:15.885	39	21.261	(1334, 651)	(133, 65)	49
16:34:15.926	40	21.2511	(1323, 651)	(132, 65)	49
16:34:15.976	47	21.204	(1314, 650)	(131, 65)	49
16:34:16.031	49	21.0764	(1303, 649)	(130, 65)	49
16:34:16.085	39	21.0052	(1294, 648)	(129, 65)	49
16:34:16.127	36	21.0071	(1284, 647)	(128, 65)	49
16:34:16.168	37	21.0597	(1274, 647)	(127, 65)	49
16:34:16.211	45	20.8539	(1264, 646)	(126, 65)	49
16:34:16.261	42	20.7776	(1256, 644)	(126, 64)	49
16:34:16.308	35	20.8284	(1254, 644)	(125, 64)	49
16:34:16.349	36	20.7661	(1244, 643)	(124, 64)	49
16:34:16.392	44	20.6332	(1234, 643)	(123, 64)	49
16:34:16.442	44	20.4437	(1224, 641)	(122, 64)	49
16:34:16.491	41	20.5164	(1214, 641)	(121, 64)	49
16:34:16.538	34	20.5104	(1204, 641)	(120, 64)	49
16:34:16.579	35	20.4447	(1194, 640)	(119, 64)	49
16:34:16.620	44	20.4098	(1184, 639)	(118, 64)	49
16:34:16.670	45	20.435	(1174, 639)	(117, 64)	49
16:34:16.718	37	20.4087	(1164, 637)	(116, 64)	49
16:34:16.759	42	20.4465	(1154, 637)	(115, 64)	49
16:34:16.809	45	20.3847	(1144, 636)	(114, 64)	49
16:34:16.859	47	20.4089	(1134, 636)	(113, 64)	49
16:34:16.916	40	20.3604	(1124, 635)	(112, 64)	49
16:34:16.962	40	20.3153	(1114, 635)	(111, 64)	49
16:34:17.011	42	20.2721	(1110, 634)	(111, 63)	49
16:34:17.060	40	20.2619	(1104, 634)	(110, 63)	49
16:34:17.109	47	20.2203	(1093, 633)	(109, 63)	49
16:34:17.163	38	20.2376	(1084, 632)	(108, 63)	49
16:34:17.205	39	20.3716	(1074, 632)	(107, 63)	49
16:34:17.247	39	19.9581	(1064, 631)	(106, 63)	49
16:34:17.296	49	19.8816	(1051, 631)	(105, 63)	49
16:34:17.351	42	19.6803	(1032, 629)	(103, 63)	49
16:34:17.399	40	19.6052	(1024, 629)	(102, 63)	49
16:34:17.448	34	19.5099	(1014, 629)	(101, 63)	49
16:34:17.489	38	19.2406	(1004, 628)	(100, 63)	49
16:34:17.533	40	19.0662	(994, 627)	(99, 63)	49
16:34:17.581	35	19.0184	(984, 627)	(98, 63)	49
16:34:17.623	42	18.8425	(974, 627)	(97, 63)	49
16:34:17.679	38	18.7633	(964, 626)	(96, 63)	49
16:34:17.719	38	18.7519	(954, 626)	(95, 63)	49
16:34:17.762	37	18.7092	(944, 626)	(94, 63)	49
16:34:17.803	34	18.7519	(934, 625)	(93, 63)	49
16:34:17.844	34	18.8396	(927, 624)	(93, 62)	49
16:34:17.887	43	18.7702	(924, 624)	(92, 62)	49
16:34:17.936	43	18.8495	(914, 623)	(91, 62)	49
16:34:17.983	34	19.0705	(904, 622)	(90, 62)	49
16:34:18.025	33	19.2625	(894, 621)	(89, 62)	49
16:34:18.059	37	19.3172	(884, 620)	(88, 62)	49
16:34:18.101	39	19.6394	(873, 619)	(87, 62)	49
16:34:18.144	38	19.7997	(864, 619)	(86, 62)	49
16:34:18.185	39	19.9424	(854, 619)	(85, 62)	49
16:34:18.227	37	20.1484	(843, 618)	(84, 62)	49
16:34:18.269	39	20.1662	(834, 618)	(83, 62)	49
16:34:18.310	39	20.2416	(823, 617)	(82, 62)	49
16:34:18.352	38	20.369	(814, 617)	(81, 62)	49
16:34:18.393	45	20.3316	(804, 617)	(80, 62)	49
16:34:18.444	42	20.2396	(794, 617)	(79, 62)	49
16:34:18.491	40	20.2228	(784, 616)	(78, 62)	49
16:34:18.540	42	20.199	(772, 616)	(77, 62)	49
16:34:18.588	41	20.2089	(764, 615)	(76, 62)	49
16:34:18.638	40	20.1209	(754, 615)	(75, 62)	49
16:34:18.685	40	20.0625	(744, 615)	(74, 62)	49
16:34:18.727	36	20.019	(734, 615)	(73, 62)	49
16:34:18.770	35	19.7059	(724, 615)	(72, 62)	49
16:34:18.810	36	19.5209	(714, 615)	(71, 62)	49
16:34:18.853	44	19.2926	(704, 615)	(70, 62)	49
16:34:18.902	42	19.0344	(694, 615)	(69, 62)	49
16:34:18.950	42	18.907	(684, 615)	(68, 62)	49
16:34:18.999	35	18.7487	(674, 615)	(67, 62)	49
16:34:19.040	36	18.7381	(664, 616)	(66, 62)	49
16:34:19.082	40	18.3621	(654, 617)	(65, 62)	49
16:34:19.132	45	18.2087	(644, 618)	(64, 62)	49
16:34:19.187	41	17.824	(634, 618)	(63, 62)	49
16:34:19.235	35	17.655	(624, 619)	(62, 62)	49
16:34:19.283	32	17.4782	(614, 619)	(61, 62)	49
16:34:19.317	37	17.3324	(604, 621)	(60, 62)	49
16:34:19.361	37	16.7933	(594, 621)	(59, 62)	49
16:34:19.403	37	16.6416	(584, 622)	(58, 62)	49
16:34:19.443	32	16.4182	(574, 624)	(57, 62)	49
16:34:19.478	32	16.2747	(566, 625)	(57, 63)	49
16:34:19.513	36	16.1732	(564, 625)	(56, 63)	49
16:34:19.555	36	16.0003	(554, 625)	(55, 63)	49
16:34:19.597	33	15.7443	(544, 626)	(54, 63)	49
16:34:19.638	31	15.4957	(534, 628)	(53, 63)	49
16:34:19.672	31	15.3304	(524, 629)	(52, 63)	49
16:34:19.707	31	15.0141	(514, 631)	(51, 63)	49
16:34:19.742	35	14.7239	(504, 633)	(50, 63)	49
16:34:19.784	34	14.4566	(494, 634)	(49, 63)	49
16:34:19.827	30	14.4197	(493, 635)	(49, 64)	49
16:34:19.860	29	14.091	(484, 637)	(48, 64)	49
16:34:19.895	31	13.6261	(467, 641)	(47, 64)	49
16:34:19.931	36	13.493	(464, 642)	(46, 64)	49
16:34:19.975	37	13.2947	(458, 645)	(46, 65)	49
16:34:20.021	33	13.1479	(454, 646)	(45, 65)	49
16:34:20.062	31	13.0061	(444, 650)	(44, 65)	49
16:34:20.096	31	12.5542	(434, 654)	(43, 65)	49
16:34:20.132	31	12.4877	(432, 655)	(43, 66)	49
16:34:20.167	30	12.1406	(424, 658)	(42, 66)	49
16:34:20.201	34	11.747	(414, 662)	(41, 66)	49
16:34:20.244	34	11.5505	(409, 665)	(41, 67)	49
16:34:20.284	25	11.365	(404, 667)	(40, 67)	49
16:34:20.311	26	11.0295	(394, 671)	(39, 67)	49
16:34:20.339	26	10.7107	(387, 675)	(39, 68)	49
16:34:20.367	29	10.5576	(384, 676)	(38, 68)	49
16:34:20.403	30	10.0609	(374, 680)	(37, 68)	49
16:34:20.437	29	9.85407	(367, 685)	(37, 69)	49
16:34:20.472	26	9.78089	(364, 687)	(36, 69)	49
16:34:20.499	26	9.55719	(356, 695)	(36, 70)	49
16:34:20.527	27	9.416	(354, 695)	(35, 70)	49
16:34:20.563	28	9.11333	(344, 704)	(34, 70)	49
16:34:20.598	28	9.14815	(344, 705)	(34, 71)	49
16:34:20.633	28	9.02311	(337, 715)	(34, 72)	49
16:34:20.668	28	9.08578	(335, 725)	(34, 73)	49
16:34:20.702	23	9.13378	(334, 727)	(33, 73)	49
16:34:20.729	23	9.1203	(331, 735)	(33, 74)	49
16:34:20.757	23	9.24385	(329, 746)	(33, 75)	49
16:34:20.785	23	9.356	(329, 755)	(33, 76)	49
16:34:20.812	24	9.48815	(329, 765)	(33, 77)	49
16:34:20.840	24	9.66059	(329, 775)	(33, 78)	49
16:34:20.868	24	9.7477	(329, 785)	(33, 79)	49
16:34:20.896	24	9.86311	(329, 795)	(33, 80)	49
16:34:20.923	26	9.9437	(329, 805)	(33, 81)	49
16:34:20.952	24	9.9563	(329, 833)	(33, 83)	49
16:34:20.979	25	9.95452	(329, 836)	(33, 84)	49
16:34:21.007	26	10.0717	(329, 845)	(33, 85)	49
16:34:21.036	29	10.0366	(329, 855)	(33, 86)	49
16:34:21.071	28	10.0357	(330, 865)	(33, 87)	49
16:34:21.104	27	10.1068	(332, 875)	(33, 88)	49
16:34:21.132	26	10.1996	(335, 883)	(34, 88)	49
16:34:21.161	26	10.2327	(335, 885)	(34, 89)	49
16:34:21.195	31	10.2176	(338, 895)	(34, 90)	49
16:34:21.231	33	10.2061	(341, 905)	(34, 91)	49
16:34:21.272	32	10.2347	(345, 914)	(35, 91)	49
16:34:21.313	28	10.2994	(346, 915)	(35, 92)	49
16:34:21.348	26	10.3652	(350, 925)	(35, 93)	49
16:34:21.383	27	10.4455	(355, 931)	(36, 93)	49
16:34:21.418	27	10.6015	(357, 935)	(36, 94)	49
16:34:21.452	28	10.5471	(364, 945)	(36, 95)	49
16:34:21.487	26	10.5787	(365, 945)	(37, 95)	49
16:34:21.522	27	10.6304	(373, 955)	(37, 96)	49
16:34:21.556	27	10.6585	(375, 956)	(38, 96)	49
16:34:21.591	28	10.8071	(384, 965)	(38, 97)	49
16:34:21.626	27	10.829	(385, 966)	(39, 97)	49
16:34:21.661	27	10.9702	(395, 975)	(40, 98)	49
16:34:21.695	28	11.1659	(405, 982)	(41, 98)	49
16:34:21.730	25	11.1673	(411, 987)	(41, 99)	49
16:34:21.758	27	11.2465	(415, 989)	(42, 99)	49
16:34:21.792	29	11.5176	(423, 995)	(42, 100)	49
16:34:21.828	28	11.4018	(425, 996)	(43, 100)	49
16:34:21.864	28	11.6674	(435, 1001)	(44, 100)	49
16:34:21.898	28	11.8333	(441, 1005)	(44, 101)	49
16:34:21.932	28	12.0004	(446, 1007)	(45, 101)	49
16:34:21.967	29	12.3809	(455, 1012)	(46, 101)	49
16:34:22.002	35	12.3505	(461, 1015)	(46, 102)	49
16:34:22.045	39	12.1406	(465, 1017)	(47, 102)	49
16:34:22.093	34	12.2761	(475, 1022)	(48, 102)	49
16:34:22.135	29	12.4364	(481, 1025)	(48, 103)	49
16:34:22.168	26	12.5354	(485, 1026)	(49, 103)	49
16:34:22.196	27	12.6249	(495, 1030)	(50, 103)	49
16:34:22.231	33	12.7729	(505, 1034)	(51, 103)	49
16:34:22.273	33	12.8064	(506, 1035)	(51, 104)	49
16:34:22.315	31	13.1265	(515, 1037)	(52, 104)	49
16:34:22.349	29	13.2812	(525, 1040)	(53, 104)	49
16:34:22.383	28	13.4474	(540, 1043)	(54, 104)	49
16:34:22.418	27	13.6175	(545, 1044)	(55, 104)	49
16:34:22.453	31	13.6311	(549, 1045)	(55, 105)	49
16:34:22.489	33	13.7105	(555, 1046)	(56, 105)	49
16:34:22.531	28	13.9351	(577, 1050)	(58, 105)	49
16:34:22.564	27	14.079	(585, 1052)	(59, 105)	49
16:34:22.600	33	14.312	(595, 1053)	(60, 105)	49
16:34:22.641	33	14.2726	(605, 1054)	(61, 105)	49
16:34:22.684	42	14.2868	(608, 1055)	(61, 106)	49
16:34:22.733	36	14.3527	(615, 1056)	(62, 106)	49
16:34:22.773	33	14.453	(625, 1057)	(63, 106)	49
16:34:22.808	34	14.6016	(635, 1058)	(64, 106)	49
16:34:22.849	34	14.7828	(645, 1059)	(65, 106)	49
16:34:22.892	34	14.9167	(655, 1060)	(66, 106)	49
16:34:22.933	35	15.0353	(665, 1061)	(67, 106)	49
16:34:22.975	35	15.2326	(675, 1061)	(68, 106)	49
16:34:23.017	33	15.2473	(685, 1063)	(69, 106)	49
16:34:23.058	35	15.3599	(695, 1063)	(70, 106)	49
16:34:23.100	35	15.4459	(705, 1064)	(71, 106)	49
16:34:23.143	36	15.5721	(715, 1064)	(72, 106)	49
16:34:23.184	31	15.5773	(719, 1065)	(72, 107)	49
16:34:23.217	37	15.7114	(725, 1065)	(73, 107)	49
16:34:23.261	36	15.776	(735, 1066)	(74, 107)	49
16:34:23.302	36	15.8963	(745, 1066)	(75, 107)	49
16:34:23.343	38	15.9927	(755, 1066)	(76, 107)	49
16:34:23.386	37	16.0452	(765, 1066)	(77, 107)	49
16:34:23.434	37	16.1142	(775, 1067)	(78, 107)	49
16:34:23.476	37	16.1787	(785, 1067)	(79, 107)	49
16:34:23.517	37	16.2536	(795, 1068)	(80, 107)	49
16:34:23.559	37	16.2452	(805, 1069)	(81, 107)	49
16:34:23.601	33	16.2818	(815, 1070)	(82, 107)	49
16:34:23.641	30	16.2361	(825, 1071)	(83, 107)	49
16:34:23.676	31	16.1573	(835, 1072)	(84, 107)	49
16:34:23.712	34	16.1179	(845, 1073)	(85, 107)	49
16:34:23.754	34	15.9901	(856, 1074)	(86, 107)	49
16:34:23.795	33	15.9441	(862, 1075)	(86, 108)	49
16:34:23.830	30	15.9479	(865, 1075)	(87, 108)	49
16:34:23.865	30	15.9412	(875, 1075)	(88, 108)	49
16:34:23.899	32	15.8859	(885, 1076)	(89, 108)	49
16:34:23.934	35	15.7336	(895, 1077)	(90, 108)	49
16:34:23.976	35	15.6793	(905, 1078)	(91, 108)	49
16:34:24.018	35	15.6929	(915, 1078)	(92, 108)	49
16:34:24.060	34	15.6596	(925, 1079)	(93, 108)	49
16:34:24.101	35	15.6585	(935, 1080)	(94, 108)	49
16:34:24.142	36	15.5994	(945, 1081)	(95, 108)	49
16:34:24.185	36	15.6018	(955, 1082)	(96, 108)	49
16:34:24.227	32	15.6422	(965, 1082)	(97, 108)	49
16:34:24.267	31	15.6601	(975, 1083)	(98, 108)	49
16:34:24.303	39	15.7459	(986, 1083)	(99, 108)	49
16:34:24.352	39	15.7871	(995, 1084)	(100, 108)	49
16:34:24.400	41	15.8837	(1005, 1084)	(101, 108)	49
16:34:24.450	32	16.0313	(1015, 1084)	(102, 108)	49
16:34:24.490	39	16.016	(1017, 1085)	(102, 109)	49
16:34:24.533	41	16.0852	(1025, 1085)	(103, 109)	49
16:34:24.582	44	16.2791	(1040, 1085)	(104, 109)	49
16:34:24.632	40	16.3991	(1048, 1085)	(105, 109)	49
16:34:24.680	33	16.4041	(1055, 1086)	(106, 109)	49
16:34:24.720	31	16.5419	(1065, 1086)	(107, 109)	49
16:34:24.755	35	16.5899	(1075, 1086)	(108, 109)	49
16:34:24.797	45	16.6514	(1085, 1086)	(109, 109)	49
16:34:24.846	40	16.6353	(1096, 1086)	(110, 109)	49
16:34:24.894	32	16.6701	(1105, 1086)	(111, 109)	49
16:34:24.935	38	16.6612	(1115, 1086)	(112, 109)	49
16:34:24.979	42	16.5419	(1126, 1086)	(113, 109)	49
16:34:25.026	44	16.4601	(1135, 1086)	(114, 109)	49
16:34:25.077	35	16.4039	(1146, 1086)	(115, 109)	49
16:34:25.116	30	16.388	(1155, 1086)	(116, 109)	49
16:34:25.150	34	16.1501	(1166, 1086)	(117, 109)	49
16:34:25.193	40	16.0212	(1175, 1086)	(118, 109)	49
16:34:25.242	39	15.865	(1185, 1085)	(119, 109)	49
16:34:25.292	32	15.8956	(1188, 1084)	(119, 108)	49
16:34:25.332	30	15.7864	(1195, 1084)	(120, 108)	49
16:34:25.366	34	15.6836	(1205, 1082)	(121, 108)	49
16:34:25.409	36	15.456	(1215, 1081)	(122, 108)	49
16:34:25.450	36	15.1953	(1225, 1081)	(123, 108)	49
16:34:25.492	36	15.0178	(1235, 1081)	(124, 108)	49
16:34:25.533	35	14.903	(1245, 1080)	(125, 108)	49
16:34:25.574	30	14.7767	(1255, 1080)	(126, 108)	49
16:34:25.609	34	14.6295	(1265, 1079)	(127, 108)	49
16:34:25.651	37	14.532	(1275, 1078)	(128, 108)	49
16:34:25.694	31	14.3356	(1286, 1077)	(129, 108)	49
16:34:25.728	30	14.284	(1295, 1077)	(130, 108)	49
16:34:25.762	29	14.16	(1305, 1077)	(131, 108)	49
16:34:25.797	34	13.9988	(1315, 1077)	(132, 108)	49
16:34:25.839	38	13.7484	(1325, 1077)	(133, 108)	49
16:34:25.882	37	13.6865	(1335, 1077)	(134, 108)	49
16:34:25.930	32	13.5225	(1345, 1077)	(135, 108)	49
16:34:25.970	30	13.4252	(1355, 1077)	(136, 108)	49
16:34:26.006	31	13.1874	(1365, 1079)	(137, 108)	49
16:34:26.041	32	13.0366	(1375, 1080)	(138, 108)	49
16:34:26.076	31	12.7868	(1385, 1081)	(139, 108)	49
16:34:26.110	32	12.5742	(1395, 1081)	(140, 108)	49
16:34:26.145	29	12.3557	(1405, 1083)	(141, 108)	49
16:34:26.179	30	12.0593	(1416, 1084)	(142, 108)	49
16:34:26.215	33	11.9239	(1418, 1085)	(142, 109)	49
16:34:26.257	32	11.6899	(1425, 1085)	(143, 109)	49
16:34:26.299	32	11.296	(1437, 1088)	(144, 109)	49
16:34:26.340	27	11.0723	(1445, 1088)	(145, 109)	49
16:34:26.373	25	10.6544	(1455, 1089)	(146, 109)	49
16:34:26.401	27	10.4092	(1465, 1090)	(147, 109)	49
16:34:26.436	26	10.0852	(1476, 1091)	(148, 109)	49
16:34:26.464	26	9.72444	(1485, 1092)	(149, 109)	49
16:34:26.499	25	9.41452	(1495, 1093)	(150, 109)	49
16:34:26.527	25	9.12756	(1505, 1093)	(151, 109)	49
16:34:26.554	24	8.77126	(1515, 1093)	(152, 109)	49
16:34:26.582	22	8.44815	(1525, 1093)	(153, 109)	49
16:34:26.610	22	8.14282	(1535, 1094)	(154, 109)	49
16:34:26.638	22	7.81956	(1545, 1094)	(155, 109)	49
16:34:26.665	26	7.58845	(1555, 1094)	(156, 109)	49
16:34:26.695	26	7.38326	(1565, 1094)	(157, 109)	49
16:34:26.736	27	7.33437	(1566, 1095)	(157, 110)	49
16:34:26.771	24	7.26222	(1575, 1095)	(158, 110)	49
16:34:26.798	21	7.22311	(1585, 1095)	(159, 110)	49
16:34:26.826	27	7.06696	(1596, 1096)	(160, 110)	49
16:34:26.861	26	6.99659	(1605, 1096)	(161, 110)	49
16:34:26.896	26	6.98933	(1615, 1096)	(162, 110)	49
16:34:26.924	27	6.79304	(1625, 1097)	(163, 110)	49
16:34:26.959	25	6.68207	(1635, 1097)	(164, 110)	49
16:34:26.993	22	6.79645	(1645, 1097)	(165, 110)	49
16:34:27.021	24	6.4557	(1655, 1098)	(166, 110)	49
16:34:27.049	25	6.3517	(1665, 1098)	(167, 110)	49
16:34:27.077	25	6.17541	(1675, 1099)	(168, 110)	49
16:34:27.104	25	6.01526	(1685, 1099)	(169, 110)	49
16:34:27.132	24	5.86993	(1695, 1100)	(170, 110)	49
16:34:27.160	25	5.63333	(1705, 1100)	(171, 110)	49
16:34:27.188	24	5.6363	(1715, 1101)	(172, 110)	49
16:34:27.215	25	5.28533	(1725, 1101)	(173, 110)	49
16:34:27.243	25	5.11022	(1735, 1103)	(174, 110)	49
16:34:27.271	24	4.88207	(1748, 1104)	(175, 110)	49
16:34:27.299	24	4.79822	(1753, 1105)	(175, 111)	49
16:34:27.326	25	4.76622	(1755, 1105)	(176, 111)	49
16:34:27.355	23	4.66444	(1765, 1106)	(177, 111)	49
16:34:27.384	23	4.44963	(1775, 1107)	(178, 111)	49
16:34:27.410	21	4.30385	(1785, 1108)	(179, 111)	49
16:34:27.438	20	4.24282	(1798, 1109)	(180, 111)	49
16:34:27.466	22	4.20163	(1806, 1111)	(181, 111)	49
16:34:27.494	22	4.12267	(1815, 1112)	(182, 111)	49
16:34:27.521	23	4.0803	(1825, 1112)	(183, 111)	49
16:34:27.549	23	4.23304	(1835, 1113)	(184, 111)	49
16:34:27.577	22	4.04282	(1850, 1114)	(185, 111)	49
16:34:27.605	22	3.98341	(1855, 1114)	(186, 111)	49
16:34:27.634	22	3.97467	(1858, 1115)	(186, 112)	49
16:34:27.660	19	3.99985	(1865, 1116)	(187, 112)	49
16:34:27.681	20	3.95659	(1877, 1117)	(188, 112)	49
16:34:27.709	20	3.93852	(1885, 1118)	(189, 112)	49
16:34:27.737	18	3.91467	(1895, 1120)	(190, 112)	49
16:34:27.757	20	3.88963	(1905, 1121)	(191, 112)	49
16:34:27.785	23	3.15082	(0, 0)	(0, 0)	49
EOM

