BOM
Frame extends: 2263, 1306
_ms_area: 10
measurements taken: 585
current rendering method: 2
is mouse replay: 1
Camera settings: Roation Quaternion: ( 0.217516, -0.551942, -0.794132, 0.13185), Translationsvektor: ( -0.0583296, 0.0137825, 2.035).
System_Time	Elapsed_Time_PaintGL	Elapsed_Kernel_Time	Frame_Coordinates	Grid_Position	Manual_Measurement
18:53:38.336	28	16.9421	(318, 226)	(32, 23)	49
18:53:38.369	33	16.9227	(325, 225)	(33, 23)	49
18:53:38.411	30	16.9018	(335, 225)	(34, 23)	49
18:53:38.446	33	16.9259	(345, 225)	(35, 23)	49
18:53:38.488	30	16.9123	(357, 225)	(36, 23)	49
18:53:38.522	30	16.9692	(372, 225)	(37, 23)	49
18:53:38.557	31	17.0099	(375, 225)	(38, 23)	49
18:53:38.592	28	16.9233	(385, 225)	(39, 23)	49
18:53:38.626	27	16.9436	(395, 225)	(40, 23)	49
18:53:38.661	25	17.0844	(405, 225)	(41, 23)	49
18:53:38.688	30	17.0692	(415, 225)	(42, 23)	49
18:53:38.724	31	17.291	(425, 225)	(43, 23)	49
18:53:38.758	33	17.4846	(435, 226)	(44, 23)	49
18:53:38.794	31	17.4513	(445, 226)	(45, 23)	49
18:53:38.828	27	17.5496	(455, 226)	(46, 23)	49
18:53:38.862	28	17.5521	(465, 227)	(47, 23)	49
18:53:38.897	30	17.5437	(475, 227)	(48, 23)	49
18:53:38.933	31	17.5803	(485, 228)	(49, 23)	49
18:53:38.967	33	17.7221	(495, 228)	(50, 23)	49
18:53:39.009	32	17.7708	(505, 229)	(51, 23)	49
18:53:39.044	30	17.7959	(515, 229)	(52, 23)	49
18:53:39.078	29	17.8187	(525, 229)	(53, 23)	49
18:53:39.113	29	17.9378	(535, 229)	(54, 23)	49
18:53:39.147	30	18.1367	(545, 229)	(55, 23)	49
18:53:39.182	30	18.0244	(555, 229)	(56, 23)	49
18:53:39.216	29	18.181	(565, 229)	(57, 23)	49
18:53:39.251	31	18.1505	(575, 229)	(58, 23)	49
18:53:39.287	30	18.2271	(585, 229)	(59, 23)	49
18:53:39.321	29	18.4271	(596, 229)	(60, 23)	49
18:53:39.356	30	18.472	(605, 230)	(61, 23)	49
18:53:39.390	30	18.5443	(615, 230)	(62, 23)	49
18:53:39.426	31	18.8813	(626, 230)	(63, 23)	49
18:53:39.461	29	18.9068	(635, 230)	(64, 23)	49
18:53:39.495	30	18.9567	(645, 230)	(65, 23)	49
18:53:39.530	31	19.0853	(655, 230)	(66, 23)	49
18:53:39.565	30	19.1997	(665, 230)	(67, 23)	49
18:53:39.599	31	19.3199	(680, 230)	(68, 23)	49
18:53:39.634	31	19.3741	(685, 230)	(69, 23)	49
18:53:39.668	31	19.5216	(695, 230)	(70, 23)	49
18:53:39.703	32	19.6206	(705, 230)	(71, 23)	49
18:53:39.739	30	19.8785	(715, 230)	(72, 23)	49
18:53:39.773	33	20.0289	(725, 230)	(73, 23)	49
18:53:39.808	32	20.0984	(735, 230)	(74, 23)	49
18:53:39.843	29	20.0375	(749, 230)	(75, 23)	49
18:53:39.877	31	20.3532	(756, 230)	(76, 23)	49
18:53:39.912	34	20.4028	(766, 230)	(77, 23)	49
18:53:39.954	34	20.6231	(775, 230)	(78, 23)	49
18:53:39.996	33	20.8231	(785, 230)	(79, 23)	49
18:53:40.038	34	20.7723	(796, 229)	(80, 23)	49
18:53:40.079	33	21.0201	(805, 229)	(81, 23)	49
18:53:40.114	29	20.9289	(815, 229)	(82, 23)	49
18:53:40.148	32	21.2527	(825, 228)	(83, 23)	49
18:53:40.184	36	21.2151	(835, 228)	(84, 23)	49
18:53:40.225	36	21.299	(845, 228)	(85, 23)	49
18:53:40.267	34	21.2683	(855, 228)	(86, 23)	49
18:53:40.308	32	21.8696	(865, 228)	(87, 23)	49
18:53:40.343	31	22.0489	(875, 228)	(88, 23)	49
18:53:40.377	36	22.0295	(885, 228)	(89, 23)	49
18:53:40.420	38	22.0476	(895, 228)	(90, 23)	49
18:53:40.462	38	22.1504	(905, 228)	(91, 23)	49
18:53:40.503	36	22.3166	(915, 228)	(92, 23)	49
18:53:40.545	34	22.3916	(925, 228)	(93, 23)	49
18:53:40.587	35	22.5916	(935, 228)	(94, 23)	49
18:53:40.629	34	22.4634	(945, 227)	(95, 23)	49
18:53:40.670	35	22.533	(957, 227)	(96, 23)	49
18:53:40.712	36	22.5319	(966, 227)	(97, 23)	49
18:53:40.754	39	22.436	(975, 227)	(98, 23)	49
18:53:40.805	40	22.5733	(985, 227)	(99, 23)	49
18:53:40.851	33	22.616	(995, 227)	(100, 23)	49
18:53:40.892	33	22.6483	(1005, 227)	(101, 23)	49
18:53:40.927	34	22.6351	(1015, 226)	(102, 23)	49
18:53:40.970	37	22.7222	(1025, 226)	(103, 23)	49
18:53:41.011	37	22.7601	(1035, 226)	(104, 23)	49
18:53:41.053	36	22.5901	(1045, 225)	(105, 23)	49
18:53:41.094	35	22.7804	(1055, 225)	(106, 23)	49
18:53:41.136	35	22.8056	(1065, 225)	(107, 23)	49
18:53:41.178	39	22.7293	(1071, 224)	(107, 22)	49
18:53:41.227	39	22.6087	(1075, 224)	(108, 22)	49
18:53:41.269	38	22.6443	(1085, 224)	(109, 22)	49
18:53:41.318	35	22.5551	(1095, 224)	(110, 22)	49
18:53:41.358	34	22.5413	(1105, 224)	(111, 22)	49
18:53:41.400	40	22.7086	(1115, 224)	(112, 22)	49
18:53:41.449	42	22.5375	(1125, 224)	(113, 22)	49
18:53:41.498	43	22.4215	(1135, 224)	(114, 22)	49
18:53:41.548	35	22.6061	(1146, 223)	(115, 22)	49
18:53:41.587	33	22.5523	(1155, 223)	(116, 22)	49
18:53:41.622	38	22.6055	(1165, 223)	(117, 22)	49
18:53:41.666	40	22.3259	(1175, 223)	(118, 22)	49
18:53:41.714	37	22.3613	(1185, 223)	(119, 22)	49
18:53:41.755	35	22.4708	(1195, 223)	(120, 22)	49
18:53:41.796	32	22.3477	(1205, 223)	(121, 22)	49
18:53:41.830	36	22.2667	(1215, 223)	(122, 22)	49
18:53:41.874	35	22.1335	(1225, 223)	(123, 22)	49
18:53:41.916	38	22.1628	(1235, 223)	(124, 22)	49
18:53:41.964	34	21.9551	(1245, 223)	(125, 22)	49
18:53:42.004	36	21.5723	(1255, 223)	(126, 22)	49
18:53:42.048	39	21.2324	(1265, 224)	(127, 22)	49
18:53:42.096	39	21.1357	(1275, 224)	(128, 22)	49
18:53:42.145	40	21.059	(1282, 225)	(128, 23)	49
18:53:42.192	32	21.1874	(1285, 225)	(129, 23)	49
18:53:42.226	31	20.9662	(1295, 226)	(130, 23)	49
18:53:42.262	33	21.0637	(1305, 226)	(131, 23)	49
18:53:42.304	35	21.0827	(1316, 228)	(132, 23)	49
18:53:42.346	34	21.104	(1326, 228)	(133, 23)	49
18:53:42.388	33	20.9717	(1335, 228)	(134, 23)	49
18:53:42.428	32	20.9892	(1345, 229)	(135, 23)	49
18:53:42.463	35	20.9059	(1355, 230)	(136, 23)	49
18:53:42.506	36	20.7544	(1366, 230)	(137, 23)	49
18:53:42.547	37	20.7133	(1375, 230)	(138, 23)	49
18:53:42.591	33	20.5865	(1386, 231)	(139, 23)	49
18:53:42.631	30	20.6911	(1395, 231)	(140, 23)	49
18:53:42.665	30	20.5292	(1405, 232)	(141, 23)	49
18:53:42.700	36	20.5578	(1415, 232)	(142, 23)	49
18:53:42.742	35	20.5994	(1425, 232)	(143, 23)	49
18:53:42.784	33	20.592	(1435, 233)	(144, 23)	49
18:53:42.824	31	20.3273	(1445, 234)	(145, 23)	49
18:53:42.859	32	20.1625	(1455, 234)	(146, 23)	49
18:53:42.896	30	20.292	(1465, 234)	(147, 23)	49
18:53:42.928	32	20.184	(1478, 234)	(148, 23)	49
18:53:42.964	31	20.269	(1485, 234)	(149, 23)	49
18:53:43.000	35	20.093	(1488, 235)	(149, 24)	49
18:53:43.040	30	20.0024	(1495, 235)	(150, 24)	49
18:53:43.074	30	19.9327	(1506, 235)	(151, 24)	49
18:53:43.109	32	19.8065	(1516, 235)	(152, 24)	49
18:53:43.144	33	19.7484	(1526, 236)	(153, 24)	49
18:53:43.180	31	19.7159	(1535, 236)	(154, 24)	49
18:53:43.214	30	19.5601	(1546, 236)	(155, 24)	49
18:53:43.249	29	19.5804	(1556, 237)	(156, 24)	49
18:53:43.284	28	19.4535	(1565, 237)	(157, 24)	49
18:53:43.318	29	19.3896	(1575, 238)	(158, 24)	49
18:53:43.354	35	19.3902	(1585, 238)	(159, 24)	49
18:53:43.395	36	19.3341	(1595, 239)	(160, 24)	49
18:53:43.438	34	19.3083	(1605, 239)	(161, 24)	49
18:53:43.478	31	19.1422	(1615, 240)	(162, 24)	49
18:53:43.513	35	19.0804	(1625, 240)	(163, 24)	49
18:53:43.556	35	19.1178	(1636, 241)	(164, 24)	49
18:53:43.598	35	19.2185	(1645, 242)	(165, 24)	49
18:53:43.639	35	18.9133	(1655, 242)	(166, 24)	49
18:53:43.680	30	18.859	(1666, 243)	(167, 24)	49
18:53:43.714	33	18.6079	(1676, 244)	(168, 24)	49
18:53:43.757	34	18.5446	(1677, 245)	(168, 25)	49
18:53:43.799	35	18.5839	(1686, 245)	(169, 25)	49
18:53:43.841	35	18.5283	(1696, 246)	(170, 25)	49
18:53:43.884	34	18.3956	(1705, 246)	(171, 25)	49
18:53:43.923	30	18.4157	(1715, 248)	(172, 25)	49
18:53:43.958	30	18.3806	(1726, 249)	(173, 25)	49
18:53:43.993	34	18.2686	(1735, 250)	(174, 25)	49
18:53:44.038	36	17.9615	(1745, 251)	(175, 25)	49
18:53:44.085	32	17.9181	(1755, 253)	(176, 25)	49
18:53:44.125	30	17.831	(1765, 254)	(177, 25)	49
18:53:44.160	31	17.7104	(1768, 255)	(177, 26)	49
18:53:44.195	31	17.7439	(1775, 256)	(178, 26)	49
18:53:44.229	32	17.5359	(1785, 258)	(179, 26)	49
18:53:44.265	31	17.5624	(1795, 260)	(180, 26)	49
18:53:44.299	30	17.5751	(1805, 262)	(181, 26)	49
18:53:44.334	27	17.4319	(1815, 264)	(182, 26)	49
18:53:44.368	33	17.4129	(1817, 265)	(182, 27)	49
18:53:44.411	35	17.1779	(1825, 267)	(183, 27)	49
18:53:44.453	37	17.0492	(1838, 271)	(184, 27)	49
18:53:44.495	33	17.1561	(1845, 273)	(185, 27)	49
18:53:44.536	27	17.1061	(1849, 275)	(185, 28)	49
18:53:44.570	26	16.8717	(1858, 278)	(186, 28)	49
18:53:44.597	30	16.9345	(1865, 280)	(187, 28)	49
18:53:44.633	31	16.9631	(1874, 285)	(187, 29)	49
18:53:44.668	30	16.8876	(1875, 285)	(188, 29)	49
18:53:44.702	30	16.761	(1885, 289)	(189, 29)	49
18:53:44.736	27	16.7841	(1895, 294)	(190, 29)	49
18:53:44.771	26	16.8016	(1895, 295)	(190, 30)	49
18:53:44.798	27	16.8153	(1905, 299)	(191, 30)	49
18:53:44.833	28	16.7736	(1912, 305)	(191, 31)	49
18:53:44.869	26	16.7932	(1915, 307)	(192, 31)	49
18:53:44.903	28	16.8222	(1925, 314)	(193, 31)	49
18:53:44.938	27	16.8569	(1926, 315)	(193, 32)	49
18:53:44.973	26	16.7237	(1935, 322)	(194, 32)	49
18:53:45.007	29	16.8151	(1937, 325)	(194, 33)	49
18:53:45.044	31	16.7707	(1945, 333)	(195, 33)	49
18:53:45.085	33	16.7779	(1947, 335)	(195, 34)	49
18:53:45.127	29	16.7154	(1955, 344)	(196, 34)	49
18:53:45.160	28	16.6514	(1955, 345)	(196, 35)	49
18:53:45.195	31	16.7197	(1963, 355)	(196, 36)	49
18:53:45.231	31	16.7268	(1965, 358)	(197, 36)	49
18:53:45.266	32	16.7701	(1968, 365)	(197, 37)	49
18:53:45.308	33	16.6323	(1973, 375)	(197, 38)	49
18:53:45.350	29	16.7641	(1975, 379)	(198, 38)	49
18:53:45.383	27	16.6853	(1976, 385)	(198, 39)	49
18:53:45.417	28	16.7597	(1980, 395)	(198, 40)	49
18:53:45.452	28	16.8901	(1982, 405)	(198, 41)	49
18:53:45.487	30	16.9839	(1984, 415)	(198, 42)	49
18:53:45.523	36	16.9655	(1985, 417)	(199, 42)	49
18:53:45.566	29	16.7745	(1985, 425)	(199, 43)	49
18:53:45.599	27	16.9052	(1987, 435)	(199, 44)	49
18:53:45.633	27	17.0218	(1988, 445)	(199, 45)	49
18:53:45.668	26	16.9591	(1989, 455)	(199, 46)	49
18:53:45.703	27	16.9184	(1989, 465)	(199, 47)	49
18:53:45.737	28	16.9658	(1989, 475)	(199, 48)	49
18:53:45.772	27	17.0508	(1988, 485)	(199, 49)	49
18:53:45.807	27	17.0024	(1985, 495)	(199, 50)	49
18:53:45.842	26	16.9096	(1984, 495)	(198, 50)	49
18:53:45.877	34	16.9594	(1980, 505)	(198, 51)	49
18:53:45.920	42	17.063	(1972, 516)	(197, 52)	49
18:53:45.968	28	17.328	(1965, 525)	(197, 53)	49
18:53:46.002	26	17.2815	(1964, 526)	(196, 53)	49
18:53:46.036	29	17.2981	(1954, 534)	(195, 53)	49
18:53:46.072	30	17.4382	(1953, 535)	(195, 54)	49
18:53:46.106	31	17.3527	(1944, 539)	(194, 54)	49
18:53:46.141	33	17.4196	(1937, 545)	(194, 55)	49
18:53:46.176	31	17.4551	(1934, 547)	(193, 55)	49
18:53:46.210	28	17.4234	(1924, 555)	(192, 56)	49
18:53:46.245	28	17.5067	(1914, 561)	(191, 56)	49
18:53:46.280	31	17.5076	(1907, 565)	(191, 57)	49
18:53:46.315	32	17.5812	(1904, 567)	(190, 57)	49
18:53:46.350	31	17.5867	(1894, 572)	(189, 57)	49
18:53:46.384	28	17.6293	(1890, 575)	(189, 58)	49
18:53:46.419	28	17.7207	(1884, 577)	(188, 58)	49
18:53:46.454	31	18.1923	(1874, 581)	(187, 58)	49
18:53:46.489	33	18.3262	(1866, 585)	(187, 59)	49
18:53:46.531	38	18.2609	(1864, 585)	(186, 59)	49
18:53:46.574	38	18.3305	(1854, 590)	(185, 59)	49
18:53:46.622	30	18.5388	(1844, 594)	(184, 59)	49
18:53:46.656	31	18.597	(1843, 595)	(184, 60)	49
18:53:46.691	32	18.7735	(1834, 597)	(183, 60)	49
18:53:46.732	33	19.1406	(1823, 601)	(182, 60)	49
18:53:46.774	33	19.2434	(1810, 606)	(181, 61)	49
18:53:46.816	31	19.3563	(1804, 609)	(180, 61)	49
18:53:46.849	32	19.3975	(1794, 612)	(179, 61)	49
18:53:46.885	38	19.5428	(1787, 615)	(179, 62)	49
18:53:46.927	31	19.3502	(1784, 616)	(178, 62)	49
18:53:46.961	34	19.5218	(1774, 619)	(177, 62)	49
18:53:47.006	30	19.8305	(1764, 622)	(176, 62)	49
18:53:47.044	30	19.6404	(1758, 625)	(176, 63)	49
18:53:47.079	32	19.6904	(1754, 626)	(175, 63)	49
18:53:47.116	35	19.9104	(1744, 628)	(174, 63)	49
18:53:47.157	36	19.8804	(1734, 631)	(173, 63)	49
18:53:47.198	37	20.1319	(1724, 633)	(172, 63)	49
18:53:47.241	33	20.3124	(1715, 635)	(172, 64)	49
18:53:47.281	32	20.3587	(1714, 635)	(171, 64)	49
18:53:47.317	38	20.2656	(1704, 637)	(170, 64)	49
18:53:47.366	40	20.5127	(1694, 638)	(169, 64)	49
18:53:47.415	40	20.7212	(1684, 640)	(168, 64)	49
18:53:47.463	34	20.9465	(1674, 641)	(167, 64)	49
18:53:47.504	36	21.059	(1664, 642)	(166, 64)	49
18:53:47.547	37	21.1785	(1654, 643)	(165, 64)	49
18:53:47.588	35	21.347	(1644, 644)	(164, 64)	49
18:53:47.629	37	21.5779	(1633, 644)	(163, 64)	49
18:53:47.671	32	21.5227	(1624, 644)	(162, 64)	49
18:53:47.705	31	21.5252	(1614, 644)	(161, 64)	49
18:53:47.740	33	21.6987	(1604, 644)	(160, 64)	49
18:53:47.782	38	21.9348	(1594, 644)	(159, 64)	49
18:53:47.824	36	22.0815	(1584, 644)	(158, 64)	49
18:53:47.865	32	22.1407	(1574, 644)	(157, 64)	49
18:53:47.899	32	22.2733	(1564, 644)	(156, 64)	49
18:53:47.934	35	22.2807	(1554, 644)	(155, 64)	49
18:53:47.977	39	22.3899	(1548, 645)	(155, 65)	49
18:53:48.026	35	22.541	(1544, 645)	(154, 65)	49
18:53:48.066	33	22.5096	(1534, 645)	(153, 65)	49
18:53:48.101	39	22.7025	(1524, 646)	(152, 65)	49
18:53:48.146	38	22.6493	(1514, 647)	(151, 65)	49
18:53:48.192	37	22.7844	(1504, 648)	(150, 65)	49
18:53:48.234	38	22.8188	(1494, 649)	(149, 65)	49
18:53:48.275	36	22.9203	(1484, 651)	(148, 65)	49
18:53:48.316	33	22.9159	(1474, 652)	(147, 65)	49
18:53:48.351	36	22.8603	(1464, 652)	(146, 65)	49
18:53:48.394	40	22.9879	(1454, 653)	(145, 65)	49
18:53:48.443	38	23.1284	(1444, 654)	(144, 65)	49
18:53:48.486	38	22.9613	(1434, 654)	(143, 65)	49
18:53:48.532	35	23.1028	(1419, 654)	(142, 65)	49
18:53:48.574	35	22.9129	(1414, 654)	(141, 65)	49
18:53:48.616	34	23.2154	(1404, 654)	(140, 65)	49
18:53:48.658	35	23.149	(1394, 654)	(139, 65)	49
18:53:48.699	36	23.0391	(1384, 654)	(138, 65)	49
18:53:48.741	36	23.0951	(1374, 654)	(137, 65)	49
18:53:48.783	35	22.9917	(1356, 653)	(136, 65)	49
18:53:48.824	36	22.9886	(1354, 653)	(135, 65)	49
18:53:48.866	35	22.9821	(1344, 652)	(134, 65)	49
18:53:48.908	35	23.0387	(1334, 651)	(133, 65)	49
18:53:48.950	35	23.1044	(1323, 651)	(132, 65)	49
18:53:48.991	36	23.0493	(1314, 650)	(131, 65)	49
18:53:49.033	34	23.0637	(1303, 649)	(130, 65)	49
18:53:49.074	36	23.0449	(1294, 648)	(129, 65)	49
18:53:49.117	35	23.0487	(1284, 647)	(128, 65)	49
18:53:49.158	40	22.9665	(1274, 647)	(127, 65)	49
18:53:49.212	41	22.8347	(1264, 646)	(126, 65)	49
18:53:49.263	43	22.9108	(1256, 644)	(126, 64)	49
18:53:49.314	37	22.8375	(1254, 644)	(125, 64)	49
18:53:49.352	33	23.0693	(1244, 643)	(124, 64)	49
18:53:49.387	33	22.9354	(1234, 643)	(123, 64)	49
18:53:49.422	37	22.8305	(1224, 641)	(122, 64)	49
18:53:49.464	36	22.8439	(1214, 641)	(121, 64)	49
18:53:49.506	35	22.9464	(1204, 641)	(120, 64)	49
18:53:49.547	32	22.9695	(1194, 640)	(119, 64)	49
18:53:49.581	33	22.9295	(1184, 639)	(118, 64)	49
18:53:49.616	36	22.864	(1174, 639)	(117, 64)	49
18:53:49.660	37	23.0787	(1164, 637)	(116, 64)	49
18:53:49.701	37	23.0556	(1154, 637)	(115, 64)	49
18:53:49.742	40	22.8461	(1144, 636)	(114, 64)	49
18:53:49.791	37	22.9616	(1134, 636)	(113, 64)	49
18:53:49.832	33	22.9364	(1124, 635)	(112, 64)	49
18:53:49.873	33	23.0012	(1114, 635)	(111, 64)	49
18:53:49.908	35	22.9782	(1110, 634)	(111, 63)	49
18:53:49.951	34	22.835	(1104, 634)	(110, 63)	49
18:53:49.993	35	22.9541	(1093, 633)	(109, 63)	49
18:53:50.034	35	23.0533	(1084, 632)	(108, 63)	49
18:53:50.075	36	23.1593	(1074, 632)	(107, 63)	49
18:53:50.117	35	23.0756	(1064, 631)	(106, 63)	49
18:53:50.159	36	23.0982	(1051, 631)	(105, 63)	49
18:53:50.202	41	22.9668	(1032, 629)	(103, 63)	49
18:53:50.251	42	23.2276	(1024, 629)	(102, 63)	49
18:53:50.300	41	23.2127	(1014, 629)	(101, 63)	49
18:53:50.350	38	23.0631	(1004, 628)	(100, 63)	49
18:53:50.395	36	23.285	(994, 627)	(99, 63)	49
18:53:50.437	40	23.2828	(984, 627)	(98, 63)	49
18:53:50.487	42	23.2717	(974, 627)	(97, 63)	49
18:53:50.536	43	23.4674	(964, 626)	(96, 63)	49
18:53:50.584	35	23.4839	(954, 626)	(95, 63)	49
18:53:50.625	36	23.3095	(944, 626)	(94, 63)	49
18:53:50.667	37	23.4237	(934, 625)	(93, 63)	49
18:53:50.708	37	23.4276	(927, 624)	(93, 62)	49
18:53:50.751	36	23.5016	(924, 624)	(92, 62)	49
18:53:50.792	36	23.4338	(914, 623)	(91, 62)	49
18:53:50.833	33	23.2464	(904, 622)	(90, 62)	49
18:53:50.868	37	23.407	(894, 621)	(89, 62)	49
18:53:50.911	35	23.4858	(884, 620)	(88, 62)	49
18:53:50.951	35	23.6418	(873, 619)	(87, 62)	49
18:53:50.993	35	23.5747	(864, 619)	(86, 62)	49
18:53:51.035	36	23.7701	(854, 619)	(85, 62)	49
18:53:51.077	40	23.4997	(843, 618)	(84, 62)	49
18:53:51.125	35	23.627	(834, 618)	(83, 62)	49
18:53:51.167	41	23.4215	(823, 617)	(82, 62)	49
18:53:51.216	37	23.3572	(814, 617)	(81, 62)	49
18:53:51.257	34	23.3154	(804, 617)	(80, 62)	49
18:53:51.299	37	23.1787	(794, 617)	(79, 62)	49
18:53:51.341	38	23.1793	(784, 616)	(78, 62)	49
18:53:51.383	37	23.1452	(772, 616)	(77, 62)	49
18:53:51.425	36	23.1424	(764, 615)	(76, 62)	49
18:53:51.466	43	23.0804	(754, 615)	(75, 62)	49
18:53:51.517	41	22.7413	(744, 615)	(74, 62)	49
18:53:51.565	41	22.9393	(734, 615)	(73, 62)	49
18:53:51.614	39	22.5446	(724, 615)	(72, 62)	49
18:53:51.661	35	22.5258	(714, 615)	(71, 62)	49
18:53:51.704	40	21.928	(704, 615)	(70, 62)	49
18:53:51.752	41	21.7299	(694, 615)	(69, 62)	49
18:53:51.801	41	21.5864	(684, 615)	(68, 62)	49
18:53:51.849	34	21.3326	(674, 615)	(67, 62)	49
18:53:51.890	33	21.1744	(664, 616)	(66, 62)	49
18:53:51.932	33	21.0092	(654, 617)	(65, 62)	49
18:53:51.973	35	20.9382	(644, 618)	(64, 62)	49
18:53:52.016	37	20.8573	(634, 618)	(63, 62)	49
18:53:52.060	35	20.6529	(624, 619)	(62, 62)	49
18:53:52.099	32	20.4153	(614, 619)	(61, 62)	49
18:53:52.133	31	20.333	(604, 621)	(60, 62)	49
18:53:52.168	38	20.1763	(594, 621)	(59, 62)	49
18:53:52.218	38	19.8839	(584, 622)	(58, 62)	49
18:53:52.265	32	19.8353	(574, 624)	(57, 62)	49
18:53:52.299	30	19.8299	(566, 625)	(57, 63)	49
18:53:52.334	36	19.7601	(564, 625)	(56, 63)	49
18:53:52.378	39	19.5947	(554, 625)	(55, 63)	49
18:53:52.427	39	19.3364	(544, 626)	(54, 63)	49
18:53:52.474	33	19.1972	(534, 628)	(53, 63)	49
18:53:52.515	31	19.1111	(524, 629)	(52, 63)	49
18:53:52.550	29	18.8801	(514, 631)	(51, 63)	49
18:53:52.584	33	18.8864	(504, 633)	(50, 63)	49
18:53:52.627	35	18.5467	(494, 634)	(49, 63)	49
18:53:52.670	31	18.6652	(493, 635)	(49, 64)	49
18:53:52.710	30	18.523	(484, 637)	(48, 64)	49
18:53:52.745	31	18.3092	(467, 641)	(47, 64)	49
18:53:52.781	38	18.2637	(464, 642)	(46, 64)	49
18:53:52.823	34	18.3373	(458, 645)	(46, 65)	49
18:53:52.863	32	18.1652	(454, 646)	(45, 65)	49
18:53:52.898	30	18.1591	(444, 650)	(44, 65)	49
18:53:52.932	31	18.0529	(434, 654)	(43, 65)	49
18:53:52.967	33	17.8615	(432, 655)	(43, 66)	49
18:53:53.003	30	17.9868	(424, 658)	(42, 66)	49
18:53:53.037	32	18.0708	(414, 662)	(41, 66)	49
18:53:53.072	32	17.9339	(409, 665)	(41, 67)	49
18:53:53.107	30	17.8514	(404, 667)	(40, 67)	49
18:53:53.141	27	17.5788	(394, 671)	(39, 67)	49
18:53:53.175	31	17.5393	(387, 675)	(39, 68)	49
18:53:53.211	29	17.6224	(384, 676)	(38, 68)	49
18:53:53.246	30	17.6036	(374, 680)	(37, 68)	49
18:53:53.280	31	17.2403	(367, 685)	(37, 69)	49
18:53:53.315	31	17.1744	(364, 687)	(36, 69)	49
18:53:53.350	30	16.919	(356, 695)	(36, 70)	49
18:53:53.385	30	16.991	(354, 695)	(35, 70)	49
18:53:53.420	30	16.8538	(344, 704)	(34, 70)	49
18:53:53.455	30	16.8963	(344, 705)	(34, 71)	49
18:53:53.489	31	16.8388	(337, 715)	(34, 72)	49
18:53:53.523	27	16.8874	(335, 725)	(34, 73)	49
18:53:53.558	31	16.8425	(334, 727)	(33, 73)	49
18:53:53.595	37	16.7893	(331, 735)	(33, 74)	49
18:53:53.637	35	16.7305	(329, 746)	(33, 75)	49
18:53:53.678	38	16.8114	(329, 755)	(33, 76)	49
18:53:53.728	29	16.752	(329, 765)	(33, 77)	49
18:53:53.760	28	16.9458	(329, 775)	(33, 78)	49
18:53:53.795	30	16.8219	(329, 785)	(33, 79)	49
18:53:53.831	30	16.9114	(329, 795)	(33, 80)	49
18:53:53.864	31	16.8533	(329, 805)	(33, 81)	49
18:53:53.899	31	16.7658	(329, 833)	(33, 83)	49
18:53:53.934	28	16.783	(329, 836)	(33, 84)	49
18:53:53.969	26	16.8006	(329, 845)	(33, 85)	49
18:53:53.996	27	16.7194	(329, 855)	(33, 86)	49
18:53:54.024	27	16.9215	(330, 865)	(33, 87)	49
18:53:54.059	28	16.7507	(332, 875)	(33, 88)	49
18:53:54.094	30	16.7674	(335, 883)	(34, 88)	49
18:53:54.129	28	16.884	(335, 885)	(34, 89)	49
18:53:54.163	27	16.8375	(338, 895)	(34, 90)	49
18:53:54.198	26	16.8415	(341, 905)	(34, 91)	49
18:53:54.225	27	16.8787	(345, 914)	(35, 91)	49
18:53:54.260	30	16.8824	(346, 915)	(35, 92)	49
18:53:54.296	32	16.8893	(350, 925)	(35, 93)	49
18:53:54.332	30	16.7083	(355, 931)	(36, 93)	49
18:53:54.365	28	16.8351	(357, 935)	(36, 94)	49
18:53:54.400	34	16.9006	(364, 945)	(36, 95)	49
18:53:54.443	32	16.7514	(365, 945)	(37, 95)	49
18:53:54.483	30	16.8064	(373, 955)	(37, 96)	49
18:53:54.518	29	16.7461	(375, 956)	(38, 96)	49
18:53:54.554	27	16.7987	(384, 965)	(38, 97)	49
18:53:54.587	27	16.8966	(385, 966)	(39, 97)	49
18:53:54.622	27	16.9074	(395, 975)	(40, 98)	49
18:53:54.656	28	16.7813	(405, 982)	(41, 98)	49
18:53:54.692	26	16.8658	(411, 987)	(41, 99)	49
18:53:54.726	27	16.8844	(415, 989)	(42, 99)	49
18:53:54.761	28	16.9416	(423, 995)	(42, 100)	49
18:53:54.795	28	16.9378	(425, 996)	(43, 100)	49
18:53:54.831	27	16.9332	(435, 1001)	(44, 100)	49
18:53:54.865	27	17.005	(441, 1005)	(44, 101)	49
18:53:54.900	32	17.0816	(446, 1007)	(45, 101)	49
18:53:54.936	33	17.2384	(455, 1012)	(46, 101)	49
18:53:54.978	30	17.3622	(461, 1015)	(46, 102)	49
18:53:55.011	28	17.3862	(465, 1017)	(47, 102)	49
18:53:55.046	29	17.4166	(475, 1022)	(48, 102)	49
18:53:55.083	29	17.4625	(481, 1025)	(48, 103)	49
18:53:55.116	29	17.5985	(485, 1026)	(49, 103)	49
18:53:55.150	29	17.587	(495, 1030)	(50, 103)	49
18:53:55.185	28	17.8554	(505, 1034)	(51, 103)	49
18:53:55.219	30	17.9007	(506, 1035)	(51, 104)	49
18:53:55.255	33	17.9379	(515, 1037)	(52, 104)	49
18:53:55.296	29	18.0378	(525, 1040)	(53, 104)	49
18:53:55.331	27	17.8961	(540, 1043)	(54, 104)	49
18:53:55.365	28	18.0747	(545, 1044)	(55, 104)	49
18:53:55.400	27	17.9604	(549, 1045)	(55, 105)	49
18:53:55.435	27	17.9271	(555, 1046)	(56, 105)	49
18:53:55.469	27	18.0253	(577, 1050)	(58, 105)	49
18:53:55.497	31	17.9717	(585, 1052)	(59, 105)	49
18:53:55.533	37	18.2644	(595, 1053)	(60, 105)	49
18:53:55.575	31	18.3243	(605, 1054)	(61, 105)	49
18:53:55.609	27	18.1099	(608, 1055)	(61, 106)	49
18:53:55.643	28	18.3542	(615, 1056)	(62, 106)	49
18:53:55.678	32	18.2887	(625, 1057)	(63, 106)	49
18:53:55.714	33	18.3964	(635, 1058)	(64, 106)	49
18:53:55.755	34	18.2588	(645, 1059)	(65, 106)	49
18:53:55.797	33	18.3039	(655, 1060)	(66, 106)	49
18:53:55.838	29	18.4861	(665, 1061)	(67, 106)	49
18:53:55.873	32	18.7477	(675, 1061)	(68, 106)	49
18:53:55.908	36	19.0061	(685, 1063)	(69, 106)	49
18:53:55.951	35	19.1367	(695, 1063)	(70, 106)	49
18:53:55.992	34	19.2806	(705, 1064)	(71, 106)	49
18:53:56.034	30	19.7209	(715, 1064)	(72, 106)	49
18:53:56.068	30	19.8049	(719, 1065)	(72, 107)	49
18:53:56.104	35	19.7759	(725, 1065)	(73, 107)	49
18:53:56.146	33	19.7933	(735, 1066)	(74, 107)	49
18:53:56.187	35	20.0732	(745, 1066)	(75, 107)	49
18:53:56.228	30	20.0164	(755, 1066)	(76, 107)	49
18:53:56.263	44	20.3234	(765, 1066)	(77, 107)	49
18:53:56.311	30	20.4486	(775, 1067)	(78, 107)	49
18:53:56.346	38	20.6256	(785, 1067)	(79, 107)	49
18:53:56.389	37	20.7484	(795, 1068)	(80, 107)	49
18:53:56.433	35	20.7902	(805, 1069)	(81, 107)	49
18:53:56.471	32	20.951	(815, 1070)	(82, 107)	49
18:53:56.507	33	21.2769	(825, 1071)	(83, 107)	49
18:53:56.548	37	21.2593	(835, 1072)	(84, 107)	49
18:53:56.590	39	21.2647	(845, 1073)	(85, 107)	49
18:53:56.640	38	21.3763	(856, 1074)	(86, 107)	49
18:53:56.680	32	21.3436	(862, 1075)	(86, 108)	49
18:53:56.714	31	21.4219	(865, 1075)	(87, 108)	49
18:53:56.750	32	21.5167	(875, 1075)	(88, 108)	49
18:53:56.784	33	21.5591	(885, 1076)	(89, 108)	49
18:53:56.819	33	21.3702	(895, 1077)	(90, 108)	49
18:53:56.861	31	21.5498	(905, 1078)	(91, 108)	49
18:53:56.895	31	21.7873	(915, 1078)	(92, 108)	49
18:53:56.930	34	21.6959	(925, 1079)	(93, 108)	49
18:53:56.972	33	21.7188	(935, 1080)	(94, 108)	49
18:53:57.013	35	21.8369	(945, 1081)	(95, 108)	49
18:53:57.056	39	21.7677	(955, 1082)	(96, 108)	49
18:53:57.097	33	21.8376	(965, 1082)	(97, 108)	49
18:53:57.138	37	21.9087	(975, 1083)	(98, 108)	49
18:53:57.181	38	21.912	(986, 1083)	(99, 108)	49
18:53:57.223	36	21.7935	(995, 1084)	(100, 108)	49
18:53:57.264	34	22.0185	(1005, 1084)	(101, 108)	49
18:53:57.306	34	22.1859	(1015, 1084)	(102, 108)	49
18:53:57.347	37	22.1846	(1017, 1085)	(102, 109)	49
18:53:57.390	38	22.1172	(1025, 1085)	(103, 109)	49
18:53:57.431	38	22.3319	(1040, 1085)	(104, 109)	49
18:53:57.473	39	22.4024	(1048, 1085)	(105, 109)	49
18:53:57.514	35	22.4963	(1055, 1086)	(106, 109)	49
18:53:57.555	38	22.5487	(1065, 1086)	(107, 109)	49
18:53:57.598	38	22.491	(1075, 1086)	(108, 109)	49
18:53:57.640	39	22.4883	(1085, 1086)	(109, 109)	49
18:53:57.689	42	22.4265	(1096, 1086)	(110, 109)	49
18:53:57.736	34	22.4117	(1105, 1086)	(111, 109)	49
18:53:57.778	35	22.5335	(1115, 1086)	(112, 109)	49
18:53:57.820	33	22.4698	(1126, 1086)	(113, 109)	49
18:53:57.861	34	22.4661	(1135, 1086)	(114, 109)	49
18:53:57.905	41	22.4471	(1146, 1086)	(115, 109)	49
18:53:57.953	35	22.5575	(1155, 1086)	(116, 109)	49
18:53:57.994	35	22.3997	(1166, 1086)	(117, 109)	49
18:53:58.037	42	22.4004	(1175, 1086)	(118, 109)	49
18:53:58.086	41	22.3662	(1185, 1085)	(119, 109)	49
18:53:58.137	37	22.3527	(1188, 1084)	(119, 108)	49
18:53:58.181	36	22.4342	(1195, 1084)	(120, 108)	49
18:53:58.223	34	22.4304	(1205, 1082)	(121, 108)	49
18:53:58.264	36	22.3908	(1215, 1081)	(122, 108)	49
18:53:58.307	40	22.528	(1225, 1081)	(123, 108)	49
18:53:58.356	34	22.4141	(1235, 1081)	(124, 108)	49
18:53:58.396	31	22.501	(1245, 1080)	(125, 108)	49
18:53:58.431	37	22.4476	(1255, 1080)	(126, 108)	49
18:53:58.474	40	22.6957	(1265, 1079)	(127, 108)	49
18:53:58.524	39	22.609	(1275, 1078)	(128, 108)	49
18:53:58.572	35	22.5	(1286, 1077)	(129, 108)	49
18:53:58.612	41	22.4582	(1295, 1077)	(130, 108)	49
18:53:58.661	36	22.4541	(1305, 1077)	(131, 108)	49
18:53:58.704	41	22.5028	(1315, 1077)	(132, 108)	49
18:53:58.753	43	22.4489	(1325, 1077)	(133, 108)	49
18:53:58.801	34	22.5265	(1335, 1077)	(134, 108)	49
18:53:58.842	36	22.5404	(1345, 1077)	(135, 108)	49
18:53:58.885	41	22.3127	(1355, 1077)	(136, 108)	49
18:53:58.934	42	22.2576	(1365, 1079)	(137, 108)	49
18:53:58.982	35	22.2044	(1375, 1080)	(138, 108)	49
18:53:59.022	34	22.1643	(1385, 1081)	(139, 108)	49
18:53:59.071	37	22.1541	(1395, 1081)	(140, 108)	49
18:53:59.113	37	21.8594	(1405, 1083)	(141, 108)	49
18:53:59.155	36	21.6627	(1416, 1084)	(142, 108)	49
18:53:59.197	34	21.74	(1418, 1085)	(142, 109)	49
18:53:59.237	32	21.7345	(1425, 1085)	(143, 109)	49
18:53:59.272	35	21.6141	(1437, 1088)	(144, 109)	49
18:53:59.315	35	21.4406	(1445, 1088)	(145, 109)	49
18:53:59.358	37	21.2794	(1455, 1089)	(146, 109)	49
18:53:59.399	35	21.1628	(1465, 1090)	(147, 109)	49
18:53:59.440	35	21.2591	(1476, 1091)	(148, 109)	49
18:53:59.482	35	20.9855	(1485, 1092)	(149, 109)	49
18:53:59.524	34	20.8908	(1495, 1093)	(150, 109)	49
18:53:59.566	35	20.7661	(1505, 1093)	(151, 109)	49
18:53:59.609	34	20.6895	(1515, 1093)	(152, 109)	49
18:53:59.648	32	20.3184	(1525, 1093)	(153, 109)	49
18:53:59.683	35	20.1953	(1535, 1094)	(154, 109)	49
18:53:59.726	39	20.0959	(1545, 1094)	(155, 109)	49
18:53:59.774	38	19.8705	(1555, 1094)	(156, 109)	49
18:53:59.823	33	19.9954	(1565, 1094)	(157, 109)	49
18:53:59.864	29	19.9541	(1566, 1095)	(157, 110)	49
18:53:59.898	28	19.764	(1575, 1095)	(158, 110)	49
18:53:59.933	30	19.6527	(1585, 1095)	(159, 110)	49
18:53:59.968	32	19.4879	(1596, 1096)	(160, 110)	49
18:54:00.002	30	19.4499	(1605, 1096)	(161, 110)	49
18:54:00.037	28	19.4113	(1615, 1096)	(162, 110)	49
18:54:00.072	31	19.2459	(1625, 1097)	(163, 110)	49
18:54:00.106	29	19.1573	(1635, 1097)	(164, 110)	49
18:54:00.141	32	18.9674	(1645, 1097)	(165, 110)	49
18:54:00.177	33	18.8662	(1655, 1098)	(166, 110)	49
18:54:00.219	31	18.6898	(1665, 1098)	(167, 110)	49
18:54:00.253	29	18.5218	(1675, 1099)	(168, 110)	49
18:54:00.288	28	18.4978	(1685, 1099)	(169, 110)	49
18:54:00.322	28	18.3919	(1695, 1100)	(170, 110)	49
18:54:00.357	29	18.1573	(1705, 1100)	(171, 110)	49
18:54:00.393	37	17.9047	(1715, 1101)	(172, 110)	49
18:54:00.436	33	17.7778	(1725, 1101)	(173, 110)	49
18:54:00.476	32	17.8941	(1735, 1103)	(174, 110)	49
18:54:00.510	32	17.579	(1748, 1104)	(175, 110)	49
18:54:00.545	32	17.5917	(1753, 1105)	(175, 111)	49
18:54:00.580	32	17.4157	(1755, 1105)	(176, 111)	49
18:54:00.615	30	17.5668	(1765, 1106)	(177, 111)	49
18:54:00.649	32	17.5004	(1775, 1107)	(178, 111)	49
18:54:00.684	32	17.5507	(1785, 1108)	(179, 111)	49
18:54:00.718	29	17.421	(1798, 1109)	(180, 111)	49
18:54:00.754	34	17.5136	(1806, 1111)	(181, 111)	49
18:54:00.796	33	17.4287	(1815, 1112)	(182, 111)	49
18:54:00.838	31	17.4178	(1825, 1112)	(183, 111)	49
18:54:00.872	30	17.4375	(1835, 1113)	(184, 111)	49
18:54:00.907	29	17.2981	(1850, 1114)	(185, 111)	49
18:54:00.942	29	17.3253	(1855, 1114)	(186, 111)	49
18:54:00.976	30	17.3668	(1858, 1115)	(186, 112)	49
18:54:01.011	29	17.3185	(1865, 1116)	(187, 112)	49
18:54:01.046	28	17.2936	(1877, 1117)	(188, 112)	49
18:54:01.080	30	16.9655	(1885, 1118)	(189, 112)	49
18:54:01.115	29	16.9668	(1895, 1120)	(190, 112)	49
18:54:01.149	34	17.0401	(1905, 1121)	(191, 112)	49
18:54:01.193	35	16.6692	(0, 0)	(0, 0)	49
EOM

