BOM
Frame extends: 2263, 1306
_ms_area: 10
measurements taken: 585
current rendering method: 0
is mouse replay: 1
Camera settings: Roation Quaternion: ( 0.217516, -0.551942, -0.794132, 0.13185), Translationsvektor: ( -0.0583296, 0.0137825, 2.035).
System_Time	Elapsed_Time_PaintGL	Elapsed_Kernel_Time	Frame_Coordinates	Grid_Position	Manual_Measurement
18:52:21.735	56	47.1644	(-1, -1)	(-1, -1)	49
18:52:21.796	55	47.0239	(-1, -1)	(-1, -1)	49
18:52:21.857	55	47.1265	(-1, -1)	(-1, -1)	49
18:52:21.921	60	47.0547	(-1, -1)	(-1, -1)	49
18:52:21.991	57	46.9996	(-1, -1)	(-1, -1)	49
18:52:22.054	59	47.1141	(-1, -1)	(-1, -1)	49
18:52:22.123	61	47.0713	(-1, -1)	(-1, -1)	49
18:52:22.193	57	47.0834	(-1, -1)	(-1, -1)	49
18:52:22.254	56	47.1505	(-1, -1)	(-1, -1)	49
18:52:22.319	59	47.0677	(-1, -1)	(-1, -1)	49
18:52:22.388	57	47.0941	(-1, -1)	(-1, -1)	49
18:52:22.448	55	47.0865	(-1, -1)	(-1, -1)	49
18:52:22.512	60	47.065	(-1, -1)	(-1, -1)	49
18:52:22.584	58	47.0459	(-1, -1)	(-1, -1)	49
18:52:22.651	53	47.1016	(-1, -1)	(-1, -1)	49
18:52:22.706	54	47.1929	(-1, -1)	(-1, -1)	49
18:52:22.770	59	47.0548	(-1, -1)	(-1, -1)	49
18:52:22.840	58	47.0043	(-1, -1)	(-1, -1)	49
18:52:22.900	56	47.1551	(-1, -1)	(-1, -1)	49
18:52:22.964	59	47.0486	(-1, -1)	(-1, -1)	49
18:52:23.028	58	47.1227	(-1, -1)	(-1, -1)	49
18:52:23.089	55	47.1416	(-1, -1)	(-1, -1)	49
18:52:23.152	60	47.0593	(-1, -1)	(-1, -1)	49
18:52:23.222	59	47.0641	(-1, -1)	(-1, -1)	49
18:52:23.284	54	47.0479	(-1, -1)	(-1, -1)	49
18:52:23.347	59	47.1079	(-1, -1)	(-1, -1)	49
18:52:23.416	60	47.0538	(-1, -1)	(-1, -1)	49
18:52:23.486	59	47.0649	(-1, -1)	(-1, -1)	49
18:52:23.548	56	47.0547	(-1, -1)	(-1, -1)	49
18:52:23.611	57	47.0767	(-1, -1)	(-1, -1)	49
18:52:23.676	60	47.0687	(-1, -1)	(-1, -1)	49
18:52:23.742	56	47.0787	(-1, -1)	(-1, -1)	49
18:52:23.806	59	47.0418	(-1, -1)	(-1, -1)	49
18:52:23.875	60	47.1196	(-1, -1)	(-1, -1)	49
18:52:23.943	53	47.1151	(-1, -1)	(-1, -1)	49
18:52:23.999	55	47.1581	(-1, -1)	(-1, -1)	49
18:52:24.063	58	47.0622	(-1, -1)	(-1, -1)	49
18:52:24.124	55	47.1124	(-1, -1)	(-1, -1)	49
18:52:24.186	53	47.1074	(-1, -1)	(-1, -1)	49
18:52:24.242	56	47.1796	(-1, -1)	(-1, -1)	49
18:52:24.306	59	47.0813	(-1, -1)	(-1, -1)	49
18:52:24.367	56	47.0641	(-1, -1)	(-1, -1)	49
18:52:24.430	56	47.124	(-1, -1)	(-1, -1)	49
18:52:24.494	60	47.0945	(-1, -1)	(-1, -1)	49
18:52:24.564	58	47.0517	(-1, -1)	(-1, -1)	49
18:52:24.625	57	47.0825	(-1, -1)	(-1, -1)	49
18:52:24.688	60	47.0868	(-1, -1)	(-1, -1)	49
18:52:24.758	58	47.0517	(-1, -1)	(-1, -1)	49
18:52:24.819	56	47.2493	(-1, -1)	(-1, -1)	49
18:52:24.884	59	47.0761	(-1, -1)	(-1, -1)	49
18:52:24.955	56	47.0671	(-1, -1)	(-1, -1)	49
18:52:25.015	56	47.0693	(-1, -1)	(-1, -1)	49
18:52:25.078	58	47.0732	(-1, -1)	(-1, -1)	49
18:52:25.144	58	47.1323	(-1, -1)	(-1, -1)	49
18:52:25.211	57	47.1569	(-1, -1)	(-1, -1)	49
18:52:25.272	60	47.0584	(-1, -1)	(-1, -1)	49
18:52:25.343	58	47.1541	(-1, -1)	(-1, -1)	49
18:52:25.411	55	47.0264	(-1, -1)	(-1, -1)	49
18:52:25.472	55	47.1489	(-1, -1)	(-1, -1)	49
18:52:25.537	60	47.08	(-1, -1)	(-1, -1)	49
18:52:25.607	57	47.037	(-1, -1)	(-1, -1)	49
18:52:25.667	54	47.1028	(-1, -1)	(-1, -1)	49
18:52:25.724	56	47.0559	(-1, -1)	(-1, -1)	49
18:52:25.787	61	47.0385	(-1, -1)	(-1, -1)	49
18:52:25.856	56	47.0597	(-1, -1)	(-1, -1)	49
18:52:25.918	55	47.0527	(-1, -1)	(-1, -1)	49
18:52:25.980	59	47.0705	(-1, -1)	(-1, -1)	49
18:52:26.044	54	47.0751	(-1, -1)	(-1, -1)	49
18:52:26.107	60	47.0702	(-1, -1)	(-1, -1)	49
18:52:26.177	59	47.0443	(-1, -1)	(-1, -1)	49
18:52:26.247	57	47.077	(-1, -1)	(-1, -1)	49
18:52:26.308	56	47.0929	(-1, -1)	(-1, -1)	49
18:52:26.371	61	47.0816	(-1, -1)	(-1, -1)	49
18:52:26.442	58	47.1753	(-1, -1)	(-1, -1)	49
18:52:26.510	55	47.0698	(-1, -1)	(-1, -1)	49
18:52:26.572	60	47.1487	(-1, -1)	(-1, -1)	49
18:52:26.644	60	47.0852	(-1, -1)	(-1, -1)	49
18:52:26.712	59	47.0366	(-1, -1)	(-1, -1)	49
18:52:26.781	59	47.0237	(-1, -1)	(-1, -1)	49
18:52:26.851	54	47.0921	(-1, -1)	(-1, -1)	49
18:52:26.912	56	47.0581	(-1, -1)	(-1, -1)	49
18:52:26.976	60	47.0247	(-1, -1)	(-1, -1)	49
18:52:27.046	58	47.0876	(-1, -1)	(-1, -1)	49
18:52:27.107	53	47.1119	(-1, -1)	(-1, -1)	49
18:52:27.162	56	47.1108	(-1, -1)	(-1, -1)	49
18:52:27.226	60	47.1393	(-1, -1)	(-1, -1)	49
18:52:27.297	57	47.0665	(-1, -1)	(-1, -1)	49
18:52:27.357	54	47.0899	(-1, -1)	(-1, -1)	49
18:52:27.421	59	47.0359	(-1, -1)	(-1, -1)	49
18:52:27.491	59	47.0772	(-1, -1)	(-1, -1)	49
18:52:27.559	56	47.0496	(-1, -1)	(-1, -1)	49
18:52:27.623	59	47.076	(-1, -1)	(-1, -1)	49
18:52:27.694	58	47.0769	(-1, -1)	(-1, -1)	49
18:52:27.761	56	47.0644	(-1, -1)	(-1, -1)	49
18:52:27.824	59	47.0982	(-1, -1)	(-1, -1)	49
18:52:27.895	59	47.0759	(-1, -1)	(-1, -1)	49
18:52:27.963	59	47.0668	(-1, -1)	(-1, -1)	49
18:52:28.032	59	47.1169	(-1, -1)	(-1, -1)	49
18:52:28.102	59	47.1375	(-1, -1)	(-1, -1)	49
18:52:28.163	56	47.0887	(-1, -1)	(-1, -1)	49
18:52:28.227	59	47.0529	(-1, -1)	(-1, -1)	49
18:52:28.290	58	47.0936	(-1, -1)	(-1, -1)	49
18:52:28.358	55	47.0513	(-1, -1)	(-1, -1)	49
18:52:28.420	54	47.1354	(-1, -1)	(-1, -1)	49
18:52:28.485	58	47.1382	(-1, -1)	(-1, -1)	49
18:52:28.557	57	47.096	(-1, -1)	(-1, -1)	49
18:52:28.624	59	47.0676	(-1, -1)	(-1, -1)	49
18:52:28.693	59	47.1276	(-1, -1)	(-1, -1)	49
18:52:28.763	58	47.0523	(-1, -1)	(-1, -1)	49
18:52:28.824	53	47.1569	(-1, -1)	(-1, -1)	49
18:52:28.880	57	47.1095	(-1, -1)	(-1, -1)	49
18:52:28.943	60	47.0459	(-1, -1)	(-1, -1)	49
18:52:29.013	58	47.0693	(-1, -1)	(-1, -1)	49
18:52:29.074	53	47.1846	(-1, -1)	(-1, -1)	49
18:52:29.129	56	47.1279	(-1, -1)	(-1, -1)	49
18:52:29.194	59	47.0852	(-1, -1)	(-1, -1)	49
18:52:29.255	55	47.1791	(-1, -1)	(-1, -1)	49
18:52:29.318	60	47.1181	(-1, -1)	(-1, -1)	49
18:52:29.388	59	47.0981	(-1, -1)	(-1, -1)	49
18:52:29.449	57	47.0378	(-1, -1)	(-1, -1)	49
18:52:29.513	59	47.1545	(-1, -1)	(-1, -1)	49
18:52:29.583	59	47.1656	(-1, -1)	(-1, -1)	49
18:52:29.651	56	47.1007	(-1, -1)	(-1, -1)	49
18:52:29.714	59	47.0644	(-1, -1)	(-1, -1)	49
18:52:29.778	60	47.0516	(-1, -1)	(-1, -1)	49
18:52:29.847	57	47.0622	(-1, -1)	(-1, -1)	49
18:52:29.908	56	47.1484	(-1, -1)	(-1, -1)	49
18:52:29.972	60	47.0581	(-1, -1)	(-1, -1)	49
18:52:30.042	59	47.0615	(-1, -1)	(-1, -1)	49
18:52:30.110	56	47.1566	(-1, -1)	(-1, -1)	49
18:52:30.174	57	47.1289	(-1, -1)	(-1, -1)	49
18:52:30.236	59	47.1296	(-1, -1)	(-1, -1)	49
18:52:30.304	53	47.1241	(-1, -1)	(-1, -1)	49
18:52:30.359	60	47.0941	(-1, -1)	(-1, -1)	49
18:52:30.424	57	47.0883	(-1, -1)	(-1, -1)	49
18:52:30.485	54	47.1166	(-1, -1)	(-1, -1)	49
18:52:30.541	53	47.1547	(-1, -1)	(-1, -1)	49
18:52:30.605	58	47.1664	(-1, -1)	(-1, -1)	49
18:52:30.675	59	47.0733	(-1, -1)	(-1, -1)	49
18:52:30.735	56	47.1726	(-1, -1)	(-1, -1)	49
18:52:30.799	58	47.0557	(-1, -1)	(-1, -1)	49
18:52:30.861	55	47.0501	(-1, -1)	(-1, -1)	49
18:52:30.923	55	47.0859	(-1, -1)	(-1, -1)	49
18:52:30.987	59	47.0809	(-1, -1)	(-1, -1)	49
18:52:31.056	60	47.1087	(-1, -1)	(-1, -1)	49
18:52:31.124	55	47.1004	(-1, -1)	(-1, -1)	49
18:52:31.189	58	47.0644	(-1, -1)	(-1, -1)	49
18:52:31.252	58	47.048	(-1, -1)	(-1, -1)	49
18:52:31.314	58	47.0837	(-1, -1)	(-1, -1)	49
18:52:31.376	56	47.0593	(-1, -1)	(-1, -1)	49
18:52:31.439	60	47.0382	(-1, -1)	(-1, -1)	49
18:52:31.509	60	47.0776	(-1, -1)	(-1, -1)	49
18:52:31.578	60	47.0636	(-1, -1)	(-1, -1)	49
18:52:31.648	59	47.073	(-1, -1)	(-1, -1)	49
18:52:31.718	58	47.0933	(-1, -1)	(-1, -1)	49
18:52:31.778	55	47.0956	(-1, -1)	(-1, -1)	49
18:52:31.844	60	47.0415	(-1, -1)	(-1, -1)	49
18:52:31.912	59	47.0465	(-1, -1)	(-1, -1)	49
18:52:31.973	54	47.1785	(-1, -1)	(-1, -1)	49
18:52:32.036	54	47.2132	(-1, -1)	(-1, -1)	49
18:52:32.099	59	47.0547	(-1, -1)	(-1, -1)	49
18:52:32.167	54	47.1391	(-1, -1)	(-1, -1)	49
18:52:32.231	60	47.0717	(-1, -1)	(-1, -1)	49
18:52:32.300	60	47.0227	(-1, -1)	(-1, -1)	49
18:52:32.371	54	47.1062	(-1, -1)	(-1, -1)	49
18:52:32.433	59	47.0741	(-1, -1)	(-1, -1)	49
18:52:32.502	58	47.0547	(-1, -1)	(-1, -1)	49
18:52:32.565	59	47.0561	(-1, -1)	(-1, -1)	49
18:52:32.626	57	47.1424	(-1, -1)	(-1, -1)	49
18:52:32.691	58	47.0416	(-1, -1)	(-1, -1)	49
18:52:32.762	58	47.0809	(-1, -1)	(-1, -1)	49
18:52:32.829	56	47.051	(-1, -1)	(-1, -1)	49
18:52:32.892	60	47.1084	(-1, -1)	(-1, -1)	49
18:52:32.962	57	47.0748	(-1, -1)	(-1, -1)	49
18:52:33.022	57	47.1381	(-1, -1)	(-1, -1)	49
18:52:33.086	59	47.0529	(-1, -1)	(-1, -1)	49
18:52:33.156	58	47.0588	(-1, -1)	(-1, -1)	49
18:52:33.217	56	47.0052	(-1, -1)	(-1, -1)	49
18:52:33.281	60	47.0599	(-1, -1)	(-1, -1)	49
18:52:33.350	60	47.0495	(-1, -1)	(-1, -1)	49
18:52:33.420	56	47.0498	(-1, -1)	(-1, -1)	49
18:52:33.482	60	47.0929	(-1, -1)	(-1, -1)	49
18:52:33.552	60	47.0261	(-1, -1)	(-1, -1)	49
18:52:33.623	59	47.0348	(-1, -1)	(-1, -1)	49
18:52:33.690	54	47.1059	(-1, -1)	(-1, -1)	49
18:52:33.754	59	47.1344	(-1, -1)	(-1, -1)	49
18:52:33.824	58	47.1095	(-1, -1)	(-1, -1)	49
18:52:33.884	55	47.0981	(-1, -1)	(-1, -1)	49
18:52:33.948	59	47.1089	(-1, -1)	(-1, -1)	49
18:52:34.018	59	47.0246	(-1, -1)	(-1, -1)	49
18:52:34.086	55	47.2443	(-1, -1)	(-1, -1)	49
18:52:34.150	60	47.1107	(-1, -1)	(-1, -1)	49
18:52:34.219	61	47.0624	(-1, -1)	(-1, -1)	49
18:52:34.289	57	47.0846	(-1, -1)	(-1, -1)	49
18:52:34.352	59	47.1499	(-1, -1)	(-1, -1)	49
18:52:34.422	58	47.0077	(-1, -1)	(-1, -1)	49
18:52:34.483	57	47.0194	(-1, -1)	(-1, -1)	49
18:52:34.546	62	47.1145	(-1, -1)	(-1, -1)	49
18:52:34.616	59	47.1025	(-1, -1)	(-1, -1)	49
18:52:34.688	59	47.0561	(-1, -1)	(-1, -1)	49
18:52:34.754	56	47.0394	(-1, -1)	(-1, -1)	49
18:52:34.819	58	47.0585	(-1, -1)	(-1, -1)	49
18:52:34.885	53	47.1222	(-1, -1)	(-1, -1)	49
18:52:34.940	56	47.1502	(-1, -1)	(-1, -1)	49
18:52:35.005	59	47.0441	(-1, -1)	(-1, -1)	49
18:52:35.075	58	47.0904	(-1, -1)	(-1, -1)	49
18:52:35.136	57	47.0117	(-1, -1)	(-1, -1)	49
18:52:35.200	60	47.101	(-1, -1)	(-1, -1)	49
18:52:35.269	60	47.0923	(-1, -1)	(-1, -1)	49
18:52:35.339	55	47.0761	(-1, -1)	(-1, -1)	49
18:52:35.399	56	47.168	(-1, -1)	(-1, -1)	49
18:52:35.464	59	47.1079	(-1, -1)	(-1, -1)	49
18:52:35.534	58	47.0529	(-1, -1)	(-1, -1)	49
18:52:35.595	55	47.1788	(-1, -1)	(-1, -1)	49
18:52:35.659	59	47.1502	(-1, -1)	(-1, -1)	49
18:52:35.728	59	47.0539	(-1, -1)	(-1, -1)	49
18:52:35.789	56	47.0668	(-1, -1)	(-1, -1)	49
18:52:35.852	56	47.0281	(-1, -1)	(-1, -1)	49
18:52:35.916	57	47.0361	(-1, -1)	(-1, -1)	49
18:52:35.984	57	47.095	(-1, -1)	(-1, -1)	49
18:52:36.048	60	47.0364	(-1, -1)	(-1, -1)	49
18:52:36.118	58	47.125	(-1, -1)	(-1, -1)	49
18:52:36.186	55	47.0938	(-1, -1)	(-1, -1)	49
18:52:36.250	59	47.1147	(-1, -1)	(-1, -1)	49
18:52:36.319	58	47.033	(-1, -1)	(-1, -1)	49
18:52:36.389	56	47.1483	(-1, -1)	(-1, -1)	49
18:52:36.456	55	47.1849	(-1, -1)	(-1, -1)	49
18:52:36.520	59	47.093	(-1, -1)	(-1, -1)	49
18:52:36.590	58	47.1126	(-1, -1)	(-1, -1)	49
18:52:36.651	56	47.1898	(-1, -1)	(-1, -1)	49
18:52:36.715	58	47.1431	(-1, -1)	(-1, -1)	49
18:52:36.786	59	47.0769	(-1, -1)	(-1, -1)	49
18:52:36.853	56	47.1065	(-1, -1)	(-1, -1)	49
18:52:36.917	59	47.0696	(-1, -1)	(-1, -1)	49
18:52:36.987	58	47.0385	(-1, -1)	(-1, -1)	49
18:52:37.047	55	47.0569	(-1, -1)	(-1, -1)	49
18:52:37.109	57	47.2484	(-1, -1)	(-1, -1)	49
18:52:37.174	60	47.0742	(-1, -1)	(-1, -1)	49
18:52:37.243	54	47.2385	(-1, -1)	(-1, -1)	49
18:52:37.305	53	47.0899	(-1, -1)	(-1, -1)	49
18:52:37.368	60	47.0804	(-1, -1)	(-1, -1)	49
18:52:37.438	59	47.1354	(-1, -1)	(-1, -1)	49
18:52:37.505	54	47.1588	(-1, -1)	(-1, -1)	49
18:52:37.563	59	47.0739	(-1, -1)	(-1, -1)	49
18:52:37.633	58	47.165	(-1, -1)	(-1, -1)	49
18:52:37.694	56	47.0656	(-1, -1)	(-1, -1)	49
18:52:37.758	59	47.0496	(-1, -1)	(-1, -1)	49
18:52:37.828	59	47.0316	(-1, -1)	(-1, -1)	49
18:52:37.898	56	47.1004	(-1, -1)	(-1, -1)	49
18:52:37.960	59	47.0844	(-1, -1)	(-1, -1)	49
18:52:38.029	60	47.0953	(-1, -1)	(-1, -1)	49
18:52:38.100	56	47.0809	(-1, -1)	(-1, -1)	49
18:52:38.160	58	47.1256	(-1, -1)	(-1, -1)	49
18:52:38.224	59	47.1156	(-1, -1)	(-1, -1)	49
18:52:38.294	58	47.0788	(-1, -1)	(-1, -1)	49
18:52:38.355	57	47.0726	(-1, -1)	(-1, -1)	49
18:52:38.418	60	47.1316	(-1, -1)	(-1, -1)	49
18:52:38.492	59	47.0385	(-1, -1)	(-1, -1)	49
18:52:38.555	55	47.1287	(-1, -1)	(-1, -1)	49
18:52:38.620	59	47.1218	(-1, -1)	(-1, -1)	49
18:52:38.691	57	47.0673	(-1, -1)	(-1, -1)	49
18:52:38.750	55	47.1302	(-1, -1)	(-1, -1)	49
18:52:38.814	61	47.0658	(-1, -1)	(-1, -1)	49
18:52:38.884	59	47.0529	(-1, -1)	(-1, -1)	49
18:52:38.946	54	47.1539	(-1, -1)	(-1, -1)	49
18:52:39.007	55	47.1156	(-1, -1)	(-1, -1)	49
18:52:39.072	58	47.0975	(-1, -1)	(-1, -1)	49
18:52:39.141	57	47.0763	(-1, -1)	(-1, -1)	49
18:52:39.202	57	47.1093	(-1, -1)	(-1, -1)	49
18:52:39.267	59	47.0692	(-1, -1)	(-1, -1)	49
18:52:39.336	59	47.0733	(-1, -1)	(-1, -1)	49
18:52:39.397	56	47.0708	(-1, -1)	(-1, -1)	49
18:52:39.461	59	47.1239	(-1, -1)	(-1, -1)	49
18:52:39.531	57	47.0569	(-1, -1)	(-1, -1)	49
18:52:39.592	56	47.0579	(-1, -1)	(-1, -1)	49
18:52:39.656	58	47.024	(-1, -1)	(-1, -1)	49
18:52:39.727	59	47.089	(-1, -1)	(-1, -1)	49
18:52:39.794	55	47.147	(-1, -1)	(-1, -1)	49
18:52:39.856	57	47.0825	(-1, -1)	(-1, -1)	49
18:52:39.920	58	47.0649	(-1, -1)	(-1, -1)	49
18:52:39.983	57	47.0487	(-1, -1)	(-1, -1)	49
18:52:40.044	57	47.0911	(-1, -1)	(-1, -1)	49
18:52:40.109	59	47.0579	(-1, -1)	(-1, -1)	49
18:52:40.181	58	47.0449	(-1, -1)	(-1, -1)	49
18:52:40.245	54	47.0846	(-1, -1)	(-1, -1)	49
18:52:40.310	59	47.155	(-1, -1)	(-1, -1)	49
18:52:40.379	58	47.0487	(-1, -1)	(-1, -1)	49
18:52:40.440	53	47.1363	(-1, -1)	(-1, -1)	49
18:52:40.495	55	47.1058	(-1, -1)	(-1, -1)	49
18:52:40.559	59	47.0821	(-1, -1)	(-1, -1)	49
18:52:40.621	54	47.1484	(-1, -1)	(-1, -1)	49
18:52:40.685	59	47.0585	(-1, -1)	(-1, -1)	49
18:52:40.754	59	47.0253	(-1, -1)	(-1, -1)	49
18:52:40.825	57	47.017	(-1, -1)	(-1, -1)	49
18:52:40.885	59	47.0403	(-1, -1)	(-1, -1)	49
18:52:40.949	59	47.151	(-1, -1)	(-1, -1)	49
18:52:41.018	58	47.0295	(-1, -1)	(-1, -1)	49
18:52:41.079	56	47.1037	(-1, -1)	(-1, -1)	49
18:52:41.147	59	47.0622	(-1, -1)	(-1, -1)	49
18:52:41.213	60	47.0804	(-1, -1)	(-1, -1)	49
18:52:41.282	55	47.0253	(-1, -1)	(-1, -1)	49
18:52:41.345	59	47.0911	(-1, -1)	(-1, -1)	49
18:52:41.415	57	47.0533	(-1, -1)	(-1, -1)	49
18:52:41.477	60	47.0582	(-1, -1)	(-1, -1)	49
18:52:41.546	59	47.1188	(-1, -1)	(-1, -1)	49
18:52:41.616	58	47.1145	(-1, -1)	(-1, -1)	49
18:52:41.677	55	47.1904	(-1, -1)	(-1, -1)	49
18:52:41.741	60	47.0621	(-1, -1)	(-1, -1)	49
18:52:41.811	58	47.0446	(-1, -1)	(-1, -1)	49
18:52:41.873	56	47.0379	(-1, -1)	(-1, -1)	49
18:52:41.934	53	47.0941	(-1, -1)	(-1, -1)	49
18:52:41.998	60	47.0283	(-1, -1)	(-1, -1)	49
18:52:42.069	59	47.0267	(-1, -1)	(-1, -1)	49
18:52:42.129	55	47.1253	(-1, -1)	(-1, -1)	49
18:52:42.194	60	47.024	(-1, -1)	(-1, -1)	49
18:52:42.263	58	47.1074	(-1, -1)	(-1, -1)	49
18:52:42.332	55	47.1121	(-1, -1)	(-1, -1)	49
18:52:42.395	58	47.1159	(-1, -1)	(-1, -1)	49
18:52:42.465	59	47.0369	(-1, -1)	(-1, -1)	49
18:52:42.533	57	47.0893	(-1, -1)	(-1, -1)	49
18:52:42.596	57	47.0867	(-1, -1)	(-1, -1)	49
18:52:42.659	58	47.1532	(-1, -1)	(-1, -1)	49
18:52:42.721	54	47.0564	(-1, -1)	(-1, -1)	49
18:52:42.783	54	47.1584	(-1, -1)	(-1, -1)	49
18:52:42.846	55	47.052	(-1, -1)	(-1, -1)	49
18:52:42.910	58	47.0563	(-1, -1)	(-1, -1)	49
18:52:42.977	58	47.0904	(-1, -1)	(-1, -1)	49
18:52:43.042	59	47.0973	(-1, -1)	(-1, -1)	49
18:52:43.111	59	47.1031	(-1, -1)	(-1, -1)	49
18:52:43.180	55	47.0416	(-1, -1)	(-1, -1)	49
18:52:43.244	58	47.0621	(-1, -1)	(-1, -1)	49
18:52:43.312	59	47.0684	(-1, -1)	(-1, -1)	49
18:52:43.381	55	47.0701	(-1, -1)	(-1, -1)	49
18:52:43.444	60	47.0241	(-1, -1)	(-1, -1)	49
18:52:43.515	56	47.0883	(-1, -1)	(-1, -1)	49
18:52:43.576	55	47.045	(-1, -1)	(-1, -1)	49
18:52:43.637	53	47.1924	(-1, -1)	(-1, -1)	49
18:52:43.701	57	47.1086	(-1, -1)	(-1, -1)	49
18:52:43.762	54	47.0551	(-1, -1)	(-1, -1)	49
18:52:43.818	55	47.1739	(-1, -1)	(-1, -1)	49
18:52:43.882	59	47.0465	(-1, -1)	(-1, -1)	49
18:52:43.952	59	47.1041	(-1, -1)	(-1, -1)	49
18:52:44.013	54	47.1421	(-1, -1)	(-1, -1)	49
18:52:44.078	59	47.0714	(-1, -1)	(-1, -1)	49
18:52:44.147	60	47.0655	(-1, -1)	(-1, -1)	49
18:52:44.217	57	47.0886	(-1, -1)	(-1, -1)	49
18:52:44.278	58	47.1215	(-1, -1)	(-1, -1)	49
18:52:44.342	58	47.1505	(-1, -1)	(-1, -1)	49
18:52:44.411	60	47.0508	(-1, -1)	(-1, -1)	49
18:52:44.480	59	47.06	(-1, -1)	(-1, -1)	49
18:52:44.550	59	47.0714	(-1, -1)	(-1, -1)	49
18:52:44.619	60	47.0418	(-1, -1)	(-1, -1)	49
18:52:44.689	58	47.0547	(-1, -1)	(-1, -1)	49
18:52:44.751	60	47.1581	(-1, -1)	(-1, -1)	49
18:52:44.821	56	47.0519	(-1, -1)	(-1, -1)	49
18:52:44.884	59	47.057	(-1, -1)	(-1, -1)	49
18:52:44.953	59	47.1606	(-1, -1)	(-1, -1)	49
18:52:45.024	56	47.0354	(-1, -1)	(-1, -1)	49
18:52:45.083	54	47.1314	(-1, -1)	(-1, -1)	49
18:52:45.148	60	47.0511	(-1, -1)	(-1, -1)	49
18:52:45.217	58	47.0471	(-1, -1)	(-1, -1)	49
18:52:45.278	55	47.1606	(-1, -1)	(-1, -1)	49
18:52:45.341	57	47.0492	(-1, -1)	(-1, -1)	49
18:52:45.405	60	47.0961	(-1, -1)	(-1, -1)	49
18:52:45.474	56	47.06	(-1, -1)	(-1, -1)	49
18:52:45.537	60	47.0526	(-1, -1)	(-1, -1)	49
18:52:45.606	59	47.1714	(-1, -1)	(-1, -1)	49
18:52:45.677	59	47.0504	(-1, -1)	(-1, -1)	49
18:52:45.744	57	47.0895	(-1, -1)	(-1, -1)	49
18:52:45.809	57	47.1164	(-1, -1)	(-1, -1)	49
18:52:45.870	57	47.0409	(-1, -1)	(-1, -1)	49
18:52:45.934	58	47.0887	(-1, -1)	(-1, -1)	49
18:52:46.002	61	47.064	(-1, -1)	(-1, -1)	49
18:52:46.073	58	47.0434	(-1, -1)	(-1, -1)	49
18:52:46.134	56	47.0861	(-1, -1)	(-1, -1)	49
18:52:46.197	59	47.0591	(-1, -1)	(-1, -1)	49
18:52:46.260	58	47.0564	(-1, -1)	(-1, -1)	49
18:52:46.321	56	47.0314	(-1, -1)	(-1, -1)	49
18:52:46.386	59	47.0607	(-1, -1)	(-1, -1)	49
18:52:46.455	60	47.0652	(-1, -1)	(-1, -1)	49
18:52:46.524	57	47.0101	(-1, -1)	(-1, -1)	49
18:52:46.585	55	47.0902	(-1, -1)	(-1, -1)	49
18:52:46.649	58	47.0693	(-1, -1)	(-1, -1)	49
18:52:46.718	55	47.0683	(-1, -1)	(-1, -1)	49
18:52:46.780	53	47.213	(-1, -1)	(-1, -1)	49
18:52:46.843	58	47.1351	(-1, -1)	(-1, -1)	49
18:52:46.907	57	47.0582	(-1, -1)	(-1, -1)	49
18:52:46.968	56	47.051	(-1, -1)	(-1, -1)	49
18:52:47.030	55	47.1936	(-1, -1)	(-1, -1)	49
18:52:47.094	59	47.0526	(-1, -1)	(-1, -1)	49
18:52:47.163	55	47.1006	(-1, -1)	(-1, -1)	49
18:52:47.225	56	47.0501	(-1, -1)	(-1, -1)	49
18:52:47.289	60	47.0545	(-1, -1)	(-1, -1)	49
18:52:47.360	58	47.1041	(-1, -1)	(-1, -1)	49
18:52:47.428	58	47.0382	(-1, -1)	(-1, -1)	49
18:52:47.489	56	47.0476	(-1, -1)	(-1, -1)	49
18:52:47.554	58	47.0929	(-1, -1)	(-1, -1)	49
18:52:47.621	57	47.064	(-1, -1)	(-1, -1)	49
18:52:47.685	58	47.1514	(-1, -1)	(-1, -1)	49
18:52:47.748	59	47.0406	(-1, -1)	(-1, -1)	49
18:52:47.816	57	47.0893	(-1, -1)	(-1, -1)	49
18:52:47.880	59	47.0627	(-1, -1)	(-1, -1)	49
18:52:47.949	59	47.0575	(-1, -1)	(-1, -1)	49
18:52:48.011	55	47.0461	(-1, -1)	(-1, -1)	49
18:52:48.073	56	47.1127	(-1, -1)	(-1, -1)	49
18:52:48.137	60	47.1193	(-1, -1)	(-1, -1)	49
18:52:48.207	55	47.0406	(-1, -1)	(-1, -1)	49
18:52:48.268	56	47.0727	(-1, -1)	(-1, -1)	49
18:52:48.331	56	47.0689	(-1, -1)	(-1, -1)	49
18:52:48.394	69	47.0452	(-1, -1)	(-1, -1)	49
18:52:48.470	55	47.0194	(-1, -1)	(-1, -1)	49
18:52:48.533	60	47.1166	(-1, -1)	(-1, -1)	49
18:52:48.603	58	47.0144	(-1, -1)	(-1, -1)	49
18:52:48.663	54	47.0621	(-1, -1)	(-1, -1)	49
18:52:48.727	55	47.0773	(-1, -1)	(-1, -1)	49
18:52:48.790	58	47.0111	(-1, -1)	(-1, -1)	49
18:52:48.852	55	47.1618	(-1, -1)	(-1, -1)	49
18:52:48.915	56	47.0295	(-1, -1)	(-1, -1)	49
18:52:48.979	59	47.0609	(-1, -1)	(-1, -1)	49
18:52:49.048	57	47.04	(-1, -1)	(-1, -1)	49
18:52:49.108	58	47.053	(-1, -1)	(-1, -1)	49
18:52:49.172	60	47.079	(-1, -1)	(-1, -1)	49
18:52:49.242	59	47.1313	(-1, -1)	(-1, -1)	49
18:52:49.304	55	47.0624	(-1, -1)	(-1, -1)	49
18:52:49.367	60	47.0964	(-1, -1)	(-1, -1)	49
18:52:49.437	59	47.0899	(-1, -1)	(-1, -1)	49
18:52:49.506	56	47.0975	(-1, -1)	(-1, -1)	49
18:52:49.569	58	47.0416	(-1, -1)	(-1, -1)	49
18:52:49.631	55	47.0477	(-1, -1)	(-1, -1)	49
18:52:49.693	55	47.0735	(-1, -1)	(-1, -1)	49
18:52:49.755	54	47.1333	(-1, -1)	(-1, -1)	49
18:52:49.811	55	47.0933	(-1, -1)	(-1, -1)	49
18:52:49.876	59	47.1255	(-1, -1)	(-1, -1)	49
18:52:49.943	55	47.227	(-1, -1)	(-1, -1)	49
18:52:50.007	59	47.1667	(-1, -1)	(-1, -1)	49
18:52:50.077	60	47.0769	(-1, -1)	(-1, -1)	49
18:52:50.145	58	47.0864	(-1, -1)	(-1, -1)	49
18:52:50.211	58	47.0564	(-1, -1)	(-1, -1)	49
18:52:50.277	55	47.1649	(-1, -1)	(-1, -1)	49
18:52:50.341	54	47.0302	(-1, -1)	(-1, -1)	49
18:52:50.403	57	47.125	(-1, -1)	(-1, -1)	49
18:52:50.466	59	47.0194	(-1, -1)	(-1, -1)	49
18:52:50.536	59	47.0209	(-1, -1)	(-1, -1)	49
18:52:50.604	56	47.1587	(-1, -1)	(-1, -1)	49
18:52:50.667	59	47.0911	(-1, -1)	(-1, -1)	49
18:52:50.740	58	47.0644	(-1, -1)	(-1, -1)	49
18:52:50.804	55	47.2007	(-1, -1)	(-1, -1)	49
18:52:50.868	59	47.0119	(-1, -1)	(-1, -1)	49
18:52:50.932	58	47.0262	(-1, -1)	(-1, -1)	49
18:52:51.001	56	47.0659	(-1, -1)	(-1, -1)	49
18:52:51.064	58	47.1169	(-1, -1)	(-1, -1)	49
18:52:51.133	59	47.0378	(-1, -1)	(-1, -1)	49
18:52:51.195	55	47.0676	(-1, -1)	(-1, -1)	49
18:52:51.257	54	47.1868	(-1, -1)	(-1, -1)	49
18:52:51.321	59	47.0593	(-1, -1)	(-1, -1)	49
18:52:51.390	58	47.0443	(-1, -1)	(-1, -1)	49
18:52:51.451	55	47.1116	(-1, -1)	(-1, -1)	49
18:52:51.516	58	47.0276	(-1, -1)	(-1, -1)	49
18:52:51.585	60	47.065	(-1, -1)	(-1, -1)	49
18:52:51.653	56	47.0388	(-1, -1)	(-1, -1)	49
18:52:51.717	59	47.0639	(-1, -1)	(-1, -1)	49
18:52:51.787	58	47.0999	(-1, -1)	(-1, -1)	49
18:52:51.848	57	47.1036	(-1, -1)	(-1, -1)	49
18:52:51.914	60	47.0818	(-1, -1)	(-1, -1)	49
18:52:51.981	59	47.0997	(-1, -1)	(-1, -1)	49
18:52:52.051	55	47.0601	(-1, -1)	(-1, -1)	49
18:52:52.115	60	47.1135	(-1, -1)	(-1, -1)	49
18:52:52.183	59	47.0713	(-1, -1)	(-1, -1)	49
18:52:52.252	59	47.1733	(-1, -1)	(-1, -1)	49
18:52:52.322	59	47.0553	(-1, -1)	(-1, -1)	49
18:52:52.391	60	47.164	(-1, -1)	(-1, -1)	49
18:52:52.461	59	47.0653	(-1, -1)	(-1, -1)	49
18:52:52.523	54	47.0361	(-1, -1)	(-1, -1)	49
18:52:52.586	60	47.0401	(-1, -1)	(-1, -1)	49
18:52:52.655	57	47.1228	(-1, -1)	(-1, -1)	49
18:52:52.718	59	47.0508	(-1, -1)	(-1, -1)	49
18:52:52.787	60	47.0773	(-1, -1)	(-1, -1)	49
18:52:52.858	57	47.0563	(-1, -1)	(-1, -1)	49
18:52:52.918	54	47.0778	(-1, -1)	(-1, -1)	49
18:52:52.982	59	47.0281	(-1, -1)	(-1, -1)	49
18:52:53.052	58	47.0551	(-1, -1)	(-1, -1)	49
18:52:53.114	53	47.06	(-1, -1)	(-1, -1)	49
18:52:53.175	54	47.1351	(-1, -1)	(-1, -1)	49
18:52:53.240	58	47.0831	(-1, -1)	(-1, -1)	49
18:52:53.309	59	47.1255	(-1, -1)	(-1, -1)	49
18:52:53.377	56	47.0828	(-1, -1)	(-1, -1)	49
18:52:53.442	59	47.0427	(-1, -1)	(-1, -1)	49
18:52:53.511	59	47.1113	(-1, -1)	(-1, -1)	49
18:52:53.579	56	47.2578	(-1, -1)	(-1, -1)	49
18:52:53.644	60	47.1244	(-1, -1)	(-1, -1)	49
18:52:53.714	59	47.1418	(-1, -1)	(-1, -1)	49
18:52:53.780	55	47.12	(-1, -1)	(-1, -1)	49
18:52:53.842	57	47.0763	(-1, -1)	(-1, -1)	49
18:52:53.908	59	47.0416	(-1, -1)	(-1, -1)	49
18:52:53.975	55	47.1191	(-1, -1)	(-1, -1)	49
18:52:54.037	55	47.0898	(-1, -1)	(-1, -1)	49
18:52:54.102	58	47.0644	(-1, -1)	(-1, -1)	49
18:52:54.162	54	47.1493	(-1, -1)	(-1, -1)	49
18:52:54.218	54	47.1299	(-1, -1)	(-1, -1)	49
18:52:54.282	59	47.036	(-1, -1)	(-1, -1)	49
18:52:54.356	57	47.0953	(-1, -1)	(-1, -1)	49
18:52:54.419	57	47.2323	(-1, -1)	(-1, -1)	49
18:52:54.484	59	47.0547	(-1, -1)	(-1, -1)	49
18:52:54.554	58	47.0961	(-1, -1)	(-1, -1)	49
18:52:54.614	54	47.0941	(-1, -1)	(-1, -1)	49
18:52:54.678	60	47.0369	(-1, -1)	(-1, -1)	49
18:52:54.748	59	47.0609	(-1, -1)	(-1, -1)	49
18:52:54.809	56	47.1139	(-1, -1)	(-1, -1)	49
18:52:54.871	54	47.1409	(-1, -1)	(-1, -1)	49
18:52:54.936	58	47.108	(-1, -1)	(-1, -1)	49
18:52:55.006	59	47.0489	(-1, -1)	(-1, -1)	49
18:52:55.073	56	47.1778	(-1, -1)	(-1, -1)	49
18:52:55.137	59	47.0446	(-1, -1)	(-1, -1)	49
18:52:55.211	58	47.0628	(-1, -1)	(-1, -1)	49
18:52:55.275	56	47.0646	(-1, -1)	(-1, -1)	49
18:52:55.339	59	47.0747	(-1, -1)	(-1, -1)	49
18:52:55.411	59	47.0338	(-1, -1)	(-1, -1)	49
18:52:55.477	64	47.0536	(-1, -1)	(-1, -1)	49
18:52:55.547	60	47.0399	(-1, -1)	(-1, -1)	49
18:52:55.617	60	47.1059	(-1, -1)	(-1, -1)	49
18:52:55.678	55	47.1517	(-1, -1)	(-1, -1)	49
18:52:55.742	59	47.0364	(-1, -1)	(-1, -1)	49
18:52:55.812	58	47.0647	(-1, -1)	(-1, -1)	49
18:52:55.872	55	47.1464	(-1, -1)	(-1, -1)	49
18:52:55.936	59	47.0479	(-1, -1)	(-1, -1)	49
18:52:55.998	56	47.053	(-1, -1)	(-1, -1)	49
18:52:56.061	56	47.0692	(-1, -1)	(-1, -1)	49
18:52:56.123	56	47.0745	(-1, -1)	(-1, -1)	49
18:52:56.186	57	47.0154	(-1, -1)	(-1, -1)	49
18:52:56.250	58	47.0625	(-1, -1)	(-1, -1)	49
18:52:56.311	54	47.1862	(-1, -1)	(-1, -1)	49
18:52:56.366	55	47.1345	(-1, -1)	(-1, -1)	49
18:52:56.430	60	47.1047	(-1, -1)	(-1, -1)	49
18:52:56.499	55	47.0382	(-1, -1)	(-1, -1)	49
18:52:56.562	60	47.1332	(-1, -1)	(-1, -1)	49
18:52:56.632	58	47.0523	(-1, -1)	(-1, -1)	49
18:52:56.701	61	47.0548	(-1, -1)	(-1, -1)	49
18:52:56.774	57	47.1505	(-1, -1)	(-1, -1)	49
18:52:56.841	57	47.1252	(-1, -1)	(-1, -1)	49
18:52:56.903	54	47.0279	(-1, -1)	(-1, -1)	49
18:52:56.964	57	47.056	(-1, -1)	(-1, -1)	49
18:52:57.028	59	47.0302	(-1, -1)	(-1, -1)	49
18:52:57.097	59	47.1253	(-1, -1)	(-1, -1)	49
18:52:57.159	56	47.1708	(-1, -1)	(-1, -1)	49
18:52:57.223	58	47.0559	(-1, -1)	(-1, -1)	49
18:52:57.287	58	47.1369	(-1, -1)	(-1, -1)	49
18:52:57.355	57	47.0419	(-1, -1)	(-1, -1)	49
18:52:57.416	57	47.0664	(-1, -1)	(-1, -1)	49
18:52:57.480	59	47.0785	(-1, -1)	(-1, -1)	49
18:52:57.550	58	47.0508	(-1, -1)	(-1, -1)	49
18:52:57.611	57	47.0231	(-1, -1)	(-1, -1)	49
18:52:57.676	58	47.0579	(-1, -1)	(-1, -1)	49
18:52:57.745	58	47.1084	(-1, -1)	(-1, -1)	49
18:52:57.805	53	47.1095	(-1, -1)	(-1, -1)	49
18:52:57.860	56	47.1135	(-1, -1)	(-1, -1)	49
18:52:57.927	59	47.1076	(-1, -1)	(-1, -1)	49
18:52:57.993	53	47.068	(-1, -1)	(-1, -1)	49
18:52:58.048	54	47.2095	(-1, -1)	(-1, -1)	49
18:52:58.114	58	47.0354	(-1, -1)	(-1, -1)	49
18:52:58.182	59	47.0613	(-1, -1)	(-1, -1)	49
18:52:58.243	57	47.0717	(-1, -1)	(-1, -1)	49
18:52:58.307	59	47.0265	(-1, -1)	(-1, -1)	49
18:52:58.370	59	47.0868	(-1, -1)	(-1, -1)	49
18:52:58.431	57	47.0686	(-1, -1)	(-1, -1)	49
18:52:58.495	59	47.0972	(-1, -1)	(-1, -1)	49
18:52:58.565	59	47.0444	(-1, -1)	(-1, -1)	49
18:52:58.634	58	47.0375	(-1, -1)	(-1, -1)	49
18:52:58.696	61	47.1076	(-1, -1)	(-1, -1)	49
18:52:58.766	58	47.0209	(-1, -1)	(-1, -1)	49
18:52:58.828	55	47.1533	(-1, -1)	(-1, -1)	49
18:52:58.889	59	47.157	(-1, -1)	(-1, -1)	49
18:52:58.954	60	47.0123	(-1, -1)	(-1, -1)	49
18:52:59.026	60	47.0403	(-1, -1)	(-1, -1)	49
18:52:59.091	56	47.1393	(-1, -1)	(-1, -1)	49
18:52:59.155	60	47.0523	(-1, -1)	(-1, -1)	49
18:52:59.226	58	47.1079	(-1, -1)	(-1, -1)	49
18:52:59.293	55	47.1889	(-1, -1)	(-1, -1)	49
18:52:59.357	59	47.107	(-1, -1)	(-1, -1)	49
18:52:59.428	60	47.0221	(-1, -1)	(-1, -1)	49
18:52:59.494	53	47.1156	(-1, -1)	(-1, -1)	49
18:52:59.549	57	47.1271	(-1, -1)	(-1, -1)	49
18:52:59.614	58	47.0985	(-1, -1)	(-1, -1)	49
18:52:59.675	54	47.1468	(-1, -1)	(-1, -1)	49
18:52:59.737	55	47.0926	(-1, -1)	(-1, -1)	49
18:52:59.802	59	47.1633	(-1, -1)	(-1, -1)	49
EOM

