BOM
Frame extends: 2263, 1306
_ms_area: 10
measurements taken: 585
current rendering method: 0
is mouse replay: 1
Camera settings: Roation Quaternion: ( -0.645554, -0.475982, 0.251161, 0.541854), Translationsvektor: ( -0.0583296, 0.0137825, 1.735).
System_Time	Elapsed_Time_PaintGL	Elapsed_Kernel_Time	Frame_Coordinates	Grid_Position	Manual_Measurement
18:43:53.563	76	67.6104	(-1, -1)	(-1, -1)	49
18:43:53.644	74	67.7016	(-1, -1)	(-1, -1)	49
18:43:53.729	79	67.5496	(-1, -1)	(-1, -1)	49
18:43:53.820	75	67.5449	(-1, -1)	(-1, -1)	49
18:43:53.901	75	67.6336	(-1, -1)	(-1, -1)	49
18:43:53.986	79	67.5273	(-1, -1)	(-1, -1)	49
18:43:54.068	75	67.6588	(-1, -1)	(-1, -1)	49
18:43:54.146	76	67.5557	(-1, -1)	(-1, -1)	49
18:43:54.246	75	67.5364	(-1, -1)	(-1, -1)	49
18:43:54.327	76	67.5532	(-1, -1)	(-1, -1)	49
18:43:54.451	76	67.5458	(-1, -1)	(-1, -1)	49
18:43:54.581	80	67.5579	(-1, -1)	(-1, -1)	49
18:43:54.666	74	67.6499	(-1, -1)	(-1, -1)	49
18:43:54.742	74	67.6107	(-1, -1)	(-1, -1)	49
18:43:54.820	79	67.563	(-1, -1)	(-1, -1)	49
18:43:54.904	80	67.5037	(-1, -1)	(-1, -1)	49
18:43:54.996	74	67.5427	(-1, -1)	(-1, -1)	49
18:43:55.077	75	67.6407	(-1, -1)	(-1, -1)	49
18:43:55.235	76	67.5458	(-1, -1)	(-1, -1)	49
18:43:55.321	78	67.5167	(-1, -1)	(-1, -1)	49
18:43:55.406	79	67.5517	(-1, -1)	(-1, -1)	49
18:43:55.495	79	67.5514	(-1, -1)	(-1, -1)	49
18:43:55.577	76	67.6527	(-1, -1)	(-1, -1)	49
18:43:55.661	80	67.527	(-1, -1)	(-1, -1)	49
18:43:55.743	75	67.625	(-1, -1)	(-1, -1)	49
18:43:55.828	80	67.5585	(-1, -1)	(-1, -1)	49
18:43:55.912	79	67.5342	(-1, -1)	(-1, -1)	49
18:43:55.995	80	67.5281	(-1, -1)	(-1, -1)	49
18:43:56.086	79	67.5579	(-1, -1)	(-1, -1)	49
18:43:56.168	74	67.6151	(-1, -1)	(-1, -1)	49
18:43:56.253	78	67.547	(-1, -1)	(-1, -1)	49
18:43:56.343	80	67.5684	(-1, -1)	(-1, -1)	49
18:43:56.426	77	67.5689	(-1, -1)	(-1, -1)	49
18:43:56.510	78	67.5207	(-1, -1)	(-1, -1)	49
18:43:56.592	77	67.5381	(-1, -1)	(-1, -1)	49
18:43:56.677	79	67.5231	(-1, -1)	(-1, -1)	49
18:43:56.761	75	67.5163	(-1, -1)	(-1, -1)	49
18:43:56.849	76	67.5465	(-1, -1)	(-1, -1)	49
18:43:56.934	79	67.5627	(-1, -1)	(-1, -1)	49
18:43:57.015	78	67.617	(-1, -1)	(-1, -1)	49
18:43:57.101	80	67.5492	(-1, -1)	(-1, -1)	49
18:43:57.190	75	67.5616	(-1, -1)	(-1, -1)	49
18:43:57.274	80	67.5231	(-1, -1)	(-1, -1)	49
18:43:57.365	79	67.5437	(-1, -1)	(-1, -1)	49
18:43:57.447	77	67.5461	(-1, -1)	(-1, -1)	49
18:43:57.532	80	67.5474	(-1, -1)	(-1, -1)	49
18:43:57.622	79	67.5433	(-1, -1)	(-1, -1)	49
18:43:57.709	80	67.5927	(-1, -1)	(-1, -1)	49
18:43:57.796	80	67.5994	(-1, -1)	(-1, -1)	49
18:43:57.878	77	67.5516	(-1, -1)	(-1, -1)	49
18:43:57.963	79	67.5244	(-1, -1)	(-1, -1)	49
18:43:58.047	77	67.5767	(-1, -1)	(-1, -1)	49
18:43:58.131	79	67.5604	(-1, -1)	(-1, -1)	49
18:43:58.220	80	67.5855	(-1, -1)	(-1, -1)	49
18:43:58.311	80	67.599	(-1, -1)	(-1, -1)	49
18:43:58.400	80	67.5443	(-1, -1)	(-1, -1)	49
18:43:58.492	79	67.5213	(-1, -1)	(-1, -1)	49
18:43:58.580	76	67.6247	(-1, -1)	(-1, -1)	49
18:43:58.664	78	67.5185	(-1, -1)	(-1, -1)	49
18:43:58.746	76	67.644	(-1, -1)	(-1, -1)	49
18:43:58.832	79	67.5504	(-1, -1)	(-1, -1)	49
18:43:58.914	76	67.6779	(-1, -1)	(-1, -1)	49
18:43:58.999	79	67.5619	(-1, -1)	(-1, -1)	49
18:43:59.089	79	67.5763	(-1, -1)	(-1, -1)	49
18:43:59.170	78	67.5603	(-1, -1)	(-1, -1)	49
18:43:59.256	79	67.5378	(-1, -1)	(-1, -1)	49
18:43:59.337	75	67.6846	(-1, -1)	(-1, -1)	49
18:43:59.422	80	67.5264	(-1, -1)	(-1, -1)	49
18:43:59.513	80	67.5188	(-1, -1)	(-1, -1)	49
18:43:59.603	79	67.576	(-1, -1)	(-1, -1)	49
18:43:59.687	78	67.5446	(-1, -1)	(-1, -1)	49
18:43:59.768	76	67.5761	(-1, -1)	(-1, -1)	49
18:43:59.854	79	67.5683	(-1, -1)	(-1, -1)	49
18:43:59.943	75	67.595	(-1, -1)	(-1, -1)	49
18:44:00.025	75	67.647	(-1, -1)	(-1, -1)	49
18:44:00.110	78	67.516	(-1, -1)	(-1, -1)	49
18:44:00.192	76	67.6329	(-1, -1)	(-1, -1)	49
18:44:00.277	80	67.572	(-1, -1)	(-1, -1)	49
18:44:00.360	77	67.5388	(-1, -1)	(-1, -1)	49
18:44:00.445	80	67.5479	(-1, -1)	(-1, -1)	49
18:44:00.535	79	67.5634	(-1, -1)	(-1, -1)	49
18:44:00.617	75	67.6305	(-1, -1)	(-1, -1)	49
18:44:00.701	81	67.576	(-1, -1)	(-1, -1)	49
18:44:00.792	80	67.5338	(-1, -1)	(-1, -1)	49
18:44:00.882	81	67.5324	(-1, -1)	(-1, -1)	49
18:44:00.973	79	67.564	(-1, -1)	(-1, -1)	49
18:44:01.055	78	67.5444	(-1, -1)	(-1, -1)	49
18:44:01.140	79	67.5479	(-1, -1)	(-1, -1)	49
18:44:01.223	79	67.5215	(-1, -1)	(-1, -1)	49
18:44:01.307	79	67.565	(-1, -1)	(-1, -1)	49
18:44:01.399	81	67.5521	(-1, -1)	(-1, -1)	49
18:44:01.488	79	67.5382	(-1, -1)	(-1, -1)	49
18:44:01.577	79	67.5676	(-1, -1)	(-1, -1)	49
18:44:01.660	75	67.5295	(-1, -1)	(-1, -1)	49
18:44:01.744	80	67.5422	(-1, -1)	(-1, -1)	49
18:44:01.833	77	67.5704	(-1, -1)	(-1, -1)	49
18:44:01.917	75	67.652	(-1, -1)	(-1, -1)	49
18:44:02.002	78	67.5363	(-1, -1)	(-1, -1)	49
18:44:02.084	77	67.5796	(-1, -1)	(-1, -1)	49
18:44:02.168	80	67.5541	(-1, -1)	(-1, -1)	49
18:44:02.259	79	67.5615	(-1, -1)	(-1, -1)	49
18:44:02.341	81	67.5452	(-1, -1)	(-1, -1)	49
18:44:02.425	74	67.6504	(-1, -1)	(-1, -1)	49
18:44:02.508	75	67.6495	(-1, -1)	(-1, -1)	49
18:44:02.593	80	67.5704	(-1, -1)	(-1, -1)	49
18:44:02.683	81	67.5797	(-1, -1)	(-1, -1)	49
18:44:02.773	79	67.544	(-1, -1)	(-1, -1)	49
18:44:02.855	76	67.5357	(-1, -1)	(-1, -1)	49
18:44:02.939	79	67.5027	(-1, -1)	(-1, -1)	49
18:44:03.024	80	67.5424	(-1, -1)	(-1, -1)	49
18:44:03.115	76	67.5796	(-1, -1)	(-1, -1)	49
18:44:03.195	74	67.6483	(-1, -1)	(-1, -1)	49
18:44:03.273	80	67.5615	(-1, -1)	(-1, -1)	49
18:44:03.356	74	67.6161	(-1, -1)	(-1, -1)	49
18:44:03.440	81	67.5662	(-1, -1)	(-1, -1)	49
18:44:03.532	80	67.5679	(-1, -1)	(-1, -1)	49
18:44:03.622	80	67.5016	(-1, -1)	(-1, -1)	49
18:44:03.713	78	67.5107	(-1, -1)	(-1, -1)	49
18:44:03.800	76	67.6213	(-1, -1)	(-1, -1)	49
18:44:03.885	80	67.5296	(-1, -1)	(-1, -1)	49
18:44:03.968	75	67.6173	(-1, -1)	(-1, -1)	49
18:44:04.052	80	67.5649	(-1, -1)	(-1, -1)	49
18:44:04.143	79	67.5529	(-1, -1)	(-1, -1)	49
18:44:04.224	76	67.5698	(-1, -1)	(-1, -1)	49
18:44:04.310	78	67.5527	(-1, -1)	(-1, -1)	49
18:44:04.392	77	67.5281	(-1, -1)	(-1, -1)	49
18:44:04.476	76	67.5455	(-1, -1)	(-1, -1)	49
18:44:04.560	78	67.4852	(-1, -1)	(-1, -1)	49
18:44:04.642	77	67.5196	(-1, -1)	(-1, -1)	49
18:44:04.727	82	67.5919	(-1, -1)	(-1, -1)	49
18:44:04.815	74	67.6102	(-1, -1)	(-1, -1)	49
18:44:04.892	74	67.5748	(-1, -1)	(-1, -1)	49
18:44:04.977	79	67.5696	(-1, -1)	(-1, -1)	49
18:44:05.059	77	67.5481	(-1, -1)	(-1, -1)	49
18:44:05.144	80	67.5615	(-1, -1)	(-1, -1)	49
18:44:05.226	76	67.5277	(-1, -1)	(-1, -1)	49
18:44:05.310	77	67.528	(-1, -1)	(-1, -1)	49
18:44:05.394	78	67.517	(-1, -1)	(-1, -1)	49
18:44:05.476	77	67.528	(-1, -1)	(-1, -1)	49
18:44:05.568	79	67.5624	(-1, -1)	(-1, -1)	49
18:44:05.650	76	67.5196	(-1, -1)	(-1, -1)	49
18:44:05.734	80	67.4987	(-1, -1)	(-1, -1)	49
18:44:05.819	79	67.5292	(-1, -1)	(-1, -1)	49
18:44:05.901	76	67.5197	(-1, -1)	(-1, -1)	49
18:44:05.984	80	67.5692	(-1, -1)	(-1, -1)	49
18:44:06.075	82	67.5401	(-1, -1)	(-1, -1)	49
18:44:06.166	78	67.5319	(-1, -1)	(-1, -1)	49
18:44:06.249	79	67.5619	(-1, -1)	(-1, -1)	49
18:44:06.330	75	67.6276	(-1, -1)	(-1, -1)	49
18:44:06.416	79	67.5172	(-1, -1)	(-1, -1)	49
18:44:06.506	75	67.5105	(-1, -1)	(-1, -1)	49
18:44:06.587	75	67.6321	(-1, -1)	(-1, -1)	49
18:44:06.673	80	67.543	(-1, -1)	(-1, -1)	49
18:44:06.764	79	67.521	(-1, -1)	(-1, -1)	49
18:44:06.847	77	67.5541	(-1, -1)	(-1, -1)	49
18:44:06.930	78	67.5643	(-1, -1)	(-1, -1)	49
18:44:07.015	80	67.5514	(-1, -1)	(-1, -1)	49
18:44:07.106	79	67.5726	(-1, -1)	(-1, -1)	49
18:44:07.193	77	67.5068	(-1, -1)	(-1, -1)	49
18:44:07.278	79	67.5513	(-1, -1)	(-1, -1)	49
18:44:07.360	77	67.5473	(-1, -1)	(-1, -1)	49
18:44:07.445	80	67.5547	(-1, -1)	(-1, -1)	49
18:44:07.536	79	67.5566	(-1, -1)	(-1, -1)	49
18:44:07.625	79	67.5366	(-1, -1)	(-1, -1)	49
18:44:07.716	78	67.5636	(-1, -1)	(-1, -1)	49
18:44:07.798	76	67.5359	(-1, -1)	(-1, -1)	49
18:44:07.883	80	67.5304	(-1, -1)	(-1, -1)	49
18:44:07.974	77	67.5624	(-1, -1)	(-1, -1)	49
18:44:08.055	74	67.593	(-1, -1)	(-1, -1)	49
18:44:08.140	79	67.5262	(-1, -1)	(-1, -1)	49
18:44:08.222	74	67.6135	(-1, -1)	(-1, -1)	49
18:44:08.299	75	67.6477	(-1, -1)	(-1, -1)	49
18:44:08.383	81	67.552	(-1, -1)	(-1, -1)	49
18:44:08.474	79	67.5775	(-1, -1)	(-1, -1)	49
18:44:08.558	80	67.5819	(-1, -1)	(-1, -1)	49
18:44:08.647	75	67.6393	(-1, -1)	(-1, -1)	49
18:44:08.731	80	67.5311	(-1, -1)	(-1, -1)	49
18:44:08.821	85	67.5716	(-1, -1)	(-1, -1)	49
18:44:08.910	80	67.565	(-1, -1)	(-1, -1)	49
18:44:08.995	78	67.5428	(-1, -1)	(-1, -1)	49
18:44:09.077	77	67.5576	(-1, -1)	(-1, -1)	49
18:44:09.162	79	67.5493	(-1, -1)	(-1, -1)	49
18:44:09.253	82	67.5067	(-1, -1)	(-1, -1)	49
18:44:09.343	80	67.5039	(-1, -1)	(-1, -1)	49
18:44:09.433	78	67.5197	(-1, -1)	(-1, -1)	49
18:44:09.514	75	67.5929	(-1, -1)	(-1, -1)	49
18:44:09.599	81	67.5673	(-1, -1)	(-1, -1)	49
18:44:09.682	76	67.6219	(-1, -1)	(-1, -1)	49
18:44:09.767	80	67.5009	(-1, -1)	(-1, -1)	49
18:44:09.857	82	67.5111	(-1, -1)	(-1, -1)	49
18:44:09.948	79	67.5031	(-1, -1)	(-1, -1)	49
18:44:10.038	79	67.5742	(-1, -1)	(-1, -1)	49
18:44:10.120	78	67.5738	(-1, -1)	(-1, -1)	49
18:44:10.204	80	67.5502	(-1, -1)	(-1, -1)	49
18:44:10.294	76	67.5556	(-1, -1)	(-1, -1)	49
18:44:10.379	81	67.5486	(-1, -1)	(-1, -1)	49
18:44:10.469	78	67.5486	(-1, -1)	(-1, -1)	49
18:44:10.551	77	67.5348	(-1, -1)	(-1, -1)	49
18:44:10.635	79	67.5686	(-1, -1)	(-1, -1)	49
18:44:10.718	74	67.5772	(-1, -1)	(-1, -1)	49
18:44:10.804	83	67.5439	(-1, -1)	(-1, -1)	49
18:44:10.892	79	67.5847	(-1, -1)	(-1, -1)	49
18:44:10.974	77	67.5489	(-1, -1)	(-1, -1)	49
18:44:11.060	80	67.5361	(-1, -1)	(-1, -1)	49
18:44:11.151	78	67.5353	(-1, -1)	(-1, -1)	49
18:44:11.232	73	67.5859	(-1, -1)	(-1, -1)	49
18:44:11.309	77	67.5844	(-1, -1)	(-1, -1)	49
18:44:11.394	77	67.5153	(-1, -1)	(-1, -1)	49
18:44:11.475	77	67.509	(-1, -1)	(-1, -1)	49
18:44:11.561	79	67.5233	(-1, -1)	(-1, -1)	49
18:44:11.650	76	67.5493	(-1, -1)	(-1, -1)	49
18:44:11.733	76	67.5319	(-1, -1)	(-1, -1)	49
18:44:11.817	77	67.5415	(-1, -1)	(-1, -1)	49
18:44:11.903	79	67.5203	(-1, -1)	(-1, -1)	49
18:44:11.991	78	67.5619	(-1, -1)	(-1, -1)	49
18:44:12.072	76	67.6535	(-1, -1)	(-1, -1)	49
18:44:12.159	79	67.521	(-1, -1)	(-1, -1)	49
18:44:12.249	79	67.5376	(-1, -1)	(-1, -1)	49
18:44:12.339	79	67.5874	(-1, -1)	(-1, -1)	49
18:44:12.422	78	67.5237	(-1, -1)	(-1, -1)	49
18:44:12.503	76	67.6233	(-1, -1)	(-1, -1)	49
18:44:12.589	80	67.5021	(-1, -1)	(-1, -1)	49
18:44:12.671	75	67.5673	(-1, -1)	(-1, -1)	49
18:44:12.755	76	67.5447	(-1, -1)	(-1, -1)	49
18:44:12.839	78	67.584	(-1, -1)	(-1, -1)	49
18:44:12.923	81	67.5981	(-1, -1)	(-1, -1)	49
18:44:13.014	78	67.5511	(-1, -1)	(-1, -1)	49
18:44:13.095	77	67.5332	(-1, -1)	(-1, -1)	49
18:44:13.181	77	67.5396	(-1, -1)	(-1, -1)	49
18:44:13.271	82	67.5135	(-1, -1)	(-1, -1)	49
18:44:13.361	80	67.5089	(-1, -1)	(-1, -1)	49
18:44:13.451	80	67.5425	(-1, -1)	(-1, -1)	49
18:44:13.533	78	67.5834	(-1, -1)	(-1, -1)	49
18:44:13.618	79	67.5344	(-1, -1)	(-1, -1)	49
18:44:13.702	79	67.5683	(-1, -1)	(-1, -1)	49
18:44:13.790	77	67.5876	(-1, -1)	(-1, -1)	49
18:44:13.875	79	67.5187	(-1, -1)	(-1, -1)	49
18:44:13.957	77	67.5396	(-1, -1)	(-1, -1)	49
18:44:14.042	80	67.5462	(-1, -1)	(-1, -1)	49
18:44:14.132	75	67.5664	(-1, -1)	(-1, -1)	49
18:44:14.214	74	67.5953	(-1, -1)	(-1, -1)	49
18:44:14.299	79	67.551	(-1, -1)	(-1, -1)	49
18:44:14.381	75	67.632	(-1, -1)	(-1, -1)	49
18:44:14.465	80	67.5166	(-1, -1)	(-1, -1)	49
18:44:14.549	78	67.5926	(-1, -1)	(-1, -1)	49
18:44:14.633	80	67.5061	(-1, -1)	(-1, -1)	49
18:44:14.723	80	67.5538	(-1, -1)	(-1, -1)	49
18:44:14.805	74	67.6079	(-1, -1)	(-1, -1)	49
18:44:14.883	80	67.5707	(-1, -1)	(-1, -1)	49
18:44:14.968	77	67.5415	(-1, -1)	(-1, -1)	49
18:44:15.050	79	67.5886	(-1, -1)	(-1, -1)	49
18:44:15.133	79	67.5401	(-1, -1)	(-1, -1)	49
18:44:15.216	77	67.5393	(-1, -1)	(-1, -1)	49
18:44:15.300	80	67.5418	(-1, -1)	(-1, -1)	49
18:44:15.391	80	67.5452	(-1, -1)	(-1, -1)	49
18:44:15.473	75	67.668	(-1, -1)	(-1, -1)	49
18:44:15.559	79	67.5453	(-1, -1)	(-1, -1)	49
18:44:15.646	75	67.671	(-1, -1)	(-1, -1)	49
18:44:15.731	80	67.5521	(-1, -1)	(-1, -1)	49
18:44:15.814	85	67.5301	(-1, -1)	(-1, -1)	49
18:44:15.905	79	67.5541	(-1, -1)	(-1, -1)	49
18:44:15.989	78	67.5473	(-1, -1)	(-1, -1)	49
18:44:16.070	75	67.6941	(-1, -1)	(-1, -1)	49
18:44:16.155	80	67.5742	(-1, -1)	(-1, -1)	49
18:44:16.240	78	67.5416	(-1, -1)	(-1, -1)	49
18:44:16.321	80	67.539	(-1, -1)	(-1, -1)	49
18:44:16.405	79	67.5892	(-1, -1)	(-1, -1)	49
18:44:16.489	81	67.5579	(-1, -1)	(-1, -1)	49
18:44:16.579	79	67.5704	(-1, -1)	(-1, -1)	49
18:44:16.663	80	67.541	(-1, -1)	(-1, -1)	49
18:44:16.754	79	67.6213	(-1, -1)	(-1, -1)	49
18:44:16.844	78	67.5606	(-1, -1)	(-1, -1)	49
18:44:16.926	76	67.5456	(-1, -1)	(-1, -1)	49
18:44:17.011	79	67.5634	(-1, -1)	(-1, -1)	49
18:44:17.101	79	67.4997	(-1, -1)	(-1, -1)	49
18:44:17.183	77	67.5868	(-1, -1)	(-1, -1)	49
18:44:17.268	78	67.568	(-1, -1)	(-1, -1)	49
18:44:17.349	75	67.5914	(-1, -1)	(-1, -1)	49
18:44:17.426	77	67.575	(-1, -1)	(-1, -1)	49
18:44:17.511	79	67.5609	(-1, -1)	(-1, -1)	49
18:44:17.592	75	67.6446	(-1, -1)	(-1, -1)	49
18:44:17.678	79	67.576	(-1, -1)	(-1, -1)	49
18:44:17.767	77	67.5185	(-1, -1)	(-1, -1)	49
18:44:17.851	75	67.5326	(-1, -1)	(-1, -1)	49
18:44:17.933	75	67.6461	(-1, -1)	(-1, -1)	49
18:44:18.018	80	67.5419	(-1, -1)	(-1, -1)	49
18:44:18.109	79	67.5807	(-1, -1)	(-1, -1)	49
18:44:18.192	77	67.56	(-1, -1)	(-1, -1)	49
18:44:18.276	79	67.5726	(-1, -1)	(-1, -1)	49
18:44:18.366	78	67.5316	(-1, -1)	(-1, -1)	49
18:44:18.448	78	67.5575	(-1, -1)	(-1, -1)	49
18:44:18.533	79	67.4967	(-1, -1)	(-1, -1)	49
18:44:18.615	77	67.5406	(-1, -1)	(-1, -1)	49
18:44:18.700	78	67.512	(-1, -1)	(-1, -1)	49
18:44:18.782	77	67.5236	(-1, -1)	(-1, -1)	49
18:44:18.866	76	67.549	(-1, -1)	(-1, -1)	49
18:44:18.948	74	67.6084	(-1, -1)	(-1, -1)	49
18:44:19.024	75	67.6065	(-1, -1)	(-1, -1)	49
18:44:19.103	80	67.5994	(-1, -1)	(-1, -1)	49
18:44:19.193	78	67.5597	(-1, -1)	(-1, -1)	49
18:44:19.275	75	67.6018	(-1, -1)	(-1, -1)	49
18:44:19.361	80	67.5471	(-1, -1)	(-1, -1)	49
18:44:19.449	76	67.5975	(-1, -1)	(-1, -1)	49
18:44:19.537	80	67.5347	(-1, -1)	(-1, -1)	49
18:44:19.625	78	67.5443	(-1, -1)	(-1, -1)	49
18:44:19.707	77	67.5529	(-1, -1)	(-1, -1)	49
18:44:19.791	79	67.5107	(-1, -1)	(-1, -1)	49
18:44:19.873	77	67.5305	(-1, -1)	(-1, -1)	49
18:44:19.960	81	67.5665	(-1, -1)	(-1, -1)	49
18:44:20.048	79	67.548	(-1, -1)	(-1, -1)	49
18:44:20.130	80	67.5677	(-1, -1)	(-1, -1)	49
18:44:20.215	76	67.5436	(-1, -1)	(-1, -1)	49
18:44:20.297	77	67.6073	(-1, -1)	(-1, -1)	49
18:44:20.382	79	67.5293	(-1, -1)	(-1, -1)	49
18:44:20.466	79	67.5413	(-1, -1)	(-1, -1)	49
18:44:20.556	80	67.5594	(-1, -1)	(-1, -1)	49
18:44:20.647	80	67.564	(-1, -1)	(-1, -1)	49
18:44:20.735	75	67.6581	(-1, -1)	(-1, -1)	49
18:44:20.820	80	67.5286	(-1, -1)	(-1, -1)	49
18:44:20.903	75	67.5484	(-1, -1)	(-1, -1)	49
18:44:20.988	80	67.5138	(-1, -1)	(-1, -1)	49
18:44:21.077	79	67.5175	(-1, -1)	(-1, -1)	49
18:44:21.159	78	67.5825	(-1, -1)	(-1, -1)	49
18:44:21.244	80	67.5815	(-1, -1)	(-1, -1)	49
18:44:21.327	77	67.5567	(-1, -1)	(-1, -1)	49
18:44:21.412	80	67.5776	(-1, -1)	(-1, -1)	49
18:44:21.501	79	67.5727	(-1, -1)	(-1, -1)	49
18:44:21.583	75	67.6532	(-1, -1)	(-1, -1)	49
18:44:21.668	81	67.5889	(-1, -1)	(-1, -1)	49
18:44:21.757	76	67.6459	(-1, -1)	(-1, -1)	49
18:44:21.842	75	67.5246	(-1, -1)	(-1, -1)	49
18:44:21.925	81	67.5316	(-1, -1)	(-1, -1)	49
18:44:22.016	79	67.5268	(-1, -1)	(-1, -1)	49
18:44:22.098	75	67.567	(-1, -1)	(-1, -1)	49
18:44:22.181	78	67.5273	(-1, -1)	(-1, -1)	49
18:44:22.266	79	67.5477	(-1, -1)	(-1, -1)	49
18:44:22.350	78	67.5824	(-1, -1)	(-1, -1)	49
18:44:22.430	76	67.6447	(-1, -1)	(-1, -1)	49
18:44:22.516	80	67.6113	(-1, -1)	(-1, -1)	49
18:44:22.599	75	67.5145	(-1, -1)	(-1, -1)	49
18:44:22.683	78	67.5621	(-1, -1)	(-1, -1)	49
18:44:22.767	79	67.5833	(-1, -1)	(-1, -1)	49
18:44:22.848	77	67.5538	(-1, -1)	(-1, -1)	49
18:44:22.934	80	67.5436	(-1, -1)	(-1, -1)	49
18:44:23.024	79	67.5366	(-1, -1)	(-1, -1)	49
18:44:23.106	76	67.6652	(-1, -1)	(-1, -1)	49
18:44:23.192	78	67.5407	(-1, -1)	(-1, -1)	49
18:44:23.273	77	67.5892	(-1, -1)	(-1, -1)	49
18:44:23.358	79	67.5107	(-1, -1)	(-1, -1)	49
18:44:23.440	76	67.5865	(-1, -1)	(-1, -1)	49
18:44:23.523	76	67.5439	(-1, -1)	(-1, -1)	49
18:44:23.610	78	67.5148	(-1, -1)	(-1, -1)	49
18:44:23.697	76	67.521	(-1, -1)	(-1, -1)	49
18:44:23.781	79	67.5413	(-1, -1)	(-1, -1)	49
18:44:23.864	76	67.5321	(-1, -1)	(-1, -1)	49
18:44:23.948	80	67.5846	(-1, -1)	(-1, -1)	49
18:44:24.038	79	67.5561	(-1, -1)	(-1, -1)	49
18:44:24.120	74	67.6188	(-1, -1)	(-1, -1)	49
18:44:24.205	81	67.5945	(-1, -1)	(-1, -1)	49
18:44:24.296	78	67.5382	(-1, -1)	(-1, -1)	49
18:44:24.378	74	67.6467	(-1, -1)	(-1, -1)	49
18:44:24.463	80	67.5776	(-1, -1)	(-1, -1)	49
18:44:24.552	77	67.5893	(-1, -1)	(-1, -1)	49
18:44:24.637	78	67.5644	(-1, -1)	(-1, -1)	49
18:44:24.719	75	67.6514	(-1, -1)	(-1, -1)	49
18:44:24.804	79	67.5601	(-1, -1)	(-1, -1)	49
18:44:24.894	80	67.5304	(-1, -1)	(-1, -1)	49
18:44:24.983	77	67.567	(-1, -1)	(-1, -1)	49
18:44:25.067	78	67.5302	(-1, -1)	(-1, -1)	49
18:44:25.149	77	67.5559	(-1, -1)	(-1, -1)	49
18:44:25.235	77	67.5545	(-1, -1)	(-1, -1)	49
18:44:25.318	79	67.565	(-1, -1)	(-1, -1)	49
18:44:25.400	76	67.6575	(-1, -1)	(-1, -1)	49
18:44:25.484	80	67.5396	(-1, -1)	(-1, -1)	49
18:44:25.576	80	67.5551	(-1, -1)	(-1, -1)	49
18:44:25.665	81	67.5578	(-1, -1)	(-1, -1)	49
18:44:25.759	79	67.5748	(-1, -1)	(-1, -1)	49
18:44:25.845	74	67.5964	(-1, -1)	(-1, -1)	49
18:44:25.928	78	67.5456	(-1, -1)	(-1, -1)	49
18:44:26.011	79	67.556	(-1, -1)	(-1, -1)	49
18:44:26.096	81	67.5446	(-1, -1)	(-1, -1)	49
18:44:26.187	77	67.5618	(-1, -1)	(-1, -1)	49
18:44:26.272	79	67.5376	(-1, -1)	(-1, -1)	49
18:44:26.361	80	67.5502	(-1, -1)	(-1, -1)	49
18:44:26.450	76	67.5873	(-1, -1)	(-1, -1)	49
18:44:26.534	81	67.5176	(-1, -1)	(-1, -1)	49
18:44:26.625	80	67.5121	(-1, -1)	(-1, -1)	49
18:44:26.715	81	67.5606	(-1, -1)	(-1, -1)	49
18:44:26.806	79	67.5596	(-1, -1)	(-1, -1)	49
18:44:26.896	79	67.5025	(-1, -1)	(-1, -1)	49
18:44:26.986	79	67.5219	(-1, -1)	(-1, -1)	49
18:44:27.068	77	67.5139	(-1, -1)	(-1, -1)	49
18:44:27.153	80	67.5585	(-1, -1)	(-1, -1)	49
18:44:27.242	76	67.5721	(-1, -1)	(-1, -1)	49
18:44:27.325	77	67.5508	(-1, -1)	(-1, -1)	49
18:44:27.411	78	67.5636	(-1, -1)	(-1, -1)	49
18:44:27.492	75	67.6498	(-1, -1)	(-1, -1)	49
18:44:27.577	79	67.5111	(-1, -1)	(-1, -1)	49
18:44:27.662	77	67.5551	(-1, -1)	(-1, -1)	49
18:44:27.744	79	67.5348	(-1, -1)	(-1, -1)	49
18:44:27.827	80	67.5708	(-1, -1)	(-1, -1)	49
18:44:27.917	80	67.5215	(-1, -1)	(-1, -1)	49
18:44:28.001	79	67.5207	(-1, -1)	(-1, -1)	49
18:44:28.085	80	67.5622	(-1, -1)	(-1, -1)	49
18:44:28.175	81	67.5781	(-1, -1)	(-1, -1)	49
18:44:28.266	78	67.5733	(-1, -1)	(-1, -1)	49
18:44:28.348	76	67.524	(-1, -1)	(-1, -1)	49
18:44:28.432	78	67.5566	(-1, -1)	(-1, -1)	49
18:44:28.514	77	67.6098	(-1, -1)	(-1, -1)	49
18:44:28.599	79	67.5169	(-1, -1)	(-1, -1)	49
18:44:28.682	85	67.5136	(-1, -1)	(-1, -1)	49
18:44:28.771	74	67.6372	(-1, -1)	(-1, -1)	49
18:44:28.849	78	67.5412	(-1, -1)	(-1, -1)	49
18:44:28.932	74	67.5397	(-1, -1)	(-1, -1)	49
18:44:29.016	78	67.5339	(-1, -1)	(-1, -1)	49
18:44:29.099	78	67.5077	(-1, -1)	(-1, -1)	49
18:44:29.182	76	67.5615	(-1, -1)	(-1, -1)	49
18:44:29.266	79	67.5281	(-1, -1)	(-1, -1)	49
18:44:29.348	76	67.5831	(-1, -1)	(-1, -1)	49
18:44:29.433	79	67.5658	(-1, -1)	(-1, -1)	49
18:44:29.517	78	67.5873	(-1, -1)	(-1, -1)	49
18:44:29.599	77	67.5649	(-1, -1)	(-1, -1)	49
18:44:29.684	79	67.5117	(-1, -1)	(-1, -1)	49
18:44:29.766	76	67.5279	(-1, -1)	(-1, -1)	49
18:44:29.849	78	67.548	(-1, -1)	(-1, -1)	49
18:44:29.934	79	67.5399	(-1, -1)	(-1, -1)	49
18:44:30.015	77	67.4976	(-1, -1)	(-1, -1)	49
18:44:30.100	79	67.5545	(-1, -1)	(-1, -1)	49
18:44:30.184	79	67.5394	(-1, -1)	(-1, -1)	49
18:44:30.265	75	67.6019	(-1, -1)	(-1, -1)	49
18:44:30.344	77	67.5428	(-1, -1)	(-1, -1)	49
18:44:30.426	74	67.6292	(-1, -1)	(-1, -1)	49
18:44:30.501	76	67.5975	(-1, -1)	(-1, -1)	49
18:44:30.587	79	67.5553	(-1, -1)	(-1, -1)	49
18:44:30.670	77	67.5145	(-1, -1)	(-1, -1)	49
18:44:30.754	79	67.5351	(-1, -1)	(-1, -1)	49
18:44:30.844	77	67.5578	(-1, -1)	(-1, -1)	49
18:44:30.929	79	67.5496	(-1, -1)	(-1, -1)	49
18:44:31.020	79	67.563	(-1, -1)	(-1, -1)	49
18:44:31.108	77	67.5233	(-1, -1)	(-1, -1)	49
18:44:31.195	78	67.5516	(-1, -1)	(-1, -1)	49
18:44:31.283	78	67.5333	(-1, -1)	(-1, -1)	49
18:44:31.366	78	67.5286	(-1, -1)	(-1, -1)	49
18:44:31.448	75	67.6379	(-1, -1)	(-1, -1)	49
18:44:31.532	80	67.5191	(-1, -1)	(-1, -1)	49
18:44:31.623	79	67.5492	(-1, -1)	(-1, -1)	49
18:44:31.705	76	67.6667	(-1, -1)	(-1, -1)	49
18:44:31.789	79	67.5283	(-1, -1)	(-1, -1)	49
18:44:31.873	79	67.5756	(-1, -1)	(-1, -1)	49
18:44:31.954	76	67.6793	(-1, -1)	(-1, -1)	49
18:44:32.040	80	67.5452	(-1, -1)	(-1, -1)	49
18:44:32.130	77	67.5575	(-1, -1)	(-1, -1)	49
18:44:32.214	79	67.5695	(-1, -1)	(-1, -1)	49
18:44:32.304	79	67.5634	(-1, -1)	(-1, -1)	49
18:44:32.386	75	67.661	(-1, -1)	(-1, -1)	49
18:44:32.470	76	67.5393	(-1, -1)	(-1, -1)	49
18:44:32.552	77	67.6604	(-1, -1)	(-1, -1)	49
18:44:32.637	80	67.5224	(-1, -1)	(-1, -1)	49
18:44:32.722	79	67.5721	(-1, -1)	(-1, -1)	49
18:44:32.812	80	67.5913	(-1, -1)	(-1, -1)	49
18:44:32.902	79	67.5584	(-1, -1)	(-1, -1)	49
18:44:32.991	76	67.6096	(-1, -1)	(-1, -1)	49
18:44:33.076	79	67.5839	(-1, -1)	(-1, -1)	49
18:44:33.159	79	67.5487	(-1, -1)	(-1, -1)	49
18:44:33.241	76	67.6141	(-1, -1)	(-1, -1)	49
18:44:33.326	79	67.5372	(-1, -1)	(-1, -1)	49
18:44:33.407	75	67.624	(-1, -1)	(-1, -1)	49
18:44:33.493	79	67.5517	(-1, -1)	(-1, -1)	49
18:44:33.575	77	67.5588	(-1, -1)	(-1, -1)	49
18:44:33.662	78	67.5117	(-1, -1)	(-1, -1)	49
18:44:33.750	80	67.5621	(-1, -1)	(-1, -1)	49
18:44:33.832	76	67.5646	(-1, -1)	(-1, -1)	49
18:44:33.917	79	67.529	(-1, -1)	(-1, -1)	49
18:44:34.000	79	67.547	(-1, -1)	(-1, -1)	49
18:44:34.084	79	67.5852	(-1, -1)	(-1, -1)	49
18:44:34.174	80	67.5619	(-1, -1)	(-1, -1)	49
18:44:34.257	76	67.6001	(-1, -1)	(-1, -1)	49
18:44:34.341	79	67.561	(-1, -1)	(-1, -1)	49
18:44:34.432	79	67.5656	(-1, -1)	(-1, -1)	49
18:44:34.522	80	67.4997	(-1, -1)	(-1, -1)	49
18:44:34.614	80	67.5516	(-1, -1)	(-1, -1)	49
18:44:34.701	76	67.5809	(-1, -1)	(-1, -1)	49
18:44:34.786	78	67.5554	(-1, -1)	(-1, -1)	49
18:44:34.868	75	67.6076	(-1, -1)	(-1, -1)	49
18:44:34.952	78	67.5244	(-1, -1)	(-1, -1)	49
18:44:35.035	75	67.6471	(-1, -1)	(-1, -1)	49
18:44:35.120	79	67.5554	(-1, -1)	(-1, -1)	49
18:44:35.210	80	67.5516	(-1, -1)	(-1, -1)	49
18:44:35.293	77	67.5716	(-1, -1)	(-1, -1)	49
18:44:35.377	79	67.527	(-1, -1)	(-1, -1)	49
18:44:35.467	79	67.5375	(-1, -1)	(-1, -1)	49
18:44:35.549	79	67.5596	(-1, -1)	(-1, -1)	49
18:44:35.634	80	67.5086	(-1, -1)	(-1, -1)	49
18:44:35.716	75	67.641	(-1, -1)	(-1, -1)	49
18:44:35.793	76	67.6759	(-1, -1)	(-1, -1)	49
18:44:35.879	79	67.568	(-1, -1)	(-1, -1)	49
18:44:35.968	77	67.5904	(-1, -1)	(-1, -1)	49
18:44:36.051	79	67.4966	(-1, -1)	(-1, -1)	49
18:44:36.134	76	67.5307	(-1, -1)	(-1, -1)	49
18:44:36.219	79	67.553	(-1, -1)	(-1, -1)	49
18:44:36.309	79	67.5187	(-1, -1)	(-1, -1)	49
18:44:36.390	74	67.6258	(-1, -1)	(-1, -1)	49
18:44:36.475	79	67.5345	(-1, -1)	(-1, -1)	49
18:44:36.557	77	67.5409	(-1, -1)	(-1, -1)	49
18:44:36.641	76	67.5735	(-1, -1)	(-1, -1)	49
18:44:36.725	81	67.5415	(-1, -1)	(-1, -1)	49
18:44:36.819	79	67.5467	(-1, -1)	(-1, -1)	49
18:44:36.906	79	67.5727	(-1, -1)	(-1, -1)	49
18:44:36.988	77	67.517	(-1, -1)	(-1, -1)	49
18:44:37.074	79	67.5567	(-1, -1)	(-1, -1)	49
18:44:37.164	78	67.5864	(-1, -1)	(-1, -1)	49
18:44:37.247	79	67.5443	(-1, -1)	(-1, -1)	49
18:44:37.337	79	67.5283	(-1, -1)	(-1, -1)	49
18:44:37.419	76	67.6021	(-1, -1)	(-1, -1)	49
18:44:37.504	80	67.5556	(-1, -1)	(-1, -1)	49
18:44:37.595	76	67.5455	(-1, -1)	(-1, -1)	49
18:44:37.676	76	67.6108	(-1, -1)	(-1, -1)	49
18:44:37.761	78	67.5381	(-1, -1)	(-1, -1)	49
18:44:37.843	75	67.5302	(-1, -1)	(-1, -1)	49
18:44:37.928	80	67.5289	(-1, -1)	(-1, -1)	49
18:44:38.011	73	67.683	(-1, -1)	(-1, -1)	49
18:44:38.087	74	67.5892	(-1, -1)	(-1, -1)	49
18:44:38.172	79	67.5157	(-1, -1)	(-1, -1)	49
18:44:38.254	76	67.5464	(-1, -1)	(-1, -1)	49
18:44:38.338	80	67.5403	(-1, -1)	(-1, -1)	49
18:44:38.430	78	67.5865	(-1, -1)	(-1, -1)	49
18:44:38.518	79	67.6003	(-1, -1)	(-1, -1)	49
18:44:38.603	79	67.5671	(-1, -1)	(-1, -1)	49
18:44:38.685	76	67.604	(-1, -1)	(-1, -1)	49
18:44:38.772	77	67.5388	(-1, -1)	(-1, -1)	49
18:44:38.858	78	67.5597	(-1, -1)	(-1, -1)	49
18:44:38.943	80	67.5225	(-1, -1)	(-1, -1)	49
18:44:39.027	79	67.5496	(-1, -1)	(-1, -1)	49
18:44:39.109	78	67.5527	(-1, -1)	(-1, -1)	49
18:44:39.193	79	67.5717	(-1, -1)	(-1, -1)	49
18:44:39.285	78	67.5258	(-1, -1)	(-1, -1)	49
18:44:39.365	75	67.6852	(-1, -1)	(-1, -1)	49
18:44:39.451	79	67.5361	(-1, -1)	(-1, -1)	49
18:44:39.532	76	67.6628	(-1, -1)	(-1, -1)	49
18:44:39.617	79	67.5477	(-1, -1)	(-1, -1)	49
18:44:39.711	78	67.5424	(-1, -1)	(-1, -1)	49
18:44:39.798	79	67.533	(-1, -1)	(-1, -1)	49
18:44:39.881	79	67.5187	(-1, -1)	(-1, -1)	49
18:44:39.964	75	67.6296	(-1, -1)	(-1, -1)	49
18:44:40.048	79	67.5514	(-1, -1)	(-1, -1)	49
18:44:40.139	76	67.5646	(-1, -1)	(-1, -1)	49
18:44:40.221	75	67.6108	(-1, -1)	(-1, -1)	49
18:44:40.306	79	67.5204	(-1, -1)	(-1, -1)	49
18:44:40.387	75	67.6173	(-1, -1)	(-1, -1)	49
18:44:40.472	80	67.5499	(-1, -1)	(-1, -1)	49
18:44:40.562	77	67.5314	(-1, -1)	(-1, -1)	49
18:44:40.648	78	67.5564	(-1, -1)	(-1, -1)	49
18:44:40.738	79	67.5701	(-1, -1)	(-1, -1)	49
18:44:40.825	75	67.6785	(-1, -1)	(-1, -1)	49
18:44:40.912	79	67.5861	(-1, -1)	(-1, -1)	49
18:44:41.001	79	67.5674	(-1, -1)	(-1, -1)	49
18:44:41.082	75	67.6404	(-1, -1)	(-1, -1)	49
18:44:41.168	78	67.5259	(-1, -1)	(-1, -1)	49
18:44:41.250	75	67.6639	(-1, -1)	(-1, -1)	49
18:44:41.335	79	67.5554	(-1, -1)	(-1, -1)	49
18:44:41.425	80	67.5825	(-1, -1)	(-1, -1)	49
18:44:41.515	80	67.5784	(-1, -1)	(-1, -1)	49
18:44:41.606	79	67.56	(-1, -1)	(-1, -1)	49
18:44:41.688	75	67.6345	(-1, -1)	(-1, -1)	49
18:44:41.772	79	67.5465	(-1, -1)	(-1, -1)	49
18:44:41.854	74	67.6613	(-1, -1)	(-1, -1)	49
18:44:41.931	74	67.6421	(-1, -1)	(-1, -1)	49
18:44:42.016	79	67.6121	(-1, -1)	(-1, -1)	49
18:44:42.098	76	67.5551	(-1, -1)	(-1, -1)	49
18:44:42.182	79	67.5387	(-1, -1)	(-1, -1)	49
18:44:42.266	79	67.5277	(-1, -1)	(-1, -1)	49
18:44:42.350	79	67.4916	(-1, -1)	(-1, -1)	49
18:44:42.440	76	67.5274	(-1, -1)	(-1, -1)	49
18:44:42.521	75	67.6031	(-1, -1)	(-1, -1)	49
18:44:42.607	79	67.5296	(-1, -1)	(-1, -1)	49
18:44:42.692	74	67.5403	(-1, -1)	(-1, -1)	49
18:44:42.771	74	67.6486	(-1, -1)	(-1, -1)	49
18:44:42.848	76	67.5339	(-1, -1)	(-1, -1)	49
18:44:42.933	80	67.5498	(-1, -1)	(-1, -1)	49
18:44:43.017	80	67.589	(-1, -1)	(-1, -1)	49
18:44:43.107	79	67.5661	(-1, -1)	(-1, -1)	49
18:44:43.191	80	67.5399	(-1, -1)	(-1, -1)	49
18:44:43.281	80	67.5511	(-1, -1)	(-1, -1)	49
18:44:43.364	76	67.5101	(-1, -1)	(-1, -1)	49
18:44:43.447	79	67.5799	(-1, -1)	(-1, -1)	49
EOM

