BOM
Frame extends: 2263, 1306
_ms_area: 10
measurements taken: 585
current rendering method: 1
is mouse replay: 1
Camera settings: Roation Quaternion: ( -0.645554, -0.475982, 0.251161, 0.541854), Translationsvektor: ( -0.0583296, 0.0137825, 1.735).
System_Time	Elapsed_Time_PaintGL	Elapsed_Kernel_Time	Frame_Coordinates	Grid_Position	Manual_Measurement
18:44:48.724	36	7.24385	(318, 226)	(32, 23)	49
18:44:48.765	22	7.31881	(325, 225)	(33, 23)	49
18:44:48.792	22	7.35556	(335, 225)	(34, 23)	49
18:44:48.820	22	7.39467	(345, 225)	(35, 23)	49
18:44:48.848	22	7.3683	(357, 225)	(36, 23)	49
18:44:48.875	23	7.35022	(372, 225)	(37, 23)	49
18:44:48.903	23	7.36518	(375, 225)	(38, 23)	49
18:44:48.931	31	7.42533	(385, 225)	(39, 23)	49
18:44:48.967	28	7.61259	(395, 225)	(40, 23)	49
18:44:49.001	23	7.67393	(405, 225)	(41, 23)	49
18:44:49.028	21	7.95156	(415, 225)	(42, 23)	49
18:44:49.056	22	8.092	(425, 225)	(43, 23)	49
18:44:49.084	28	8.29467	(435, 226)	(44, 23)	49
18:44:49.118	24	8.7277	(445, 226)	(45, 23)	49
18:44:49.147	28	9.18445	(455, 226)	(46, 23)	49
18:44:49.182	29	9.41748	(465, 227)	(47, 23)	49
18:44:49.217	29	9.43808	(475, 227)	(48, 23)	49
18:44:49.251	29	9.79541	(485, 228)	(49, 23)	49
18:44:49.287	29	10.2161	(495, 228)	(50, 23)	49
18:44:49.321	30	10.2468	(505, 229)	(51, 23)	49
18:44:49.356	29	10.6093	(515, 229)	(52, 23)	49
18:44:49.391	27	10.6828	(525, 229)	(53, 23)	49
18:44:49.425	25	10.8636	(535, 229)	(54, 23)	49
18:44:49.452	27	11.1107	(545, 229)	(55, 23)	49
18:44:49.487	30	11.3393	(555, 229)	(56, 23)	49
18:44:49.522	34	11.4279	(565, 229)	(57, 23)	49
18:44:49.564	32	11.7363	(575, 229)	(58, 23)	49
18:44:49.607	32	11.8806	(585, 229)	(59, 23)	49
18:44:49.648	34	12.2532	(596, 229)	(60, 23)	49
18:44:49.693	33	12.3849	(605, 230)	(61, 23)	49
18:44:49.732	33	12.7336	(615, 230)	(62, 23)	49
18:44:49.773	34	12.8756	(626, 230)	(63, 23)	49
18:44:49.822	31	13.0957	(635, 230)	(64, 23)	49
18:44:49.856	28	13.4212	(645, 230)	(65, 23)	49
18:44:49.891	28	13.6416	(655, 230)	(66, 23)	49
18:44:49.925	31	13.9256	(665, 230)	(67, 23)	49
18:44:49.962	39	14.9585	(680, 230)	(68, 23)	49
18:44:50.010	37	15.5	(685, 230)	(69, 23)	49
18:44:50.051	31	15.9004	(695, 230)	(70, 23)	49
18:44:50.085	33	16.4084	(705, 230)	(71, 23)	49
18:44:50.120	34	17.2967	(715, 230)	(72, 23)	49
18:44:50.162	37	17.555	(725, 230)	(73, 23)	49
18:44:50.205	46	17.843	(735, 230)	(74, 23)	49
18:44:50.260	38	18.3284	(749, 230)	(75, 23)	49
18:44:50.301	38	18.4806	(756, 230)	(76, 23)	49
18:44:50.343	38	18.9443	(766, 230)	(77, 23)	49
18:44:50.385	38	19.3926	(775, 230)	(78, 23)	49
18:44:50.426	38	19.8333	(785, 230)	(79, 23)	49
18:44:50.467	34	19.7881	(796, 229)	(80, 23)	49
18:44:50.509	37	19.9113	(805, 229)	(81, 23)	49
18:44:50.551	43	20.1821	(815, 229)	(82, 23)	49
18:44:50.600	49	20.4764	(825, 228)	(83, 23)	49
18:44:50.657	41	20.5747	(835, 228)	(84, 23)	49
18:44:50.704	36	21.1345	(845, 228)	(85, 23)	49
18:44:50.746	35	21.3428	(855, 228)	(86, 23)	49
18:44:50.787	41	21.7153	(865, 228)	(87, 23)	49
18:44:50.837	43	21.987	(875, 228)	(88, 23)	49
18:44:50.885	38	22.0615	(885, 228)	(89, 23)	49
18:44:50.926	38	22.0797	(895, 228)	(90, 23)	49
18:44:50.968	43	22.2444	(905, 228)	(91, 23)	49
18:44:51.018	44	22.3444	(915, 228)	(92, 23)	49
18:44:51.067	41	22.4653	(925, 228)	(93, 23)	49
18:44:51.114	39	22.6173	(935, 228)	(94, 23)	49
18:44:51.164	51	22.7022	(945, 227)	(95, 23)	49
18:44:51.220	49	22.5556	(957, 227)	(96, 23)	49
18:44:51.275	46	22.7819	(966, 227)	(97, 23)	49
18:44:51.330	39	23.0001	(975, 227)	(98, 23)	49
18:44:51.380	43	22.9856	(985, 227)	(99, 23)	49
18:44:51.428	43	22.9338	(995, 227)	(100, 23)	49
18:44:51.476	44	22.7361	(1005, 227)	(101, 23)	49
18:44:51.525	41	22.6098	(1015, 226)	(102, 23)	49
18:44:51.574	43	22.5519	(1025, 226)	(103, 23)	49
18:44:51.622	44	22.3001	(1035, 226)	(104, 23)	49
18:44:51.671	45	22.2596	(1045, 225)	(105, 23)	49
18:44:51.719	41	22.0881	(1055, 225)	(106, 23)	49
18:44:51.768	37	22.1412	(1065, 225)	(107, 23)	49
18:44:51.809	41	22.152	(1071, 224)	(107, 22)	49
18:44:51.858	38	22.099	(1075, 224)	(108, 22)	49
18:44:51.900	42	22.0166	(1085, 224)	(109, 22)	49
18:44:51.949	40	22.1484	(1095, 224)	(110, 22)	49
18:44:51.998	49	22.1489	(1105, 224)	(111, 22)	49
18:44:52.054	46	22.2471	(1115, 224)	(112, 22)	49
18:44:52.110	39	22.2356	(1125, 224)	(113, 22)	49
18:44:52.156	37	22.4879	(1135, 224)	(114, 22)	49
18:44:52.198	37	22.3381	(1146, 223)	(115, 22)	49
18:44:52.241	46	22.4914	(1155, 223)	(116, 22)	49
18:44:52.290	47	22.7345	(1165, 223)	(117, 22)	49
18:44:52.345	41	23.055	(1175, 223)	(118, 22)	49
18:44:52.393	37	23.0625	(1185, 223)	(119, 22)	49
18:44:52.435	41	23.1228	(1195, 223)	(120, 22)	49
18:44:52.484	45	23.1828	(1205, 223)	(121, 22)	49
18:44:52.533	44	23.2311	(1215, 223)	(122, 22)	49
18:44:52.581	45	23.3446	(1225, 223)	(123, 22)	49
18:44:52.631	50	23.2493	(1235, 223)	(124, 22)	49
18:44:52.686	52	23.3818	(1245, 223)	(125, 22)	49
18:44:52.743	44	23.2664	(1255, 223)	(126, 22)	49
18:44:52.790	40	23.3788	(1265, 224)	(127, 22)	49
18:44:52.838	47	23.2591	(1275, 224)	(128, 22)	49
18:44:52.896	50	23.3456	(1282, 225)	(128, 23)	49
18:44:52.951	46	23.2938	(1285, 225)	(129, 23)	49
18:44:53.006	39	23.1361	(1295, 226)	(130, 23)	49
18:44:53.054	44	23.0913	(1305, 226)	(131, 23)	49
18:44:53.103	44	23.2624	(1316, 228)	(132, 23)	49
18:44:53.152	40	22.9087	(1326, 228)	(133, 23)	49
18:44:53.199	40	22.5741	(1335, 228)	(134, 23)	49
18:44:53.242	37	22.572	(1345, 229)	(135, 23)	49
18:44:53.283	47	22.275	(1355, 230)	(136, 23)	49
18:44:53.340	49	22.0089	(1366, 230)	(137, 23)	49
18:44:53.399	40	21.7954	(1375, 230)	(138, 23)	49
18:44:53.443	40	21.8135	(1386, 231)	(139, 23)	49
18:44:53.485	40	21.5249	(1395, 231)	(140, 23)	49
18:44:53.527	39	21.3196	(1405, 232)	(141, 23)	49
18:44:53.568	47	21.0519	(1415, 232)	(142, 23)	49
18:44:53.617	41	20.7951	(1425, 232)	(143, 23)	49
18:44:53.667	44	20.559	(1435, 233)	(144, 23)	49
18:44:53.715	42	20.1197	(1445, 234)	(145, 23)	49
18:44:53.764	44	19.7976	(1455, 234)	(146, 23)	49
18:44:53.812	38	19.4843	(1465, 234)	(147, 23)	49
18:44:53.853	33	19.1253	(1478, 234)	(148, 23)	49
18:44:53.887	36	18.7333	(1485, 234)	(149, 23)	49
18:44:53.930	39	18.688	(1488, 235)	(149, 24)	49
18:44:53.972	39	18.403	(1495, 235)	(150, 24)	49
18:44:54.020	35	18.0418	(1506, 235)	(151, 24)	49
18:44:54.061	31	17.5182	(1516, 235)	(152, 24)	49
18:44:54.096	35	17.0985	(1526, 236)	(153, 24)	49
18:44:54.140	40	16.613	(1535, 236)	(154, 24)	49
18:44:54.188	40	16.0597	(1546, 236)	(155, 24)	49
18:44:54.237	33	15.6713	(1556, 237)	(156, 24)	49
18:44:54.277	32	15.4163	(1565, 237)	(157, 24)	49
18:44:54.312	31	15.1578	(1575, 238)	(158, 24)	49
18:44:54.347	32	15.189	(1585, 238)	(159, 24)	49
18:44:54.381	31	14.6834	(1595, 239)	(160, 24)	49
18:44:54.416	32	14.3818	(1605, 239)	(161, 24)	49
18:44:54.451	31	14.0446	(1615, 240)	(162, 24)	49
18:44:54.486	31	13.7655	(1625, 240)	(163, 24)	49
18:44:54.520	31	13.493	(1636, 241)	(164, 24)	49
18:44:54.556	30	13.3087	(1645, 242)	(165, 24)	49
18:44:54.590	29	13.0262	(1655, 242)	(166, 24)	49
18:44:54.625	28	12.8557	(1666, 243)	(167, 24)	49
18:44:54.659	30	12.5101	(1676, 244)	(168, 24)	49
18:44:54.694	30	12.5502	(1677, 245)	(168, 25)	49
18:44:54.729	28	12.2966	(1686, 245)	(169, 25)	49
18:44:54.763	29	12.0357	(1696, 246)	(170, 25)	49
18:44:54.798	29	11.8566	(1705, 246)	(171, 25)	49
18:44:54.834	28	11.7526	(1715, 248)	(172, 25)	49
18:44:54.868	28	11.5681	(1726, 249)	(173, 25)	49
18:44:54.903	28	11.3914	(1735, 250)	(174, 25)	49
18:44:54.937	27	11.1404	(1745, 251)	(175, 25)	49
18:44:54.973	33	11.035	(1755, 253)	(176, 25)	49
18:44:55.016	37	10.8228	(1765, 254)	(177, 25)	49
18:44:55.056	31	10.7656	(1768, 255)	(177, 26)	49
18:44:55.090	35	10.845	(1775, 256)	(178, 26)	49
18:44:55.132	27	10.4453	(1785, 258)	(179, 26)	49
18:44:55.167	26	10.2754	(1795, 260)	(180, 26)	49
18:44:55.202	26	10.1548	(1805, 262)	(181, 26)	49
18:44:55.238	27	9.88133	(1815, 264)	(182, 26)	49
18:44:55.272	28	9.90104	(1817, 265)	(182, 27)	49
18:44:55.306	25	9.76207	(1825, 267)	(183, 27)	49
18:44:55.333	24	9.50755	(1838, 271)	(184, 27)	49
18:44:55.362	23	9.35274	(1845, 273)	(185, 27)	49
18:44:55.389	25	9.30504	(1849, 275)	(185, 28)	49
18:44:55.418	28	9.09408	(1858, 278)	(186, 28)	49
18:44:55.453	27	8.94519	(1865, 280)	(187, 28)	49
18:44:55.488	27	8.86459	(1874, 285)	(187, 29)	49
18:44:55.522	26	8.85052	(1875, 285)	(188, 29)	49
18:44:55.557	22	8.75156	(1885, 289)	(189, 29)	49
18:44:55.584	22	8.63556	(1895, 294)	(190, 29)	49
18:44:55.612	25	8.64578	(1895, 295)	(190, 30)	49
18:44:55.640	27	8.484	(1905, 299)	(191, 30)	49
18:44:55.675	29	8.45926	(1912, 305)	(191, 31)	49
18:44:55.710	23	8.68607	(1915, 307)	(192, 31)	49
18:44:55.736	23	8.41185	(1925, 314)	(193, 31)	49
18:44:55.764	27	8.43274	(1926, 315)	(193, 32)	49
18:44:55.800	29	8.3277	(1935, 322)	(194, 32)	49
18:44:55.835	30	8.32563	(1937, 325)	(194, 33)	49
18:44:55.870	29	8.30504	(1945, 333)	(195, 33)	49
18:44:55.904	27	8.29141	(1947, 335)	(195, 34)	49
18:44:55.939	23	8.31052	(1955, 344)	(196, 34)	49
18:44:55.966	25	8.33348	(1955, 345)	(196, 35)	49
18:44:55.994	24	8.37689	(1963, 355)	(196, 36)	49
18:44:56.022	25	8.39955	(1965, 358)	(197, 36)	49
18:44:56.050	24	8.45719	(1968, 365)	(197, 37)	49
18:44:56.078	25	8.548	(1973, 375)	(197, 38)	49
18:44:56.106	30	8.53126	(1975, 379)	(198, 38)	49
18:44:56.140	23	8.65407	(1976, 385)	(198, 39)	49
18:44:56.168	28	8.68356	(1980, 395)	(198, 40)	49
18:44:56.203	29	8.832	(1982, 405)	(198, 41)	49
18:44:56.238	29	9.0477	(1984, 415)	(198, 42)	49
18:44:56.273	27	9.1117	(1985, 417)	(199, 42)	49
18:44:56.308	28	9.20904	(1985, 425)	(199, 43)	49
18:44:56.343	28	9.32326	(1987, 435)	(199, 44)	49
18:44:56.377	24	9.48652	(1988, 445)	(199, 45)	49
18:44:56.405	29	9.59393	(1989, 455)	(199, 46)	49
18:44:56.440	28	9.76252	(1989, 465)	(199, 47)	49
18:44:56.474	29	9.98296	(1989, 475)	(199, 48)	49
18:44:56.509	30	10.1366	(1988, 485)	(199, 49)	49
18:44:56.544	30	10.3433	(1985, 495)	(199, 50)	49
18:44:56.578	26	10.4219	(1984, 495)	(198, 50)	49
18:44:56.613	30	10.6151	(1980, 505)	(198, 51)	49
18:44:56.648	30	11.0113	(1972, 516)	(197, 52)	49
18:44:56.683	31	11.3224	(1965, 525)	(197, 53)	49
18:44:56.718	30	11.483	(1964, 526)	(196, 53)	49
18:44:56.753	31	11.9404	(1954, 534)	(195, 53)	49
18:44:56.787	27	11.98	(1953, 535)	(195, 54)	49
18:44:56.821	26	12.5102	(1944, 539)	(194, 54)	49
18:44:56.848	28	13.0597	(1937, 545)	(194, 55)	49
18:44:56.884	28	13.304	(1934, 547)	(193, 55)	49
18:44:56.919	34	14.047	(1924, 555)	(192, 56)	49
18:44:56.961	35	14.807	(1914, 561)	(191, 56)	49
18:44:57.002	29	15.3425	(1907, 565)	(191, 57)	49
18:44:57.037	29	15.5283	(1904, 567)	(190, 57)	49
18:44:57.071	34	16.0723	(1894, 572)	(189, 57)	49
18:44:57.114	37	16.5022	(1890, 575)	(189, 58)	49
18:44:57.155	40	17.0864	(1884, 577)	(188, 58)	49
18:44:57.205	34	17.9108	(1874, 581)	(187, 58)	49
18:44:57.246	34	18.5111	(1866, 585)	(187, 59)	49
18:44:57.287	34	18.633	(1864, 585)	(186, 59)	49
18:44:57.329	41	19.7695	(1854, 590)	(185, 59)	49
18:44:57.379	44	20.476	(1844, 594)	(184, 59)	49
18:44:57.428	39	20.6607	(1843, 595)	(184, 60)	49
18:44:57.475	45	21.2856	(1834, 597)	(183, 60)	49
18:44:57.525	49	22.1501	(1823, 601)	(182, 60)	49
18:44:57.580	51	23.1351	(1810, 606)	(181, 61)	49
18:44:57.635	40	23.6327	(1804, 609)	(180, 61)	49
18:44:57.683	44	24.4444	(1794, 612)	(179, 61)	49
18:44:57.733	48	25.063	(1787, 615)	(179, 62)	49
18:44:57.789	53	25.0874	(1784, 616)	(178, 62)	49
18:44:57.850	42	25.7338	(1774, 619)	(177, 62)	49
18:44:57.899	50	26.4247	(1764, 622)	(176, 62)	49
18:44:57.956	53	26.9825	(1758, 625)	(176, 63)	49
18:44:58.019	47	27.251	(1754, 626)	(175, 63)	49
18:44:58.073	51	27.9321	(1744, 628)	(174, 63)	49
18:44:58.130	56	28.6683	(1734, 631)	(173, 63)	49
18:44:58.192	59	29.5073	(1724, 633)	(172, 63)	49
18:44:58.256	48	30.1649	(1715, 635)	(172, 64)	49
18:44:58.309	45	30.3501	(1714, 635)	(171, 64)	49
18:44:58.359	54	30.9582	(1704, 637)	(170, 64)	49
18:44:58.421	54	31.5831	(1694, 638)	(169, 64)	49
18:44:58.482	47	32.4271	(1684, 640)	(168, 64)	49
18:44:58.531	55	33.1761	(1674, 641)	(167, 64)	49
18:44:58.595	62	33.8732	(1664, 642)	(166, 64)	49
18:44:58.666	55	34.7674	(1654, 643)	(165, 64)	49
18:44:58.727	58	35.5821	(1644, 644)	(164, 64)	49
18:44:58.791	62	36.7541	(1633, 644)	(163, 64)	49
18:44:58.860	56	37.409	(1624, 644)	(162, 64)	49
18:44:58.921	59	37.945	(1614, 644)	(161, 64)	49
18:44:58.985	65	38.4757	(1604, 644)	(160, 64)	49
18:44:59.055	61	39.1061	(1594, 644)	(159, 64)	49
18:44:59.124	55	39.5754	(1584, 644)	(158, 64)	49
18:44:59.185	63	40.0256	(1574, 644)	(157, 64)	49
18:44:59.256	63	40.4661	(1564, 644)	(156, 64)	49
18:44:59.324	58	41.075	(1554, 644)	(155, 64)	49
18:44:59.386	66	41.5231	(1548, 645)	(155, 65)	49
18:44:59.462	67	41.7895	(1544, 645)	(154, 65)	49
18:44:59.534	62	42.1799	(1534, 645)	(153, 65)	49
18:44:59.603	66	42.9945	(1524, 646)	(152, 65)	49
18:44:59.680	65	43.1973	(1514, 647)	(151, 65)	49
18:44:59.748	59	43.7535	(1504, 648)	(150, 65)	49
18:44:59.810	66	44.3093	(1494, 649)	(149, 65)	49
18:44:59.882	69	44.7873	(1484, 651)	(148, 65)	49
18:44:59.958	60	44.9253	(1474, 652)	(147, 65)	49
18:45:00.026	67	45.4816	(1464, 652)	(146, 65)	49
18:45:00.097	68	45.8116	(1454, 653)	(145, 65)	49
18:45:00.172	70	46.2403	(1444, 654)	(144, 65)	49
18:45:00.250	74	46.6686	(1434, 654)	(143, 65)	49
18:45:00.334	64	46.9557	(1419, 654)	(142, 65)	49
18:45:00.402	71	47.2652	(1414, 654)	(141, 65)	49
18:45:00.480	74	47.301	(1404, 654)	(140, 65)	49
18:45:00.565	67	47.7114	(1394, 654)	(139, 65)	49
18:45:00.640	75	47.9867	(1384, 654)	(138, 65)	49
18:45:00.723	76	48.0464	(1374, 654)	(137, 65)	49
18:45:00.807	69	48.501	(1356, 653)	(136, 65)	49
18:45:00.883	75	48.3504	(1354, 653)	(135, 65)	49
18:45:00.966	71	48.8194	(1344, 652)	(134, 65)	49
18:45:01.041	74	49.0376	(1334, 651)	(133, 65)	49
18:45:01.119	77	49.2553	(1323, 651)	(132, 65)	49
18:45:01.202	71	49.5464	(1314, 650)	(131, 65)	49
18:45:01.280	75	49.6662	(1303, 649)	(130, 65)	49
18:45:01.363	68	49.9157	(1294, 648)	(129, 65)	49
18:45:01.437	69	50.0216	(1284, 647)	(128, 65)	49
18:45:01.515	74	50.0679	(1274, 647)	(127, 65)	49
18:45:01.599	68	50.0274	(1264, 646)	(126, 65)	49
18:45:01.674	72	49.9735	(1256, 644)	(126, 64)	49
18:45:01.752	77	49.8255	(1254, 644)	(125, 64)	49
18:45:01.835	72	49.8323	(1244, 643)	(124, 64)	49
18:45:01.918	77	49.6241	(1234, 643)	(123, 64)	49
18:45:02.002	77	49.3849	(1224, 641)	(122, 64)	49
18:45:02.085	76	49.3166	(1214, 641)	(121, 64)	49
18:45:02.183	76	48.7643	(1204, 641)	(120, 64)	49
18:45:02.266	70	48.4151	(1194, 640)	(119, 64)	49
18:45:02.343	75	48.3489	(1184, 639)	(118, 64)	49
18:45:02.426	68	47.6119	(1174, 639)	(117, 64)	49
18:45:02.501	70	46.9892	(1164, 637)	(116, 64)	49
18:45:02.580	73	46.2816	(1154, 637)	(115, 64)	49
18:45:02.666	65	45.9013	(1144, 636)	(114, 64)	49
18:45:02.738	69	45.0616	(1134, 636)	(113, 64)	49
18:45:02.816	73	44.615	(1124, 635)	(112, 64)	49
18:45:02.898	69	44.1157	(1114, 635)	(111, 64)	49
18:45:02.975	71	43.8041	(1110, 634)	(111, 63)	49
18:45:03.052	70	43.4692	(1104, 634)	(110, 63)	49
18:45:03.127	59	43.0464	(1093, 633)	(109, 63)	49
18:45:03.189	65	42.32	(1084, 632)	(108, 63)	49
18:45:03.261	65	42.0117	(1074, 632)	(107, 63)	49
18:45:03.329	55	41.5204	(1064, 631)	(106, 63)	49
18:45:03.390	64	40.9345	(1051, 631)	(105, 63)	49
18:45:03.462	61	40.8353	(1032, 629)	(103, 63)	49
18:45:03.530	65	40.9046	(1024, 629)	(102, 63)	49
18:45:03.601	68	40.8954	(1014, 629)	(101, 63)	49
18:45:03.678	69	41.1604	(1004, 628)	(100, 63)	49
18:45:03.752	58	41.4123	(994, 627)	(99, 63)	49
18:45:03.819	69	41.897	(984, 627)	(98, 63)	49
18:45:03.894	62	42.1526	(974, 627)	(97, 63)	49
18:45:03.961	64	42.4756	(964, 626)	(96, 63)	49
18:45:04.032	71	42.5412	(954, 626)	(95, 63)	49
18:45:04.111	69	42.239	(944, 626)	(94, 63)	49
18:45:04.183	66	41.9538	(934, 625)	(93, 63)	49
18:45:04.254	69	41.6043	(927, 624)	(93, 62)	49
18:45:04.330	60	41.3973	(924, 624)	(92, 62)	49
18:45:04.392	63	41.0206	(914, 623)	(91, 62)	49
18:45:04.463	61	41.0495	(904, 622)	(90, 62)	49
18:45:04.531	57	40.76	(894, 621)	(89, 62)	49
18:45:04.593	64	40.5276	(884, 620)	(88, 62)	49
18:45:04.664	68	40.1224	(873, 619)	(87, 62)	49
18:45:04.741	62	40.2004	(864, 619)	(86, 62)	49
18:45:04.809	53	39.3916	(854, 619)	(85, 62)	49
18:45:04.864	63	38.972	(843, 618)	(84, 62)	49
18:45:04.936	65	38.5181	(834, 618)	(83, 62)	49
18:45:05.011	54	37.7975	(823, 617)	(82, 62)	49
18:45:05.073	60	37.5022	(814, 617)	(81, 62)	49
18:45:05.145	63	36.8606	(804, 617)	(80, 62)	49
18:45:05.214	56	36.4295	(794, 617)	(79, 62)	49
18:45:05.275	60	35.6489	(784, 616)	(78, 62)	49
18:45:05.339	63	35.0566	(772, 616)	(77, 62)	49
18:45:05.408	55	34.7833	(764, 615)	(76, 62)	49
18:45:05.470	54	34.3447	(754, 615)	(75, 62)	49
18:45:05.533	51	33.515	(744, 615)	(74, 62)	49
18:45:05.589	55	32.9944	(734, 615)	(73, 62)	49
18:45:05.651	53	32.4516	(724, 615)	(72, 62)	49
18:45:05.715	59	31.9194	(714, 615)	(71, 62)	49
18:45:05.783	60	31.4366	(704, 615)	(70, 62)	49
18:45:05.852	54	31.0836	(694, 615)	(69, 62)	49
18:45:05.916	57	30.2904	(684, 615)	(68, 62)	49
18:45:05.979	55	29.5769	(674, 615)	(67, 62)	49
18:45:06.041	51	29.1741	(664, 616)	(66, 62)	49
18:45:06.095	47	28.7422	(654, 617)	(65, 62)	49
18:45:06.152	56	27.9999	(644, 618)	(64, 62)	49
18:45:06.221	61	27.4449	(634, 618)	(63, 62)	49
18:45:06.290	48	26.9643	(624, 619)	(62, 62)	49
18:45:06.347	52	26.3241	(614, 619)	(61, 62)	49
18:45:06.410	55	25.5188	(604, 621)	(60, 62)	49
18:45:06.472	44	24.9191	(594, 621)	(59, 62)	49
18:45:06.519	38	24.0794	(584, 622)	(58, 62)	49
18:45:06.561	36	23.4981	(574, 624)	(57, 62)	49
18:45:06.604	47	22.9197	(566, 625)	(57, 63)	49
18:45:06.660	40	22.6959	(564, 625)	(56, 63)	49
18:45:06.707	36	21.8849	(554, 625)	(55, 63)	49
18:45:06.748	37	21.3576	(544, 626)	(54, 63)	49
18:45:06.791	45	20.1843	(534, 628)	(53, 63)	49
18:45:06.840	38	19.1692	(524, 629)	(52, 63)	49
18:45:06.881	37	18.1828	(514, 631)	(51, 63)	49
18:45:06.923	35	17.4107	(504, 633)	(50, 63)	49
18:45:06.964	35	16.48	(494, 634)	(49, 63)	49
18:45:07.006	35	16.4169	(493, 635)	(49, 64)	49
18:45:07.048	34	16.059	(484, 637)	(48, 64)	49
18:45:07.089	35	15.0966	(467, 641)	(47, 64)	49
18:45:07.131	34	14.8674	(464, 642)	(46, 64)	49
18:45:07.173	32	14.7652	(458, 645)	(46, 65)	49
18:45:07.207	34	14.5307	(454, 646)	(45, 65)	49
18:45:07.249	32	13.9618	(444, 650)	(44, 65)	49
18:45:07.284	31	13.6519	(434, 654)	(43, 65)	49
18:45:07.319	31	13.6302	(432, 655)	(43, 66)	49
18:45:07.353	31	13.4215	(424, 658)	(42, 66)	49
18:45:07.388	32	13.1551	(414, 662)	(41, 66)	49
18:45:07.423	32	13.0533	(409, 665)	(41, 67)	49
18:45:07.459	30	12.6148	(404, 667)	(40, 67)	49
18:45:07.493	30	12.487	(394, 671)	(39, 67)	49
18:45:07.527	31	12.0991	(387, 675)	(39, 68)	49
18:45:07.561	27	12.1181	(384, 676)	(38, 68)	49
18:45:07.589	26	11.9166	(374, 680)	(37, 68)	49
18:45:07.617	29	11.5929	(367, 685)	(37, 69)	49
18:45:07.652	31	11.4166	(364, 687)	(36, 69)	49
18:45:07.687	31	11.2339	(356, 695)	(36, 70)	49
18:45:07.722	31	11.2033	(354, 695)	(35, 70)	49
18:45:07.757	29	10.9339	(344, 704)	(34, 70)	49
18:45:07.791	31	10.7972	(344, 705)	(34, 71)	49
18:45:07.826	30	10.6659	(337, 715)	(34, 72)	49
18:45:07.861	30	10.8348	(335, 725)	(34, 73)	49
18:45:07.896	30	10.6293	(334, 727)	(33, 73)	49
18:45:07.931	30	10.9458	(331, 735)	(33, 74)	49
18:45:07.965	30	10.6181	(329, 746)	(33, 75)	49
18:45:08.000	30	10.8705	(329, 755)	(33, 76)	49
18:45:08.035	29	10.6412	(329, 765)	(33, 77)	49
18:45:08.070	30	10.6579	(329, 775)	(33, 78)	49
18:45:08.104	30	10.5732	(329, 785)	(33, 79)	49
18:45:08.139	29	10.6964	(329, 795)	(33, 80)	49
18:45:08.173	25	10.5874	(329, 805)	(33, 81)	49
18:45:08.201	24	10.5973	(329, 833)	(33, 83)	49
18:45:08.229	25	10.5373	(329, 836)	(33, 84)	49
18:45:08.257	25	10.504	(329, 845)	(33, 85)	49
18:45:08.284	26	10.5019	(329, 855)	(33, 86)	49
18:45:08.312	26	10.4033	(330, 865)	(33, 87)	49
18:45:08.340	27	10.4197	(332, 875)	(33, 88)	49
18:45:08.375	24	10.4794	(335, 883)	(34, 88)	49
18:45:08.402	24	10.4716	(335, 885)	(34, 89)	49
18:45:08.431	29	10.5187	(338, 895)	(34, 90)	49
18:45:08.466	30	10.5461	(341, 905)	(34, 91)	49
18:45:08.500	30	10.6089	(345, 914)	(35, 91)	49
18:45:08.535	31	10.6511	(346, 915)	(35, 92)	49
18:45:08.570	28	10.7321	(350, 925)	(35, 93)	49
18:45:08.604	26	10.9616	(355, 931)	(36, 93)	49
18:45:08.632	27	10.9929	(357, 935)	(36, 94)	49
18:45:08.667	31	11.1933	(364, 945)	(36, 95)	49
18:45:08.703	32	11.243	(365, 945)	(37, 95)	49
18:45:08.745	33	11.5677	(373, 955)	(37, 96)	49
18:45:08.786	29	11.5957	(375, 956)	(38, 96)	49
18:45:08.820	28	11.8336	(384, 965)	(38, 97)	49
18:45:08.855	28	11.8637	(385, 966)	(39, 97)	49
18:45:08.890	32	12.0787	(395, 975)	(40, 98)	49
18:45:08.933	39	12.2625	(405, 982)	(41, 98)	49
18:45:08.982	34	12.4717	(411, 987)	(41, 99)	49
18:45:09.023	29	12.6393	(415, 989)	(42, 99)	49
18:45:09.056	32	12.8601	(423, 995)	(42, 100)	49
18:45:09.091	34	12.9201	(425, 996)	(43, 100)	49
18:45:09.133	34	13.1649	(435, 1001)	(44, 100)	49
18:45:09.175	32	13.5244	(441, 1005)	(44, 101)	49
18:45:09.210	29	13.5766	(446, 1007)	(45, 101)	49
18:45:09.244	30	13.6228	(455, 1012)	(46, 101)	49
18:45:09.280	34	13.6699	(461, 1015)	(46, 102)	49
18:45:09.321	35	13.7529	(465, 1017)	(47, 102)	49
18:45:09.363	35	14.1296	(475, 1022)	(48, 102)	49
18:45:09.404	34	14.2504	(481, 1025)	(48, 103)	49
18:45:09.446	30	14.4028	(485, 1026)	(49, 103)	49
18:45:09.481	36	14.6993	(495, 1030)	(50, 103)	49
18:45:09.523	35	15.1387	(505, 1034)	(51, 103)	49
18:45:09.564	37	15.1471	(506, 1035)	(51, 104)	49
18:45:09.607	33	15.4339	(515, 1037)	(52, 104)	49
18:45:09.648	30	15.8966	(525, 1040)	(53, 104)	49
18:45:09.682	30	16.736	(540, 1043)	(54, 104)	49
18:45:09.717	35	17.2545	(545, 1044)	(55, 104)	49
18:45:09.759	37	17.3945	(549, 1045)	(55, 105)	49
18:45:09.801	38	17.9068	(555, 1046)	(56, 105)	49
18:45:09.842	34	19.3046	(577, 1050)	(58, 105)	49
18:45:09.883	33	19.7033	(585, 1052)	(59, 105)	49
18:45:09.918	38	20.3864	(595, 1053)	(60, 105)	49
18:45:09.961	41	20.9161	(605, 1054)	(61, 105)	49
18:45:10.009	41	21.0978	(608, 1055)	(61, 106)	49
18:45:10.058	41	21.4441	(615, 1056)	(62, 106)	49
18:45:10.107	41	21.913	(625, 1057)	(63, 106)	49
18:45:10.155	42	22.3719	(635, 1058)	(64, 106)	49
18:45:10.204	42	22.8452	(645, 1059)	(65, 106)	49
18:45:10.253	41	23.3412	(655, 1060)	(66, 106)	49
18:45:10.301	44	23.6167	(665, 1061)	(67, 106)	49
18:45:10.350	47	24.2582	(675, 1061)	(68, 106)	49
18:45:10.406	49	24.5295	(685, 1063)	(69, 106)	49
18:45:10.462	43	25.3827	(695, 1063)	(70, 106)	49
18:45:10.509	50	25.8744	(705, 1064)	(71, 106)	49
18:45:10.568	52	26.2658	(715, 1064)	(72, 106)	49
18:45:10.630	52	26.4344	(719, 1065)	(72, 107)	49
18:45:10.691	42	26.8504	(725, 1065)	(73, 107)	49
18:45:10.739	50	27.4895	(735, 1066)	(74, 107)	49
18:45:10.796	52	28.1185	(745, 1066)	(75, 107)	49
18:45:10.851	46	28.5714	(755, 1066)	(76, 107)	49
18:45:10.906	48	29.0978	(765, 1066)	(77, 107)	49
18:45:10.963	56	29.4201	(775, 1067)	(78, 107)	49
18:45:11.025	58	29.8883	(785, 1067)	(79, 107)	49
18:45:11.089	49	30.2338	(795, 1068)	(80, 107)	49
18:45:11.142	44	30.3708	(805, 1069)	(81, 107)	49
18:45:11.190	54	30.4344	(815, 1070)	(82, 107)	49
18:45:11.247	64	30.5142	(825, 1071)	(83, 107)	49
18:45:11.316	45	30.6833	(835, 1072)	(84, 107)	49
18:45:11.364	55	30.9203	(845, 1073)	(85, 107)	49
18:45:11.428	58	30.931	(856, 1074)	(86, 107)	49
18:45:11.490	50	30.9607	(862, 1075)	(86, 108)	49
18:45:11.545	48	31.1065	(865, 1075)	(87, 108)	49
18:45:11.601	54	31.5086	(875, 1075)	(88, 108)	49
18:45:11.665	64	31.24	(885, 1076)	(89, 108)	49
18:45:11.733	48	31.3791	(895, 1077)	(90, 108)	49
18:45:11.789	48	31.4917	(905, 1078)	(91, 108)	49
18:45:11.845	54	31.7179	(915, 1078)	(92, 108)	49
18:45:11.908	55	31.6004	(925, 1079)	(93, 108)	49
18:45:11.970	57	31.7156	(935, 1080)	(94, 108)	49
18:45:12.034	57	31.6957	(945, 1081)	(95, 108)	49
18:45:12.096	58	31.8157	(955, 1082)	(96, 108)	49
18:45:12.157	49	32.1667	(965, 1082)	(97, 108)	49
18:45:12.213	53	32.1159	(975, 1083)	(98, 108)	49
18:45:12.269	57	32.3415	(986, 1083)	(99, 108)	49
18:45:12.333	55	32.4548	(995, 1084)	(100, 108)	49
18:45:12.393	55	32.6159	(1005, 1084)	(101, 108)	49
18:45:12.457	60	32.7034	(1015, 1084)	(102, 108)	49
18:45:12.527	61	32.5692	(1017, 1085)	(102, 109)	49
18:45:12.596	50	32.6293	(1025, 1085)	(103, 109)	49
18:45:12.650	46	32.6215	(1040, 1085)	(104, 109)	49
18:45:12.699	46	32.4618	(1048, 1085)	(105, 109)	49
18:45:12.747	46	32.2625	(1055, 1086)	(106, 109)	49
18:45:12.796	46	32.0761	(1065, 1086)	(107, 109)	49
18:45:12.845	49	32.0321	(1075, 1086)	(108, 109)	49
18:45:12.900	45	32.0043	(1085, 1086)	(109, 109)	49
18:45:12.949	45	31.8841	(1096, 1086)	(110, 109)	49
18:45:12.998	50	31.8412	(1105, 1086)	(111, 109)	49
18:45:13.054	53	31.7148	(1115, 1086)	(112, 109)	49
18:45:13.118	53	31.5483	(1126, 1086)	(113, 109)	49
18:45:13.178	45	31.5954	(1135, 1086)	(114, 109)	49
18:45:13.227	45	31.3662	(1146, 1086)	(115, 109)	49
18:45:13.275	49	31.3585	(1155, 1086)	(116, 109)	49
18:45:13.333	50	31.2111	(1166, 1086)	(117, 109)	49
18:45:13.388	50	31.1344	(1175, 1086)	(118, 109)	49
18:45:13.444	55	31.1673	(1185, 1085)	(119, 109)	49
18:45:13.507	54	31.3039	(1188, 1084)	(119, 108)	49
18:45:13.568	46	31.1868	(1195, 1084)	(120, 108)	49
18:45:13.616	53	31.2778	(1205, 1082)	(121, 108)	49
18:45:13.674	58	31.2172	(1215, 1081)	(122, 108)	49
18:45:13.737	48	30.9016	(1225, 1081)	(123, 108)	49
18:45:13.790	48	30.8271	(1235, 1081)	(124, 108)	49
18:45:13.846	50	30.8049	(1245, 1080)	(125, 108)	49
18:45:13.903	53	30.6079	(1255, 1080)	(126, 108)	49
18:45:13.966	58	30.4213	(1265, 1079)	(127, 108)	49
18:45:14.035	48	30.3714	(1275, 1078)	(128, 108)	49
18:45:14.089	46	30.203	(1286, 1077)	(129, 108)	49
18:45:14.146	52	29.9252	(1295, 1077)	(130, 108)	49
18:45:14.200	46	29.7381	(1305, 1077)	(131, 108)	49
18:45:14.249	52	29.4874	(1315, 1077)	(132, 108)	49
18:45:14.306	57	29.2508	(1325, 1077)	(133, 108)	49
18:45:14.369	57	28.949	(1335, 1077)	(134, 108)	49
18:45:14.432	49	28.7714	(1345, 1077)	(135, 108)	49
18:45:14.486	53	28.4984	(1355, 1077)	(136, 108)	49
18:45:14.550	56	27.9142	(1365, 1079)	(137, 108)	49
18:45:14.612	47	27.6366	(1375, 1080)	(138, 108)	49
18:45:14.667	52	27.1893	(1385, 1081)	(139, 108)	49
18:45:14.724	53	26.8923	(1395, 1081)	(140, 108)	49
18:45:14.787	45	26.2827	(1405, 1083)	(141, 108)	49
18:45:14.841	41	25.8182	(1416, 1084)	(142, 108)	49
18:45:14.889	49	25.5887	(1418, 1085)	(142, 109)	49
18:45:14.946	52	25.2796	(1425, 1085)	(143, 109)	49
18:45:15.009	55	24.2529	(1437, 1088)	(144, 109)	49
18:45:15.072	44	23.8409	(1445, 1088)	(145, 109)	49
18:45:15.118	41	23.1727	(1455, 1089)	(146, 109)	49
18:45:15.167	42	22.3942	(1465, 1090)	(147, 109)	49
18:45:15.216	45	21.7627	(1476, 1091)	(148, 109)	49
18:45:15.272	38	21.2087	(1485, 1092)	(149, 109)	49
18:45:15.313	38	20.6437	(1495, 1093)	(150, 109)	49
18:45:15.355	41	20.3293	(1505, 1093)	(151, 109)	49
18:45:15.405	40	20.0241	(1515, 1093)	(152, 109)	49
18:45:15.462	37	19.6671	(1525, 1093)	(153, 109)	49
18:45:15.502	33	19.4154	(1535, 1094)	(154, 109)	49
18:45:15.543	33	19.0812	(1545, 1094)	(155, 109)	49
18:45:15.578	32	18.8092	(1555, 1094)	(156, 109)	49
18:45:15.612	33	18.4637	(1565, 1094)	(157, 109)	49
18:45:15.648	32	18.3661	(1566, 1095)	(157, 110)	49
18:45:15.682	33	18.1101	(1575, 1095)	(158, 110)	49
18:45:15.724	33	17.7976	(1585, 1095)	(159, 110)	49
18:45:15.767	31	17.5381	(1596, 1096)	(160, 110)	49
18:45:15.807	31	17.3244	(1605, 1096)	(161, 110)	49
18:45:15.842	32	17.1154	(1615, 1096)	(162, 110)	49
18:45:15.884	31	16.7556	(1625, 1097)	(163, 110)	49
18:45:15.919	31	16.5314	(1635, 1097)	(164, 110)	49
18:45:15.961	29	16.2173	(1645, 1097)	(165, 110)	49
18:45:15.999	34	15.9944	(1655, 1098)	(166, 110)	49
18:45:16.045	35	15.8597	(1665, 1098)	(167, 110)	49
18:45:16.088	32	15.571	(1675, 1099)	(168, 110)	49
18:45:16.126	32	15.353	(1685, 1099)	(169, 110)	49
18:45:16.163	34	15.0791	(1695, 1100)	(170, 110)	49
18:45:16.204	34	14.9015	(1705, 1100)	(171, 110)	49
18:45:16.249	34	14.6884	(1715, 1101)	(172, 110)	49
18:45:16.298	33	14.5081	(1725, 1101)	(173, 110)	49
18:45:16.346	33	14.2627	(1735, 1103)	(174, 110)	49
18:45:16.395	32	13.9967	(1748, 1104)	(175, 110)	49
18:45:16.440	32	13.7914	(1753, 1105)	(175, 111)	49
18:45:16.477	34	13.7933	(1755, 1105)	(176, 111)	49
18:45:16.524	29	13.5846	(1765, 1106)	(177, 111)	49
18:45:16.559	30	13.3662	(1775, 1107)	(178, 111)	49
18:45:16.599	29	13.2391	(1785, 1108)	(179, 111)	49
18:45:16.634	27	12.8593	(1798, 1109)	(180, 111)	49
18:45:16.669	27	12.6216	(1806, 1111)	(181, 111)	49
18:45:16.703	28	12.5601	(1815, 1112)	(182, 111)	49
18:45:16.738	28	12.3751	(1825, 1112)	(183, 111)	49
18:45:16.773	26	12.2539	(1835, 1113)	(184, 111)	49
18:45:16.801	30	12.103	(1850, 1114)	(185, 111)	49
18:45:16.836	31	12.2062	(1855, 1114)	(186, 111)	49
18:45:16.871	30	11.9427	(1858, 1115)	(186, 112)	49
18:45:16.905	30	11.8607	(1865, 1116)	(187, 112)	49
18:45:16.940	31	11.693	(1877, 1117)	(188, 112)	49
18:45:16.975	27	11.6607	(1885, 1118)	(189, 112)	49
18:45:17.009	26	11.5693	(1895, 1120)	(190, 112)	49
18:45:17.037	28	11.3652	(1905, 1121)	(191, 112)	49
18:45:17.072	25	5.92815	(0, 0)	(0, 0)	49
EOM

