BOM
Frame extends: 2263, 1306
_ms_area: 10
measurements taken: 585
current rendering method: 2
is mouse replay: 1
Camera settings: Roation Quaternion: ( -0.645554, -0.475982, 0.251161, 0.541854), Translationsvektor: ( -0.0583296, 0.0137825, 1.735).
System_Time	Elapsed_Time_PaintGL	Elapsed_Kernel_Time	Frame_Coordinates	Grid_Position	Manual_Measurement
18:45:19.713	34	23.6317	(318, 226)	(32, 23)	49
18:45:19.755	34	23.6027	(325, 225)	(33, 23)	49
18:45:19.797	40	23.677	(335, 225)	(34, 23)	49
18:45:19.847	43	23.6628	(345, 225)	(35, 23)	49
18:45:19.896	38	23.5677	(357, 225)	(36, 23)	49
18:45:19.936	36	23.6769	(372, 225)	(37, 23)	49
18:45:19.978	34	23.6569	(375, 225)	(38, 23)	49
18:45:20.020	40	23.6363	(385, 225)	(39, 23)	49
18:45:20.069	41	23.6649	(395, 225)	(40, 23)	49
18:45:20.118	37	23.6714	(405, 225)	(41, 23)	49
18:45:20.158	33	23.6615	(415, 225)	(42, 23)	49
18:45:20.192	33	23.6529	(425, 225)	(43, 23)	49
18:45:20.227	46	23.6508	(435, 226)	(44, 23)	49
18:45:20.278	41	23.6427	(445, 226)	(45, 23)	49
18:45:20.327	38	23.5769	(455, 226)	(46, 23)	49
18:45:20.367	36	23.7102	(465, 227)	(47, 23)	49
18:45:20.409	35	23.6764	(475, 227)	(48, 23)	49
18:45:20.450	37	23.7541	(485, 228)	(49, 23)	49
18:45:20.492	39	23.6975	(495, 228)	(50, 23)	49
18:45:20.536	40	23.7145	(505, 229)	(51, 23)	49
18:45:20.582	38	23.7446	(515, 229)	(52, 23)	49
18:45:20.625	37	23.7147	(525, 229)	(53, 23)	49
18:45:20.666	38	23.7173	(535, 229)	(54, 23)	49
18:45:20.714	42	23.6858	(545, 229)	(55, 23)	49
18:45:20.767	39	23.6944	(555, 229)	(56, 23)	49
18:45:20.812	35	23.8261	(565, 229)	(57, 23)	49
18:45:20.854	33	23.7942	(575, 229)	(58, 23)	49
18:45:20.896	32	23.7664	(585, 229)	(59, 23)	49
18:45:20.930	33	23.7636	(596, 229)	(60, 23)	49
18:45:20.972	33	23.9034	(605, 230)	(61, 23)	49
18:45:21.013	35	24.2686	(615, 230)	(62, 23)	49
18:45:21.056	33	24.7924	(626, 230)	(63, 23)	49
18:45:21.097	38	25.0778	(635, 230)	(64, 23)	49
18:45:21.160	37	25.2588	(645, 230)	(65, 23)	49
18:45:21.204	35	25.4065	(655, 230)	(66, 23)	49
18:45:21.243	35	25.5649	(665, 230)	(67, 23)	49
18:45:21.284	38	25.5086	(680, 230)	(68, 23)	49
18:45:21.327	39	25.5559	(685, 230)	(69, 23)	49
18:45:21.376	41	25.6913	(695, 230)	(70, 23)	49
18:45:21.424	37	25.6701	(705, 230)	(71, 23)	49
18:45:21.465	42	25.7726	(715, 230)	(72, 23)	49
18:45:21.516	45	25.6679	(725, 230)	(73, 23)	49
18:45:21.571	41	25.6323	(735, 230)	(74, 23)	49
18:45:21.618	37	26.0031	(749, 230)	(75, 23)	49
18:45:21.659	36	25.9381	(756, 230)	(76, 23)	49
18:45:21.702	43	26.0244	(766, 230)	(77, 23)	49
18:45:21.756	42	26.2542	(775, 230)	(78, 23)	49
18:45:21.807	38	26.365	(785, 230)	(79, 23)	49
18:45:21.848	36	26.5453	(796, 229)	(80, 23)	49
18:45:21.889	37	26.5246	(805, 229)	(81, 23)	49
18:45:21.931	36	26.5567	(815, 229)	(82, 23)	49
18:45:21.973	36	26.8184	(825, 228)	(83, 23)	49
18:45:22.015	37	26.8994	(835, 228)	(84, 23)	49
18:45:22.057	35	27.0696	(845, 228)	(85, 23)	49
18:45:22.098	35	27.0987	(855, 228)	(86, 23)	49
18:45:22.140	37	27.2975	(865, 228)	(87, 23)	49
18:45:22.181	37	27.6618	(875, 228)	(88, 23)	49
18:45:22.224	37	27.6181	(885, 228)	(89, 23)	49
18:45:22.264	38	27.6431	(895, 228)	(90, 23)	49
18:45:22.307	36	27.8302	(905, 228)	(91, 23)	49
18:45:22.348	37	27.855	(915, 228)	(92, 23)	49
18:45:22.390	36	27.911	(925, 228)	(93, 23)	49
18:45:22.431	37	27.9933	(935, 228)	(94, 23)	49
18:45:22.475	46	28.143	(945, 227)	(95, 23)	49
18:45:22.530	48	28.2409	(957, 227)	(96, 23)	49
18:45:22.588	43	28.2561	(966, 227)	(97, 23)	49
18:45:22.634	42	28.4591	(975, 227)	(98, 23)	49
18:45:22.682	43	28.4764	(985, 227)	(99, 23)	49
18:45:22.731	42	28.6799	(995, 227)	(100, 23)	49
18:45:22.787	40	28.6609	(1005, 227)	(101, 23)	49
18:45:22.835	41	28.6744	(1015, 226)	(102, 23)	49
18:45:22.883	42	28.4883	(1025, 226)	(103, 23)	49
18:45:22.932	42	28.291	(1035, 226)	(104, 23)	49
18:45:22.982	43	28.3169	(1045, 225)	(105, 23)	49
18:45:23.031	43	28.3053	(1055, 225)	(106, 23)	49
18:45:23.078	38	28.5317	(1065, 225)	(107, 23)	49
18:45:23.119	39	28.2547	(1071, 224)	(107, 22)	49
18:45:23.161	46	28.3378	(1075, 224)	(108, 22)	49
18:45:23.219	40	28.3001	(1085, 224)	(109, 22)	49
18:45:23.266	39	28.2816	(1095, 224)	(110, 22)	49
18:45:23.308	38	28.3009	(1105, 224)	(111, 22)	49
18:45:23.351	48	28.3003	(1115, 224)	(112, 22)	49
18:45:23.408	46	28.1867	(1125, 224)	(113, 22)	49
18:45:23.463	42	28.0911	(1135, 224)	(114, 22)	49
18:45:23.509	40	28.1578	(1146, 223)	(115, 22)	49
18:45:23.558	40	28.1837	(1155, 223)	(116, 22)	49
18:45:23.607	42	28.2249	(1165, 223)	(117, 22)	49
18:45:23.657	47	28.0436	(1175, 223)	(118, 22)	49
18:45:23.712	39	28.0837	(1185, 223)	(119, 22)	49
18:45:23.753	39	28.0536	(1195, 223)	(120, 22)	49
18:45:23.803	46	28.2504	(1205, 223)	(121, 22)	49
18:45:23.857	50	28.1575	(1215, 223)	(122, 22)	49
18:45:23.913	40	28.251	(1225, 223)	(123, 22)	49
18:45:23.961	41	28.236	(1235, 223)	(124, 22)	49
18:45:24.013	42	28.1194	(1245, 223)	(125, 22)	49
18:45:24.059	42	28.1745	(1255, 223)	(126, 22)	49
18:45:24.108	44	27.8673	(1265, 224)	(127, 22)	49
18:45:24.156	40	27.8065	(1275, 224)	(128, 22)	49
18:45:24.205	41	27.7196	(1282, 225)	(128, 23)	49
18:45:24.253	41	27.7815	(1285, 225)	(129, 23)	49
18:45:24.303	39	27.6255	(1295, 226)	(130, 23)	49
18:45:24.352	40	27.6676	(1305, 226)	(131, 23)	49
18:45:24.399	41	27.4681	(1316, 228)	(132, 23)	49
18:45:24.450	39	27.4606	(1326, 228)	(133, 23)	49
18:45:24.497	38	27.2828	(1335, 228)	(134, 23)	49
18:45:24.538	40	27.2477	(1345, 229)	(135, 23)	49
18:45:24.586	37	27.1305	(1355, 230)	(136, 23)	49
18:45:24.628	41	27.0108	(1366, 230)	(137, 23)	49
18:45:24.680	39	27.0108	(1375, 230)	(138, 23)	49
18:45:24.728	38	26.9181	(1386, 231)	(139, 23)	49
18:45:24.769	38	26.8225	(1395, 231)	(140, 23)	49
18:45:24.810	36	26.6289	(1405, 232)	(141, 23)	49
18:45:24.851	35	26.54	(1415, 232)	(142, 23)	49
18:45:24.892	36	26.4339	(1425, 232)	(143, 23)	49
18:45:24.938	37	26.3332	(1435, 233)	(144, 23)	49
18:45:24.984	37	26.2353	(1445, 234)	(145, 23)	49
18:45:25.025	41	26.0695	(1455, 234)	(146, 23)	49
18:45:25.079	42	25.9924	(1465, 234)	(147, 23)	49
18:45:25.130	41	25.9997	(1478, 234)	(148, 23)	49
18:45:25.183	38	25.8136	(1485, 234)	(149, 23)	49
18:45:25.226	37	25.92	(1488, 235)	(149, 24)	49
18:45:25.268	38	25.8218	(1495, 235)	(150, 24)	49
18:45:25.310	37	25.9658	(1506, 235)	(151, 24)	49
18:45:25.352	37	25.9369	(1516, 235)	(152, 24)	49
18:45:25.394	37	25.8539	(1526, 236)	(153, 24)	49
18:45:25.435	38	25.7505	(1535, 236)	(154, 24)	49
18:45:25.478	35	25.7012	(1546, 236)	(155, 24)	49
18:45:25.519	36	25.632	(1556, 237)	(156, 24)	49
18:45:25.561	37	25.7314	(1565, 237)	(157, 24)	49
18:45:25.604	36	25.6427	(1575, 238)	(158, 24)	49
18:45:25.644	35	25.7022	(1585, 238)	(159, 24)	49
18:45:25.685	35	25.5664	(1595, 239)	(160, 24)	49
18:45:25.727	34	25.5572	(1605, 239)	(161, 24)	49
18:45:25.768	34	25.3634	(1615, 240)	(162, 24)	49
18:45:25.810	36	25.3785	(1625, 240)	(163, 24)	49
18:45:25.852	34	25.0781	(1636, 241)	(164, 24)	49
18:45:25.898	39	24.7782	(1645, 242)	(165, 24)	49
18:45:25.944	35	24.5338	(1655, 242)	(166, 24)	49
18:45:25.985	35	24.3013	(1666, 243)	(167, 24)	49
18:45:26.026	33	24.1551	(1676, 244)	(168, 24)	49
18:45:26.060	34	24.2113	(1677, 245)	(168, 25)	49
18:45:26.095	37	24.1701	(1686, 245)	(169, 25)	49
18:45:26.138	43	24.1133	(1696, 246)	(170, 25)	49
18:45:26.187	40	24.0114	(1705, 246)	(171, 25)	49
18:45:26.234	35	24.1041	(1715, 248)	(172, 25)	49
18:45:26.275	33	24.0001	(1726, 249)	(173, 25)	49
18:45:26.311	40	24.0636	(1735, 250)	(174, 25)	49
18:45:26.360	41	24.0883	(1745, 251)	(175, 25)	49
18:45:26.412	37	23.9699	(1755, 253)	(176, 25)	49
18:45:26.458	32	23.9807	(1765, 254)	(177, 25)	49
18:45:26.498	35	24.0739	(1768, 255)	(177, 26)	49
18:45:26.541	37	24.0296	(1775, 256)	(178, 26)	49
18:45:26.584	38	23.9846	(1785, 258)	(179, 26)	49
18:45:26.633	35	23.8816	(1795, 260)	(180, 26)	49
18:45:26.672	33	23.9498	(1805, 262)	(181, 26)	49
18:45:26.714	34	23.9372	(1815, 264)	(182, 26)	49
18:45:26.756	32	23.8868	(1817, 265)	(182, 27)	49
18:45:26.791	33	23.905	(1825, 267)	(183, 27)	49
18:45:26.833	35	23.8544	(1838, 271)	(184, 27)	49
18:45:26.874	33	23.9243	(1845, 273)	(185, 27)	49
18:45:26.915	33	23.8333	(1849, 275)	(185, 28)	49
18:45:26.950	33	23.8296	(1858, 278)	(186, 28)	49
18:45:26.992	33	23.889	(1865, 280)	(187, 28)	49
18:45:27.027	33	23.7724	(1874, 285)	(187, 29)	49
18:45:27.062	32	23.8268	(1875, 285)	(188, 29)	49
18:45:27.097	32	23.7707	(1885, 289)	(189, 29)	49
18:45:27.131	33	23.8351	(1895, 294)	(190, 29)	49
18:45:27.166	33	23.7794	(1895, 295)	(190, 30)	49
18:45:27.200	33	23.7976	(1905, 299)	(191, 30)	49
18:45:27.235	33	23.7979	(1912, 305)	(191, 31)	49
18:45:27.270	33	23.8101	(1915, 307)	(192, 31)	49
18:45:27.319	32	23.7281	(1925, 314)	(193, 31)	49
18:45:27.353	37	23.7901	(1926, 315)	(193, 32)	49
18:45:27.396	36	23.8004	(1935, 322)	(194, 32)	49
18:45:27.439	36	23.6692	(1937, 325)	(194, 33)	49
18:45:27.479	35	23.7199	(1945, 333)	(195, 33)	49
18:45:27.521	34	23.7225	(1947, 335)	(195, 34)	49
18:45:27.562	36	23.6956	(1955, 344)	(196, 34)	49
18:45:27.604	38	23.7316	(1955, 345)	(196, 35)	49
18:45:27.646	37	23.7436	(1963, 355)	(196, 36)	49
18:45:27.688	35	23.8084	(1965, 358)	(197, 36)	49
18:45:27.729	33	23.8427	(1968, 365)	(197, 37)	49
18:45:27.764	34	23.8556	(1973, 375)	(197, 38)	49
18:45:27.806	37	23.8059	(1975, 379)	(198, 38)	49
18:45:27.848	38	23.8361	(1976, 385)	(198, 39)	49
18:45:27.890	39	23.7624	(1980, 395)	(198, 40)	49
18:45:27.937	33	23.7287	(1982, 405)	(198, 41)	49
18:45:27.972	36	23.7569	(1984, 415)	(198, 42)	49
18:45:28.014	37	23.7667	(1985, 417)	(199, 42)	49
18:45:28.056	37	23.8169	(1985, 425)	(199, 43)	49
18:45:28.099	35	23.9621	(1987, 435)	(199, 44)	49
18:45:28.139	35	24.0516	(1988, 445)	(199, 45)	49
18:45:28.181	41	24.0628	(1989, 455)	(199, 46)	49
18:45:28.231	40	24.0436	(1989, 465)	(199, 47)	49
18:45:28.280	39	24.0527	(1989, 475)	(199, 48)	49
18:45:28.327	37	24.1006	(1988, 485)	(199, 49)	49
18:45:28.368	36	24.1714	(1985, 495)	(199, 50)	49
18:45:28.410	39	24.145	(1984, 495)	(198, 50)	49
18:45:28.454	44	24.1287	(1980, 505)	(198, 51)	49
18:45:28.502	40	24.305	(1972, 516)	(197, 52)	49
18:45:28.549	37	24.7413	(1965, 525)	(197, 53)	49
18:45:28.591	40	24.8865	(1964, 526)	(196, 53)	49
18:45:28.641	42	24.9259	(1954, 534)	(195, 53)	49
18:45:28.690	43	24.8773	(1953, 535)	(195, 54)	49
18:45:28.741	37	24.9074	(1944, 539)	(194, 54)	49
18:45:28.785	39	25.1474	(1937, 545)	(194, 55)	49
18:45:28.828	41	24.9787	(1934, 547)	(193, 55)	49
18:45:28.877	41	24.9877	(1924, 555)	(192, 56)	49
18:45:28.926	39	25.0021	(1914, 561)	(191, 56)	49
18:45:28.974	38	25.1766	(1907, 565)	(191, 57)	49
18:45:29.016	45	25.0911	(1904, 567)	(190, 57)	49
18:45:29.065	44	25.2449	(1894, 572)	(189, 57)	49
18:45:29.113	38	25.2047	(1890, 575)	(189, 58)	49
18:45:29.155	37	25.3221	(1884, 577)	(188, 58)	49
18:45:29.195	35	25.3529	(1874, 581)	(187, 58)	49
18:45:29.237	36	25.5467	(1866, 585)	(187, 59)	49
18:45:29.279	36	25.4443	(1864, 585)	(186, 59)	49
18:45:29.322	40	25.5999	(1854, 590)	(185, 59)	49
18:45:29.371	39	25.8813	(1844, 594)	(184, 59)	49
18:45:29.412	37	25.9286	(1843, 595)	(184, 60)	49
18:45:29.454	39	26.005	(1834, 597)	(183, 60)	49
18:45:29.502	40	26.3212	(1823, 601)	(182, 60)	49
18:45:29.551	39	26.4975	(1810, 606)	(181, 61)	49
18:45:29.598	37	26.8477	(1804, 609)	(180, 61)	49
18:45:29.640	40	26.8179	(1794, 612)	(179, 61)	49
18:45:29.684	43	26.8923	(1787, 615)	(179, 62)	49
18:45:29.734	43	26.9841	(1784, 616)	(178, 62)	49
18:45:29.783	40	27.0793	(1774, 619)	(177, 62)	49
18:45:29.829	38	27.3923	(1764, 622)	(176, 62)	49
18:45:29.870	38	27.6664	(1758, 625)	(176, 63)	49
18:45:29.913	46	27.6533	(1754, 626)	(175, 63)	49
18:45:29.969	43	27.7714	(1744, 628)	(174, 63)	49
18:45:30.016	39	28.2493	(1734, 631)	(173, 63)	49
18:45:30.058	41	28.6659	(1724, 633)	(172, 63)	49
18:45:30.106	43	28.9323	(1715, 635)	(172, 64)	49
18:45:30.155	44	29.0621	(1714, 635)	(171, 64)	49
18:45:30.205	42	29.4533	(1704, 637)	(170, 64)	49
18:45:30.253	46	29.4655	(1694, 638)	(169, 64)	49
18:45:30.310	48	29.8298	(1684, 640)	(168, 64)	49
18:45:30.366	49	29.9575	(1674, 641)	(167, 64)	49
18:45:30.420	45	30.4573	(1664, 642)	(166, 64)	49
18:45:30.468	44	30.8323	(1654, 643)	(165, 64)	49
18:45:30.517	44	31.296	(1644, 644)	(164, 64)	49
18:45:30.566	48	31.5548	(1633, 644)	(163, 64)	49
18:45:30.622	42	31.7321	(1624, 644)	(162, 64)	49
18:45:30.669	45	32.067	(1614, 644)	(161, 64)	49
18:45:30.718	49	32.3687	(1604, 644)	(160, 64)	49
18:45:30.775	51	32.6793	(1594, 644)	(159, 64)	49
18:45:30.834	47	33.0184	(1584, 644)	(158, 64)	49
18:45:30.885	42	33.4493	(1574, 644)	(157, 64)	49
18:45:30.935	52	33.9025	(1564, 644)	(156, 64)	49
18:45:30.998	54	34.4433	(1554, 644)	(155, 64)	49
18:45:31.059	47	34.6787	(1548, 645)	(155, 65)	49
18:45:31.116	54	34.5603	(1544, 645)	(154, 65)	49
18:45:31.177	48	34.8883	(1534, 645)	(153, 65)	49
18:45:31.233	47	35.3049	(1524, 646)	(152, 65)	49
18:45:31.288	54	35.7776	(1514, 647)	(151, 65)	49
18:45:31.352	55	35.788	(1504, 648)	(150, 65)	49
18:45:31.415	54	35.9338	(1494, 649)	(149, 65)	49
18:45:31.477	47	36.5215	(1484, 651)	(148, 65)	49
18:45:31.533	55	36.5839	(1474, 652)	(147, 65)	49
18:45:31.595	56	36.9034	(1464, 652)	(146, 65)	49
18:45:31.660	51	36.8563	(1454, 653)	(145, 65)	49
18:45:31.719	53	37.4452	(1444, 654)	(144, 65)	49
18:45:31.776	56	37.3836	(1434, 654)	(143, 65)	49
18:45:31.838	54	37.5225	(1419, 654)	(142, 65)	49
18:45:31.894	51	37.423	(1414, 654)	(141, 65)	49
18:45:31.951	56	37.8104	(1404, 654)	(140, 65)	49
18:45:32.013	57	37.8836	(1394, 654)	(139, 65)	49
18:45:32.077	54	37.7364	(1384, 654)	(138, 65)	49
18:45:32.137	51	38.512	(1374, 654)	(137, 65)	49
18:45:32.193	52	38.8738	(1356, 653)	(136, 65)	49
18:45:32.248	52	38.7434	(1354, 653)	(135, 65)	49
18:45:32.304	49	38.5868	(1344, 652)	(134, 65)	49
18:45:32.359	52	38.7538	(1334, 651)	(133, 65)	49
18:45:32.415	54	38.9262	(1323, 651)	(132, 65)	49
18:45:32.478	57	38.5495	(1314, 650)	(131, 65)	49
18:45:32.540	50	38.2439	(1303, 649)	(130, 65)	49
18:45:32.595	50	38.1899	(1294, 648)	(129, 65)	49
18:45:32.651	52	38.3724	(1284, 647)	(128, 65)	49
18:45:32.708	52	37.9071	(1274, 647)	(127, 65)	49
18:45:32.763	54	37.7796	(1264, 646)	(126, 65)	49
18:45:32.827	58	37.5547	(1256, 644)	(126, 64)	49
18:45:32.897	55	37.4554	(1254, 644)	(125, 64)	49
18:45:32.957	50	37.4606	(1244, 643)	(124, 64)	49
18:45:33.014	54	37.193	(1234, 643)	(123, 64)	49
18:45:33.076	55	36.6726	(1224, 641)	(122, 64)	49
18:45:33.138	52	36.5807	(1214, 641)	(121, 64)	49
18:45:33.193	49	36.4342	(1204, 641)	(120, 64)	49
18:45:33.249	49	35.9148	(1194, 640)	(119, 64)	49
18:45:33.304	45	35.4945	(1184, 639)	(118, 64)	49
18:45:33.354	46	35.2837	(1174, 639)	(117, 64)	49
18:45:33.408	52	35.388	(1164, 637)	(116, 64)	49
18:45:33.465	55	35.0924	(1154, 637)	(115, 64)	49
18:45:33.528	53	34.781	(1144, 636)	(114, 64)	49
18:45:33.590	47	34.3963	(1134, 636)	(113, 64)	49
18:45:33.646	54	34.485	(1124, 635)	(112, 64)	49
18:45:33.713	54	34.2902	(1114, 635)	(111, 64)	49
18:45:33.773	49	33.8711	(1110, 634)	(111, 63)	49
18:45:33.826	47	33.8526	(1104, 634)	(110, 63)	49
18:45:33.882	53	33.9053	(1093, 633)	(109, 63)	49
18:45:33.945	52	33.807	(1084, 632)	(108, 63)	49
18:45:33.999	44	33.5326	(1074, 632)	(107, 63)	49
18:45:34.047	45	33.2406	(1064, 631)	(106, 63)	49
18:45:34.098	51	33.3446	(1051, 631)	(105, 63)	49
18:45:34.154	49	33.2212	(1032, 629)	(103, 63)	49
18:45:34.210	44	33.0828	(1024, 629)	(102, 63)	49
18:45:34.257	42	32.8364	(1014, 629)	(101, 63)	49
18:45:34.307	51	32.5821	(1004, 628)	(100, 63)	49
18:45:34.362	52	32.423	(994, 627)	(99, 63)	49
18:45:34.417	46	32.2388	(984, 627)	(98, 63)	49
18:45:34.466	45	32.3204	(974, 627)	(97, 63)	49
18:45:34.515	53	32.2369	(964, 626)	(96, 63)	49
18:45:34.578	54	32.3772	(954, 626)	(95, 63)	49
18:45:34.641	47	32.136	(944, 626)	(94, 63)	49
18:45:34.695	47	32.2664	(934, 625)	(93, 63)	49
18:45:34.752	50	32.5874	(927, 624)	(93, 62)	49
18:45:34.807	47	32.8676	(924, 624)	(92, 62)	49
18:45:34.862	45	32.992	(914, 623)	(91, 62)	49
18:45:34.911	45	32.9329	(904, 622)	(90, 62)	49
18:45:34.966	52	32.6893	(894, 621)	(89, 62)	49
18:45:35.023	52	32.4696	(884, 620)	(88, 62)	49
18:45:35.086	49	32.5569	(873, 619)	(87, 62)	49
18:45:35.141	50	32.1631	(864, 619)	(86, 62)	49
18:45:35.196	52	32.1239	(854, 619)	(85, 62)	49
18:45:35.260	52	31.8658	(843, 618)	(84, 62)	49
18:45:35.313	41	31.7433	(834, 618)	(83, 62)	49
18:45:35.363	44	31.5255	(823, 617)	(82, 62)	49
18:45:35.411	44	31.5007	(814, 617)	(81, 62)	49
18:45:35.460	43	31.2194	(804, 617)	(80, 62)	49
18:45:35.507	40	30.961	(794, 617)	(79, 62)	49
18:45:35.549	43	30.7776	(784, 616)	(78, 62)	49
18:45:35.599	48	30.5736	(772, 616)	(77, 62)	49
18:45:35.655	47	30.6009	(764, 615)	(76, 62)	49
18:45:35.709	41	30.3584	(754, 615)	(75, 62)	49
18:45:35.758	39	30.1236	(744, 615)	(74, 62)	49
18:45:35.800	51	30.1298	(734, 615)	(73, 62)	49
18:45:35.856	48	29.8819	(724, 615)	(72, 62)	49
18:45:35.912	40	29.6461	(714, 615)	(71, 62)	49
18:45:35.960	41	29.5639	(704, 615)	(70, 62)	49
18:45:36.009	46	29.348	(694, 615)	(69, 62)	49
18:45:36.059	48	29.0668	(684, 615)	(68, 62)	49
18:45:36.114	43	28.9136	(674, 615)	(67, 62)	49
18:45:36.162	41	28.667	(664, 616)	(66, 62)	49
18:45:36.210	45	28.6086	(654, 617)	(65, 62)	49
18:45:36.260	47	28.6498	(644, 618)	(64, 62)	49
18:45:36.316	46	28.361	(634, 618)	(63, 62)	49
18:45:36.370	43	28.0684	(624, 619)	(62, 62)	49
18:45:36.420	48	27.7973	(614, 619)	(61, 62)	49
18:45:36.476	48	27.7673	(604, 621)	(60, 62)	49
18:45:36.532	41	27.3293	(594, 621)	(59, 62)	49
18:45:36.579	42	26.9222	(584, 622)	(58, 62)	49
18:45:36.629	41	26.717	(574, 624)	(57, 62)	49
18:45:36.677	46	26.5813	(566, 625)	(57, 63)	49
18:45:36.734	42	26.6397	(564, 625)	(56, 63)	49
18:45:36.780	39	26.2279	(554, 625)	(55, 63)	49
18:45:36.822	38	25.4936	(544, 626)	(54, 63)	49
18:45:36.864	39	25.093	(534, 628)	(53, 63)	49
18:45:36.914	43	24.4993	(524, 629)	(52, 63)	49
18:45:36.961	35	24.2239	(514, 631)	(51, 63)	49
18:45:37.002	33	23.8557	(504, 633)	(50, 63)	49
18:45:37.037	35	23.871	(494, 634)	(49, 63)	49
18:45:37.079	37	23.9855	(493, 635)	(49, 64)	49
18:45:37.121	36	23.9693	(484, 637)	(48, 64)	49
18:45:37.163	34	23.8861	(467, 641)	(47, 64)	49
18:45:37.204	34	23.8481	(464, 642)	(46, 64)	49
18:45:37.246	36	23.7919	(458, 645)	(46, 65)	49
18:45:37.287	39	23.7354	(454, 646)	(45, 65)	49
18:45:37.331	45	23.7228	(444, 650)	(44, 65)	49
18:45:37.385	34	23.7311	(434, 654)	(43, 65)	49
18:45:37.426	36	23.7481	(432, 655)	(43, 66)	49
18:45:37.468	36	23.727	(424, 658)	(42, 66)	49
18:45:37.510	32	23.7083	(414, 662)	(41, 66)	49
18:45:37.545	32	23.7021	(409, 665)	(41, 67)	49
18:45:37.579	33	23.6941	(404, 667)	(40, 67)	49
18:45:37.614	37	23.6556	(394, 671)	(39, 67)	49
18:45:37.657	43	23.6704	(387, 675)	(39, 68)	49
18:45:37.706	45	23.669	(384, 676)	(38, 68)	49
18:45:37.762	40	23.7036	(374, 680)	(37, 68)	49
18:45:37.810	34	23.6815	(367, 685)	(37, 69)	49
18:45:37.850	36	23.7544	(364, 687)	(36, 69)	49
18:45:37.892	42	23.6874	(356, 695)	(36, 70)	49
18:45:37.943	42	23.6401	(354, 695)	(35, 70)	49
18:45:37.992	38	23.6561	(344, 704)	(34, 70)	49
18:45:38.039	40	23.7043	(344, 705)	(34, 71)	49
18:45:38.087	37	23.6801	(337, 715)	(34, 72)	49
18:45:38.129	42	23.7206	(335, 725)	(34, 73)	49
18:45:38.179	40	23.5972	(334, 727)	(33, 73)	49
18:45:38.226	39	23.7096	(331, 735)	(33, 74)	49
18:45:38.270	43	23.6739	(329, 746)	(33, 75)	49
18:45:38.318	42	23.5415	(329, 755)	(33, 76)	49
18:45:38.367	55	23.6061	(329, 765)	(33, 77)	49
18:45:38.431	36	23.5701	(329, 775)	(33, 78)	49
18:45:38.470	34	23.6474	(329, 785)	(33, 79)	49
18:45:38.511	35	23.628	(329, 795)	(33, 80)	49
18:45:38.553	40	23.7215	(329, 805)	(33, 81)	49
18:45:38.603	38	23.5341	(329, 833)	(33, 83)	49
18:45:38.643	33	23.6249	(329, 836)	(33, 84)	49
18:45:38.678	35	23.7071	(329, 845)	(33, 85)	49
18:45:38.720	36	23.6308	(329, 855)	(33, 86)	49
18:45:38.762	40	23.5644	(330, 865)	(33, 87)	49
18:45:38.811	38	23.7201	(332, 875)	(33, 88)	49
18:45:38.852	34	23.6447	(335, 883)	(34, 88)	49
18:45:38.894	32	23.6778	(335, 885)	(34, 89)	49
18:45:38.928	36	23.7456	(338, 895)	(34, 90)	49
18:45:38.970	38	23.6277	(341, 905)	(34, 91)	49
18:45:39.012	38	23.6514	(345, 914)	(35, 91)	49
18:45:39.055	36	23.6855	(346, 915)	(35, 92)	49
18:45:39.097	42	23.6921	(350, 925)	(35, 93)	49
18:45:39.145	42	23.5759	(355, 931)	(36, 93)	49
18:45:39.193	43	23.6815	(357, 935)	(36, 94)	49
18:45:39.242	39	23.6967	(364, 945)	(36, 95)	49
18:45:39.289	36	23.664	(365, 945)	(37, 95)	49
18:45:39.332	38	23.7948	(373, 955)	(37, 96)	49
18:45:39.373	37	23.7681	(375, 956)	(38, 96)	49
18:45:39.415	36	23.7865	(384, 965)	(38, 97)	49
18:45:39.458	36	23.8701	(385, 966)	(39, 97)	49
18:45:39.498	34	23.8316	(395, 975)	(40, 98)	49
18:45:39.533	35	23.9324	(405, 982)	(41, 98)	49
18:45:39.575	41	23.8973	(411, 987)	(41, 99)	49
18:45:39.625	40	23.9553	(415, 989)	(42, 99)	49
18:45:39.673	38	23.9627	(423, 995)	(42, 100)	49
18:45:39.714	36	23.8684	(425, 996)	(43, 100)	49
18:45:39.757	43	23.82	(435, 1001)	(44, 100)	49
18:45:39.806	41	23.8246	(441, 1005)	(44, 101)	49
18:45:39.853	36	23.8633	(446, 1007)	(45, 101)	49
18:45:39.895	36	23.9157	(455, 1012)	(46, 101)	49
18:45:39.938	43	23.8692	(461, 1015)	(46, 102)	49
18:45:39.988	41	23.8772	(465, 1017)	(47, 102)	49
18:45:40.036	42	23.8415	(475, 1022)	(48, 102)	49
18:45:40.083	39	24.0561	(481, 1025)	(48, 103)	49
18:45:40.131	35	23.8967	(485, 1026)	(49, 103)	49
18:45:40.172	33	23.9644	(495, 1030)	(50, 103)	49
18:45:40.214	39	23.9967	(505, 1034)	(51, 103)	49
18:45:40.260	38	24.0434	(506, 1035)	(51, 104)	49
18:45:40.304	37	24.0953	(515, 1037)	(52, 104)	49
18:45:40.346	34	24.0994	(525, 1040)	(53, 104)	49
18:45:40.381	39	24.5456	(540, 1043)	(54, 104)	49
18:45:40.430	40	24.8481	(545, 1044)	(55, 104)	49
18:45:40.479	37	24.7403	(549, 1045)	(55, 105)	49
18:45:40.522	36	24.8721	(555, 1046)	(56, 105)	49
18:45:40.562	40	25.3336	(577, 1050)	(58, 105)	49
18:45:40.613	45	25.257	(585, 1052)	(59, 105)	49
18:45:40.668	44	25.288	(595, 1053)	(60, 105)	49
18:45:40.717	41	25.5044	(605, 1054)	(61, 105)	49
18:45:40.764	38	25.6037	(608, 1055)	(61, 106)	49
18:45:40.806	41	25.7329	(615, 1056)	(62, 106)	49
18:45:40.854	39	26.3004	(625, 1057)	(63, 106)	49
18:45:40.904	47	26.3763	(635, 1058)	(64, 106)	49
18:45:40.959	37	26.5519	(645, 1059)	(65, 106)	49
18:45:40.999	39	26.6846	(655, 1060)	(66, 106)	49
18:45:41.042	41	26.9517	(665, 1061)	(67, 106)	49
18:45:41.091	41	27.0076	(675, 1061)	(68, 106)	49
18:45:41.140	42	27.2086	(685, 1063)	(69, 106)	49
18:45:41.188	42	27.2837	(695, 1063)	(70, 106)	49
18:45:41.238	41	27.4695	(705, 1064)	(71, 106)	49
18:45:41.285	46	27.6399	(715, 1064)	(72, 106)	49
18:45:41.336	47	27.728	(719, 1065)	(72, 107)	49
18:45:41.391	44	27.7547	(725, 1065)	(73, 107)	49
18:45:41.438	44	27.8471	(735, 1066)	(74, 107)	49
18:45:41.488	48	28.0641	(745, 1066)	(75, 107)	49
18:45:41.544	42	28.1887	(755, 1066)	(76, 107)	49
18:45:41.591	37	28.3847	(765, 1066)	(77, 107)	49
18:45:41.632	43	28.6464	(775, 1067)	(78, 107)	49
18:45:41.683	46	28.7477	(785, 1067)	(79, 107)	49
18:45:41.738	53	28.8618	(795, 1068)	(80, 107)	49
18:45:41.800	40	29.1707	(805, 1069)	(81, 107)	49
18:45:41.848	38	29.3056	(815, 1070)	(82, 107)	49
18:45:41.889	40	29.559	(825, 1071)	(83, 107)	49
18:45:41.931	41	29.771	(835, 1072)	(84, 107)	49
18:45:41.980	43	29.8932	(845, 1073)	(85, 107)	49
18:45:42.029	42	30.0117	(856, 1074)	(86, 107)	49
18:45:42.077	46	30.0923	(862, 1075)	(86, 108)	49
18:45:42.127	51	30.3204	(865, 1075)	(87, 108)	49
18:45:42.185	46	30.3856	(875, 1075)	(88, 108)	49
18:45:42.238	43	30.5689	(885, 1076)	(89, 108)	49
18:45:42.288	45	30.8001	(895, 1077)	(90, 108)	49
18:45:42.343	46	31.0479	(905, 1078)	(91, 108)	49
18:45:42.399	42	31.1264	(915, 1078)	(92, 108)	49
18:45:42.445	46	31.2985	(925, 1079)	(93, 108)	49
18:45:42.495	45	31.2252	(935, 1080)	(94, 108)	49
18:45:42.543	43	31.3139	(945, 1081)	(95, 108)	49
18:45:42.593	42	31.1973	(955, 1082)	(96, 108)	49
18:45:42.640	48	31.2942	(965, 1082)	(97, 108)	49
18:45:42.698	48	31.3649	(975, 1083)	(98, 108)	49
18:45:42.753	50	31.4437	(986, 1083)	(99, 108)	49
18:45:42.810	46	31.4267	(995, 1084)	(100, 108)	49
18:45:42.863	43	31.5453	(1005, 1084)	(101, 108)	49
18:45:42.915	50	31.3742	(1015, 1084)	(102, 108)	49
18:45:42.969	50	31.5124	(1017, 1085)	(102, 109)	49
18:45:43.024	47	31.551	(1025, 1085)	(103, 109)	49
18:45:43.078	41	31.5984	(1040, 1085)	(104, 109)	49
18:45:43.126	47	31.5161	(1048, 1085)	(105, 109)	49
18:45:43.177	51	31.4972	(1055, 1086)	(106, 109)	49
18:45:43.233	48	31.771	(1065, 1086)	(107, 109)	49
18:45:43.287	41	31.8031	(1075, 1086)	(108, 109)	49
18:45:43.335	47	31.7126	(1085, 1086)	(109, 109)	49
18:45:43.393	49	31.6479	(1096, 1086)	(110, 109)	49
18:45:43.449	46	31.7804	(1105, 1086)	(111, 109)	49
18:45:43.503	47	31.7062	(1115, 1086)	(112, 109)	49
18:45:43.560	50	31.5298	(1126, 1086)	(113, 109)	49
18:45:43.621	45	31.5428	(1135, 1086)	(114, 109)	49
18:45:43.670	44	31.5797	(1146, 1086)	(115, 109)	49
18:45:43.719	47	31.6511	(1155, 1086)	(116, 109)	49
18:45:43.774	47	31.4584	(1166, 1086)	(117, 109)	49
18:45:43.830	50	31.3557	(1175, 1086)	(118, 109)	49
18:45:43.886	43	31.4033	(1185, 1085)	(119, 109)	49
18:45:43.934	48	31.3547	(1188, 1084)	(119, 108)	49
18:45:43.991	49	31.2492	(1195, 1084)	(120, 108)	49
18:45:44.046	48	31.1987	(1205, 1082)	(121, 108)	49
18:45:44.103	45	31.2493	(1215, 1081)	(122, 108)	49
18:45:44.156	47	31.2243	(1225, 1081)	(123, 108)	49
18:45:44.213	51	31.0495	(1235, 1081)	(124, 108)	49
18:45:44.268	51	30.8582	(1245, 1080)	(125, 108)	49
18:45:44.323	42	30.5759	(1255, 1080)	(126, 108)	49
18:45:44.371	41	30.5387	(1265, 1079)	(127, 108)	49
18:45:44.421	47	30.5353	(1275, 1078)	(128, 108)	49
18:45:44.477	46	30.268	(1286, 1077)	(129, 108)	49
18:45:44.532	46	30.1941	(1295, 1077)	(130, 108)	49
18:45:44.588	46	30.3859	(1305, 1077)	(131, 108)	49
18:45:44.643	42	30.0437	(1315, 1077)	(132, 108)	49
18:45:44.691	42	29.9142	(1325, 1077)	(133, 108)	49
18:45:44.740	39	29.6194	(1335, 1077)	(134, 108)	49
18:45:44.781	39	29.712	(1345, 1077)	(135, 108)	49
18:45:44.823	39	29.6618	(1355, 1077)	(136, 108)	49
18:45:44.865	41	29.3101	(1365, 1079)	(137, 108)	49
18:45:44.914	41	29.1172	(1375, 1080)	(138, 108)	49
18:45:44.963	41	28.9204	(1385, 1081)	(139, 108)	49
18:45:45.012	46	28.7849	(1395, 1081)	(140, 108)	49
18:45:45.068	44	28.4927	(1405, 1083)	(141, 108)	49
18:45:45.116	45	28.1764	(1416, 1084)	(142, 108)	49
18:45:45.165	42	27.816	(1418, 1085)	(142, 109)	49
18:45:45.213	43	27.5785	(1425, 1085)	(143, 109)	49
18:45:45.263	43	27.2978	(1437, 1088)	(144, 109)	49
18:45:45.311	49	27.1047	(1445, 1088)	(145, 109)	49
18:45:45.368	41	26.768	(1455, 1089)	(146, 109)	49
18:45:45.414	40	26.619	(1465, 1090)	(147, 109)	49
18:45:45.463	39	26.6239	(1476, 1091)	(148, 109)	49
18:45:45.506	40	26.5843	(1485, 1092)	(149, 109)	49
18:45:45.554	41	26.3587	(1495, 1093)	(150, 109)	49
18:45:45.602	41	26.285	(1505, 1093)	(151, 109)	49
18:45:45.651	40	26.2676	(1515, 1093)	(152, 109)	49
18:45:45.698	43	26.0818	(1525, 1093)	(153, 109)	49
18:45:45.750	46	26.0612	(1535, 1094)	(154, 109)	49
18:45:45.806	41	26.0535	(1545, 1094)	(155, 109)	49
18:45:45.852	42	26.1812	(1555, 1094)	(156, 109)	49
18:45:45.902	44	25.9209	(1565, 1094)	(157, 109)	49
18:45:45.951	45	25.9246	(1566, 1095)	(157, 110)	49
18:45:46.000	41	25.7062	(1575, 1095)	(158, 110)	49
18:45:46.047	39	25.7751	(1585, 1095)	(159, 110)	49
18:45:46.097	45	25.6844	(1596, 1096)	(160, 110)	49
18:45:46.153	44	25.6239	(1605, 1096)	(161, 110)	49
18:45:46.208	40	25.5539	(1615, 1096)	(162, 110)	49
18:45:46.255	35	25.56	(1625, 1097)	(163, 110)	49
18:45:46.296	36	25.5874	(1635, 1097)	(164, 110)	49
18:45:46.338	37	25.4914	(1645, 1097)	(165, 110)	49
18:45:46.381	44	25.4904	(1655, 1098)	(166, 110)	49
18:45:46.436	39	25.3436	(1665, 1098)	(167, 110)	49
18:45:46.478	51	25.4034	(1675, 1099)	(168, 110)	49
18:45:46.534	38	25.3596	(1685, 1099)	(169, 110)	49
18:45:46.576	38	25.337	(1695, 1100)	(170, 110)	49
18:45:46.617	37	25.3551	(1705, 1100)	(171, 110)	49
18:45:46.658	36	25.349	(1715, 1101)	(172, 110)	49
18:45:46.700	34	25.3415	(1725, 1101)	(173, 110)	49
18:45:46.742	43	25.319	(1735, 1103)	(174, 110)	49
18:45:46.792	45	25.3316	(1748, 1104)	(175, 110)	49
18:45:46.845	39	25.3609	(1753, 1105)	(175, 111)	49
18:45:46.890	37	25.4262	(1755, 1105)	(176, 111)	49
18:45:46.930	36	25.2828	(1765, 1106)	(177, 111)	49
18:45:46.972	37	25.2228	(1775, 1107)	(178, 111)	49
18:45:47.013	37	25.3708	(1785, 1108)	(179, 111)	49
18:45:47.056	35	25.2816	(1798, 1109)	(180, 111)	49
18:45:47.096	35	25.2601	(1806, 1111)	(181, 111)	49
18:45:47.138	36	25.2987	(1815, 1112)	(182, 111)	49
18:45:47.180	35	25.2674	(1825, 1112)	(183, 111)	49
18:45:47.222	35	25.2554	(1835, 1113)	(184, 111)	49
18:45:47.264	35	25.0788	(1850, 1114)	(185, 111)	49
18:45:47.305	35	25.137	(1855, 1114)	(186, 111)	49
18:45:47.346	35	25.1244	(1858, 1115)	(186, 112)	49
18:45:47.388	39	25.1224	(1865, 1116)	(187, 112)	49
18:45:47.431	40	25.0807	(1877, 1117)	(188, 112)	49
18:45:47.480	41	25.0609	(1885, 1118)	(189, 112)	49
18:45:47.528	40	24.8901	(1895, 1120)	(190, 112)	49
18:45:47.577	45	24.8859	(1905, 1121)	(191, 112)	49
18:45:47.633	42	23.2258	(0, 0)	(0, 0)	49
EOM

