BOM
Frame extends: 2263, 1306
_ms_area: 10
measurements taken: 585
current rendering method: 1
is mouse replay: 1
Camera settings: Roation Quaternion: ( 0.0781448, -0.504042, 0.222377, 0.830877), Translationsvektor: ( 0.0238621, -0.133231, 1.585).
System_Time	Elapsed_Time_PaintGL	Elapsed_Kernel_Time	Frame_Coordinates	Grid_Position	Manual_Measurement
19:06:56.389	31	14.1658	(318, 226)	(32, 23)	49
19:06:56.429	30	14.2985	(325, 225)	(33, 23)	49
19:06:56.463	30	14.5413	(335, 225)	(34, 23)	49
19:06:56.498	32	14.7479	(345, 225)	(35, 23)	49
19:06:56.535	36	14.988	(357, 225)	(36, 23)	49
19:06:56.575	37	15.2804	(372, 225)	(37, 23)	49
19:06:56.617	35	15.3859	(375, 225)	(38, 23)	49
19:06:56.658	34	15.5424	(385, 225)	(39, 23)	49
19:06:56.699	30	15.8073	(395, 225)	(40, 23)	49
19:06:56.733	31	15.9621	(405, 225)	(41, 23)	49
19:06:56.773	37	16.104	(415, 225)	(42, 23)	49
19:06:56.819	37	16.3099	(425, 225)	(43, 23)	49
19:06:56.861	38	16.7613	(435, 226)	(44, 23)	49
19:06:56.911	31	16.8839	(445, 226)	(45, 23)	49
19:06:56.950	31	17.1553	(455, 226)	(46, 23)	49
19:06:56.984	35	17.4356	(465, 227)	(47, 23)	49
19:06:57.027	38	17.6969	(475, 227)	(48, 23)	49
19:06:57.069	36	17.8351	(485, 228)	(49, 23)	49
19:06:57.110	35	18.1724	(495, 228)	(50, 23)	49
19:06:57.152	42	18.3699	(505, 229)	(51, 23)	49
19:06:57.200	43	18.4107	(515, 229)	(52, 23)	49
19:06:57.249	42	18.5717	(525, 229)	(53, 23)	49
19:06:57.298	39	18.7619	(535, 229)	(54, 23)	49
19:06:57.340	36	18.813	(545, 229)	(55, 23)	49
19:06:57.381	37	19.0607	(555, 229)	(56, 23)	49
19:06:57.422	39	19.1087	(565, 229)	(57, 23)	49
19:06:57.465	37	19.249	(575, 229)	(58, 23)	49
19:06:57.506	38	19.3074	(585, 229)	(59, 23)	49
19:06:57.547	39	19.381	(596, 229)	(60, 23)	49
19:06:57.590	37	19.4941	(605, 230)	(61, 23)	49
19:06:57.631	40	19.7567	(615, 230)	(62, 23)	49
19:06:57.682	46	19.84	(626, 230)	(63, 23)	49
19:06:57.738	39	20.0136	(635, 230)	(64, 23)	49
19:06:57.783	40	20.3247	(645, 230)	(65, 23)	49
19:06:57.826	38	20.5862	(655, 230)	(66, 23)	49
19:06:57.867	39	20.7701	(665, 230)	(67, 23)	49
19:06:57.909	37	21.1564	(680, 230)	(68, 23)	49
19:06:57.950	38	21.3126	(685, 230)	(69, 23)	49
19:06:57.994	46	21.6767	(695, 230)	(70, 23)	49
19:06:58.052	49	21.9175	(705, 230)	(71, 23)	49
19:06:58.114	48	22.1437	(715, 230)	(72, 23)	49
19:06:58.168	42	22.2846	(725, 230)	(73, 23)	49
19:06:58.215	41	22.5913	(735, 230)	(74, 23)	49
19:06:58.264	46	22.8967	(749, 230)	(75, 23)	49
19:06:58.321	50	23.0924	(756, 230)	(76, 23)	49
19:06:58.376	41	23.3486	(766, 230)	(77, 23)	49
19:06:58.423	37	23.4523	(775, 230)	(78, 23)	49
19:06:58.464	42	23.553	(785, 230)	(79, 23)	49
19:06:58.514	45	23.6929	(796, 229)	(80, 23)	49
19:06:58.563	41	23.824	(805, 229)	(81, 23)	49
19:06:58.611	38	23.9873	(815, 229)	(82, 23)	49
19:06:58.652	49	23.8973	(825, 228)	(83, 23)	49
19:06:58.712	49	23.8159	(835, 228)	(84, 23)	49
19:06:58.766	45	23.8261	(845, 228)	(85, 23)	49
19:06:58.820	46	23.9738	(855, 228)	(86, 23)	49
19:06:58.870	53	23.7284	(865, 228)	(87, 23)	49
19:06:58.931	39	23.8114	(875, 228)	(88, 23)	49
19:06:58.973	40	23.7803	(885, 228)	(89, 23)	49
19:06:59.014	40	23.8479	(895, 228)	(90, 23)	49
19:06:59.056	47	23.8345	(905, 228)	(91, 23)	49
19:06:59.105	40	23.9807	(915, 228)	(92, 23)	49
19:06:59.146	38	23.989	(925, 228)	(93, 23)	49
19:06:59.188	38	24.0881	(935, 228)	(94, 23)	49
19:06:59.230	38	24.1209	(945, 227)	(95, 23)	49
19:06:59.272	38	24.3582	(957, 227)	(96, 23)	49
19:06:59.313	38	24.3726	(966, 227)	(97, 23)	49
19:06:59.355	38	24.5919	(975, 227)	(98, 23)	49
19:06:59.397	39	24.6693	(985, 227)	(99, 23)	49
19:06:59.438	39	24.6441	(995, 227)	(100, 23)	49
19:06:59.480	38	24.5526	(1005, 227)	(101, 23)	49
19:06:59.522	39	24.488	(1015, 226)	(102, 23)	49
19:06:59.564	38	24.4524	(1025, 226)	(103, 23)	49
19:06:59.605	38	24.3224	(1035, 226)	(104, 23)	49
19:06:59.647	38	24.0739	(1045, 225)	(105, 23)	49
19:06:59.689	41	23.9724	(1055, 225)	(106, 23)	49
19:06:59.737	39	23.9022	(1065, 225)	(107, 23)	49
19:06:59.779	37	23.9329	(1071, 224)	(107, 22)	49
19:06:59.821	38	23.8736	(1075, 224)	(108, 22)	49
19:06:59.863	40	23.8036	(1085, 224)	(109, 22)	49
19:06:59.904	38	23.6708	(1095, 224)	(110, 22)	49
19:06:59.946	40	23.445	(1105, 224)	(111, 22)	49
19:06:59.988	37	23.2745	(1115, 224)	(112, 22)	49
19:07:00.029	38	23.0787	(1125, 224)	(113, 22)	49
19:07:00.071	38	22.8539	(1135, 224)	(114, 22)	49
19:07:00.113	41	22.5375	(1146, 223)	(115, 22)	49
19:07:00.163	43	22.4858	(1155, 223)	(116, 22)	49
19:07:00.210	47	22.6729	(1165, 223)	(117, 22)	49
19:07:00.268	43	22.7523	(1175, 223)	(118, 22)	49
19:07:00.315	41	22.7404	(1185, 223)	(119, 22)	49
19:07:00.365	41	22.7345	(1195, 223)	(120, 22)	49
19:07:00.412	43	22.9179	(1205, 223)	(121, 22)	49
19:07:00.460	43	22.9504	(1215, 223)	(122, 22)	49
19:07:00.509	47	22.9969	(1225, 223)	(123, 22)	49
19:07:00.567	50	22.7116	(1235, 223)	(124, 22)	49
19:07:00.621	51	22.7886	(1245, 223)	(125, 22)	49
19:07:00.678	44	22.8487	(1255, 223)	(126, 22)	49
19:07:00.724	43	22.7148	(1265, 224)	(127, 22)	49
19:07:00.775	46	22.6557	(1275, 224)	(128, 22)	49
19:07:00.830	42	22.7123	(1282, 225)	(128, 23)	49
19:07:00.878	45	22.6166	(1285, 225)	(129, 23)	49
19:07:00.927	42	22.8311	(1295, 226)	(130, 23)	49
19:07:00.977	38	22.5471	(1305, 226)	(131, 23)	49
19:07:01.023	43	22.2455	(1316, 228)	(132, 23)	49
19:07:01.073	41	22.152	(1326, 228)	(133, 23)	49
19:07:01.121	42	22.0231	(1335, 228)	(134, 23)	49
19:07:01.169	46	21.751	(1345, 229)	(135, 23)	49
19:07:01.219	44	21.7387	(1355, 230)	(136, 23)	49
19:07:01.267	42	21.4683	(1366, 230)	(137, 23)	49
19:07:01.316	40	21.3021	(1375, 230)	(138, 23)	49
19:07:01.364	35	21.1702	(1386, 231)	(139, 23)	49
19:07:01.406	35	21.0289	(1395, 231)	(140, 23)	49
19:07:01.448	40	20.7243	(1405, 232)	(141, 23)	49
19:07:01.498	39	20.3837	(1415, 232)	(142, 23)	49
19:07:01.546	36	20.1973	(1425, 232)	(143, 23)	49
19:07:01.587	34	19.9222	(1435, 233)	(144, 23)	49
19:07:01.628	39	19.4308	(1445, 234)	(145, 23)	49
19:07:01.671	43	19.0139	(1455, 234)	(146, 23)	49
19:07:01.719	43	18.5308	(1465, 234)	(147, 23)	49
19:07:01.769	39	18.2837	(1478, 234)	(148, 23)	49
19:07:01.816	34	17.9145	(1485, 234)	(149, 23)	49
19:07:01.858	36	17.909	(1488, 235)	(149, 24)	49
19:07:01.900	36	18.0308	(1495, 235)	(150, 24)	49
19:07:01.941	35	17.4806	(1506, 235)	(151, 24)	49
19:07:01.984	33	17.0096	(1516, 235)	(152, 24)	49
19:07:02.024	30	16.8203	(1526, 236)	(153, 24)	49
19:07:02.058	35	16.6289	(1535, 236)	(154, 24)	49
19:07:02.101	36	16.216	(1546, 236)	(155, 24)	49
19:07:02.143	35	15.9132	(1556, 237)	(156, 24)	49
19:07:02.185	35	15.6492	(1565, 237)	(157, 24)	49
19:07:02.226	34	15.4422	(1575, 238)	(158, 24)	49
19:07:02.268	36	15.177	(1585, 238)	(159, 24)	49
19:07:02.310	34	14.8796	(1595, 239)	(160, 24)	49
19:07:02.351	36	14.4803	(1605, 239)	(161, 24)	49
19:07:02.393	34	14.1674	(1615, 240)	(162, 24)	49
19:07:02.435	33	13.913	(1625, 240)	(163, 24)	49
19:07:02.477	33	13.5471	(1636, 241)	(164, 24)	49
19:07:02.518	33	13.195	(1645, 242)	(165, 24)	49
19:07:02.554	31	12.5807	(1655, 242)	(166, 24)	49
19:07:02.588	31	12.0191	(1666, 243)	(167, 24)	49
19:07:02.622	28	11.5467	(1676, 244)	(168, 24)	49
19:07:02.657	29	11.495	(1677, 245)	(168, 25)	49
19:07:02.692	31	11.124	(1686, 245)	(169, 25)	49
19:07:02.726	31	10.8907	(1696, 246)	(170, 25)	49
19:07:02.762	30	10.7421	(1705, 246)	(171, 25)	49
19:07:02.797	28	10.6132	(1715, 248)	(172, 25)	49
19:07:02.831	26	10.4354	(1726, 249)	(173, 25)	49
19:07:02.858	24	10.3256	(1735, 250)	(174, 25)	49
19:07:02.886	24	10.2341	(1745, 251)	(175, 25)	49
19:07:02.914	24	10.1142	(1755, 253)	(176, 25)	49
19:07:02.942	36	10.0129	(1765, 254)	(177, 25)	49
19:07:02.984	29	10.0695	(1768, 255)	(177, 26)	49
19:07:03.019	26	9.94993	(1775, 256)	(178, 26)	49
19:07:03.053	25	9.89956	(1785, 258)	(179, 26)	49
19:07:03.081	23	9.78341	(1795, 260)	(180, 26)	49
19:07:03.109	23	9.69437	(1805, 262)	(181, 26)	49
19:07:03.136	27	9.65141	(1815, 264)	(182, 26)	49
19:07:03.172	28	9.58237	(1817, 265)	(182, 27)	49
19:07:03.207	28	9.51793	(1825, 267)	(183, 27)	49
19:07:03.242	29	10.0187	(1838, 271)	(184, 27)	49
19:07:03.276	29	9.32978	(1845, 273)	(185, 27)	49
19:07:03.311	28	9.27244	(1849, 275)	(185, 28)	49
19:07:03.345	29	9.14652	(1858, 278)	(186, 28)	49
19:07:03.381	27	9.00282	(1865, 280)	(187, 28)	49
19:07:03.415	28	9.49882	(1874, 285)	(187, 29)	49
19:07:03.450	23	8.86119	(1875, 285)	(188, 29)	49
19:07:03.477	24	8.71496	(1885, 289)	(189, 29)	49
19:07:03.505	24	8.58993	(1895, 294)	(190, 29)	49
19:07:03.533	23	8.60474	(1895, 295)	(190, 30)	49
19:07:03.561	24	8.46341	(1905, 299)	(191, 30)	49
19:07:03.589	23	8.38815	(1912, 305)	(191, 31)	49
19:07:03.616	24	8.36785	(1915, 307)	(192, 31)	49
19:07:03.644	24	8.34637	(1925, 314)	(193, 31)	49
19:07:03.672	23	8.34148	(1926, 315)	(193, 32)	49
19:07:03.700	23	8.34296	(1935, 322)	(194, 32)	49
19:07:03.728	24	8.35067	(1937, 325)	(194, 33)	49
19:07:03.757	32	8.30267	(1945, 333)	(195, 33)	49
19:07:03.798	32	8.2997	(1947, 335)	(195, 34)	49
19:07:03.840	26	8.29644	(1955, 344)	(196, 34)	49
19:07:03.874	25	8.37141	(1955, 345)	(196, 35)	49
19:07:03.903	26	8.30193	(1963, 355)	(196, 36)	49
19:07:03.937	25	8.36059	(1965, 358)	(197, 36)	49
19:07:03.966	25	8.31955	(1968, 365)	(197, 37)	49
19:07:04.001	26	8.33111	(1973, 375)	(197, 38)	49
19:07:04.036	23	8.35985	(1975, 379)	(198, 38)	49
19:07:04.062	23	8.42104	(1976, 385)	(198, 39)	49
19:07:04.089	22	8.42963	(1980, 395)	(198, 40)	49
19:07:04.116	23	8.47422	(1982, 405)	(198, 41)	49
19:07:04.144	22	8.51526	(1984, 415)	(198, 42)	49
19:07:04.172	22	8.53126	(1985, 417)	(199, 42)	49
19:07:04.200	22	8.57022	(1985, 425)	(199, 43)	49
19:07:04.228	22	8.5997	(1987, 435)	(199, 44)	49
19:07:04.256	22	8.65215	(1988, 445)	(199, 45)	49
19:07:04.284	23	8.7003	(1989, 455)	(199, 46)	49
19:07:04.311	22	8.76163	(1989, 465)	(199, 47)	49
19:07:04.340	22	8.82326	(1989, 475)	(199, 48)	49
19:07:04.367	22	8.852	(1988, 485)	(199, 49)	49
19:07:04.395	23	8.94548	(1985, 495)	(199, 50)	49
19:07:04.423	22	8.9477	(1984, 495)	(198, 50)	49
19:07:04.450	23	9.05096	(1980, 505)	(198, 51)	49
19:07:04.478	24	9.17644	(1972, 516)	(197, 52)	49
19:07:04.506	23	9.27304	(1965, 525)	(197, 53)	49
19:07:04.534	23	9.29822	(1964, 526)	(196, 53)	49
19:07:04.562	23	9.50059	(1954, 534)	(195, 53)	49
19:07:04.590	23	9.50919	(1953, 535)	(195, 54)	49
19:07:04.617	23	9.65748	(1944, 539)	(194, 54)	49
19:07:04.645	24	9.8	(1937, 545)	(194, 55)	49
19:07:04.674	24	9.84548	(1934, 547)	(193, 55)	49
19:07:04.702	23	10.0812	(1924, 555)	(192, 56)	49
19:07:04.728	24	10.3692	(1914, 561)	(191, 56)	49
19:07:04.757	24	10.4714	(1907, 565)	(191, 57)	49
19:07:04.785	23	10.525	(1904, 567)	(190, 57)	49
19:07:04.811	25	10.8262	(1894, 572)	(189, 57)	49
19:07:04.840	25	10.8849	(1890, 575)	(189, 58)	49
19:07:04.868	25	11.0076	(1884, 577)	(188, 58)	49
19:07:04.895	25	11.2982	(1874, 581)	(187, 58)	49
19:07:04.924	25	11.6127	(1866, 585)	(187, 59)	49
19:07:04.951	26	11.6787	(1864, 585)	(186, 59)	49
19:07:04.979	25	12.1526	(1854, 590)	(185, 59)	49
19:07:05.007	26	12.4003	(1844, 594)	(184, 59)	49
19:07:05.043	26	12.6933	(1843, 595)	(184, 60)	49
19:07:05.092	28	12.7295	(1834, 597)	(183, 60)	49
19:07:05.174	35	13.3353	(1823, 601)	(182, 60)	49
19:07:05.223	29	14.3258	(1810, 606)	(181, 61)	49
19:07:05.257	30	14.4434	(1804, 609)	(180, 61)	49
19:07:05.306	28	14.4683	(1794, 612)	(179, 61)	49
19:07:05.340	29	14.8689	(1787, 615)	(179, 62)	49
19:07:05.389	29	14.9076	(1784, 616)	(178, 62)	49
19:07:05.425	30	15.3093	(1774, 619)	(177, 62)	49
19:07:05.472	29	15.6161	(1764, 622)	(176, 62)	49
19:07:05.507	31	15.9396	(1758, 625)	(176, 63)	49
19:07:05.541	30	16.1686	(1754, 626)	(175, 63)	49
19:07:05.576	31	16.6479	(1744, 628)	(174, 63)	49
19:07:05.619	35	17.1111	(1734, 631)	(173, 63)	49
19:07:05.661	36	17.5	(1724, 633)	(172, 63)	49
19:07:05.702	35	18.091	(1715, 635)	(172, 64)	49
19:07:05.743	39	18.0661	(1714, 635)	(171, 64)	49
19:07:05.786	44	18.4748	(1704, 637)	(170, 64)	49
19:07:05.835	36	18.9468	(1694, 638)	(169, 64)	49
19:07:05.876	36	19.5431	(1684, 640)	(168, 64)	49
19:07:05.917	33	19.8978	(1674, 641)	(167, 64)	49
19:07:05.952	34	20.4083	(1664, 642)	(166, 64)	49
19:07:05.993	34	20.5603	(1654, 643)	(165, 64)	49
19:07:06.036	41	20.7907	(1644, 644)	(164, 64)	49
19:07:06.087	50	21.0732	(1633, 644)	(163, 64)	49
19:07:06.140	41	21.468	(1624, 644)	(162, 64)	49
19:07:06.188	37	21.8511	(1614, 644)	(161, 64)	49
19:07:06.237	36	22.1618	(1604, 644)	(160, 64)	49
19:07:06.278	37	22.5407	(1594, 644)	(159, 64)	49
19:07:06.320	38	22.9111	(1584, 644)	(158, 64)	49
19:07:06.363	40	23.2172	(1574, 644)	(157, 64)	49
19:07:06.412	48	23.7256	(1564, 644)	(156, 64)	49
19:07:06.467	39	24.2807	(1554, 644)	(155, 64)	49
19:07:06.509	38	24.5486	(1548, 645)	(155, 65)	49
19:07:06.557	38	24.6716	(1544, 645)	(154, 65)	49
19:07:06.599	39	25.0224	(1534, 645)	(153, 65)	49
19:07:06.640	40	25.5261	(1524, 646)	(152, 65)	49
19:07:06.682	43	25.939	(1514, 647)	(151, 65)	49
19:07:06.732	44	26.3323	(1504, 648)	(150, 65)	49
19:07:06.782	45	26.5883	(1494, 649)	(149, 65)	49
19:07:06.839	43	27.0791	(1484, 651)	(148, 65)	49
19:07:06.884	42	27.4455	(1474, 652)	(147, 65)	49
19:07:06.933	41	27.6726	(1464, 652)	(146, 65)	49
19:07:06.980	43	28.1028	(1454, 653)	(145, 65)	49
19:07:07.029	43	28.4283	(1444, 654)	(144, 65)	49
19:07:07.078	49	28.4333	(1434, 654)	(143, 65)	49
19:07:07.135	48	28.7387	(1419, 654)	(142, 65)	49
19:07:07.192	45	28.855	(1414, 654)	(141, 65)	49
19:07:07.246	46	29.1954	(1404, 654)	(140, 65)	49
19:07:07.294	46	29.3225	(1394, 654)	(139, 65)	49
19:07:07.342	47	29.393	(1384, 654)	(138, 65)	49
19:07:07.392	46	29.6489	(1374, 654)	(137, 65)	49
19:07:07.447	46	29.9153	(1356, 653)	(136, 65)	49
19:07:07.496	47	29.8246	(1354, 653)	(135, 65)	49
19:07:07.555	44	29.9559	(1344, 652)	(134, 65)	49
19:07:07.609	45	30.237	(1334, 651)	(133, 65)	49
19:07:07.691	50	30.2418	(1323, 651)	(132, 65)	49
19:07:07.746	44	30.4997	(1314, 650)	(131, 65)	49
19:07:07.794	45	30.6935	(1303, 649)	(130, 65)	49
19:07:07.843	44	30.7139	(1294, 648)	(129, 65)	49
19:07:07.892	49	30.8034	(1284, 647)	(128, 65)	49
19:07:07.949	46	30.7861	(1274, 647)	(127, 65)	49
19:07:08.003	45	30.9587	(1264, 646)	(126, 65)	49
19:07:08.051	45	31.1289	(1256, 644)	(126, 64)	49
19:07:08.099	49	31.2108	(1254, 644)	(125, 64)	49
19:07:08.159	46	31.2193	(1244, 643)	(124, 64)	49
19:07:08.212	45	31.3517	(1234, 643)	(123, 64)	49
19:07:08.260	46	31.3544	(1224, 641)	(122, 64)	49
19:07:08.308	45	31.2748	(1214, 641)	(121, 64)	49
19:07:08.357	45	31.3163	(1204, 641)	(120, 64)	49
19:07:08.406	47	31.5258	(1194, 640)	(119, 64)	49
19:07:08.455	50	31.6025	(1184, 639)	(118, 64)	49
19:07:08.511	53	31.5569	(1174, 639)	(117, 64)	49
19:07:08.575	54	31.8333	(1164, 637)	(116, 64)	49
19:07:08.636	58	31.8276	(1154, 637)	(115, 64)	49
19:07:08.712	49	31.9787	(1144, 636)	(114, 64)	49
19:07:08.769	49	32.14	(1134, 636)	(113, 64)	49
19:07:08.825	46	31.9824	(1124, 635)	(112, 64)	49
19:07:08.879	50	32.0418	(1114, 635)	(111, 64)	49
19:07:08.939	48	32.085	(1110, 634)	(111, 63)	49
19:07:08.991	50	31.9831	(1104, 634)	(110, 63)	49
19:07:09.046	47	31.9873	(1093, 633)	(109, 63)	49
19:07:09.102	50	31.8036	(1084, 632)	(108, 63)	49
19:07:09.158	51	31.8849	(1074, 632)	(107, 63)	49
19:07:09.216	50	31.8858	(1064, 631)	(106, 63)	49
19:07:09.281	48	31.74	(1051, 631)	(105, 63)	49
19:07:09.331	52	31.6092	(1032, 629)	(103, 63)	49
19:07:09.392	54	31.4924	(1024, 629)	(102, 63)	49
19:07:09.451	50	31.4228	(1014, 629)	(101, 63)	49
19:07:09.506	55	31.4841	(1004, 628)	(100, 63)	49
19:07:09.568	59	31.4553	(994, 627)	(99, 63)	49
19:07:09.631	60	31.4839	(984, 627)	(98, 63)	49
19:07:09.700	51	31.416	(974, 627)	(97, 63)	49
19:07:09.755	51	31.5634	(964, 626)	(96, 63)	49
19:07:09.811	51	31.7111	(954, 626)	(95, 63)	49
19:07:09.867	50	31.7319	(944, 626)	(94, 63)	49
19:07:09.922	54	31.7052	(934, 625)	(93, 63)	49
19:07:09.985	59	31.6837	(927, 624)	(93, 62)	49
19:07:10.048	60	31.5924	(924, 624)	(92, 62)	49
19:07:10.117	48	31.4933	(914, 623)	(91, 62)	49
19:07:10.173	55	31.4284	(904, 622)	(90, 62)	49
19:07:10.236	59	31.5807	(894, 621)	(89, 62)	49
19:07:10.306	51	31.3879	(884, 620)	(88, 62)	49
19:07:10.360	46	31.5087	(873, 619)	(87, 62)	49
19:07:10.408	55	31.495	(864, 619)	(86, 62)	49
19:07:10.472	60	31.2963	(854, 619)	(85, 62)	49
19:07:10.536	48	31.2292	(843, 618)	(84, 62)	49
19:07:10.588	48	31.3179	(834, 618)	(83, 62)	49
19:07:10.638	52	31.2418	(823, 617)	(82, 62)	49
19:07:10.694	52	31.3279	(814, 617)	(81, 62)	49
19:07:10.749	46	31.3841	(804, 617)	(80, 62)	49
19:07:10.797	52	31.4499	(794, 617)	(79, 62)	49
19:07:10.854	57	31.5676	(784, 616)	(78, 62)	49
19:07:10.917	53	31.528	(772, 616)	(77, 62)	49
19:07:10.979	55	32.2181	(764, 615)	(76, 62)	49
19:07:11.043	57	31.7363	(754, 615)	(75, 62)	49
19:07:11.105	58	31.6741	(744, 615)	(74, 62)	49
19:07:11.166	49	31.6707	(734, 615)	(73, 62)	49
19:07:11.222	58	31.6353	(724, 615)	(72, 62)	49
19:07:11.287	58	31.6079	(714, 615)	(71, 62)	49
19:07:11.355	58	31.631	(704, 615)	(70, 62)	49
19:07:11.418	57	31.5159	(694, 615)	(69, 62)	49
19:07:11.480	58	31.3243	(684, 615)	(68, 62)	49
19:07:11.542	54	31.3775	(674, 615)	(67, 62)	49
19:07:11.604	68	31.0504	(664, 616)	(66, 62)	49
19:07:11.680	50	31.0286	(654, 617)	(65, 62)	49
19:07:11.736	55	30.679	(644, 618)	(64, 62)	49
19:07:11.803	52	30.5209	(634, 618)	(63, 62)	49
19:07:11.862	49	30.2003	(624, 619)	(62, 62)	49
19:07:11.917	54	29.8141	(614, 619)	(61, 62)	49
19:07:11.982	55	29.4761	(604, 621)	(60, 62)	49
19:07:12.043	45	29.16	(594, 621)	(59, 62)	49
19:07:12.091	50	28.9104	(584, 622)	(58, 62)	49
19:07:12.162	56	28.7065	(574, 624)	(57, 62)	49
19:07:12.226	47	28.3793	(566, 625)	(57, 63)	49
19:07:12.278	42	28.3347	(564, 625)	(56, 63)	49
19:07:12.327	48	28.0453	(554, 625)	(55, 63)	49
19:07:12.386	55	27.8387	(544, 626)	(54, 63)	49
19:07:12.448	47	27.6479	(534, 628)	(53, 63)	49
19:07:12.501	46	27.559	(524, 629)	(52, 63)	49
19:07:12.552	46	27.4516	(514, 631)	(51, 63)	49
19:07:12.605	52	27.6313	(504, 633)	(50, 63)	49
19:07:12.669	44	26.8427	(494, 634)	(49, 63)	49
19:07:12.716	51	26.837	(493, 635)	(49, 64)	49
19:07:12.775	53	26.6342	(484, 637)	(48, 64)	49
19:07:12.837	46	26.2351	(467, 641)	(47, 64)	49
19:07:12.891	45	26.0567	(464, 642)	(46, 64)	49
19:07:12.948	53	26.0717	(458, 645)	(46, 65)	49
19:07:13.009	54	26.0055	(454, 646)	(45, 65)	49
19:07:13.076	43	25.5812	(444, 650)	(44, 65)	49
19:07:13.126	40	25.212	(434, 654)	(43, 65)	49
19:07:13.168	50	25.1367	(432, 655)	(43, 66)	49
19:07:13.229	46	24.903	(424, 658)	(42, 66)	49
19:07:13.282	40	24.495	(414, 662)	(41, 66)	49
19:07:13.328	44	24.4003	(409, 665)	(41, 67)	49
19:07:13.378	43	24.1794	(404, 667)	(40, 67)	49
19:07:13.425	39	23.9484	(394, 671)	(39, 67)	49
19:07:13.467	40	23.6767	(387, 675)	(39, 68)	49
19:07:13.516	40	23.5119	(384, 676)	(38, 68)	49
19:07:13.565	46	23.1041	(374, 680)	(37, 68)	49
19:07:13.622	49	22.9807	(367, 685)	(37, 69)	49
19:07:13.678	43	22.7439	(364, 687)	(36, 69)	49
19:07:13.725	37	22.5791	(356, 695)	(36, 70)	49
19:07:13.766	36	22.6139	(354, 695)	(35, 70)	49
19:07:13.807	36	22.144	(344, 704)	(34, 70)	49
19:07:13.849	37	22.2004	(344, 705)	(34, 71)	49
19:07:13.891	46	21.8698	(337, 715)	(34, 72)	49
19:07:13.942	40	21.8563	(335, 725)	(34, 73)	49
19:07:13.988	38	22.0296	(334, 727)	(33, 73)	49
19:07:14.030	37	21.8729	(331, 735)	(33, 74)	49
19:07:14.072	46	21.7862	(329, 746)	(33, 75)	49
19:07:14.121	42	21.783	(329, 755)	(33, 76)	49
19:07:14.169	38	21.8652	(329, 765)	(33, 77)	49
19:07:14.211	40	22.5028	(329, 775)	(33, 78)	49
19:07:14.260	38	21.9182	(329, 785)	(33, 79)	49
19:07:14.301	38	21.9533	(329, 795)	(33, 80)	49
19:07:14.343	37	22.0236	(329, 805)	(33, 81)	49
19:07:14.384	36	22.011	(329, 833)	(33, 83)	49
19:07:14.426	38	21.9846	(329, 836)	(33, 84)	49
19:07:14.468	43	21.9759	(329, 845)	(33, 85)	49
19:07:14.518	41	21.9083	(329, 855)	(33, 86)	49
19:07:14.566	40	21.8797	(330, 865)	(33, 87)	49
19:07:14.615	38	21.8514	(332, 875)	(33, 88)	49
19:07:14.656	39	21.9716	(335, 883)	(34, 88)	49
19:07:14.698	42	21.9775	(335, 885)	(34, 89)	49
19:07:14.747	44	22.011	(338, 895)	(34, 90)	49
19:07:14.795	44	21.9185	(341, 905)	(34, 91)	49
19:07:14.844	43	21.9969	(345, 914)	(35, 91)	49
19:07:14.893	42	22.0887	(346, 915)	(35, 92)	49
19:07:14.941	43	22.0708	(350, 925)	(35, 93)	49
19:07:14.990	40	22.2283	(355, 931)	(36, 93)	49
19:07:15.039	46	22.2973	(357, 935)	(36, 94)	49
19:07:15.095	44	22.2557	(364, 945)	(36, 95)	49
19:07:15.143	49	22.3295	(365, 945)	(37, 95)	49
19:07:15.198	38	22.436	(373, 955)	(37, 96)	49
19:07:15.239	40	22.4997	(375, 956)	(38, 96)	49
19:07:15.290	49	22.5338	(384, 965)	(38, 97)	49
19:07:15.346	50	22.5342	(385, 966)	(39, 97)	49
19:07:15.410	45	22.7	(395, 975)	(40, 98)	49
19:07:15.462	37	22.916	(405, 982)	(41, 98)	49
19:07:15.504	40	23.0573	(411, 987)	(41, 99)	49
19:07:15.553	42	23.5844	(415, 989)	(42, 99)	49
19:07:15.604	38	23.0735	(423, 995)	(42, 100)	49
19:07:15.650	40	23.2295	(425, 996)	(43, 100)	49
19:07:15.699	42	23.3342	(435, 1001)	(44, 100)	49
19:07:15.748	42	23.421	(441, 1005)	(44, 101)	49
19:07:15.797	42	23.4311	(446, 1007)	(45, 101)	49
19:07:15.844	38	23.596	(455, 1012)	(46, 101)	49
19:07:15.886	44	23.7858	(461, 1015)	(46, 102)	49
19:07:15.936	46	23.6561	(465, 1017)	(47, 102)	49
19:07:15.991	48	23.6649	(475, 1022)	(48, 102)	49
19:07:16.048	46	23.6901	(481, 1025)	(48, 103)	49
19:07:16.103	52	23.8241	(485, 1026)	(49, 103)	49
19:07:16.166	52	23.8858	(495, 1030)	(50, 103)	49
19:07:16.229	44	24.0259	(505, 1034)	(51, 103)	49
19:07:16.276	43	24.4606	(506, 1035)	(51, 104)	49
19:07:16.324	44	24.1754	(515, 1037)	(52, 104)	49
19:07:16.374	46	24.285	(525, 1040)	(53, 104)	49
19:07:16.431	47	24.6625	(540, 1043)	(54, 104)	49
19:07:16.484	41	24.8281	(545, 1044)	(55, 104)	49
19:07:16.533	48	24.8061	(549, 1045)	(55, 105)	49
19:07:16.591	50	24.9797	(555, 1046)	(56, 105)	49
19:07:16.651	47	25.3207	(577, 1050)	(58, 105)	49
19:07:16.709	50	25.4166	(585, 1052)	(59, 105)	49
19:07:16.764	49	25.6316	(595, 1053)	(60, 105)	49
19:07:16.826	43	25.8013	(605, 1054)	(61, 105)	49
19:07:16.873	39	25.7993	(608, 1055)	(61, 106)	49
19:07:16.914	40	25.9575	(615, 1056)	(62, 106)	49
19:07:16.965	46	26.1539	(625, 1057)	(63, 106)	49
19:07:17.021	48	26.4679	(635, 1058)	(64, 106)	49
19:07:17.076	48	26.8016	(645, 1059)	(65, 106)	49
19:07:17.131	46	27.0855	(655, 1060)	(66, 106)	49
19:07:17.181	49	27.1271	(665, 1061)	(67, 106)	49
19:07:17.236	50	27.2766	(675, 1061)	(68, 106)	49
19:07:17.291	46	27.8707	(685, 1063)	(69, 106)	49
19:07:17.340	50	27.4954	(695, 1063)	(70, 106)	49
19:07:17.397	55	27.6844	(705, 1064)	(71, 106)	49
19:07:17.459	50	27.8006	(715, 1064)	(72, 106)	49
19:07:17.514	49	27.7544	(719, 1065)	(72, 107)	49
19:07:17.571	54	27.8704	(725, 1065)	(73, 107)	49
19:07:17.633	55	28.0012	(735, 1066)	(74, 107)	49
19:07:17.696	48	28.1197	(745, 1066)	(75, 107)	49
19:07:17.750	46	28.3993	(755, 1066)	(76, 107)	49
19:07:17.798	47	28.5264	(765, 1066)	(77, 107)	49
19:07:17.846	53	28.7581	(775, 1067)	(78, 107)	49
19:07:17.907	47	28.7821	(785, 1067)	(79, 107)	49
19:07:17.958	47	28.8511	(795, 1068)	(80, 107)	49
19:07:18.014	55	28.804	(805, 1069)	(81, 107)	49
19:07:18.078	56	29.0006	(815, 1070)	(82, 107)	49
19:07:18.140	50	29.0687	(825, 1071)	(83, 107)	49
19:07:18.194	47	29.1975	(835, 1072)	(84, 107)	49
19:07:18.251	56	29.313	(845, 1073)	(85, 107)	49
19:07:18.314	51	29.6376	(856, 1074)	(86, 107)	49
19:07:18.368	44	29.8486	(862, 1075)	(86, 108)	49
19:07:18.417	50	29.8101	(865, 1075)	(87, 108)	49
19:07:18.473	56	29.9437	(875, 1075)	(88, 108)	49
19:07:18.538	47	30.0833	(885, 1076)	(89, 108)	49
19:07:18.590	45	30.3748	(895, 1077)	(90, 108)	49
19:07:18.639	55	30.4831	(905, 1078)	(91, 108)	49
19:07:18.703	59	30.5575	(915, 1078)	(92, 108)	49
19:07:18.773	52	30.6156	(925, 1079)	(93, 108)	49
19:07:18.834	55	30.7427	(935, 1080)	(94, 108)	49
19:07:18.898	53	30.7993	(945, 1081)	(95, 108)	49
19:07:18.960	46	30.7286	(955, 1082)	(96, 108)	49
19:07:19.014	54	31.0821	(965, 1082)	(97, 108)	49
19:07:19.079	57	30.8856	(975, 1083)	(98, 108)	49
19:07:19.141	58	30.8994	(986, 1083)	(99, 108)	49
19:07:19.202	48	30.7643	(995, 1084)	(100, 108)	49
19:07:19.258	53	30.9954	(1005, 1084)	(101, 108)	49
19:07:19.322	58	30.9262	(1015, 1084)	(102, 108)	49
19:07:19.384	51	30.821	(1017, 1085)	(102, 109)	49
19:07:19.439	54	30.7114	(1025, 1085)	(103, 109)	49
19:07:19.503	57	30.7201	(1040, 1085)	(104, 109)	49
19:07:19.566	53	30.7477	(1048, 1085)	(105, 109)	49
19:07:19.626	51	30.7757	(1055, 1086)	(106, 109)	49
19:07:19.683	49	30.9194	(1065, 1086)	(107, 109)	49
19:07:19.738	54	30.9252	(1075, 1086)	(108, 109)	49
19:07:19.803	48	30.8136	(1085, 1086)	(109, 109)	49
19:07:19.855	45	30.8676	(1096, 1086)	(110, 109)	49
19:07:19.904	49	30.9557	(1105, 1086)	(111, 109)	49
19:07:19.961	55	30.8313	(1115, 1086)	(112, 109)	49
19:07:20.024	50	30.8806	(1126, 1086)	(113, 109)	49
19:07:20.078	45	30.9673	(1135, 1086)	(114, 109)	49
19:07:20.126	54	30.8184	(1146, 1086)	(115, 109)	49
19:07:20.192	58	30.6425	(1155, 1086)	(116, 109)	49
19:07:20.252	49	30.7701	(1166, 1086)	(117, 109)	49
19:07:20.308	54	30.4597	(1175, 1086)	(118, 109)	49
19:07:20.375	56	30.1886	(1185, 1085)	(119, 109)	49
19:07:20.443	53	30.1756	(1188, 1084)	(119, 108)	49
19:07:20.502	48	29.9836	(1195, 1084)	(120, 108)	49
19:07:20.557	53	29.8502	(1205, 1082)	(121, 108)	49
19:07:20.615	56	29.6563	(1215, 1081)	(122, 108)	49
19:07:20.677	47	29.751	(1225, 1081)	(123, 108)	49
19:07:20.732	58	29.4524	(1235, 1081)	(124, 108)	49
19:07:20.795	48	29.2538	(1245, 1080)	(125, 108)	49
19:07:20.852	44	29.0978	(1255, 1080)	(126, 108)	49
19:07:20.899	45	29.0077	(1265, 1079)	(127, 108)	49
19:07:20.948	56	28.8747	(1275, 1078)	(128, 108)	49
19:07:21.011	56	28.5333	(1286, 1077)	(129, 108)	49
19:07:21.074	49	28.4833	(1295, 1077)	(130, 108)	49
19:07:21.128	51	28.2772	(1305, 1077)	(131, 108)	49
19:07:21.185	57	27.9372	(1315, 1077)	(132, 108)	49
19:07:21.250	54	27.8261	(1325, 1077)	(133, 108)	49
19:07:21.310	47	27.5059	(1335, 1077)	(134, 108)	49
19:07:21.365	47	27.2199	(1345, 1077)	(135, 108)	49
19:07:21.420	49	27.0793	(1355, 1077)	(136, 108)	49
19:07:21.476	44	26.9307	(1365, 1079)	(137, 108)	49
19:07:21.524	41	26.6538	(1375, 1080)	(138, 108)	49
19:07:21.572	49	26.4721	(1385, 1081)	(139, 108)	49
19:07:21.630	53	26.271	(1395, 1081)	(140, 108)	49
19:07:21.693	43	25.9061	(1405, 1083)	(141, 108)	49
19:07:21.740	39	25.5465	(1416, 1084)	(142, 108)	49
19:07:21.781	40	25.5321	(1418, 1085)	(142, 109)	49
19:07:21.823	39	25.2396	(1425, 1085)	(143, 109)	49
19:07:21.864	39	24.7495	(1437, 1088)	(144, 109)	49
19:07:21.906	39	24.6024	(1445, 1088)	(145, 109)	49
19:07:21.948	41	24.3606	(1455, 1089)	(146, 109)	49
19:07:21.997	49	24.1751	(1465, 1090)	(147, 109)	49
19:07:22.054	51	23.7323	(1476, 1091)	(148, 109)	49
19:07:22.110	47	23.6058	(1485, 1092)	(149, 109)	49
19:07:22.164	43	23.3255	(1495, 1093)	(150, 109)	49
19:07:22.213	43	22.9273	(1505, 1093)	(151, 109)	49
19:07:22.261	47	22.624	(1515, 1093)	(152, 109)	49
19:07:22.318	44	22.3699	(1525, 1093)	(153, 109)	49
19:07:22.366	40	21.773	(1535, 1094)	(154, 109)	49
19:07:22.415	45	21.3778	(1545, 1094)	(155, 109)	49
19:07:22.464	45	21.0102	(1555, 1094)	(156, 109)	49
19:07:22.513	45	20.6976	(1565, 1094)	(157, 109)	49
19:07:22.561	40	20.6461	(1566, 1095)	(157, 110)	49
19:07:22.609	37	20.361	(1575, 1095)	(158, 110)	49
19:07:22.650	36	19.9348	(1585, 1095)	(159, 110)	49
19:07:22.692	36	19.3213	(1596, 1096)	(160, 110)	49
19:07:22.733	36	18.812	(1605, 1096)	(161, 110)	49
19:07:22.775	36	18.3975	(1615, 1096)	(162, 110)	49
19:07:22.817	34	17.8721	(1625, 1097)	(163, 110)	49
19:07:22.859	34	17.5279	(1635, 1097)	(164, 110)	49
19:07:22.900	40	17.1116	(1645, 1097)	(165, 110)	49
19:07:22.951	41	16.6237	(1655, 1098)	(166, 110)	49
19:07:22.998	34	16.1559	(1665, 1098)	(167, 110)	49
19:07:23.039	29	15.6881	(1675, 1099)	(168, 110)	49
19:07:23.074	30	15.2302	(1685, 1099)	(169, 110)	49
19:07:23.109	37	14.8339	(1695, 1100)	(170, 110)	49
19:07:23.152	34	14.4495	(1705, 1100)	(171, 110)	49
19:07:23.192	29	14.136	(1715, 1101)	(172, 110)	49
19:07:23.227	27	13.7434	(1725, 1101)	(173, 110)	49
19:07:23.261	33	13.3799	(1735, 1103)	(174, 110)	49
19:07:23.298	37	12.9545	(1748, 1104)	(175, 110)	49
19:07:23.340	36	12.7874	(1753, 1105)	(175, 111)	49
19:07:23.382	32	12.7108	(1755, 1105)	(176, 111)	49
19:07:23.421	30	12.8499	(1765, 1106)	(177, 111)	49
19:07:23.457	31	11.9181	(1775, 1107)	(178, 111)	49
19:07:23.492	29	11.5733	(1785, 1108)	(179, 111)	49
19:07:23.526	29	11.1711	(1798, 1109)	(180, 111)	49
19:07:23.562	28	10.8222	(1806, 1111)	(181, 111)	49
19:07:23.596	29	10.6809	(1815, 1112)	(182, 111)	49
19:07:23.630	29	10.3738	(1825, 1112)	(183, 111)	49
19:07:23.665	29	10.0501	(1835, 1113)	(184, 111)	49
19:07:23.700	28	9.67111	(1850, 1114)	(185, 111)	49
19:07:23.735	27	9.59007	(1855, 1114)	(186, 111)	49
19:07:23.772	27	9.46726	(1858, 1115)	(186, 112)	49
19:07:23.805	25	9.30711	(1865, 1116)	(187, 112)	49
19:07:23.833	24	9.07067	(1877, 1117)	(188, 112)	49
19:07:23.860	24	8.98207	(1885, 1118)	(189, 112)	49
19:07:23.888	23	8.84222	(1895, 1120)	(190, 112)	49
19:07:23.917	28	8.61245	(1905, 1121)	(191, 112)	49
19:07:23.952	27	5.82859	(0, 0)	(0, 0)	49
EOM

