BOM
Frame extends: 2263, 1306
_ms_area: 10
measurements taken: 585
current rendering method: 2
is mouse replay: 1
Camera settings: Roation Quaternion: ( 0.0781448, -0.504042, 0.222377, 0.830877), Translationsvektor: ( 0.0238621, -0.133231, 1.585).
System_Time	Elapsed_Time_PaintGL	Elapsed_Kernel_Time	Frame_Coordinates	Grid_Position	Manual_Measurement
19:07:28.332	33	21.9481	(318, 226)	(32, 23)	49
19:07:28.371	34	22.2132	(325, 225)	(33, 23)	49
19:07:28.414	35	22.3782	(335, 225)	(34, 23)	49
19:07:28.455	34	22.3999	(345, 225)	(35, 23)	49
19:07:28.497	33	22.5801	(357, 225)	(36, 23)	49
19:07:28.540	42	22.5401	(372, 225)	(37, 23)	49
19:07:28.589	41	22.4821	(375, 225)	(38, 23)	49
19:07:28.637	41	22.7641	(385, 225)	(39, 23)	49
19:07:28.684	34	22.7822	(395, 225)	(40, 23)	49
19:07:28.725	33	22.8759	(405, 225)	(41, 23)	49
19:07:28.760	36	22.7951	(415, 225)	(42, 23)	49
19:07:28.803	38	23.0993	(425, 225)	(43, 23)	49
19:07:28.844	34	23.0092	(435, 226)	(44, 23)	49
19:07:28.886	36	23.2114	(445, 226)	(45, 23)	49
19:07:28.929	40	23.1867	(455, 226)	(46, 23)	49
19:07:28.978	43	23.2225	(465, 227)	(47, 23)	49
19:07:29.027	41	23.3039	(475, 227)	(48, 23)	49
19:07:29.077	38	23.5307	(485, 228)	(49, 23)	49
19:07:29.122	33	23.5366	(495, 228)	(50, 23)	49
19:07:29.156	33	23.7979	(505, 229)	(51, 23)	49
19:07:29.193	39	24.065	(515, 229)	(52, 23)	49
19:07:29.242	40	23.9698	(525, 229)	(53, 23)	49
19:07:29.291	36	24.1533	(535, 229)	(54, 23)	49
19:07:29.331	34	24.1559	(545, 229)	(55, 23)	49
19:07:29.372	35	24.2813	(555, 229)	(56, 23)	49
19:07:29.416	40	24.2809	(565, 229)	(57, 23)	49
19:07:29.464	42	24.3739	(575, 229)	(58, 23)	49
19:07:29.513	36	24.3844	(585, 229)	(59, 23)	49
19:07:29.553	36	24.5899	(596, 229)	(60, 23)	49
19:07:29.595	38	24.5467	(605, 230)	(61, 23)	49
19:07:29.637	35	24.3332	(615, 230)	(62, 23)	49
19:07:29.678	42	24.5984	(626, 230)	(63, 23)	49
19:07:29.729	38	24.6646	(635, 230)	(64, 23)	49
19:07:29.770	37	24.6321	(645, 230)	(65, 23)	49
19:07:29.811	36	24.6563	(655, 230)	(66, 23)	49
19:07:29.852	38	24.5604	(665, 230)	(67, 23)	49
19:07:29.895	36	24.5713	(680, 230)	(68, 23)	49
19:07:29.936	38	24.6353	(685, 230)	(69, 23)	49
19:07:29.978	37	24.5384	(695, 230)	(70, 23)	49
19:07:30.020	38	24.7154	(705, 230)	(71, 23)	49
19:07:30.062	37	24.7843	(715, 230)	(72, 23)	49
19:07:30.103	38	24.7807	(725, 230)	(73, 23)	49
19:07:30.145	38	24.6582	(735, 230)	(74, 23)	49
19:07:30.186	39	24.8492	(749, 230)	(75, 23)	49
19:07:30.228	41	24.877	(756, 230)	(76, 23)	49
19:07:30.278	41	24.9394	(766, 230)	(77, 23)	49
19:07:30.326	43	24.7633	(775, 230)	(78, 23)	49
19:07:30.374	37	25.012	(785, 230)	(79, 23)	49
19:07:30.416	37	25.2393	(796, 229)	(80, 23)	49
19:07:30.457	39	25.3631	(805, 229)	(81, 23)	49
19:07:30.499	37	25.1987	(815, 229)	(82, 23)	49
19:07:30.541	39	25.2224	(825, 228)	(83, 23)	49
19:07:30.583	38	25.2028	(835, 228)	(84, 23)	49
19:07:30.624	39	25.2194	(845, 228)	(85, 23)	49
19:07:30.666	38	25.0809	(855, 228)	(86, 23)	49
19:07:30.709	39	25.3	(865, 228)	(87, 23)	49
19:07:30.757	36	25.2304	(875, 228)	(88, 23)	49
19:07:30.797	36	25.189	(885, 228)	(89, 23)	49
19:07:30.839	35	25.0231	(895, 228)	(90, 23)	49
19:07:30.882	40	25.1359	(905, 228)	(91, 23)	49
19:07:30.931	40	25.1782	(915, 228)	(92, 23)	49
19:07:30.980	37	24.8603	(925, 228)	(93, 23)	49
19:07:31.020	34	24.7145	(935, 228)	(94, 23)	49
19:07:31.062	33	25.0354	(945, 227)	(95, 23)	49
19:07:31.103	39	25.2107	(957, 227)	(96, 23)	49
19:07:31.147	42	25.1548	(966, 227)	(97, 23)	49
19:07:31.195	39	25.003	(975, 227)	(98, 23)	49
19:07:31.243	42	25.1471	(985, 227)	(99, 23)	49
19:07:31.293	44	25.0413	(995, 227)	(100, 23)	49
19:07:31.341	44	25.147	(1005, 227)	(101, 23)	49
19:07:31.398	42	25.0489	(1015, 226)	(102, 23)	49
19:07:31.445	35	25.3052	(1025, 226)	(103, 23)	49
19:07:31.486	42	25.319	(1035, 226)	(104, 23)	49
19:07:31.537	44	25.3407	(1045, 225)	(105, 23)	49
19:07:31.592	42	25.2693	(1055, 225)	(106, 23)	49
19:07:31.640	38	25.409	(1065, 225)	(107, 23)	49
19:07:31.681	41	25.3987	(1071, 224)	(107, 22)	49
19:07:31.730	40	25.3545	(1075, 224)	(108, 22)	49
19:07:31.779	39	25.3564	(1085, 224)	(109, 22)	49
19:07:31.827	37	25.2735	(1095, 224)	(110, 22)	49
19:07:31.868	37	25.3394	(1105, 224)	(111, 22)	49
19:07:31.910	41	25.3394	(1115, 224)	(112, 22)	49
19:07:31.960	43	25.2067	(1125, 224)	(113, 22)	49
19:07:32.009	42	24.9341	(1135, 224)	(114, 22)	49
19:07:32.056	36	24.9902	(1146, 223)	(115, 22)	49
19:07:32.098	38	24.9316	(1155, 223)	(116, 22)	49
19:07:32.141	37	24.9853	(1165, 223)	(117, 22)	49
19:07:32.182	37	24.8895	(1175, 223)	(118, 22)	49
19:07:32.225	38	24.7113	(1185, 223)	(119, 22)	49
19:07:32.272	36	24.8179	(1195, 223)	(120, 22)	49
19:07:32.315	44	24.8052	(1205, 223)	(121, 22)	49
19:07:32.370	45	24.7495	(1215, 223)	(122, 22)	49
19:07:32.419	43	24.7027	(1225, 223)	(123, 22)	49
19:07:32.467	34	24.8052	(1235, 223)	(124, 22)	49
19:07:32.508	33	24.799	(1245, 223)	(125, 22)	49
19:07:32.542	37	24.96	(1255, 223)	(126, 22)	49
19:07:32.585	40	24.9689	(1265, 224)	(127, 22)	49
19:07:32.634	43	24.9314	(1275, 224)	(128, 22)	49
19:07:32.682	34	24.8058	(1282, 225)	(128, 23)	49
19:07:32.723	33	24.8027	(1285, 225)	(129, 23)	49
19:07:32.758	34	24.6199	(1295, 226)	(130, 23)	49
19:07:32.800	40	24.8185	(1305, 226)	(131, 23)	49
19:07:32.849	39	24.6621	(1316, 228)	(132, 23)	49
19:07:32.890	35	24.4893	(1326, 228)	(133, 23)	49
19:07:32.932	35	24.5521	(1335, 228)	(134, 23)	49
19:07:32.973	37	24.5301	(1345, 229)	(135, 23)	49
19:07:33.017	43	24.4689	(1355, 230)	(136, 23)	49
19:07:33.068	41	24.2551	(1366, 230)	(137, 23)	49
19:07:33.113	36	24.212	(1375, 230)	(138, 23)	49
19:07:33.156	40	24.1283	(1386, 231)	(139, 23)	49
19:07:33.204	43	24.1018	(1395, 231)	(140, 23)	49
19:07:33.253	40	23.9326	(1405, 232)	(141, 23)	49
19:07:33.301	37	23.8994	(1415, 232)	(142, 23)	49
19:07:33.342	39	23.843	(1425, 232)	(143, 23)	49
19:07:33.385	40	23.5428	(1435, 233)	(144, 23)	49
19:07:33.433	39	23.4806	(1445, 234)	(145, 23)	49
19:07:33.482	38	23.4554	(1455, 234)	(146, 23)	49
19:07:33.523	34	23.339	(1465, 234)	(147, 23)	49
19:07:33.564	38	23.2114	(1478, 234)	(148, 23)	49
19:07:33.607	39	23.1939	(1485, 234)	(149, 23)	49
19:07:33.656	39	23.0839	(1488, 235)	(149, 24)	49
19:07:33.705	39	23.1634	(1495, 235)	(150, 24)	49
19:07:33.752	35	23.0711	(1506, 235)	(151, 24)	49
19:07:33.795	40	23.107	(1516, 235)	(152, 24)	49
19:07:33.843	39	23.0884	(1526, 236)	(153, 24)	49
19:07:33.886	42	22.8376	(1535, 236)	(154, 24)	49
19:07:33.934	37	22.917	(1546, 236)	(155, 24)	49
19:07:33.974	32	22.9163	(1556, 237)	(156, 24)	49
19:07:34.009	31	22.8804	(1565, 237)	(157, 24)	49
19:07:34.043	37	22.7538	(1575, 238)	(158, 24)	49
19:07:34.087	39	22.5781	(1585, 238)	(159, 24)	49
19:07:34.129	36	22.4572	(1595, 239)	(160, 24)	49
19:07:34.170	32	22.0679	(1605, 239)	(161, 24)	49
19:07:34.204	31	21.8855	(1615, 240)	(162, 24)	49
19:07:34.240	34	21.837	(1625, 240)	(163, 24)	49
19:07:34.281	35	21.6913	(1636, 241)	(164, 24)	49
19:07:34.323	36	21.7489	(1645, 242)	(165, 24)	49
19:07:34.365	32	21.5656	(1655, 242)	(166, 24)	49
19:07:34.405	35	21.6068	(1666, 243)	(167, 24)	49
19:07:34.448	36	21.6163	(1676, 244)	(168, 24)	49
19:07:34.492	36	21.5738	(1677, 245)	(168, 25)	49
19:07:34.532	38	21.5379	(1686, 245)	(169, 25)	49
19:07:34.573	33	21.6056	(1696, 246)	(170, 25)	49
19:07:34.614	32	21.5399	(1705, 246)	(171, 25)	49
19:07:34.649	38	21.5241	(1715, 248)	(172, 25)	49
19:07:34.695	40	21.452	(1726, 249)	(173, 25)	49
19:07:34.741	38	21.4505	(1735, 250)	(174, 25)	49
19:07:34.789	33	21.4236	(1745, 251)	(175, 25)	49
19:07:34.830	31	21.4439	(1755, 253)	(176, 25)	49
19:07:34.864	32	21.4431	(1765, 254)	(177, 25)	49
19:07:34.899	38	21.5433	(1768, 255)	(177, 26)	49
19:07:34.942	40	21.4493	(1775, 256)	(178, 26)	49
19:07:34.991	37	21.4136	(1785, 258)	(179, 26)	49
19:07:35.031	35	21.4267	(1795, 260)	(180, 26)	49
19:07:35.074	35	21.3932	(1805, 262)	(181, 26)	49
19:07:35.115	36	21.3267	(1815, 264)	(182, 26)	49
19:07:35.157	35	21.3021	(1817, 265)	(182, 27)	49
19:07:35.199	33	21.2874	(1825, 267)	(183, 27)	49
19:07:35.240	36	21.184	(1838, 271)	(184, 27)	49
19:07:35.282	36	21.1723	(1845, 273)	(185, 27)	49
19:07:35.324	36	21.1708	(1849, 275)	(185, 28)	49
19:07:35.366	35	21.1244	(1858, 278)	(186, 28)	49
19:07:35.407	36	21.1323	(1865, 280)	(187, 28)	49
19:07:35.450	35	21.1464	(1874, 285)	(187, 29)	49
19:07:35.491	36	21.101	(1875, 285)	(188, 29)	49
19:07:35.532	37	21.1461	(1885, 289)	(189, 29)	49
19:07:35.575	35	21.1047	(1895, 294)	(190, 29)	49
19:07:35.615	32	21.1643	(1895, 295)	(190, 30)	49
19:07:35.649	31	21.1369	(1905, 299)	(191, 30)	49
19:07:35.684	32	21.0744	(1912, 305)	(191, 31)	49
19:07:35.719	35	21.1105	(1915, 307)	(192, 31)	49
19:07:35.762	34	21.1905	(1925, 314)	(193, 31)	49
19:07:35.804	32	21.0775	(1926, 315)	(193, 32)	49
19:07:35.838	31	21.0901	(1935, 322)	(194, 32)	49
19:07:35.872	31	21.0394	(1937, 325)	(194, 33)	49
19:07:35.907	35	21.0742	(1945, 333)	(195, 33)	49
19:07:35.949	36	21.0084	(1947, 335)	(195, 34)	49
19:07:35.991	36	21.0159	(1955, 344)	(196, 34)	49
19:07:36.033	34	21.0292	(1955, 345)	(196, 35)	49
19:07:36.074	35	20.9801	(1963, 355)	(196, 36)	49
19:07:36.117	37	21.0514	(1965, 358)	(197, 36)	49
19:07:36.160	37	20.9673	(1968, 365)	(197, 37)	49
19:07:36.200	38	21.0545	(1973, 375)	(197, 38)	49
19:07:36.242	33	21.0533	(1975, 379)	(198, 38)	49
19:07:36.283	33	20.9782	(1976, 385)	(198, 39)	49
19:07:36.324	32	20.975	(1980, 395)	(198, 40)	49
19:07:36.359	33	20.9615	(1982, 405)	(198, 41)	49
19:07:36.394	32	20.9609	(1984, 415)	(198, 42)	49
19:07:36.429	31	20.9249	(1985, 417)	(199, 42)	49
19:07:36.463	32	21.0684	(1985, 425)	(199, 43)	49
19:07:36.498	35	20.9859	(1987, 435)	(199, 44)	49
19:07:36.541	38	20.9846	(1988, 445)	(199, 45)	49
19:07:36.584	36	20.9876	(1989, 455)	(199, 46)	49
19:07:36.624	36	20.9954	(1989, 465)	(199, 47)	49
19:07:36.665	33	21.0335	(1989, 475)	(199, 48)	49
19:07:36.700	32	20.9268	(1988, 485)	(199, 49)	49
19:07:36.735	32	21.0049	(1985, 495)	(199, 50)	49
19:07:36.776	36	21.0044	(1984, 495)	(198, 50)	49
19:07:36.819	34	20.9381	(1980, 505)	(198, 51)	49
19:07:36.859	34	20.9194	(1972, 516)	(197, 52)	49
19:07:36.901	33	20.9526	(1965, 525)	(197, 53)	49
19:07:36.936	32	20.9836	(1964, 526)	(196, 53)	49
19:07:36.971	33	21.0744	(1954, 534)	(195, 53)	49
19:07:37.013	32	21.105	(1953, 535)	(195, 54)	49
19:07:37.056	32	20.9683	(1944, 539)	(194, 54)	49
19:07:37.089	30	20.9896	(1937, 545)	(194, 55)	49
19:07:37.124	29	20.9559	(1934, 547)	(193, 55)	49
19:07:37.158	34	21.0157	(1924, 555)	(192, 56)	49
19:07:37.201	36	21.0976	(1914, 561)	(191, 56)	49
19:07:37.243	35	21.0236	(1907, 565)	(191, 57)	49
19:07:37.285	33	21.0695	(1904, 567)	(190, 57)	49
19:07:37.325	31	21.1313	(1894, 572)	(189, 57)	49
19:07:37.360	31	21.0434	(1890, 575)	(189, 58)	49
19:07:37.395	33	21.1215	(1884, 577)	(188, 58)	49
19:07:37.436	33	21.1397	(1874, 581)	(187, 58)	49
19:07:37.471	33	21.0967	(1866, 585)	(187, 59)	49
19:07:37.513	33	21.0702	(1864, 585)	(186, 59)	49
19:07:37.548	34	21.1923	(1854, 590)	(185, 59)	49
19:07:37.590	32	21.1519	(1844, 594)	(184, 59)	49
19:07:37.631	38	21.1664	(1843, 595)	(184, 60)	49
19:07:37.675	39	21.1284	(1834, 597)	(183, 60)	49
19:07:37.722	32	21.2726	(1823, 601)	(182, 60)	49
19:07:37.756	34	21.4892	(1810, 606)	(181, 61)	49
19:07:37.792	34	21.4641	(1804, 609)	(180, 61)	49
19:07:37.833	36	21.6136	(1794, 612)	(179, 61)	49
19:07:37.876	41	21.7166	(1787, 615)	(179, 62)	49
19:07:37.924	34	21.836	(1784, 616)	(178, 62)	49
19:07:37.965	34	22.0249	(1774, 619)	(177, 62)	49
19:07:38.006	36	22.1224	(1764, 622)	(176, 62)	49
19:07:38.048	34	22.1166	(1758, 625)	(176, 63)	49
19:07:38.090	35	22.2844	(1754, 626)	(175, 63)	49
19:07:38.133	34	22.3141	(1744, 628)	(174, 63)	49
19:07:38.174	34	22.4994	(1734, 631)	(173, 63)	49
19:07:38.216	35	22.7332	(1724, 633)	(172, 63)	49
19:07:38.259	34	22.6837	(1715, 635)	(172, 64)	49
19:07:38.299	35	22.7295	(1714, 635)	(171, 64)	49
19:07:38.340	37	22.7677	(1704, 637)	(170, 64)	49
19:07:38.383	35	22.9052	(1694, 638)	(169, 64)	49
19:07:38.424	38	23.149	(1684, 640)	(168, 64)	49
19:07:38.466	35	23.1508	(1674, 641)	(167, 64)	49
19:07:38.507	37	23.4804	(1664, 642)	(166, 64)	49
19:07:38.549	34	23.4609	(1654, 643)	(165, 64)	49
19:07:38.590	33	23.663	(1644, 644)	(164, 64)	49
19:07:38.625	35	23.8569	(1633, 644)	(163, 64)	49
19:07:38.668	36	24.0083	(1624, 644)	(162, 64)	49
19:07:38.709	38	24.3369	(1614, 644)	(161, 64)	49
19:07:38.751	35	24.5754	(1604, 644)	(160, 64)	49
19:07:38.792	34	24.7338	(1594, 644)	(159, 64)	49
19:07:38.834	33	24.775	(1584, 644)	(158, 64)	49
19:07:38.868	38	24.804	(1574, 644)	(157, 64)	49
19:07:38.911	40	25.0087	(1564, 644)	(156, 64)	49
19:07:38.961	37	25.1787	(1554, 644)	(155, 64)	49
19:07:39.001	35	25.3216	(1548, 645)	(155, 65)	49
19:07:39.042	41	25.4561	(1544, 645)	(154, 65)	49
19:07:39.092	44	25.6653	(1534, 645)	(153, 65)	49
19:07:39.141	44	25.6516	(1524, 646)	(152, 65)	49
19:07:39.190	37	25.7652	(1514, 647)	(151, 65)	49
19:07:39.230	36	25.7935	(1504, 648)	(150, 65)	49
19:07:39.274	45	25.7273	(1494, 649)	(149, 65)	49
19:07:39.329	45	25.8347	(1484, 651)	(148, 65)	49
19:07:39.386	41	25.9849	(1474, 652)	(147, 65)	49
19:07:39.431	43	26.0661	(1464, 652)	(146, 65)	49
19:07:39.482	44	26.0987	(1454, 653)	(145, 65)	49
19:07:39.537	45	26.0576	(1444, 654)	(144, 65)	49
19:07:39.586	43	26.0481	(1434, 654)	(143, 65)	49
19:07:39.634	40	26.124	(1419, 654)	(142, 65)	49
19:07:39.682	41	26.0212	(1414, 654)	(141, 65)	49
19:07:39.732	40	26.3153	(1404, 654)	(140, 65)	49
19:07:39.780	40	26.2791	(1394, 654)	(139, 65)	49
19:07:39.829	37	26.1576	(1384, 654)	(138, 65)	49
19:07:39.869	46	26.1053	(1374, 654)	(137, 65)	49
19:07:39.920	44	26.14	(1356, 653)	(136, 65)	49
19:07:39.975	45	26.1039	(1354, 653)	(135, 65)	49
19:07:40.023	37	26.0564	(1344, 652)	(134, 65)	49
19:07:40.064	35	26.0847	(1334, 651)	(133, 65)	49
19:07:40.105	41	26.2899	(1323, 651)	(132, 65)	49
19:07:40.156	42	26.2976	(1314, 650)	(131, 65)	49
19:07:40.205	39	26.2068	(1303, 649)	(130, 65)	49
19:07:40.252	37	26.3079	(1294, 648)	(129, 65)	49
19:07:40.293	37	26.2566	(1284, 647)	(128, 65)	49
19:07:40.336	40	26.4679	(1274, 647)	(127, 65)	49
19:07:40.386	41	26.3279	(1264, 646)	(126, 65)	49
19:07:40.434	41	26.4624	(1256, 644)	(126, 64)	49
19:07:40.482	40	26.4896	(1254, 644)	(125, 64)	49
19:07:40.531	41	26.6046	(1244, 643)	(124, 64)	49
19:07:40.580	41	26.8364	(1234, 643)	(123, 64)	49
19:07:40.628	40	26.412	(1224, 641)	(122, 64)	49
19:07:40.678	41	26.7319	(1214, 641)	(121, 64)	49
19:07:40.725	42	27.0486	(1204, 641)	(120, 64)	49
19:07:40.774	42	27.215	(1194, 640)	(119, 64)	49
19:07:40.822	43	27.2896	(1184, 639)	(118, 64)	49
19:07:40.871	40	27.2833	(1174, 639)	(117, 64)	49
19:07:40.920	39	27.307	(1164, 637)	(116, 64)	49
19:07:40.962	42	27.147	(1154, 637)	(115, 64)	49
19:07:41.010	42	27.047	(1144, 636)	(114, 64)	49
19:07:41.059	42	27.0533	(1134, 636)	(113, 64)	49
19:07:41.108	42	27.4025	(1124, 635)	(112, 64)	49
19:07:41.157	42	27.2277	(1114, 635)	(111, 64)	49
19:07:41.207	41	27.1098	(1110, 634)	(111, 63)	49
19:07:41.254	43	27.0739	(1104, 634)	(110, 63)	49
19:07:41.302	39	27.1883	(1093, 633)	(109, 63)	49
19:07:41.343	41	27.3615	(1084, 632)	(108, 63)	49
19:07:41.393	47	27.1806	(1074, 632)	(107, 63)	49
19:07:41.449	46	27.2561	(1064, 631)	(106, 63)	49
19:07:41.506	44	27.1796	(1051, 631)	(105, 63)	49
19:07:41.553	39	27.2154	(1032, 629)	(103, 63)	49
19:07:41.601	41	27.3637	(1024, 629)	(102, 63)	49
19:07:41.651	47	27.2585	(1014, 629)	(101, 63)	49
19:07:41.711	44	27.3258	(1004, 628)	(100, 63)	49
19:07:41.761	37	27.2867	(994, 627)	(99, 63)	49
19:07:41.802	37	27.2588	(984, 627)	(98, 63)	49
19:07:41.844	36	27.2336	(974, 627)	(97, 63)	49
19:07:41.887	43	27.1511	(964, 626)	(96, 63)	49
19:07:41.935	40	27.1204	(954, 626)	(95, 63)	49
19:07:41.983	43	26.904	(944, 626)	(94, 63)	49
19:07:42.033	46	26.9659	(934, 625)	(93, 63)	49
19:07:42.089	45	26.9339	(927, 624)	(93, 62)	49
19:07:42.145	41	26.7517	(924, 624)	(92, 62)	49
19:07:42.192	39	26.9655	(914, 623)	(91, 62)	49
19:07:42.233	40	26.803	(904, 622)	(90, 62)	49
19:07:42.282	44	26.5898	(894, 621)	(89, 62)	49
19:07:42.333	42	26.5431	(884, 620)	(88, 62)	49
19:07:42.380	38	26.7409	(873, 619)	(87, 62)	49
19:07:42.421	40	26.404	(864, 619)	(86, 62)	49
19:07:42.464	39	26.5096	(854, 619)	(85, 62)	49
19:07:42.511	41	26.6311	(843, 618)	(84, 62)	49
19:07:42.561	37	26.4609	(834, 618)	(83, 62)	49
19:07:42.601	37	25.7924	(823, 617)	(82, 62)	49
19:07:42.643	43	25.7621	(814, 617)	(81, 62)	49
19:07:42.694	43	25.9113	(804, 617)	(80, 62)	49
19:07:42.742	44	25.9641	(794, 617)	(79, 62)	49
19:07:42.790	38	25.7862	(784, 616)	(78, 62)	49
19:07:42.831	38	26.0492	(772, 616)	(77, 62)	49
19:07:42.874	38	25.859	(764, 615)	(76, 62)	49
19:07:42.922	38	25.8209	(754, 615)	(75, 62)	49
19:07:42.963	39	25.8447	(744, 615)	(74, 62)	49
19:07:43.006	37	25.7159	(734, 615)	(73, 62)	49
19:07:43.047	40	25.8576	(724, 615)	(72, 62)	49
19:07:43.096	41	25.8539	(714, 615)	(71, 62)	49
19:07:43.146	42	25.7262	(704, 615)	(70, 62)	49
19:07:43.194	42	25.6609	(694, 615)	(69, 62)	49
19:07:43.241	35	25.8498	(684, 615)	(68, 62)	49
19:07:43.283	34	25.7671	(674, 615)	(67, 62)	49
19:07:43.326	44	25.6145	(664, 616)	(66, 62)	49
19:07:43.375	47	25.7868	(654, 617)	(65, 62)	49
19:07:43.433	40	25.7493	(644, 618)	(64, 62)	49
19:07:43.478	35	25.7881	(634, 618)	(63, 62)	49
19:07:43.519	37	25.7631	(624, 619)	(62, 62)	49
19:07:43.561	39	25.7034	(614, 619)	(61, 62)	49
19:07:43.603	38	25.6449	(604, 621)	(60, 62)	49
19:07:43.645	40	25.6824	(594, 621)	(59, 62)	49
19:07:43.693	40	25.5145	(584, 622)	(58, 62)	49
19:07:43.735	39	25.5778	(574, 624)	(57, 62)	49
19:07:43.777	38	25.516	(566, 625)	(57, 63)	49
19:07:43.818	37	25.5039	(564, 625)	(56, 63)	49
19:07:43.859	35	25.5099	(554, 625)	(55, 63)	49
19:07:43.901	34	24.9741	(544, 626)	(54, 63)	49
19:07:43.943	35	24.7299	(534, 628)	(53, 63)	49
19:07:43.985	41	24.7464	(524, 629)	(52, 63)	49
19:07:44.041	38	24.5081	(514, 631)	(51, 63)	49
19:07:44.083	37	24.4317	(504, 633)	(50, 63)	49
19:07:44.124	39	24.4028	(494, 634)	(49, 63)	49
19:07:44.167	37	24.5348	(493, 635)	(49, 64)	49
19:07:44.208	37	24.585	(484, 637)	(48, 64)	49
19:07:44.250	38	24.4985	(467, 641)	(47, 64)	49
19:07:44.291	38	24.4381	(464, 642)	(46, 64)	49
19:07:44.333	38	24.3785	(458, 645)	(46, 65)	49
19:07:44.374	39	24.327	(454, 646)	(45, 65)	49
19:07:44.417	38	24.3123	(444, 650)	(44, 65)	49
19:07:44.458	38	24.1865	(434, 654)	(43, 65)	49
19:07:44.500	38	24.1627	(432, 655)	(43, 66)	49
19:07:44.542	37	24.1296	(424, 658)	(42, 66)	49
19:07:44.583	41	24.1301	(414, 662)	(41, 66)	49
19:07:44.633	43	24.1209	(409, 665)	(41, 67)	49
19:07:44.681	37	24.0692	(404, 667)	(40, 67)	49
19:07:44.723	36	23.991	(394, 671)	(39, 67)	49
19:07:44.764	37	23.9564	(387, 675)	(39, 68)	49
19:07:44.805	38	23.8513	(384, 676)	(38, 68)	49
19:07:44.847	37	23.8953	(374, 680)	(37, 68)	49
19:07:44.890	36	23.8375	(367, 685)	(37, 69)	49
19:07:44.931	32	23.857	(364, 687)	(36, 69)	49
19:07:44.965	33	23.7901	(356, 695)	(36, 70)	49
19:07:45.000	34	23.7927	(354, 695)	(35, 70)	49
19:07:45.043	40	23.7391	(344, 704)	(34, 70)	49
19:07:45.092	38	23.8338	(344, 705)	(34, 71)	49
19:07:45.133	35	23.7332	(337, 715)	(34, 72)	49
19:07:45.174	35	23.7364	(335, 725)	(34, 73)	49
19:07:45.216	41	23.6486	(334, 727)	(33, 73)	49
19:07:45.265	40	23.6107	(331, 735)	(33, 74)	49
19:07:45.316	37	23.6053	(329, 746)	(33, 75)	49
19:07:45.361	35	23.5646	(329, 755)	(33, 76)	49
19:07:45.404	40	23.6359	(329, 765)	(33, 77)	49
19:07:45.454	43	23.565	(329, 775)	(33, 78)	49
19:07:45.502	43	23.5381	(329, 785)	(33, 79)	49
19:07:45.550	35	23.5993	(329, 795)	(33, 80)	49
19:07:45.591	36	23.6219	(329, 805)	(33, 81)	49
19:07:45.633	38	23.6613	(329, 833)	(33, 83)	49
19:07:45.675	37	23.6379	(329, 836)	(33, 84)	49
19:07:45.717	35	23.6913	(329, 845)	(33, 85)	49
19:07:45.758	37	23.5302	(329, 855)	(33, 86)	49
19:07:45.800	37	23.7396	(330, 865)	(33, 87)	49
19:07:45.842	32	23.7527	(332, 875)	(33, 88)	49
19:07:45.876	38	23.8132	(335, 883)	(34, 88)	49
19:07:45.919	38	23.7753	(335, 885)	(34, 89)	49
19:07:45.967	39	23.7824	(338, 895)	(34, 90)	49
19:07:46.008	35	23.6892	(341, 905)	(34, 91)	49
19:07:46.050	35	23.7123	(345, 914)	(35, 91)	49
19:07:46.091	38	23.6578	(346, 915)	(35, 92)	49
19:07:46.135	41	23.4532	(350, 925)	(35, 93)	49
19:07:46.182	36	23.5976	(355, 931)	(36, 93)	49
19:07:46.224	36	23.6566	(357, 935)	(36, 94)	49
19:07:46.266	36	23.848	(364, 945)	(36, 95)	49
19:07:46.308	36	23.737	(365, 945)	(37, 95)	49
19:07:46.349	36	23.6124	(373, 955)	(37, 96)	49
19:07:46.391	32	23.6159	(375, 956)	(38, 96)	49
19:07:46.425	33	23.5667	(384, 965)	(38, 97)	49
19:07:46.460	35	23.6652	(385, 966)	(39, 97)	49
19:07:46.502	37	23.6541	(395, 975)	(40, 98)	49
19:07:46.544	37	23.6852	(405, 982)	(41, 98)	49
19:07:46.586	33	23.6388	(411, 987)	(41, 99)	49
19:07:46.626	34	23.6397	(415, 989)	(42, 99)	49
19:07:46.668	37	23.5661	(423, 995)	(42, 100)	49
19:07:46.711	39	23.7127	(425, 996)	(43, 100)	49
19:07:46.752	38	23.7286	(435, 1001)	(44, 100)	49
19:07:46.794	39	23.7625	(441, 1005)	(44, 101)	49
19:07:46.836	35	23.7644	(446, 1007)	(45, 101)	49
19:07:46.877	49	23.7443	(455, 1012)	(46, 101)	49
19:07:46.933	36	23.7997	(461, 1015)	(46, 102)	49
19:07:46.975	35	23.7292	(465, 1017)	(47, 102)	49
19:07:47.017	36	23.7759	(475, 1022)	(48, 102)	49
19:07:47.059	36	23.9016	(481, 1025)	(48, 103)	49
19:07:47.100	37	24.0563	(485, 1026)	(49, 103)	49
19:07:47.142	37	24.3367	(495, 1030)	(50, 103)	49
19:07:47.183	38	24.301	(505, 1034)	(51, 103)	49
19:07:47.226	35	24.3458	(506, 1035)	(51, 104)	49
19:07:47.266	34	24.3679	(515, 1037)	(52, 104)	49
19:07:47.308	37	24.3256	(525, 1040)	(53, 104)	49
19:07:47.350	39	24.2708	(540, 1043)	(54, 104)	49
19:07:47.392	39	24.3914	(545, 1044)	(55, 104)	49
19:07:47.441	40	24.3009	(549, 1045)	(55, 105)	49
19:07:47.490	38	24.4923	(555, 1046)	(56, 105)	49
19:07:47.531	40	24.849	(577, 1050)	(58, 105)	49
19:07:47.580	42	24.7452	(585, 1052)	(59, 105)	49
19:07:47.629	46	24.8982	(595, 1053)	(60, 105)	49
19:07:47.677	35	24.8717	(605, 1054)	(61, 105)	49
19:07:47.718	41	24.9659	(608, 1055)	(61, 106)	49
19:07:47.769	44	24.8369	(615, 1056)	(62, 106)	49
19:07:47.819	42	24.919	(625, 1057)	(63, 106)	49
19:07:47.865	36	25.0012	(635, 1058)	(64, 106)	49
19:07:47.906	33	25.0782	(645, 1059)	(65, 106)	49
19:07:47.947	42	25.0416	(655, 1060)	(66, 106)	49
19:07:47.998	42	25.0465	(665, 1061)	(67, 106)	49
19:07:48.046	44	25.2985	(675, 1061)	(68, 106)	49
19:07:48.094	36	25.3975	(685, 1063)	(69, 106)	49
19:07:48.135	35	25.2093	(695, 1063)	(70, 106)	49
19:07:48.177	40	25.2961	(705, 1064)	(71, 106)	49
19:07:48.227	41	25.4283	(715, 1064)	(72, 106)	49
19:07:48.277	42	25.2419	(719, 1065)	(72, 107)	49
19:07:48.325	38	25.3333	(725, 1065)	(73, 107)	49
19:07:48.374	44	25.1646	(735, 1066)	(74, 107)	49
19:07:48.423	43	25.1822	(745, 1066)	(75, 107)	49
19:07:48.478	40	25.3067	(755, 1066)	(76, 107)	49
19:07:48.525	38	25.3772	(765, 1066)	(77, 107)	49
19:07:48.566	40	25.2391	(775, 1067)	(78, 107)	49
19:07:48.609	39	25.4772	(785, 1067)	(79, 107)	49
19:07:48.650	39	25.7763	(795, 1068)	(80, 107)	49
19:07:48.693	39	26.0473	(805, 1069)	(81, 107)	49
19:07:48.740	41	26.107	(815, 1070)	(82, 107)	49
19:07:48.790	45	26.1911	(825, 1071)	(83, 107)	49
19:07:48.840	45	26.1658	(835, 1072)	(84, 107)	49
19:07:48.895	40	26.1388	(845, 1073)	(85, 107)	49
19:07:48.942	37	26.0277	(856, 1074)	(86, 107)	49
19:07:48.984	38	26.1591	(862, 1075)	(86, 108)	49
19:07:49.025	38	26.3108	(865, 1075)	(87, 108)	49
19:07:49.067	38	26.0741	(875, 1075)	(88, 108)	49
19:07:49.109	38	26.3332	(885, 1076)	(89, 108)	49
19:07:49.150	43	26.424	(895, 1077)	(90, 108)	49
19:07:49.201	45	26.5372	(905, 1078)	(91, 108)	49
19:07:49.257	45	26.4221	(915, 1078)	(92, 108)	49
19:07:49.312	45	26.4283	(925, 1079)	(93, 108)	49
19:07:49.366	39	26.2732	(935, 1080)	(94, 108)	49
19:07:49.408	43	26.3439	(945, 1081)	(95, 108)	49
19:07:49.458	46	26.2001	(955, 1082)	(96, 108)	49
19:07:49.513	43	26.2104	(965, 1082)	(97, 108)	49
19:07:49.561	37	26.0996	(975, 1083)	(98, 108)	49
19:07:49.602	35	26.088	(986, 1083)	(99, 108)	49
19:07:49.643	39	26.0206	(995, 1084)	(100, 108)	49
19:07:49.687	46	25.9553	(1005, 1084)	(101, 108)	49
19:07:49.742	39	25.9967	(1015, 1084)	(102, 108)	49
19:07:49.783	36	26.0279	(1017, 1085)	(102, 109)	49
19:07:49.825	35	26.0727	(1025, 1085)	(103, 109)	49
19:07:49.866	40	25.9379	(1040, 1085)	(104, 109)	49
19:07:49.910	43	26.0259	(1048, 1085)	(105, 109)	49
19:07:49.959	40	25.9999	(1055, 1086)	(106, 109)	49
19:07:50.006	38	26.1628	(1065, 1086)	(107, 109)	49
19:07:50.047	43	26.2286	(1075, 1086)	(108, 109)	49
19:07:50.097	46	26.0601	(1085, 1086)	(109, 109)	49
19:07:50.154	44	26.1361	(1096, 1086)	(110, 109)	49
19:07:50.209	37	26.2698	(1105, 1086)	(111, 109)	49
19:07:50.248	41	26.2991	(1115, 1086)	(112, 109)	49
19:07:50.299	42	26.2819	(1126, 1086)	(113, 109)	49
19:07:50.347	43	26.2966	(1135, 1086)	(114, 109)	49
19:07:50.396	38	26.2233	(1146, 1086)	(115, 109)	49
19:07:50.443	43	26.3394	(1155, 1086)	(116, 109)	49
19:07:50.494	45	26.1615	(1166, 1086)	(117, 109)	49
19:07:50.549	45	26.2576	(1175, 1086)	(118, 109)	49
19:07:50.605	42	26.308	(1185, 1085)	(119, 109)	49
19:07:50.652	40	26.3839	(1188, 1084)	(119, 108)	49
19:07:50.701	40	26.3876	(1195, 1084)	(120, 108)	49
19:07:50.749	40	26.3255	(1205, 1082)	(121, 108)	49
19:07:50.799	37	26.3661	(1215, 1081)	(122, 108)	49
19:07:50.840	35	26.3932	(1225, 1081)	(123, 108)	49
19:07:50.881	42	26.3687	(1235, 1081)	(124, 108)	49
19:07:50.931	41	26.2895	(1245, 1080)	(125, 108)	49
19:07:50.980	41	26.2239	(1255, 1080)	(126, 108)	49
19:07:51.029	38	26.2939	(1265, 1079)	(127, 108)	49
19:07:51.069	35	26.1756	(1275, 1078)	(128, 108)	49
19:07:51.110	39	26.103	(1286, 1077)	(129, 108)	49
19:07:51.153	41	26.0801	(1295, 1077)	(130, 108)	49
19:07:51.202	40	26.0606	(1305, 1077)	(131, 108)	49
19:07:51.250	37	26.1267	(1315, 1077)	(132, 108)	49
19:07:51.291	35	25.9967	(1325, 1077)	(133, 108)	49
19:07:51.334	46	25.9262	(1335, 1077)	(134, 108)	49
19:07:51.390	46	25.9479	(1345, 1077)	(135, 108)	49
19:07:51.446	40	25.8686	(1355, 1077)	(136, 108)	49
19:07:51.493	43	25.9788	(1365, 1079)	(137, 108)	49
19:07:51.543	44	25.7133	(1375, 1080)	(138, 108)	49
19:07:51.592	44	25.7424	(1385, 1081)	(139, 108)	49
19:07:51.641	42	25.6741	(1395, 1081)	(140, 108)	49
19:07:51.688	38	25.4873	(1405, 1083)	(141, 108)	49
19:07:51.730	38	25.3566	(1416, 1084)	(142, 108)	49
19:07:51.771	40	25.4139	(1418, 1085)	(142, 109)	49
19:07:51.821	44	25.3311	(1425, 1085)	(143, 109)	49
19:07:51.870	39	25.2656	(1437, 1088)	(144, 109)	49
19:07:51.917	41	25.1647	(1445, 1088)	(145, 109)	49
19:07:51.967	44	24.9619	(1455, 1089)	(146, 109)	49
19:07:52.016	44	24.9203	(1465, 1090)	(147, 109)	49
19:07:52.065	43	24.8227	(1476, 1091)	(148, 109)	49
19:07:52.112	38	24.6893	(1485, 1092)	(149, 109)	49
19:07:52.154	37	24.3991	(1495, 1093)	(150, 109)	49
19:07:52.196	37	24.3767	(1505, 1093)	(151, 109)	49
19:07:52.238	38	24.313	(1515, 1093)	(152, 109)	49
19:07:52.280	34	24.1908	(1525, 1093)	(153, 109)	49
19:07:52.320	34	23.8796	(1535, 1094)	(154, 109)	49
19:07:52.366	40	23.5314	(1545, 1094)	(155, 109)	49
19:07:52.411	41	23.448	(1555, 1094)	(156, 109)	49
19:07:52.461	39	23.3424	(1565, 1094)	(157, 109)	49
19:07:52.508	34	23.2627	(1566, 1095)	(157, 110)	49
19:07:52.550	32	23.1077	(1575, 1095)	(158, 110)	49
19:07:52.584	36	23.0917	(1585, 1095)	(159, 110)	49
19:07:52.627	38	22.987	(1596, 1096)	(160, 110)	49
19:07:52.668	38	22.8884	(1605, 1096)	(161, 110)	49
19:07:52.710	33	22.6058	(1615, 1096)	(162, 110)	49
19:07:52.751	32	22.5714	(1625, 1097)	(163, 110)	49
19:07:52.785	35	22.3641	(1635, 1097)	(164, 110)	49
19:07:52.828	34	22.2865	(1645, 1097)	(165, 110)	49
19:07:52.869	36	22.1794	(1655, 1098)	(166, 110)	49
19:07:52.912	37	22.0436	(1665, 1098)	(167, 110)	49
19:07:52.953	34	21.9708	(1675, 1099)	(168, 110)	49
19:07:52.995	38	21.7636	(1685, 1099)	(169, 110)	49
19:07:53.038	40	21.623	(1695, 1100)	(170, 110)	49
19:07:53.086	42	21.4961	(1705, 1100)	(171, 110)	49
19:07:53.134	33	21.4399	(1715, 1101)	(172, 110)	49
19:07:53.175	33	21.4529	(1725, 1101)	(173, 110)	49
19:07:53.218	32	21.3006	(1735, 1103)	(174, 110)	49
19:07:53.259	38	21.2717	(1748, 1104)	(175, 110)	49
19:07:53.302	39	21.1034	(1753, 1105)	(175, 111)	49
19:07:53.349	34	21.1196	(1755, 1105)	(176, 111)	49
19:07:53.391	34	21.0055	(1765, 1106)	(177, 111)	49
19:07:53.433	33	21.0172	(1775, 1107)	(178, 111)	49
19:07:53.474	34	21.0031	(1785, 1108)	(179, 111)	49
19:07:53.516	33	20.9643	(1798, 1109)	(180, 111)	49
19:07:53.558	34	20.9083	(1806, 1111)	(181, 111)	49
19:07:53.599	35	21.0356	(1815, 1112)	(182, 111)	49
19:07:53.641	34	20.8942	(1825, 1112)	(183, 111)	49
19:07:53.684	33	20.9172	(1835, 1113)	(184, 111)	49
19:07:53.725	33	20.9151	(1850, 1114)	(185, 111)	49
19:07:53.766	32	20.8831	(1855, 1114)	(186, 111)	49
19:07:53.801	30	20.856	(1858, 1115)	(186, 112)	49
19:07:53.835	33	20.8984	(1865, 1116)	(187, 112)	49
19:07:53.871	33	20.9606	(1877, 1117)	(188, 112)	49
19:07:53.913	36	20.9594	(1885, 1118)	(189, 112)	49
19:07:53.955	34	20.8563	(1895, 1120)	(190, 112)	49
19:07:53.996	30	20.8907	(1905, 1121)	(191, 112)	49
19:07:54.030	30	20.3578	(0, 0)	(0, 0)	49
EOM

