BOM
Frame extends: 2263, 1306
_ms_area: 10
measurements taken: 585
current rendering method: 2
is mouse replay: 1
Camera settings: Roation Quaternion: ( 0.743754, 0.176147, -0.61516, -0.193306), Translationsvektor: ( 0.172338, -0.0367534, 1.775).
System_Time	Elapsed_Time_PaintGL	Elapsed_Kernel_Time	Frame_Coordinates	Grid_Position	Manual_Measurement
16:48:57.997	43	30.9921	(318, 226)	(32, 23)	49
16:48:58.046	48	31.2819	(325, 225)	(33, 23)	49
16:48:58.103	49	31.0871	(335, 225)	(34, 23)	49
16:48:58.160	46	31.2332	(345, 225)	(35, 23)	49
16:48:58.213	42	31.4904	(357, 225)	(36, 23)	49
16:48:58.262	49	31.4293	(372, 225)	(37, 23)	49
16:48:58.318	51	31.421	(375, 225)	(38, 23)	49
16:48:58.374	45	31.5044	(385, 225)	(39, 23)	49
16:48:58.428	47	31.6563	(395, 225)	(40, 23)	49
16:48:58.483	44	31.6683	(405, 225)	(41, 23)	49
16:48:58.535	49	31.5329	(415, 225)	(42, 23)	49
16:48:58.590	44	31.5342	(425, 225)	(43, 23)	49
16:48:58.636	42	31.7083	(435, 226)	(44, 23)	49
16:48:58.686	51	31.8625	(445, 226)	(45, 23)	49
16:48:58.742	52	31.5996	(455, 226)	(46, 23)	49
16:48:58.804	41	31.9188	(465, 227)	(47, 23)	49
16:48:58.851	42	31.9093	(475, 227)	(48, 23)	49
16:48:58.900	49	32.0572	(485, 228)	(49, 23)	49
16:48:58.958	51	32.0141	(495, 228)	(50, 23)	49
16:48:59.013	44	32.2867	(505, 229)	(51, 23)	49
16:48:59.061	45	32.1961	(515, 229)	(52, 23)	49
16:48:59.111	51	32.2142	(525, 229)	(53, 23)	49
16:48:59.168	48	32.1526	(535, 229)	(54, 23)	49
16:48:59.241	44	32.075	(545, 229)	(55, 23)	49
16:48:59.372	47	32.3616	(555, 229)	(56, 23)	49
16:48:59.425	44	32.1871	(565, 229)	(57, 23)	49
16:48:59.471	42	32.2139	(575, 229)	(58, 23)	49
16:48:59.520	45	32.1015	(585, 229)	(59, 23)	49
16:48:59.612	44	32.1187	(596, 229)	(60, 23)	49
16:48:59.666	47	32.2643	(605, 230)	(61, 23)	49
16:48:59.724	51	32.248	(615, 230)	(62, 23)	49
16:48:59.788	49	32.2373	(626, 230)	(63, 23)	49
16:48:59.841	49	32.3372	(635, 230)	(64, 23)	49
16:48:59.895	46	32.3024	(645, 230)	(65, 23)	49
16:48:59.951	53	32.1444	(655, 230)	(66, 23)	49
16:49:00.015	46	32.1535	(665, 230)	(67, 23)	49
16:49:00.069	41	32.235	(680, 230)	(68, 23)	49
16:49:00.117	47	32.3379	(685, 230)	(69, 23)	49
16:49:00.174	51	32.3148	(695, 230)	(70, 23)	49
16:49:00.230	52	32.0261	(705, 230)	(71, 23)	49
16:49:00.291	47	32.2179	(715, 230)	(72, 23)	49
16:49:00.347	47	32.1773	(725, 230)	(73, 23)	49
16:49:00.403	53	32.0206	(735, 230)	(74, 23)	49
16:49:00.466	49	32.0748	(749, 230)	(75, 23)	49
16:49:00.520	43	31.9268	(756, 230)	(76, 23)	49
16:49:00.569	49	32.1161	(766, 230)	(77, 23)	49
16:49:00.626	51	32.131	(775, 230)	(78, 23)	49
16:49:00.682	47	31.7967	(785, 230)	(79, 23)	49
16:49:00.736	46	31.9305	(796, 229)	(80, 23)	49
16:49:00.786	45	31.9409	(805, 229)	(81, 23)	49
16:49:00.833	47	31.8344	(815, 229)	(82, 23)	49
16:49:00.891	49	31.7803	(825, 228)	(83, 23)	49
16:49:00.946	47	31.8261	(835, 228)	(84, 23)	49
16:49:01.002	53	31.8902	(845, 228)	(85, 23)	49
16:49:01.064	52	32.1068	(855, 228)	(86, 23)	49
16:49:01.127	47	32.1387	(865, 228)	(87, 23)	49
16:49:01.181	46	32.3573	(875, 228)	(88, 23)	49
16:49:01.230	49	32.215	(885, 228)	(89, 23)	49
16:49:01.289	53	32.2335	(895, 228)	(90, 23)	49
16:49:01.349	46	32.8547	(905, 228)	(91, 23)	49
16:49:01.404	46	33.2052	(915, 228)	(92, 23)	49
16:49:01.460	53	33.1566	(925, 228)	(93, 23)	49
16:49:01.525	48	33.3775	(935, 228)	(94, 23)	49
16:49:01.578	44	33.8705	(945, 227)	(95, 23)	49
16:49:01.626	47	34.2927	(957, 227)	(96, 23)	49
16:49:01.682	50	34.3024	(966, 227)	(97, 23)	49
16:49:01.737	47	34.6207	(975, 227)	(98, 23)	49
16:49:01.792	45	34.8656	(985, 227)	(99, 23)	49
16:49:01.841	52	35.1356	(995, 227)	(100, 23)	49
16:49:01.898	55	34.8924	(1005, 227)	(101, 23)	49
16:49:01.962	50	35.2713	(1015, 226)	(102, 23)	49
16:49:02.016	51	35.4833	(1025, 226)	(103, 23)	49
16:49:02.072	54	35.5535	(1035, 226)	(104, 23)	49
16:49:02.134	55	35.6273	(1045, 225)	(105, 23)	49
16:49:02.197	48	35.445	(1055, 225)	(106, 23)	49
16:49:02.252	48	35.9436	(1065, 225)	(107, 23)	49
16:49:02.307	53	35.5695	(1071, 224)	(107, 22)	49
16:49:02.366	50	35.8501	(1075, 224)	(108, 22)	49
16:49:02.418	48	35.8833	(1085, 224)	(109, 22)	49
16:49:02.475	57	35.8335	(1095, 224)	(110, 22)	49
16:49:02.538	54	35.8507	(1105, 224)	(111, 22)	49
16:49:02.601	50	36.1102	(1115, 224)	(112, 22)	49
16:49:02.655	53	36.2702	(1125, 224)	(113, 22)	49
16:49:02.719	56	36.6404	(1135, 224)	(114, 22)	49
16:49:02.782	52	36.4265	(1146, 223)	(115, 22)	49
16:49:02.843	55	36.3455	(1155, 223)	(116, 22)	49
16:49:02.907	56	36.611	(1165, 223)	(117, 22)	49
16:49:02.969	57	36.4687	(1175, 223)	(118, 22)	49
16:49:03.031	48	36.8547	(1185, 223)	(119, 22)	49
16:49:03.086	49	36.7507	(1195, 223)	(120, 22)	49
16:49:03.143	58	36.9507	(1205, 223)	(121, 22)	49
16:49:03.207	51	36.9809	(1215, 223)	(122, 22)	49
16:49:03.266	47	37.0564	(1225, 223)	(123, 22)	49
16:49:03.315	51	36.9015	(1235, 223)	(124, 22)	49
16:49:03.373	56	36.4932	(1245, 223)	(125, 22)	49
16:49:03.436	54	36.5782	(1255, 223)	(126, 22)	49
16:49:03.496	50	36.38	(1265, 224)	(127, 22)	49
16:49:03.553	56	36.423	(1275, 224)	(128, 22)	49
16:49:03.615	50	36.1816	(1282, 225)	(128, 23)	49
16:49:03.669	47	36.0639	(1285, 225)	(129, 23)	49
16:49:03.718	54	35.669	(1295, 226)	(130, 23)	49
16:49:03.782	47	35.5461	(1305, 226)	(131, 23)	49
16:49:03.836	50	35.5464	(1316, 228)	(132, 23)	49
16:49:03.893	49	35.3244	(1326, 228)	(133, 23)	49
16:49:03.949	54	34.9345	(1335, 228)	(134, 23)	49
16:49:04.011	54	35.0719	(1345, 229)	(135, 23)	49
16:49:04.075	49	34.6519	(1355, 230)	(136, 23)	49
16:49:04.129	48	34.2733	(1366, 230)	(137, 23)	49
16:49:04.185	55	34.1879	(1375, 230)	(138, 23)	49
16:49:04.248	54	34.115	(1386, 231)	(139, 23)	49
16:49:04.311	48	33.8959	(1395, 231)	(140, 23)	49
16:49:04.365	48	34.028	(1405, 232)	(141, 23)	49
16:49:04.422	52	33.5501	(1415, 232)	(142, 23)	49
16:49:04.485	51	33.5836	(1425, 232)	(143, 23)	49
16:49:04.539	44	33.4979	(1435, 233)	(144, 23)	49
16:49:04.587	45	33.3153	(1445, 234)	(145, 23)	49
16:49:04.637	50	33.0452	(1455, 234)	(146, 23)	49
16:49:04.692	46	32.9721	(1465, 234)	(147, 23)	49
16:49:04.747	42	32.557	(1478, 234)	(148, 23)	49
16:49:04.795	43	32.5533	(1485, 234)	(149, 23)	49
16:49:04.845	49	32.4812	(1488, 235)	(149, 24)	49
16:49:04.901	49	32.7403	(1495, 235)	(150, 24)	49
16:49:04.956	42	32.363	(1506, 235)	(151, 24)	49
16:49:05.004	47	32.427	(1516, 235)	(152, 24)	49
16:49:05.055	47	32.2468	(1526, 236)	(153, 24)	49
16:49:05.109	53	31.8699	(1535, 236)	(154, 24)	49
16:49:05.164	51	31.9987	(1546, 236)	(155, 24)	49
16:49:05.221	49	31.9505	(1556, 237)	(156, 24)	49
16:49:05.277	51	31.6581	(1565, 237)	(157, 24)	49
16:49:05.334	47	31.4641	(1575, 238)	(158, 24)	49
16:49:05.387	46	31.5144	(1585, 238)	(159, 24)	49
16:49:05.444	52	31.4385	(1595, 239)	(160, 24)	49
16:49:05.506	50	31.265	(1605, 239)	(161, 24)	49
16:49:05.562	47	31.2542	(1615, 240)	(162, 24)	49
16:49:05.616	48	31.3379	(1625, 240)	(163, 24)	49
16:49:05.673	50	31.1806	(1636, 241)	(164, 24)	49
16:49:05.728	45	31.2359	(1645, 242)	(165, 24)	49
16:49:05.776	43	30.9077	(1655, 242)	(166, 24)	49
16:49:05.826	49	30.9779	(1666, 243)	(167, 24)	49
16:49:05.882	49	31.0329	(1676, 244)	(168, 24)	49
16:49:05.940	51	30.8966	(1677, 245)	(168, 25)	49
16:49:06.000	40	30.9357	(1686, 245)	(169, 25)	49
16:49:06.047	39	30.7215	(1696, 246)	(170, 25)	49
16:49:06.088	47	30.7455	(1705, 246)	(171, 25)	49
16:49:06.146	46	30.7779	(1715, 248)	(172, 25)	49
16:49:06.200	43	30.6259	(1726, 249)	(173, 25)	49
16:49:06.248	47	30.755	(1735, 250)	(174, 25)	49
16:49:06.306	49	30.6293	(1745, 251)	(175, 25)	49
16:49:06.361	46	30.5406	(1755, 253)	(176, 25)	49
16:49:06.408	42	30.443	(1765, 254)	(177, 25)	49
16:49:06.459	49	30.2453	(1768, 255)	(177, 26)	49
16:49:06.514	51	30.3289	(1775, 256)	(178, 26)	49
16:49:06.570	49	30.2713	(1785, 258)	(179, 26)	49
16:49:06.625	43	30.3893	(1795, 260)	(180, 26)	49
16:49:06.673	48	30.1763	(1805, 262)	(181, 26)	49
16:49:06.730	47	29.9187	(1815, 264)	(182, 26)	49
16:49:06.787	41	30.0012	(1817, 265)	(182, 27)	49
16:49:06.832	42	29.7135	(1825, 267)	(183, 27)	49
16:49:06.882	50	29.8754	(1838, 271)	(184, 27)	49
16:49:06.939	49	29.7892	(1845, 273)	(185, 27)	49
16:49:06.994	45	29.6037	(1849, 275)	(185, 28)	49
16:49:07.042	41	29.6225	(1858, 278)	(186, 28)	49
16:49:07.089	44	29.672	(1865, 280)	(187, 28)	49
16:49:07.139	47	29.8425	(1874, 285)	(187, 29)	49
16:49:07.195	47	29.4412	(1875, 285)	(188, 29)	49
16:49:07.252	45	29.5305	(1885, 289)	(189, 29)	49
16:49:07.307	51	29.4794	(1895, 294)	(190, 29)	49
16:49:07.364	48	29.4505	(1895, 295)	(190, 30)	49
16:49:07.418	45	29.2836	(1905, 299)	(191, 30)	49
16:49:07.471	39	29.2889	(1912, 305)	(191, 31)	49
16:49:07.513	41	29.5132	(1915, 307)	(192, 31)	49
16:49:07.563	46	29.3247	(1925, 314)	(193, 31)	49
16:49:07.619	43	29.5184	(1926, 315)	(193, 32)	49
16:49:07.667	40	29.4904	(1935, 322)	(194, 32)	49
16:49:07.715	45	29.3763	(1937, 325)	(194, 33)	49
16:49:07.765	44	29.1923	(1945, 333)	(195, 33)	49
16:49:07.813	40	29.664	(1947, 335)	(195, 34)	49
16:49:07.863	41	29.4776	(1955, 344)	(196, 34)	49
16:49:07.911	39	29.5566	(1955, 345)	(196, 35)	49
16:49:07.960	48	29.7169	(1963, 355)	(196, 36)	49
16:49:08.016	48	29.5579	(1965, 358)	(197, 36)	49
16:49:08.071	42	29.656	(1968, 365)	(197, 37)	49
16:49:08.119	42	29.6298	(1973, 375)	(197, 38)	49
16:49:08.167	44	29.4421	(1975, 379)	(198, 38)	49
16:49:08.216	43	29.7243	(1976, 385)	(198, 39)	49
16:49:08.265	40	29.796	(1980, 395)	(198, 40)	49
16:49:08.315	46	29.6253	(1982, 405)	(198, 41)	49
16:49:08.370	46	29.6434	(1984, 415)	(198, 42)	49
16:49:08.426	48	29.4735	(1985, 417)	(199, 42)	49
16:49:08.482	45	29.5717	(1985, 425)	(199, 43)	49
16:49:08.529	42	29.5536	(1987, 435)	(199, 44)	49
16:49:08.578	46	29.5455	(1988, 445)	(199, 45)	49
16:49:08.634	49	29.3493	(1989, 455)	(199, 46)	49
16:49:08.692	44	29.4564	(1989, 465)	(199, 47)	49
16:49:08.738	43	29.5813	(1989, 475)	(199, 48)	49
16:49:08.787	44	29.7988	(1988, 485)	(199, 49)	49
16:49:08.835	42	29.5102	(1985, 495)	(199, 50)	49
16:49:08.885	41	29.7904	(1984, 495)	(198, 50)	49
16:49:08.932	40	29.5093	(1980, 505)	(198, 51)	49
16:49:08.982	48	29.6467	(1972, 516)	(197, 52)	49
16:49:09.037	49	29.3927	(1965, 525)	(197, 53)	49
16:49:09.094	43	29.604	(1964, 526)	(196, 53)	49
16:49:09.141	39	29.4587	(1954, 534)	(195, 53)	49
16:49:09.183	47	29.6591	(1953, 535)	(195, 54)	49
16:49:09.240	49	29.5173	(1944, 539)	(194, 54)	49
16:49:09.295	45	29.8948	(1937, 545)	(194, 55)	49
16:49:09.349	42	30.1981	(1934, 547)	(193, 55)	49
16:49:09.397	48	30.26	(1924, 555)	(192, 56)	49
16:49:09.456	49	30.2967	(1914, 561)	(191, 56)	49
16:49:09.511	49	30.3775	(1907, 565)	(191, 57)	49
16:49:09.567	45	30.3511	(1904, 567)	(190, 57)	49
16:49:09.621	47	30.5807	(1894, 572)	(189, 57)	49
16:49:09.677	50	30.6449	(1890, 575)	(189, 58)	49
16:49:09.740	47	30.531	(1884, 577)	(188, 58)	49
16:49:09.794	45	31.0279	(1874, 581)	(187, 58)	49
16:49:09.843	43	31.1687	(1866, 585)	(187, 59)	49
16:49:09.891	45	30.9804	(1864, 585)	(186, 59)	49
16:49:09.941	46	31.0409	(1854, 590)	(185, 59)	49
16:49:09.996	47	31.3939	(1844, 594)	(184, 59)	49
16:49:10.052	52	31.4163	(1843, 595)	(184, 60)	49
16:49:10.109	50	31.4113	(1834, 597)	(183, 60)	49
16:49:10.164	47	31.9439	(1823, 601)	(182, 60)	49
16:49:10.219	46	32.2732	(1810, 606)	(181, 61)	49
16:49:10.275	52	31.9985	(1804, 609)	(180, 61)	49
16:49:10.331	48	32.4886	(1794, 612)	(179, 61)	49
16:49:10.385	45	32.5606	(1787, 615)	(179, 62)	49
16:49:10.434	46	32.6767	(1784, 616)	(178, 62)	49
16:49:10.491	51	32.6824	(1774, 619)	(177, 62)	49
16:49:10.547	51	33.0514	(1764, 622)	(176, 62)	49
16:49:10.608	43	33.0967	(1758, 625)	(176, 63)	49
16:49:10.663	42	33.1923	(1754, 626)	(175, 63)	49
16:49:10.711	51	33.4981	(1744, 628)	(174, 63)	49
16:49:10.769	50	33.7498	(1734, 631)	(173, 63)	49
16:49:10.823	46	34.04	(1724, 633)	(172, 63)	49
16:49:10.871	46	34.0121	(1715, 635)	(172, 64)	49
16:49:10.921	46	34.0945	(1714, 635)	(171, 64)	49
16:49:10.976	45	34.2427	(1704, 637)	(170, 64)	49
16:49:11.024	45	34.4963	(1694, 638)	(169, 64)	49
16:49:11.073	48	34.8859	(1684, 640)	(168, 64)	49
16:49:11.129	51	35.0476	(1674, 641)	(167, 64)	49
16:49:11.186	53	35.1443	(1664, 642)	(166, 64)	49
16:49:11.248	49	35.483	(1654, 643)	(165, 64)	49
16:49:11.302	50	35.4456	(1644, 644)	(164, 64)	49
16:49:11.360	54	35.5739	(1633, 644)	(163, 64)	49
16:49:11.426	50	35.8287	(1624, 644)	(162, 64)	49
16:49:11.483	52	36.315	(1614, 644)	(161, 64)	49
16:49:11.548	56	36.6936	(1604, 644)	(160, 64)	49
16:49:11.610	56	36.5698	(1594, 644)	(159, 64)	49
16:49:11.672	49	37.2517	(1584, 644)	(158, 64)	49
16:49:11.727	53	37.4159	(1574, 644)	(157, 64)	49
16:49:11.791	55	37.4985	(1564, 644)	(156, 64)	49
16:49:11.854	52	37.609	(1554, 644)	(155, 64)	49
16:49:11.914	56	38.1018	(1548, 645)	(155, 65)	49
16:49:11.979	57	37.8788	(1544, 645)	(154, 65)	49
16:49:12.041	53	37.9147	(1534, 645)	(153, 65)	49
16:49:12.102	47	38.1108	(1524, 646)	(152, 65)	49
16:49:12.150	57	38.2594	(1514, 647)	(151, 65)	49
16:49:12.215	58	38.2221	(1504, 648)	(150, 65)	49
16:49:12.276	50	38.6059	(1494, 649)	(149, 65)	49
16:49:12.331	55	38.6388	(1484, 651)	(148, 65)	49
16:49:12.396	56	38.4862	(1474, 652)	(147, 65)	49
16:49:12.458	58	38.5105	(1464, 652)	(146, 65)	49
16:49:12.520	54	38.884	(1454, 653)	(145, 65)	49
16:49:12.583	58	39.069	(1444, 654)	(144, 65)	49
16:49:12.646	58	39.123	(1434, 654)	(143, 65)	49
16:49:12.710	54	39.1499	(1419, 654)	(142, 65)	49
16:49:12.770	55	39.4464	(1414, 654)	(141, 65)	49
16:49:12.833	62	39.78	(1404, 654)	(140, 65)	49
16:49:12.902	49	39.7827	(1394, 654)	(139, 65)	49
16:49:12.957	55	40.0314	(1384, 654)	(138, 65)	49
16:49:13.021	59	40.0335	(1374, 654)	(137, 65)	49
16:49:13.091	59	40.1662	(1356, 653)	(136, 65)	49
16:49:13.160	58	40.5664	(1354, 653)	(135, 65)	49
16:49:13.224	60	40.3674	(1344, 652)	(134, 65)	49
16:49:13.292	56	40.5259	(1334, 651)	(133, 65)	49
16:49:13.354	54	40.848	(1323, 651)	(132, 65)	49
16:49:13.417	59	40.809	(1314, 650)	(131, 65)	49
16:49:13.486	61	41.057	(1303, 649)	(130, 65)	49
16:49:13.558	54	40.804	(1294, 648)	(129, 65)	49
16:49:13.618	57	41.2261	(1284, 647)	(128, 65)	49
16:49:13.681	62	41.2622	(1274, 647)	(127, 65)	49
16:49:13.751	56	41.228	(1264, 646)	(126, 65)	49
16:49:13.812	52	41.1631	(1256, 644)	(126, 64)	49
16:49:13.870	60	41.2898	(1254, 644)	(125, 64)	49
16:49:13.939	59	41.527	(1244, 643)	(124, 64)	49
16:49:14.000	52	41.6721	(1234, 643)	(123, 64)	49
16:49:14.055	55	41.5548	(1224, 641)	(122, 64)	49
16:49:14.119	59	41.7179	(1214, 641)	(121, 64)	49
16:49:14.191	56	41.7493	(1204, 641)	(120, 64)	49
16:49:14.250	61	41.9843	(1194, 640)	(119, 64)	49
16:49:14.321	62	41.571	(1184, 639)	(118, 64)	49
16:49:14.391	57	41.4684	(1174, 639)	(117, 64)	49
16:49:14.452	57	41.8679	(1164, 637)	(116, 64)	49
16:49:14.524	60	41.8569	(1154, 637)	(115, 64)	49
16:49:14.592	61	41.7351	(1144, 636)	(114, 64)	49
16:49:14.660	58	41.8564	(1134, 636)	(113, 64)	49
16:49:14.725	62	42.0985	(1124, 635)	(112, 64)	49
16:49:14.794	57	42.2865	(1114, 635)	(111, 64)	49
16:49:14.855	55	41.9199	(1110, 634)	(111, 63)	49
16:49:14.919	61	42.0455	(1104, 634)	(110, 63)	49
16:49:14.989	60	42.5856	(1093, 633)	(109, 63)	49
16:49:15.056	58	42.3828	(1084, 632)	(108, 63)	49
16:49:15.121	62	42.6477	(1074, 632)	(107, 63)	49
16:49:15.190	61	42.4329	(1064, 631)	(106, 63)	49
16:49:15.260	58	42.4357	(1051, 631)	(105, 63)	49
16:49:15.321	59	42.313	(1032, 629)	(103, 63)	49
16:49:15.385	61	42.3607	(1024, 629)	(102, 63)	49
16:49:15.458	57	42.6726	(1014, 629)	(101, 63)	49
16:49:15.522	53	42.7406	(1004, 628)	(100, 63)	49
16:49:15.579	62	42.7787	(994, 627)	(99, 63)	49
16:49:15.649	62	42.8799	(984, 627)	(98, 63)	49
16:49:15.717	53	42.8754	(974, 627)	(97, 63)	49
16:49:15.772	58	43.2504	(964, 626)	(96, 63)	49
16:49:15.836	61	43.0785	(954, 626)	(95, 63)	49
16:49:15.905	57	42.8188	(944, 626)	(94, 63)	49
16:49:15.969	62	42.8166	(934, 625)	(93, 63)	49
16:49:16.039	57	42.8551	(927, 624)	(93, 62)	49
16:49:16.100	57	43.0799	(924, 624)	(92, 62)	49
16:49:16.163	64	42.9206	(914, 623)	(91, 62)	49
16:49:16.233	63	43.1243	(904, 622)	(90, 62)	49
16:49:16.304	57	43.0027	(894, 621)	(89, 62)	49
16:49:16.371	60	43.4676	(884, 620)	(88, 62)	49
16:49:16.442	61	43.6527	(873, 619)	(87, 62)	49
16:49:16.511	58	43.6061	(864, 619)	(86, 62)	49
16:49:16.572	57	43.9416	(854, 619)	(85, 62)	49
16:49:16.636	65	43.8941	(843, 618)	(84, 62)	49
16:49:16.711	59	44.0462	(834, 618)	(83, 62)	49
16:49:16.774	56	43.8172	(823, 617)	(82, 62)	49
16:49:16.838	63	44.0357	(814, 617)	(81, 62)	49
16:49:16.907	63	44.3246	(804, 617)	(80, 62)	49
16:49:16.975	56	44.4674	(794, 617)	(79, 62)	49
16:49:17.037	61	44.5215	(784, 616)	(78, 62)	49
16:49:17.107	55	44.6401	(772, 616)	(77, 62)	49
16:49:17.169	57	44.861	(764, 615)	(76, 62)	49
16:49:17.232	58	44.8262	(754, 615)	(75, 62)	49
16:49:17.296	63	44.6313	(744, 615)	(74, 62)	49
16:49:17.366	58	44.5825	(734, 615)	(73, 62)	49
16:49:17.427	56	45.0927	(724, 615)	(72, 62)	49
16:49:17.489	57	44.885	(714, 615)	(71, 62)	49
16:49:17.553	58	45.1628	(704, 615)	(70, 62)	49
16:49:17.616	64	45.1556	(694, 615)	(69, 62)	49
16:49:17.686	64	45.0963	(684, 615)	(68, 62)	49
16:49:17.757	60	45.1844	(674, 615)	(67, 62)	49
16:49:17.825	65	44.9655	(664, 616)	(66, 62)	49
16:49:17.902	64	44.9772	(654, 617)	(65, 62)	49
16:49:17.971	59	45.0859	(644, 618)	(64, 62)	49
16:49:18.039	63	45.2324	(634, 618)	(63, 62)	49
16:49:18.110	61	44.8601	(624, 619)	(62, 62)	49
16:49:18.178	59	44.8893	(614, 619)	(61, 62)	49
16:49:18.241	64	44.8993	(604, 621)	(60, 62)	49
16:49:18.311	63	45.1261	(594, 621)	(59, 62)	49
16:49:18.381	58	44.3041	(584, 622)	(58, 62)	49
16:49:18.441	56	44.5776	(574, 624)	(57, 62)	49
16:49:18.506	66	44.4772	(566, 625)	(57, 63)	49
16:49:18.583	59	44.3117	(564, 625)	(56, 63)	49
16:49:18.651	55	44.225	(554, 625)	(55, 63)	49
16:49:18.715	62	43.929	(544, 626)	(54, 63)	49
16:49:18.784	58	43.5323	(534, 628)	(53, 63)	49
16:49:18.845	57	43.6314	(524, 629)	(52, 63)	49
16:49:18.909	62	43.2317	(514, 631)	(51, 63)	49
16:49:18.978	62	42.54	(504, 633)	(50, 63)	49
16:49:19.049	61	42.3302	(494, 634)	(49, 63)	49
16:49:19.118	62	42.3221	(493, 635)	(49, 64)	49
16:49:19.186	54	41.9717	(484, 637)	(48, 64)	49
16:49:19.248	54	41.4061	(467, 641)	(47, 64)	49
16:49:19.305	60	41.031	(464, 642)	(46, 64)	49
16:49:19.375	59	40.6185	(458, 645)	(46, 65)	49
16:49:19.444	54	40.5476	(454, 646)	(45, 65)	49
16:49:19.506	55	40.3191	(444, 650)	(44, 65)	49
16:49:19.568	54	39.9373	(434, 654)	(43, 65)	49
16:49:19.632	53	39.8679	(432, 655)	(43, 66)	49
16:49:19.695	57	39.3545	(424, 658)	(42, 66)	49
16:49:19.757	57	38.803	(414, 662)	(41, 66)	49
16:49:19.819	52	38.7356	(409, 665)	(41, 67)	49
16:49:19.874	50	38.6913	(404, 667)	(40, 67)	49
16:49:19.929	55	38.0839	(394, 671)	(39, 67)	49
16:49:19.994	56	37.587	(387, 675)	(39, 68)	49
16:49:20.058	52	37.3553	(384, 676)	(38, 68)	49
16:49:20.117	47	36.9816	(374, 680)	(37, 68)	49
16:49:20.175	52	36.5388	(367, 685)	(37, 69)	49
16:49:20.229	48	36.7178	(364, 687)	(36, 69)	49
16:49:20.284	47	36.0613	(356, 695)	(36, 70)	49
16:49:20.333	51	36.1815	(354, 695)	(35, 70)	49
16:49:20.390	56	35.6932	(344, 704)	(34, 70)	49
16:49:20.454	49	35.3241	(344, 705)	(34, 71)	49
16:49:20.507	50	35.4329	(337, 715)	(34, 72)	49
16:49:20.563	52	34.9603	(335, 725)	(34, 73)	49
16:49:20.619	51	34.871	(334, 727)	(33, 73)	49
16:49:20.674	48	34.6572	(331, 735)	(33, 74)	49
16:49:20.729	51	34.7567	(329, 746)	(33, 75)	49
16:49:20.790	51	34.3684	(329, 755)	(33, 76)	49
16:49:20.850	53	34.0505	(329, 765)	(33, 77)	49
16:49:20.910	47	34.0687	(329, 775)	(33, 78)	49
16:49:20.966	49	33.9821	(329, 785)	(33, 79)	49
16:49:21.023	54	33.6701	(329, 795)	(33, 80)	49
16:49:21.086	48	33.4881	(329, 805)	(33, 81)	49
16:49:21.140	45	33.3016	(329, 833)	(33, 83)	49
16:49:21.189	52	33.1529	(329, 836)	(33, 84)	49
16:49:21.244	45	33.1295	(329, 845)	(33, 85)	49
16:49:21.292	44	32.6553	(329, 855)	(33, 86)	49
16:49:21.340	42	32.4363	(330, 865)	(33, 87)	49
16:49:21.389	42	32.1249	(332, 875)	(33, 88)	49
16:49:21.438	41	32.1228	(335, 883)	(34, 88)	49
16:49:21.491	47	32.2212	(335, 885)	(34, 89)	49
16:49:21.542	44	32.2924	(338, 895)	(34, 90)	49
16:49:21.591	48	31.943	(341, 905)	(34, 91)	49
16:49:21.648	52	32.2104	(345, 914)	(35, 91)	49
16:49:21.711	50	31.8009	(346, 915)	(35, 92)	49
16:49:21.765	56	31.6673	(350, 925)	(35, 93)	49
16:49:21.827	47	31.7539	(355, 931)	(36, 93)	49
16:49:21.884	51	32.0519	(357, 935)	(36, 94)	49
16:49:21.940	49	31.7415	(364, 945)	(36, 95)	49
16:49:21.995	48	32.0708	(365, 945)	(37, 95)	49
16:49:22.051	51	31.9061	(373, 955)	(37, 96)	49
16:49:22.107	54	31.9173	(375, 956)	(38, 96)	49
16:49:22.170	46	31.9994	(384, 965)	(38, 97)	49
16:49:22.224	44	31.988	(385, 966)	(39, 97)	49
16:49:22.273	45	32.2253	(395, 975)	(40, 98)	49
16:49:22.322	51	32.0787	(405, 982)	(41, 98)	49
16:49:22.378	46	32.1311	(411, 987)	(41, 99)	49
16:49:22.432	48	32.4579	(415, 989)	(42, 99)	49
16:49:22.489	52	32.2677	(423, 995)	(42, 100)	49
16:49:22.545	48	32.5421	(425, 996)	(43, 100)	49
16:49:22.600	46	32.8092	(435, 1001)	(44, 100)	49
16:49:22.655	48	32.9517	(441, 1005)	(44, 101)	49
16:49:22.711	46	32.8321	(446, 1007)	(45, 101)	49
16:49:22.760	44	33.0541	(455, 1012)	(46, 101)	49
16:49:22.807	43	33.3621	(461, 1015)	(46, 102)	49
16:49:22.856	47	33.5647	(465, 1017)	(47, 102)	49
16:49:22.913	49	33.3799	(475, 1022)	(48, 102)	49
16:49:22.969	49	33.5227	(481, 1025)	(48, 103)	49
16:49:23.024	42	33.5876	(485, 1026)	(49, 103)	49
16:49:23.072	48	33.7495	(495, 1030)	(50, 103)	49
16:49:23.129	53	33.8526	(505, 1034)	(51, 103)	49
16:49:23.193	49	33.6806	(506, 1035)	(51, 104)	49
16:49:23.246	46	33.9129	(515, 1037)	(52, 104)	49
16:49:23.294	47	34.1876	(525, 1040)	(53, 104)	49
16:49:23.352	53	34.2959	(540, 1043)	(54, 104)	49
16:49:23.414	49	34.4538	(545, 1044)	(55, 104)	49
16:49:23.468	45	34.3498	(549, 1045)	(55, 105)	49
16:49:23.516	53	34.7379	(555, 1046)	(56, 105)	49
16:49:23.574	55	35.0606	(577, 1050)	(58, 105)	49
16:49:23.636	51	35.6879	(585, 1052)	(59, 105)	49
16:49:23.691	53	35.9326	(595, 1053)	(60, 105)	49
16:49:23.748	61	36.4225	(605, 1054)	(61, 105)	49
16:49:23.817	53	36.6437	(608, 1055)	(61, 106)	49
16:49:23.879	53	36.7607	(615, 1056)	(62, 106)	49
16:49:23.943	54	37.1844	(625, 1057)	(63, 106)	49
16:49:24.006	55	37.505	(635, 1058)	(64, 106)	49
16:49:24.066	50	37.896	(645, 1059)	(65, 106)	49
16:49:24.122	54	38.0173	(655, 1060)	(66, 106)	49
16:49:24.185	68	38.3413	(665, 1061)	(67, 106)	49
16:49:24.261	51	38.5521	(675, 1061)	(68, 106)	49
16:49:24.316	48	38.8351	(685, 1063)	(69, 106)	49
16:49:24.373	58	39.2044	(695, 1063)	(70, 106)	49
16:49:24.436	54	39.5298	(705, 1064)	(71, 106)	49
16:49:24.496	51	39.6095	(715, 1064)	(72, 106)	49
16:49:24.554	54	39.5794	(719, 1065)	(72, 107)	49
16:49:24.617	55	39.9539	(725, 1065)	(73, 107)	49
16:49:24.679	56	39.6917	(735, 1066)	(74, 107)	49
16:49:24.740	57	39.8476	(745, 1066)	(75, 107)	49
16:49:24.806	59	39.8853	(755, 1066)	(76, 107)	49
16:49:24.875	55	39.789	(765, 1066)	(77, 107)	49
16:49:24.935	57	40.3492	(775, 1067)	(78, 107)	49
16:49:24.998	60	40.0492	(785, 1067)	(79, 107)	49
16:49:25.068	56	40.0184	(795, 1068)	(80, 107)	49
16:49:25.129	55	40.0683	(805, 1069)	(81, 107)	49
16:49:25.194	60	39.6884	(815, 1070)	(82, 107)	49
16:49:25.264	59	39.6407	(825, 1071)	(83, 107)	49
16:49:25.331	55	39.7671	(835, 1072)	(84, 107)	49
16:49:25.396	58	39.7575	(845, 1073)	(85, 107)	49
16:49:25.465	59	39.5166	(856, 1074)	(86, 107)	49
16:49:25.534	51	39.2218	(862, 1075)	(86, 108)	49
16:49:25.589	55	39.2683	(865, 1075)	(87, 108)	49
16:49:25.653	59	39.1084	(875, 1075)	(88, 108)	49
16:49:25.722	53	38.7347	(885, 1076)	(89, 108)	49
16:49:25.782	49	38.6721	(895, 1077)	(90, 108)	49
16:49:25.840	58	38.2007	(905, 1078)	(91, 108)	49
16:49:25.903	58	37.9966	(915, 1078)	(92, 108)	49
16:49:25.964	50	38.0745	(925, 1079)	(93, 108)	49
16:49:26.020	55	38.1561	(935, 1080)	(94, 108)	49
16:49:26.084	57	37.832	(945, 1081)	(95, 108)	49
16:49:26.145	51	37.431	(955, 1082)	(96, 108)	49
16:49:26.201	53	37.5141	(965, 1082)	(97, 108)	49
16:49:26.264	57	36.7041	(975, 1083)	(98, 108)	49
16:49:26.327	55	36.5646	(986, 1083)	(99, 108)	49
16:49:26.388	48	36.2907	(995, 1084)	(100, 108)	49
16:49:26.445	56	36.0643	(1005, 1084)	(101, 108)	49
16:49:26.508	55	35.6225	(1015, 1084)	(102, 108)	49
16:49:26.571	50	35.3603	(1017, 1085)	(102, 109)	49
16:49:26.624	49	34.9908	(1025, 1085)	(103, 109)	49
16:49:26.681	54	34.1923	(1040, 1085)	(104, 109)	49
16:49:26.745	53	34.012	(1048, 1085)	(105, 109)	49
16:49:26.805	52	33.6624	(1055, 1086)	(106, 109)	49
16:49:26.860	50	33.3129	(1065, 1086)	(107, 109)	49
16:49:26.917	53	33.1341	(1075, 1086)	(108, 109)	49
16:49:26.980	48	32.8092	(1085, 1086)	(109, 109)	49
16:49:27.035	48	32.5089	(1096, 1086)	(110, 109)	49
16:49:27.092	49	32.064	(1105, 1086)	(111, 109)	49
16:49:27.147	52	32.0123	(1115, 1086)	(112, 109)	49
16:49:27.203	46	31.8449	(1126, 1086)	(113, 109)	49
16:49:27.257	44	31.4359	(1135, 1086)	(114, 109)	49
16:49:27.306	48	31.491	(1146, 1086)	(115, 109)	49
16:49:27.363	46	31.351	(1155, 1086)	(116, 109)	49
16:49:27.417	41	31.2567	(1166, 1086)	(117, 109)	49
16:49:27.465	40	30.8354	(1175, 1086)	(118, 109)	49
16:49:27.507	43	30.5199	(1185, 1085)	(119, 109)	49
16:49:27.557	50	30.0144	(1188, 1084)	(119, 108)	49
16:49:27.614	46	29.7987	(1195, 1084)	(120, 108)	49
16:49:27.667	41	29.9899	(1205, 1082)	(121, 108)	49
16:49:27.716	46	30.0101	(1215, 1081)	(122, 108)	49
16:49:27.774	50	29.8335	(1225, 1081)	(123, 108)	49
16:49:27.829	43	29.9563	(1235, 1081)	(124, 108)	49
16:49:27.876	46	29.9637	(1245, 1080)	(125, 108)	49
16:49:27.933	48	29.8587	(1255, 1080)	(126, 108)	49
16:49:27.988	49	29.9019	(1265, 1079)	(127, 108)	49
16:49:28.046	45	29.7001	(1275, 1078)	(128, 108)	49
16:49:28.099	44	29.8938	(1286, 1077)	(129, 108)	49
16:49:28.148	47	29.6505	(1295, 1077)	(130, 108)	49
16:49:28.204	50	29.7001	(1305, 1077)	(131, 108)	49
16:49:28.259	45	29.5834	(1315, 1077)	(132, 108)	49
16:49:28.307	42	29.7796	(1325, 1077)	(133, 108)	49
16:49:28.357	48	29.7068	(1335, 1077)	(134, 108)	49
16:49:28.412	44	29.6197	(1345, 1077)	(135, 108)	49
16:49:28.459	40	29.7403	(1355, 1077)	(136, 108)	49
16:49:28.508	46	29.5406	(1365, 1079)	(137, 108)	49
16:49:28.559	48	29.4348	(1375, 1080)	(138, 108)	49
16:49:28.614	50	29.4873	(1385, 1081)	(139, 108)	49
16:49:28.671	45	29.5148	(1395, 1081)	(140, 108)	49
16:49:28.724	42	29.6181	(1405, 1083)	(141, 108)	49
16:49:28.772	43	29.4896	(1416, 1084)	(142, 108)	49
16:49:28.822	45	29.508	(1418, 1085)	(142, 109)	49
16:49:28.871	45	29.5256	(1425, 1085)	(143, 109)	49
16:49:28.925	38	29.5462	(1437, 1088)	(144, 109)	49
16:49:28.966	43	29.6527	(1445, 1088)	(145, 109)	49
16:49:29.016	47	29.5924	(1455, 1089)	(146, 109)	49
16:49:29.073	45	29.3487	(1465, 1090)	(147, 109)	49
16:49:29.120	41	29.5646	(1476, 1091)	(148, 109)	49
16:49:29.169	46	29.5296	(1485, 1092)	(149, 109)	49
16:49:29.219	48	29.4511	(1495, 1093)	(150, 109)	49
16:49:29.274	49	29.767	(1505, 1093)	(151, 109)	49
16:49:29.330	45	29.5006	(1515, 1093)	(152, 109)	49
16:49:29.378	47	29.5655	(1525, 1093)	(153, 109)	49
16:49:29.433	43	29.4409	(1535, 1094)	(154, 109)	49
16:49:29.482	42	29.3807	(1545, 1094)	(155, 109)	49
16:49:29.530	40	29.4519	(1555, 1094)	(156, 109)	49
16:49:29.578	45	29.4422	(1565, 1094)	(157, 109)	49
16:49:29.630	49	29.4831	(1566, 1095)	(157, 110)	49
16:49:29.684	48	29.6258	(1575, 1095)	(158, 110)	49
16:49:29.741	44	29.3769	(1585, 1095)	(159, 110)	49
16:49:29.795	47	29.4738	(1596, 1096)	(160, 110)	49
16:49:29.851	51	29.4803	(1605, 1096)	(161, 110)	49
16:49:29.907	50	29.3751	(1615, 1096)	(162, 110)	49
16:49:29.963	45	29.3724	(1625, 1097)	(163, 110)	49
16:49:30.010	48	29.7385	(1635, 1097)	(164, 110)	49
16:49:30.067	49	29.2456	(1645, 1097)	(165, 110)	49
16:49:30.123	45	29.3	(1655, 1098)	(166, 110)	49
16:49:30.177	45	29.2618	(1665, 1098)	(167, 110)	49
16:49:30.227	47	29.5477	(1675, 1099)	(168, 110)	49
16:49:30.282	49	29.3098	(1685, 1099)	(169, 110)	49
16:49:30.338	43	29.3708	(1695, 1100)	(170, 110)	49
16:49:30.385	41	29.401	(1705, 1100)	(171, 110)	49
16:49:30.433	44	29.5591	(1715, 1101)	(172, 110)	49
16:49:30.484	43	29.305	(1725, 1101)	(173, 110)	49
16:49:30.531	39	29.3277	(1735, 1103)	(174, 110)	49
16:49:30.572	46	29.3923	(1748, 1104)	(175, 110)	49
16:49:30.622	49	29.2256	(1753, 1105)	(175, 111)	49
16:49:30.685	45	29.2286	(1755, 1105)	(176, 111)	49
16:49:30.738	43	29.4584	(1765, 1106)	(177, 111)	49
16:49:30.789	41	29.2633	(1775, 1107)	(178, 111)	49
16:49:30.840	39	29.2382	(1785, 1108)	(179, 111)	49
16:49:30.888	41	29.2649	(1798, 1109)	(180, 111)	49
16:49:30.950	45	29.3033	(1806, 1111)	(181, 111)	49
16:49:31.005	41	29.5182	(1815, 1112)	(182, 111)	49
16:49:31.060	49	29.373	(1825, 1112)	(183, 111)	49
16:49:31.124	48	29.335	(1835, 1113)	(184, 111)	49
16:49:31.185	45	29.4064	(1850, 1114)	(185, 111)	49
16:49:31.241	42	29.34	(1855, 1114)	(186, 111)	49
16:49:31.289	45	29.3273	(1858, 1115)	(186, 112)	49
16:49:31.346	48	29.4382	(1865, 1116)	(187, 112)	49
16:49:31.402	47	29.3144	(1877, 1117)	(188, 112)	49
16:49:31.462	44	29.168	(1885, 1118)	(189, 112)	49
16:49:31.524	44	29.1901	(1895, 1120)	(190, 112)	49
16:49:31.578	43	29.2884	(1905, 1121)	(191, 112)	49
16:49:31.635	43	29.3	(0, 0)	(0, 0)	49
EOM

