BOM
Frame extends: 2263, 1306
_ms_area: 10
measurements taken: 585
current rendering method: 1
is mouse replay: 1
Camera settings: Roation Quaternion: ( 0.743754, 0.176147, -0.61516, -0.193306), Translationsvektor: ( 0.172338, -0.0367534, 1.775).
System_Time	Elapsed_Time_PaintGL	Elapsed_Kernel_Time	Frame_Coordinates	Grid_Position	Manual_Measurement
16:48:23.997	30	14.4966	(318, 226)	(32, 23)	49
16:48:24.038	34	14.7157	(325, 225)	(33, 23)	49
16:48:24.081	43	14.8698	(335, 225)	(34, 23)	49
16:48:24.130	42	14.9585	(345, 225)	(35, 23)	49
16:48:24.178	37	15.3637	(357, 225)	(36, 23)	49
16:48:24.219	35	15.5754	(372, 225)	(37, 23)	49
16:48:24.261	38	15.6019	(375, 225)	(38, 23)	49
16:48:24.302	36	15.7231	(385, 225)	(39, 23)	49
16:48:24.344	35	15.861	(395, 225)	(40, 23)	49
16:48:24.386	36	16.1941	(405, 225)	(41, 23)	49
16:48:24.428	36	16.2991	(415, 225)	(42, 23)	49
16:48:24.469	36	16.5006	(425, 225)	(43, 23)	49
16:48:24.510	37	16.4793	(435, 226)	(44, 23)	49
16:48:24.553	40	16.6246	(445, 226)	(45, 23)	49
16:48:24.603	39	16.8533	(455, 226)	(46, 23)	49
16:48:24.650	32	17.0043	(465, 227)	(47, 23)	49
16:48:24.684	31	17.1953	(475, 227)	(48, 23)	49
16:48:24.719	36	17.3887	(485, 228)	(49, 23)	49
16:48:24.761	39	17.3031	(495, 228)	(50, 23)	49
16:48:24.803	39	17.3354	(505, 229)	(51, 23)	49
16:48:24.852	42	17.529	(515, 229)	(52, 23)	49
16:48:24.901	32	17.623	(525, 229)	(53, 23)	49
16:48:24.935	35	17.7241	(535, 229)	(54, 23)	49
16:48:24.978	40	17.7788	(545, 229)	(55, 23)	49
16:48:25.026	40	17.903	(555, 229)	(56, 23)	49
16:48:25.076	35	17.8252	(565, 229)	(57, 23)	49
16:48:25.115	39	18.2292	(575, 229)	(58, 23)	49
16:48:25.158	41	18.2444	(585, 229)	(59, 23)	49
16:48:25.207	45	18.5199	(596, 229)	(60, 23)	49
16:48:25.262	37	18.8711	(605, 230)	(61, 23)	49
16:48:25.303	34	19.1745	(615, 230)	(62, 23)	49
16:48:25.345	40	19.4329	(626, 230)	(63, 23)	49
16:48:25.395	43	19.6726	(635, 230)	(64, 23)	49
16:48:25.443	38	19.9116	(645, 230)	(65, 23)	49
16:48:25.483	38	20.315	(655, 230)	(66, 23)	49
16:48:25.526	37	20.3853	(665, 230)	(67, 23)	49
16:48:25.568	44	20.631	(680, 230)	(68, 23)	49
16:48:25.617	44	20.5779	(685, 230)	(69, 23)	49
16:48:25.673	39	20.6431	(695, 230)	(70, 23)	49
16:48:25.720	40	20.9636	(705, 230)	(71, 23)	49
16:48:25.762	40	20.9096	(715, 230)	(72, 23)	49
16:48:25.804	42	21.0748	(725, 230)	(73, 23)	49
16:48:25.854	43	21.0757	(735, 230)	(74, 23)	49
16:48:25.901	42	21.107	(749, 230)	(75, 23)	49
16:48:25.950	44	21.0699	(756, 230)	(76, 23)	49
16:48:26.000	48	21.0147	(766, 230)	(77, 23)	49
16:48:26.055	48	21.025	(775, 230)	(78, 23)	49
16:48:26.109	54	21.1107	(785, 230)	(79, 23)	49
16:48:26.173	48	21.1373	(796, 229)	(80, 23)	49
16:48:26.229	48	21.3096	(805, 229)	(81, 23)	49
16:48:26.287	42	21.5467	(815, 229)	(82, 23)	49
16:48:26.332	37	21.825	(825, 228)	(83, 23)	49
16:48:26.374	44	22.0816	(835, 228)	(84, 23)	49
16:48:26.424	46	22.3929	(845, 228)	(85, 23)	49
16:48:26.479	49	22.8427	(855, 228)	(86, 23)	49
16:48:26.534	39	23.1969	(865, 228)	(87, 23)	49
16:48:26.575	39	23.5754	(875, 228)	(88, 23)	49
16:48:26.617	48	23.7335	(885, 228)	(89, 23)	49
16:48:26.674	49	23.9769	(895, 228)	(90, 23)	49
16:48:26.729	41	23.979	(905, 228)	(91, 23)	49
16:48:26.777	39	24.3464	(915, 228)	(92, 23)	49
16:48:26.818	45	24.4071	(925, 228)	(93, 23)	49
16:48:26.869	50	24.5372	(935, 228)	(94, 23)	49
16:48:26.924	42	24.3659	(945, 227)	(95, 23)	49
16:48:26.972	40	24.5323	(957, 227)	(96, 23)	49
16:48:27.020	42	24.7252	(966, 227)	(97, 23)	49
16:48:27.069	48	24.7241	(975, 227)	(98, 23)	49
16:48:27.126	45	24.589	(985, 227)	(99, 23)	49
16:48:27.174	46	24.7079	(995, 227)	(100, 23)	49
16:48:27.230	45	24.6096	(1005, 227)	(101, 23)	49
16:48:27.285	47	24.4864	(1015, 226)	(102, 23)	49
16:48:27.340	42	24.3661	(1025, 226)	(103, 23)	49
16:48:27.389	43	24.2594	(1035, 226)	(104, 23)	49
16:48:27.439	49	24.1258	(1045, 225)	(105, 23)	49
16:48:27.494	51	24.0624	(1055, 225)	(106, 23)	49
16:48:27.549	40	23.9535	(1065, 225)	(107, 23)	49
16:48:27.597	45	23.9262	(1071, 224)	(107, 22)	49
16:48:27.647	51	23.868	(1075, 224)	(108, 22)	49
16:48:27.703	53	23.7055	(1085, 224)	(109, 22)	49
16:48:27.766	44	23.5803	(1095, 224)	(110, 22)	49
16:48:27.813	47	23.4659	(1105, 224)	(111, 22)	49
16:48:27.870	50	23.3638	(1115, 224)	(112, 22)	49
16:48:27.925	48	23.2898	(1125, 224)	(113, 22)	49
16:48:27.980	39	23.1241	(1135, 224)	(114, 22)	49
16:48:28.021	41	22.9815	(1146, 223)	(115, 22)	49
16:48:28.071	50	22.8068	(1155, 223)	(116, 22)	49
16:48:28.127	50	22.6987	(1165, 223)	(117, 22)	49
16:48:28.184	42	22.6317	(1175, 223)	(118, 22)	49
16:48:28.230	39	22.7994	(1185, 223)	(119, 22)	49
16:48:28.271	38	22.5292	(1195, 223)	(120, 22)	49
16:48:28.313	42	22.4704	(1205, 223)	(121, 22)	49
16:48:28.365	48	22.347	(1215, 223)	(122, 22)	49
16:48:28.418	42	22.4012	(1225, 223)	(123, 22)	49
16:48:28.467	40	22.3985	(1235, 223)	(124, 22)	49
16:48:28.514	44	22.4815	(1245, 223)	(125, 22)	49
16:48:28.564	42	22.4554	(1255, 223)	(126, 22)	49
16:48:28.613	39	22.405	(1265, 224)	(127, 22)	49
16:48:28.661	39	22.285	(1275, 224)	(128, 22)	49
16:48:28.709	45	22.4262	(1282, 225)	(128, 23)	49
16:48:28.760	45	22.3554	(1285, 225)	(129, 23)	49
16:48:28.813	38	22.3261	(1295, 226)	(130, 23)	49
16:48:28.855	41	22.2785	(1305, 226)	(131, 23)	49
16:48:28.905	46	22.0277	(1316, 228)	(132, 23)	49
16:48:28.961	45	21.8476	(1326, 228)	(133, 23)	49
16:48:29.010	40	21.5576	(1335, 228)	(134, 23)	49
16:48:29.057	40	21.3387	(1345, 229)	(135, 23)	49
16:48:29.107	46	21.244	(1355, 230)	(136, 23)	49
16:48:29.163	45	21.0787	(1366, 230)	(137, 23)	49
16:48:29.219	39	20.8341	(1375, 230)	(138, 23)	49
16:48:29.265	42	20.7231	(1386, 231)	(139, 23)	49
16:48:29.315	44	20.4212	(1395, 231)	(140, 23)	49
16:48:29.368	43	20.1956	(1405, 232)	(141, 23)	49
16:48:29.420	39	19.9646	(1415, 232)	(142, 23)	49
16:48:29.467	44	20.1018	(1425, 232)	(143, 23)	49
16:48:29.517	46	19.6696	(1435, 233)	(144, 23)	49
16:48:29.573	47	19.5105	(1445, 234)	(145, 23)	49
16:48:29.629	40	19.2985	(1455, 234)	(146, 23)	49
16:48:29.675	33	19.2459	(1465, 234)	(147, 23)	49
16:48:29.710	38	19.0041	(1478, 234)	(148, 23)	49
16:48:29.755	43	18.6735	(1485, 234)	(149, 23)	49
16:48:29.802	42	18.7321	(1488, 235)	(149, 24)	49
16:48:29.851	33	18.4991	(1495, 235)	(150, 24)	49
16:48:29.891	32	18.2244	(1506, 235)	(151, 24)	49
16:48:29.925	36	17.9963	(1516, 235)	(152, 24)	49
16:48:29.968	39	17.7279	(1526, 236)	(153, 24)	49
16:48:30.010	38	17.452	(1535, 236)	(154, 24)	49
16:48:30.052	33	17.0948	(1546, 236)	(155, 24)	49
16:48:30.092	34	16.7388	(1556, 237)	(156, 24)	49
16:48:30.134	40	16.3855	(1565, 237)	(157, 24)	49
16:48:30.185	42	15.9988	(1575, 238)	(158, 24)	49
16:48:30.233	42	15.489	(1585, 238)	(159, 24)	49
16:48:30.282	35	15.1621	(1595, 239)	(160, 24)	49
16:48:30.322	31	14.6206	(1605, 239)	(161, 24)	49
16:48:30.356	33	14.3021	(1615, 240)	(162, 24)	49
16:48:30.392	31	13.7649	(1625, 240)	(163, 24)	49
16:48:30.426	32	13.4547	(1636, 241)	(164, 24)	49
16:48:30.461	31	13.0761	(1645, 242)	(165, 24)	49
16:48:30.496	31	13.0881	(1655, 242)	(166, 24)	49
16:48:30.531	31	12.8413	(1666, 243)	(167, 24)	49
16:48:30.566	31	12.2064	(1676, 244)	(168, 24)	49
16:48:30.601	30	12.2976	(1677, 245)	(168, 25)	49
16:48:30.636	30	12.095	(1686, 245)	(169, 25)	49
16:48:30.670	30	11.9327	(1696, 246)	(170, 25)	49
16:48:30.704	31	11.7366	(1705, 246)	(171, 25)	49
16:48:30.739	29	11.6256	(1715, 248)	(172, 25)	49
16:48:30.774	31	11.5812	(1726, 249)	(173, 25)	49
16:48:30.809	28	11.3868	(1735, 250)	(174, 25)	49
16:48:30.843	30	11.3191	(1745, 251)	(175, 25)	49
16:48:30.879	29	11.0597	(1755, 253)	(176, 25)	49
16:48:30.913	30	10.9591	(1765, 254)	(177, 25)	49
16:48:30.948	29	11.0578	(1768, 255)	(177, 26)	49
16:48:30.983	29	10.9671	(1775, 256)	(178, 26)	49
16:48:31.017	29	10.6883	(1785, 258)	(179, 26)	49
16:48:31.052	30	10.8893	(1795, 260)	(180, 26)	49
16:48:31.087	29	10.3341	(1805, 262)	(181, 26)	49
16:48:31.122	24	10.236	(1815, 264)	(182, 26)	49
16:48:31.149	24	10.2679	(1817, 265)	(182, 27)	49
16:48:31.177	24	10.0839	(1825, 267)	(183, 27)	49
16:48:31.205	31	9.94296	(1838, 271)	(184, 27)	49
16:48:31.241	29	9.85289	(1845, 273)	(185, 27)	49
16:48:31.275	30	9.80311	(1849, 275)	(185, 28)	49
16:48:31.310	26	9.71156	(1858, 278)	(186, 28)	49
16:48:31.344	24	9.66489	(1865, 280)	(187, 28)	49
16:48:31.372	27	9.72	(1874, 285)	(187, 29)	49
16:48:31.407	30	9.65067	(1875, 285)	(188, 29)	49
16:48:31.442	29	9.91067	(1885, 289)	(189, 29)	49
16:48:31.476	30	9.34459	(1895, 294)	(190, 29)	49
16:48:31.512	29	9.3683	(1895, 295)	(190, 30)	49
16:48:31.546	29	9.25896	(1905, 299)	(191, 30)	49
16:48:31.581	29	9.25126	(1912, 305)	(191, 31)	49
16:48:31.616	29	9.29926	(1915, 307)	(192, 31)	49
16:48:31.650	29	9.4	(1925, 314)	(193, 31)	49
16:48:31.685	30	9.23037	(1926, 315)	(193, 32)	49
16:48:31.720	28	9.31867	(1935, 322)	(194, 32)	49
16:48:31.754	29	9.32311	(1937, 325)	(194, 33)	49
16:48:31.796	30	9.37748	(1945, 333)	(195, 33)	49
16:48:31.831	29	9.37022	(1947, 335)	(195, 34)	49
16:48:31.866	29	9.35674	(1955, 344)	(196, 34)	49
16:48:31.901	29	9.27378	(1955, 345)	(196, 35)	49
16:48:31.936	33	9.30193	(1963, 355)	(196, 36)	49
16:48:31.977	26	9.30711	(1965, 358)	(197, 36)	49
16:48:32.011	25	9.3403	(1968, 365)	(197, 37)	49
16:48:32.039	25	9.53022	(1973, 375)	(197, 38)	49
16:48:32.067	25	9.56844	(1975, 379)	(198, 38)	49
16:48:32.095	24	9.65304	(1976, 385)	(198, 39)	49
16:48:32.122	26	9.66607	(1980, 395)	(198, 40)	49
16:48:32.150	31	9.57941	(1982, 405)	(198, 41)	49
16:48:32.185	24	9.82044	(1984, 415)	(198, 42)	49
16:48:32.213	25	9.75393	(1985, 417)	(199, 42)	49
16:48:32.240	26	9.87215	(1985, 425)	(199, 43)	49
16:48:32.269	24	10	(1987, 435)	(199, 44)	49
16:48:32.296	26	10.1397	(1988, 445)	(199, 45)	49
16:48:32.324	25	10.2806	(1989, 455)	(199, 46)	49
16:48:32.352	26	10.4184	(1989, 465)	(199, 47)	49
16:48:32.380	25	10.5076	(1989, 475)	(199, 48)	49
16:48:32.407	26	10.6561	(1988, 485)	(199, 49)	49
16:48:32.435	26	10.9234	(1985, 495)	(199, 50)	49
16:48:32.463	25	10.9684	(1984, 495)	(198, 50)	49
16:48:32.491	34	11.1892	(1980, 505)	(198, 51)	49
16:48:32.533	34	11.7311	(1972, 516)	(197, 52)	49
16:48:32.575	29	12.2387	(1965, 525)	(197, 53)	49
16:48:32.616	26	12.3606	(1964, 526)	(196, 53)	49
16:48:32.643	27	12.9834	(1954, 534)	(195, 53)	49
16:48:32.679	32	12.9745	(1953, 535)	(195, 54)	49
16:48:32.714	33	13.5932	(1944, 539)	(194, 54)	49
16:48:32.756	34	14.0942	(1937, 545)	(194, 55)	49
16:48:32.797	34	14.2397	(1934, 547)	(193, 55)	49
16:48:32.839	30	14.8904	(1924, 555)	(192, 56)	49
16:48:32.873	31	15.62	(1914, 561)	(191, 56)	49
16:48:32.908	35	16.0003	(1907, 565)	(191, 57)	49
16:48:32.950	37	16.2216	(1904, 567)	(190, 57)	49
16:48:32.993	38	16.7372	(1894, 572)	(189, 57)	49
16:48:33.033	33	17.0876	(1890, 575)	(189, 58)	49
16:48:33.068	33	17.2425	(1884, 577)	(188, 58)	49
16:48:33.110	34	17.8707	(1874, 581)	(187, 58)	49
16:48:33.151	38	18.3908	(1866, 585)	(187, 59)	49
16:48:33.195	46	18.3957	(1864, 585)	(186, 59)	49
16:48:33.249	37	18.8012	(1854, 590)	(185, 59)	49
16:48:33.291	37	19.4332	(1844, 594)	(184, 59)	49
16:48:33.332	42	19.4892	(1843, 595)	(184, 60)	49
16:48:33.382	48	19.9926	(1834, 597)	(183, 60)	49
16:48:33.438	40	20.4917	(1823, 601)	(182, 60)	49
16:48:33.485	45	21.1201	(1810, 606)	(181, 61)	49
16:48:33.540	39	21.3753	(1804, 609)	(180, 61)	49
16:48:33.582	40	21.813	(1794, 612)	(179, 61)	49
16:48:33.635	43	22.0659	(1787, 615)	(179, 62)	49
16:48:33.687	47	22.2073	(1784, 616)	(178, 62)	49
16:48:33.744	50	22.6427	(1774, 619)	(177, 62)	49
16:48:33.799	47	23.0147	(1764, 622)	(176, 62)	49
16:48:33.856	45	23.3289	(1758, 625)	(176, 63)	49
16:48:33.909	43	23.3828	(1754, 626)	(175, 63)	49
16:48:33.958	45	23.9613	(1744, 628)	(174, 63)	49
16:48:34.008	52	24.2881	(1734, 631)	(173, 63)	49
16:48:34.072	45	24.5604	(1724, 633)	(172, 63)	49
16:48:34.125	38	24.9341	(1715, 635)	(172, 64)	49
16:48:34.166	44	25.0658	(1714, 635)	(171, 64)	49
16:48:34.215	50	25.3102	(1704, 637)	(170, 64)	49
16:48:34.272	44	25.6366	(1694, 638)	(169, 64)	49
16:48:34.319	41	26.0511	(1684, 640)	(168, 64)	49
16:48:34.368	44	26.4289	(1674, 641)	(167, 64)	49
16:48:34.417	51	26.7649	(1664, 642)	(166, 64)	49
16:48:34.474	50	27.0858	(1654, 643)	(165, 64)	49
16:48:34.528	44	27.4674	(1644, 644)	(164, 64)	49
16:48:34.576	43	27.9212	(1633, 644)	(163, 64)	49
16:48:34.626	53	28.2385	(1624, 644)	(162, 64)	49
16:48:34.689	53	28.6301	(1614, 644)	(161, 64)	49
16:48:34.750	45	29.0295	(1604, 644)	(160, 64)	49
16:48:34.799	52	29.408	(1594, 644)	(159, 64)	49
16:48:34.856	58	29.769	(1584, 644)	(158, 64)	49
16:48:34.919	48	30.1884	(1574, 644)	(157, 64)	49
16:48:34.972	51	30.5914	(1564, 644)	(156, 64)	49
16:48:35.031	56	30.7813	(1554, 644)	(155, 64)	49
16:48:35.093	54	30.9058	(1548, 645)	(155, 65)	49
16:48:35.154	52	31.072	(1544, 645)	(154, 65)	49
16:48:35.210	56	31.3898	(1534, 645)	(153, 65)	49
16:48:35.273	57	31.7314	(1524, 646)	(152, 65)	49
16:48:35.336	54	32.0027	(1514, 647)	(151, 65)	49
16:48:35.398	56	32.2591	(1504, 648)	(150, 65)	49
16:48:35.461	59	32.5464	(1494, 649)	(149, 65)	49
16:48:35.530	59	32.669	(1484, 651)	(148, 65)	49
16:48:35.592	52	32.939	(1474, 652)	(147, 65)	49
16:48:35.648	52	33.0311	(1464, 652)	(146, 65)	49
16:48:35.711	61	33.2344	(1454, 653)	(145, 65)	49
16:48:35.782	51	33.3945	(1444, 654)	(144, 65)	49
16:48:35.841	67	33.6184	(1434, 654)	(143, 65)	49
16:48:35.911	58	34.0489	(1419, 654)	(142, 65)	49
16:48:35.976	55	34.215	(1414, 654)	(141, 65)	49
16:48:36.037	49	34.4019	(1404, 654)	(140, 65)	49
16:48:36.092	58	34.6234	(1394, 654)	(139, 65)	49
16:48:36.156	62	34.9021	(1384, 654)	(138, 65)	49
16:48:36.227	55	35.1545	(1374, 654)	(137, 65)	49
16:48:36.287	58	35.6121	(1356, 653)	(136, 65)	49
16:48:36.358	63	35.6892	(1354, 653)	(135, 65)	49
16:48:36.428	60	36.0711	(1344, 652)	(134, 65)	49
16:48:36.496	60	36.2944	(1334, 651)	(133, 65)	49
16:48:36.567	62	36.5566	(1323, 651)	(132, 65)	49
16:48:36.636	58	36.8898	(1314, 650)	(131, 65)	49
16:48:36.697	60	37.2542	(1303, 649)	(130, 65)	49
16:48:36.761	61	37.6262	(1294, 648)	(129, 65)	49
16:48:36.829	54	37.7839	(1284, 647)	(128, 65)	49
16:48:36.891	62	38.168	(1274, 647)	(127, 65)	49
16:48:36.963	66	38.5283	(1264, 646)	(126, 65)	49
16:48:37.039	58	38.6924	(1256, 644)	(126, 64)	49
16:48:37.100	60	38.8631	(1254, 644)	(125, 64)	49
16:48:37.164	66	39.2176	(1244, 643)	(124, 64)	49
16:48:37.240	66	39.6138	(1234, 643)	(123, 64)	49
16:48:37.317	64	39.9533	(1224, 641)	(122, 64)	49
16:48:37.386	68	40.299	(1214, 641)	(121, 64)	49
16:48:37.463	59	40.7751	(1204, 641)	(120, 64)	49
16:48:37.524	62	41.1641	(1194, 640)	(119, 64)	49
16:48:37.595	68	41.5932	(1184, 639)	(118, 64)	49
16:48:37.672	62	42.0633	(1174, 639)	(117, 64)	49
16:48:37.740	56	42.387	(1164, 637)	(116, 64)	49
16:48:37.803	66	42.717	(1154, 637)	(115, 64)	49
16:48:37.880	65	43.2065	(1144, 636)	(114, 64)	49
16:48:37.948	68	43.7141	(1134, 636)	(113, 64)	49
16:48:38.026	65	44.0483	(1124, 635)	(112, 64)	49
16:48:38.094	60	44.3345	(1114, 635)	(111, 64)	49
16:48:38.157	66	44.6153	(1110, 634)	(111, 63)	49
16:48:38.227	71	44.6464	(1104, 634)	(110, 63)	49
16:48:38.306	67	45.1049	(1093, 633)	(109, 63)	49
16:48:38.380	70	45.427	(1084, 632)	(108, 63)	49
16:48:38.459	73	45.9222	(1074, 632)	(107, 63)	49
16:48:38.540	68	46.0653	(1064, 631)	(106, 63)	49
16:48:38.616	71	46.6664	(1051, 631)	(105, 63)	49
16:48:38.694	73	47.0767	(1032, 629)	(103, 63)	49
16:48:38.776	72	47.4	(1024, 629)	(102, 63)	49
16:48:38.853	75	47.7114	(1014, 629)	(101, 63)	49
16:48:38.937	66	48.1883	(1004, 628)	(100, 63)	49
16:48:39.011	70	48.4225	(994, 627)	(99, 63)	49
16:48:39.090	72	48.609	(984, 627)	(98, 63)	49
16:48:39.165	65	48.8424	(974, 627)	(97, 63)	49
16:48:39.234	71	49.1837	(964, 626)	(96, 63)	49
16:48:39.313	78	49.2474	(954, 626)	(95, 63)	49
16:48:39.395	74	49.5007	(944, 626)	(94, 63)	49
16:48:39.479	77	49.8396	(934, 625)	(93, 63)	49
16:48:39.562	72	50.0144	(927, 624)	(93, 62)	49
16:48:39.637	75	50.0197	(924, 624)	(92, 62)	49
16:48:39.723	80	50.1756	(914, 623)	(91, 62)	49
16:48:39.812	70	50.3855	(904, 622)	(90, 62)	49
16:48:39.889	78	50.3381	(894, 621)	(89, 62)	49
16:48:39.974	72	50.4754	(884, 620)	(88, 62)	49
16:48:40.048	75	50.8526	(873, 619)	(87, 62)	49
16:48:40.133	74	50.8541	(864, 619)	(86, 62)	49
16:48:40.218	72	50.8924	(854, 619)	(85, 62)	49
16:48:40.298	75	50.999	(843, 618)	(84, 62)	49
16:48:40.383	73	51.1046	(834, 618)	(83, 62)	49
16:48:40.458	66	51.1252	(823, 617)	(82, 62)	49
16:48:40.527	73	51.1447	(814, 617)	(81, 62)	49
16:48:40.612	72	51.1053	(804, 617)	(80, 62)	49
16:48:40.687	70	51.0567	(794, 617)	(79, 62)	49
16:48:40.764	74	50.9277	(784, 616)	(78, 62)	49
16:48:40.849	71	50.728	(772, 616)	(77, 62)	49
16:48:40.923	76	50.4579	(764, 615)	(76, 62)	49
16:48:41.009	77	50.2492	(754, 615)	(75, 62)	49
16:48:41.093	73	50.2535	(744, 615)	(74, 62)	49
16:48:41.176	69	50.0874	(734, 615)	(73, 62)	49
16:48:41.250	72	49.8332	(724, 615)	(72, 62)	49
16:48:41.326	75	49.5639	(714, 615)	(71, 62)	49
16:48:41.411	88	49.3893	(704, 615)	(70, 62)	49
16:48:41.501	73	49.328	(694, 615)	(69, 62)	49
16:48:41.578	75	48.8513	(684, 615)	(68, 62)	49
16:48:41.661	72	48.7947	(674, 615)	(67, 62)	49
16:48:41.738	71	48.3716	(664, 616)	(66, 62)	49
16:48:41.815	76	48.1071	(654, 617)	(65, 62)	49
16:48:41.899	73	48.0236	(644, 618)	(64, 62)	49
16:48:41.973	72	47.7607	(634, 618)	(63, 62)	49
16:48:42.052	73	47.404	(624, 619)	(62, 62)	49
16:48:42.134	62	47.2621	(614, 619)	(61, 62)	49
16:48:42.202	61	46.8822	(604, 621)	(60, 62)	49
16:48:42.265	61	46.5664	(594, 621)	(59, 62)	49
16:48:42.327	68	46.1994	(584, 622)	(58, 62)	49
16:48:42.401	72	45.9871	(574, 624)	(57, 62)	49
16:48:42.483	69	45.76	(566, 625)	(57, 63)	49
16:48:42.558	69	45.7859	(564, 625)	(56, 63)	49
16:48:42.635	71	45.4437	(554, 625)	(55, 63)	49
16:48:42.711	64	44.8827	(544, 626)	(54, 63)	49
16:48:42.779	67	44.6127	(534, 628)	(53, 63)	49
16:48:42.858	72	44.3724	(524, 629)	(52, 63)	49
16:48:42.943	65	44.0397	(514, 631)	(51, 63)	49
16:48:43.016	68	43.5681	(504, 633)	(50, 63)	49
16:48:43.094	70	43.0773	(494, 634)	(49, 63)	49
16:48:43.170	62	43.0541	(493, 635)	(49, 64)	49
16:48:43.242	70	42.788	(484, 637)	(48, 64)	49
16:48:43.317	68	41.9296	(467, 641)	(47, 64)	49
16:48:43.391	65	41.9773	(464, 642)	(46, 64)	49
16:48:43.462	69	41.9181	(458, 645)	(46, 65)	49
16:48:43.539	61	41.3521	(454, 646)	(45, 65)	49
16:48:43.607	64	41.0237	(444, 650)	(44, 65)	49
16:48:43.678	67	40.3151	(434, 654)	(43, 65)	49
16:48:43.754	59	40.2481	(432, 655)	(43, 66)	49
16:48:43.815	62	39.8776	(424, 658)	(42, 66)	49
16:48:43.886	67	39.3634	(414, 662)	(41, 66)	49
16:48:43.963	62	39.1027	(409, 665)	(41, 67)	49
16:48:44.031	64	38.8745	(404, 667)	(40, 67)	49
16:48:44.102	64	38.2126	(394, 671)	(39, 67)	49
16:48:44.171	59	37.9281	(387, 675)	(39, 68)	49
16:48:44.232	58	37.904	(384, 676)	(38, 68)	49
16:48:44.296	64	36.9804	(374, 680)	(37, 68)	49
16:48:44.366	58	36.3692	(367, 685)	(37, 69)	49
16:48:44.428	61	36.2416	(364, 687)	(36, 69)	49
16:48:44.498	63	35.5624	(356, 695)	(36, 70)	49
16:48:44.568	63	35.4187	(354, 695)	(35, 70)	49
16:48:44.637	56	34.7812	(344, 704)	(34, 70)	49
16:48:44.698	60	34.7175	(344, 705)	(34, 71)	49
16:48:44.769	61	33.8776	(337, 715)	(34, 72)	49
16:48:44.839	54	33.6489	(335, 725)	(34, 73)	49
16:48:44.900	57	33.5187	(334, 727)	(33, 73)	49
16:48:44.964	60	32.9782	(331, 735)	(33, 74)	49
16:48:45.035	52	32.4003	(329, 746)	(33, 75)	49
16:48:45.094	46	31.8742	(329, 755)	(33, 76)	49
16:48:45.143	51	31.5157	(329, 765)	(33, 77)	49
16:48:45.200	59	30.9015	(329, 775)	(33, 78)	49
16:48:45.265	48	30.3742	(329, 785)	(33, 79)	49
16:48:45.317	45	30.0993	(329, 795)	(33, 80)	49
16:48:45.367	53	29.5166	(329, 805)	(33, 81)	49
16:48:45.429	52	27.9939	(329, 833)	(33, 83)	49
16:48:45.484	44	27.9191	(329, 836)	(33, 84)	49
16:48:45.532	47	27.4159	(329, 845)	(33, 85)	49
16:48:45.590	53	26.7633	(329, 855)	(33, 86)	49
16:48:45.652	50	26.284	(330, 865)	(33, 87)	49
16:48:45.706	48	25.7908	(332, 875)	(33, 88)	49
16:48:45.763	49	25.7279	(335, 883)	(34, 88)	49
16:48:45.818	44	25.5545	(335, 885)	(34, 89)	49
16:48:45.867	44	25.2148	(338, 895)	(34, 90)	49
16:48:45.915	45	24.8484	(341, 905)	(34, 91)	49
16:48:45.963	46	24.7067	(345, 914)	(35, 91)	49
16:48:46.013	44	24.6456	(346, 915)	(35, 92)	49
16:48:46.061	45	24.3505	(350, 925)	(35, 93)	49
16:48:46.110	46	24.4883	(355, 931)	(36, 93)	49
16:48:46.159	44	24.4311	(357, 935)	(36, 94)	49
16:48:46.207	49	24.1779	(364, 945)	(36, 95)	49
16:48:46.264	52	24.2459	(365, 945)	(37, 95)	49
16:48:46.325	48	24.2228	(373, 955)	(37, 96)	49
16:48:46.381	44	24.4124	(375, 956)	(38, 96)	49
16:48:46.429	45	24.3551	(384, 965)	(38, 97)	49
16:48:46.479	56	24.3428	(385, 966)	(39, 97)	49
16:48:46.542	45	24.2239	(395, 975)	(40, 98)	49
16:48:46.596	38	24.535	(405, 982)	(41, 98)	49
16:48:46.637	43	24.6504	(411, 987)	(41, 99)	49
16:48:46.687	46	24.7836	(415, 989)	(42, 99)	49
16:48:46.736	43	24.9373	(423, 995)	(42, 100)	49
16:48:46.785	40	24.975	(425, 996)	(43, 100)	49
16:48:46.832	43	25.6132	(435, 1001)	(44, 100)	49
16:48:46.881	46	25.6895	(441, 1005)	(44, 101)	49
16:48:46.930	46	26.0527	(446, 1007)	(45, 101)	49
16:48:46.978	42	26.5255	(455, 1012)	(46, 101)	49
16:48:47.027	42	26.6548	(461, 1015)	(46, 102)	49
16:48:47.076	51	26.6939	(465, 1017)	(47, 102)	49
16:48:47.133	51	27.0264	(475, 1022)	(48, 102)	49
16:48:47.195	48	27.2799	(481, 1025)	(48, 103)	49
16:48:47.249	50	27.5357	(485, 1026)	(49, 103)	49
16:48:47.307	56	27.7907	(495, 1030)	(50, 103)	49
16:48:47.369	54	28.0652	(505, 1034)	(51, 103)	49
16:48:47.431	48	27.9433	(506, 1035)	(51, 104)	49
16:48:47.486	52	28.3733	(515, 1037)	(52, 104)	49
16:48:47.543	57	28.4787	(525, 1040)	(53, 104)	49
16:48:47.607	49	28.6757	(540, 1043)	(54, 104)	49
16:48:47.660	51	29.167	(545, 1044)	(55, 104)	49
16:48:47.717	55	28.8812	(549, 1045)	(55, 105)	49
16:48:47.780	51	28.9594	(555, 1046)	(56, 105)	49
16:48:47.834	46	29.2142	(577, 1050)	(58, 105)	49
16:48:47.883	51	29.2421	(585, 1052)	(59, 105)	49
16:48:47.938	54	29.3262	(595, 1053)	(60, 105)	49
16:48:48.002	52	29.5456	(605, 1054)	(61, 105)	49
16:48:48.057	44	29.5033	(608, 1055)	(61, 106)	49
16:48:48.105	47	29.7483	(615, 1056)	(62, 106)	49
16:48:48.161	49	29.8923	(625, 1057)	(63, 106)	49
16:48:48.216	47	30.2742	(635, 1058)	(64, 106)	49
16:48:48.271	45	30.5421	(645, 1059)	(65, 106)	49
16:48:48.320	47	30.9219	(655, 1060)	(66, 106)	49
16:48:48.377	58	31.0138	(665, 1061)	(67, 106)	49
16:48:48.442	53	31.3284	(675, 1061)	(68, 106)	49
16:48:48.501	55	31.9006	(685, 1063)	(69, 106)	49
16:48:48.566	59	31.8554	(695, 1063)	(70, 106)	49
16:48:48.635	55	31.8573	(705, 1064)	(71, 106)	49
16:48:48.695	49	32.1141	(715, 1064)	(72, 106)	49
16:48:48.751	59	31.9096	(719, 1065)	(72, 107)	49
16:48:48.817	59	31.7606	(725, 1065)	(73, 107)	49
16:48:48.885	54	31.7684	(735, 1066)	(74, 107)	49
16:48:48.946	53	31.7252	(745, 1066)	(75, 107)	49
16:48:49.010	57	31.8514	(755, 1066)	(76, 107)	49
16:48:49.073	53	31.7994	(765, 1066)	(77, 107)	49
16:48:49.133	57	31.7775	(775, 1067)	(78, 107)	49
16:48:49.198	59	31.6723	(785, 1067)	(79, 107)	49
16:48:49.267	58	31.6668	(795, 1068)	(80, 107)	49
16:48:49.329	48	31.476	(805, 1069)	(81, 107)	49
16:48:49.384	60	31.4573	(815, 1070)	(82, 107)	49
16:48:49.454	79	31.4394	(825, 1071)	(83, 107)	49
16:48:49.537	46	31.5433	(835, 1072)	(84, 107)	49
16:48:49.585	53	31.4413	(845, 1073)	(85, 107)	49
16:48:49.642	59	31.1929	(856, 1074)	(86, 107)	49
16:48:49.712	51	31.0673	(862, 1075)	(86, 108)	49
16:48:49.766	46	31.0954	(865, 1075)	(87, 108)	49
16:48:49.814	51	31.1073	(875, 1075)	(88, 108)	49
16:48:49.872	57	31.0474	(885, 1076)	(89, 108)	49
16:48:49.934	52	31.005	(895, 1077)	(90, 108)	49
16:48:49.989	55	30.9647	(905, 1078)	(91, 108)	49
16:48:50.053	58	30.5704	(915, 1078)	(92, 108)	49
16:48:50.115	54	30.4022	(925, 1079)	(93, 108)	49
16:48:50.177	49	30.3567	(935, 1080)	(94, 108)	49
16:48:50.232	52	30.088	(945, 1081)	(95, 108)	49
16:48:50.296	58	29.8956	(955, 1082)	(96, 108)	49
16:48:50.366	48	29.7056	(965, 1082)	(97, 108)	49
16:48:50.419	52	29.5603	(975, 1083)	(98, 108)	49
16:48:50.477	58	29.2735	(986, 1083)	(99, 108)	49
16:48:50.546	50	29.1289	(995, 1084)	(100, 108)	49
16:48:50.601	49	28.7649	(1005, 1084)	(101, 108)	49
16:48:50.658	55	28.4767	(1015, 1084)	(102, 108)	49
16:48:50.720	55	28.3532	(1017, 1085)	(102, 109)	49
16:48:50.783	48	28.1647	(1025, 1085)	(103, 109)	49
16:48:50.837	45	27.4064	(1040, 1085)	(104, 109)	49
16:48:50.887	54	26.9633	(1048, 1085)	(105, 109)	49
16:48:50.949	52	26.6572	(1055, 1086)	(106, 109)	49
16:48:51.011	45	26.0033	(1065, 1086)	(107, 109)	49
16:48:51.060	49	25.7597	(1075, 1086)	(108, 109)	49
16:48:51.116	53	24.8523	(1085, 1086)	(109, 109)	49
16:48:51.178	47	24.0415	(1096, 1086)	(110, 109)	49
16:48:51.233	38	23.4972	(1105, 1086)	(111, 109)	49
16:48:51.274	41	22.9053	(1115, 1086)	(112, 109)	49
16:48:51.323	43	21.9787	(1126, 1086)	(113, 109)	49
16:48:51.373	38	21.2161	(1135, 1086)	(114, 109)	49
16:48:51.413	35	20.4119	(1146, 1086)	(115, 109)	49
16:48:51.456	42	19.6821	(1155, 1086)	(116, 109)	49
16:48:51.506	46	18.9052	(1166, 1086)	(117, 109)	49
16:48:51.561	46	18.4459	(1175, 1086)	(118, 109)	49
16:48:51.617	40	17.9169	(1185, 1085)	(119, 109)	49
16:48:51.664	38	17.7341	(1188, 1084)	(119, 108)	49
16:48:51.708	36	17.4196	(1195, 1084)	(120, 108)	49
16:48:51.748	37	17.0603	(1205, 1082)	(121, 108)	49
16:48:51.790	36	16.6087	(1215, 1081)	(122, 108)	49
16:48:51.832	32	16.1561	(1225, 1081)	(123, 108)	49
16:48:51.872	32	15.6261	(1235, 1081)	(124, 108)	49
16:48:51.907	35	15.3772	(1245, 1080)	(125, 108)	49
16:48:51.950	38	15.0021	(1255, 1080)	(126, 108)	49
16:48:51.991	39	14.7204	(1265, 1079)	(127, 108)	49
16:48:52.033	39	14.4233	(1275, 1078)	(128, 108)	49
16:48:52.075	32	13.9628	(1286, 1077)	(129, 108)	49
16:48:52.116	34	13.887	(1295, 1077)	(130, 108)	49
16:48:52.160	39	13.0416	(1305, 1077)	(131, 108)	49
16:48:52.207	41	12.5999	(1315, 1077)	(132, 108)	49
16:48:52.258	31	12.2444	(1325, 1077)	(133, 108)	49
16:48:52.296	27	11.9132	(1335, 1077)	(134, 108)	49
16:48:52.332	32	11.4636	(1345, 1077)	(135, 108)	49
16:48:52.376	31	11.0584	(1355, 1077)	(136, 108)	49
16:48:52.416	31	10.4593	(1365, 1079)	(137, 108)	49
16:48:52.458	29	10.1687	(1375, 1080)	(138, 108)	49
16:48:52.491	26	9.69719	(1385, 1081)	(139, 108)	49
16:48:52.526	25	9.41852	(1395, 1081)	(140, 108)	49
16:48:52.553	27	9.17378	(1405, 1083)	(141, 108)	49
16:48:52.589	25	8.93645	(1416, 1084)	(142, 108)	49
16:48:52.623	25	8.85156	(1418, 1085)	(142, 109)	49
16:48:52.651	25	8.7157	(1425, 1085)	(143, 109)	49
16:48:52.679	23	8.48904	(1437, 1088)	(144, 109)	49
16:48:52.706	22	8.26518	(1445, 1088)	(145, 109)	49
16:48:52.734	27	8.05022	(1455, 1089)	(146, 109)	49
16:48:52.771	28	7.83926	(1465, 1090)	(147, 109)	49
16:48:52.804	27	7.72978	(1476, 1091)	(148, 109)	49
16:48:52.839	27	7.71674	(1485, 1092)	(149, 109)	49
16:48:52.874	25	7.61185	(1495, 1093)	(150, 109)	49
16:48:52.901	23	7.61837	(1505, 1093)	(151, 109)	49
16:48:52.929	21	7.57911	(1515, 1093)	(152, 109)	49
16:48:52.957	22	7.52178	(1525, 1093)	(153, 109)	49
16:48:52.984	21	7.46889	(1535, 1094)	(154, 109)	49
16:48:53.013	26	7.39126	(1545, 1094)	(155, 109)	49
16:48:53.048	26	7.41822	(1555, 1094)	(156, 109)	49
16:48:53.083	27	7.35837	(1565, 1094)	(157, 109)	49
16:48:53.117	27	7.34726	(1566, 1095)	(157, 110)	49
16:48:53.152	27	7.33511	(1575, 1095)	(158, 110)	49
16:48:53.187	26	7.27985	(1585, 1095)	(159, 110)	49
16:48:53.221	27	7.19807	(1596, 1096)	(160, 110)	49
16:48:53.257	26	7.19082	(1605, 1096)	(161, 110)	49
16:48:53.291	27	7.164	(1615, 1096)	(162, 110)	49
16:48:53.326	27	7.11748	(1625, 1097)	(163, 110)	49
16:48:53.361	26	7.09215	(1635, 1097)	(164, 110)	49
16:48:53.395	29	7.05733	(1645, 1097)	(165, 110)	49
16:48:53.430	26	7.11467	(1655, 1098)	(166, 110)	49
16:48:53.464	27	6.97348	(1665, 1098)	(167, 110)	49
16:48:53.493	26	6.96489	(1675, 1099)	(168, 110)	49
16:48:53.528	26	6.90104	(1685, 1099)	(169, 110)	49
16:48:53.563	26	6.8883	(1695, 1100)	(170, 110)	49
16:48:53.597	26	6.87437	(1705, 1100)	(171, 110)	49
16:48:53.625	26	6.81304	(1715, 1101)	(172, 110)	49
16:48:53.660	26	6.75289	(1725, 1101)	(173, 110)	49
16:48:53.694	26	6.75259	(1735, 1103)	(174, 110)	49
16:48:53.729	26	6.74889	(1748, 1104)	(175, 110)	49
16:48:53.763	28	6.70385	(1753, 1105)	(175, 111)	49
16:48:53.798	22	6.69467	(1755, 1105)	(176, 111)	49
16:48:53.827	25	6.63556	(1765, 1106)	(177, 111)	49
16:48:53.861	26	6.63244	(1775, 1107)	(178, 111)	49
16:48:53.896	25	6.59304	(1785, 1108)	(179, 111)	49
16:48:53.924	26	6.61644	(1798, 1109)	(180, 111)	49
16:48:53.959	25	6.57156	(1806, 1111)	(181, 111)	49
16:48:53.986	26	6.51467	(1815, 1112)	(182, 111)	49
16:48:54.021	24	6.55422	(1825, 1112)	(183, 111)	49
16:48:54.048	26	6.47674	(1835, 1113)	(184, 111)	49
16:48:54.076	26	6.45496	(1850, 1114)	(185, 111)	49
16:48:54.104	25	6.48133	(1855, 1114)	(186, 111)	49
16:48:54.132	25	6.44548	(1858, 1115)	(186, 112)	49
16:48:54.160	25	6.68593	(1865, 1116)	(187, 112)	49
16:48:54.187	21	6.39807	(1877, 1117)	(188, 112)	49
16:48:54.215	20	6.42785	(1885, 1118)	(189, 112)	49
16:48:54.242	21	6.36089	(1895, 1120)	(190, 112)	49
16:48:54.270	25	6.37881	(1905, 1121)	(191, 112)	49
16:48:54.299	26	6.20593	(0, 0)	(0, 0)	49
EOM

