BOM
Frame extends: 2263, 1306
_ms_area: 10
measurements taken: 585
current rendering method: 0
is mouse replay: 1
Camera settings: Roation Quaternion: ( 0.743754, 0.176147, -0.61516, -0.193306), Translationsvektor: ( 0.172338, -0.0367534, 1.775).
System_Time	Elapsed_Time_PaintGL	Elapsed_Kernel_Time	Frame_Coordinates	Grid_Position	Manual_Measurement
16:47:20.178	89	80.8849	(-1, -1)	(-1, -1)	49
16:47:20.272	92	80.8701	(-1, -1)	(-1, -1)	49
16:47:20.366	89	80.9351	(-1, -1)	(-1, -1)	49
16:47:20.466	92	80.7978	(-1, -1)	(-1, -1)	49
16:47:20.561	88	80.8926	(-1, -1)	(-1, -1)	49
16:47:20.661	93	80.8233	(-1, -1)	(-1, -1)	49
16:47:20.756	90	80.943	(-1, -1)	(-1, -1)	49
16:47:20.855	93	80.751	(-1, -1)	(-1, -1)	49
16:47:20.952	90	80.8327	(-1, -1)	(-1, -1)	49
16:47:21.049	94	80.7896	(-1, -1)	(-1, -1)	49
16:47:21.148	92	80.7939	(-1, -1)	(-1, -1)	49
16:47:21.244	93	80.7908	(-1, -1)	(-1, -1)	49
16:47:21.341	93	80.7441	(-1, -1)	(-1, -1)	49
16:47:21.438	87	80.8987	(-1, -1)	(-1, -1)	49
16:47:21.537	89	80.8736	(-1, -1)	(-1, -1)	49
16:47:21.632	92	80.7902	(-1, -1)	(-1, -1)	49
16:47:21.731	93	80.7006	(-1, -1)	(-1, -1)	49
16:47:21.826	88	80.8527	(-1, -1)	(-1, -1)	49
16:47:21.918	93	80.8302	(-1, -1)	(-1, -1)	49
16:47:22.015	89	80.7578	(-1, -1)	(-1, -1)	49
16:47:22.113	92	80.8418	(-1, -1)	(-1, -1)	49
16:47:22.210	91	80.859	(-1, -1)	(-1, -1)	49
16:47:22.308	93	80.8081	(-1, -1)	(-1, -1)	49
16:47:22.406	92	80.7957	(-1, -1)	(-1, -1)	49
16:47:22.502	92	80.7579	(-1, -1)	(-1, -1)	49
16:47:22.598	89	81.0101	(-1, -1)	(-1, -1)	49
16:47:22.697	94	80.6367	(-1, -1)	(-1, -1)	49
16:47:22.803	93	80.799	(-1, -1)	(-1, -1)	49
16:47:22.906	94	80.8628	(-1, -1)	(-1, -1)	49
16:47:23.011	93	80.729	(-1, -1)	(-1, -1)	49
16:47:23.115	93	80.7086	(-1, -1)	(-1, -1)	49
16:47:23.219	93	80.8644	(-1, -1)	(-1, -1)	49
16:47:23.322	94	80.6926	(-1, -1)	(-1, -1)	49
16:47:23.420	92	80.7267	(-1, -1)	(-1, -1)	49
16:47:23.516	88	80.8307	(-1, -1)	(-1, -1)	49
16:47:23.614	88	80.8671	(-1, -1)	(-1, -1)	49
16:47:23.712	93	80.8484	(-1, -1)	(-1, -1)	49
16:47:23.812	92	80.7621	(-1, -1)	(-1, -1)	49
16:47:23.913	94	80.7656	(-1, -1)	(-1, -1)	49
16:47:24.011	93	80.9246	(-1, -1)	(-1, -1)	49
16:47:24.107	91	80.8861	(-1, -1)	(-1, -1)	49
16:47:24.206	91	80.7496	(-1, -1)	(-1, -1)	49
16:47:24.302	88	80.7345	(-1, -1)	(-1, -1)	49
16:47:24.400	93	80.8277	(-1, -1)	(-1, -1)	49
16:47:24.504	92	80.8338	(-1, -1)	(-1, -1)	49
16:47:24.602	92	80.9037	(-1, -1)	(-1, -1)	49
16:47:24.699	97	80.9052	(-1, -1)	(-1, -1)	49
16:47:24.804	92	80.8492	(-1, -1)	(-1, -1)	49
16:47:24.901	92	80.6633	(-1, -1)	(-1, -1)	49
16:47:24.996	87	80.864	(-1, -1)	(-1, -1)	49
16:47:25.087	90	80.7596	(-1, -1)	(-1, -1)	49
16:47:25.186	94	80.7953	(-1, -1)	(-1, -1)	49
16:47:25.290	100	80.7674	(-1, -1)	(-1, -1)	49
16:47:25.401	93	80.8326	(-1, -1)	(-1, -1)	49
16:47:25.499	93	80.9354	(-1, -1)	(-1, -1)	49
16:47:25.603	92	80.7818	(-1, -1)	(-1, -1)	49
16:47:25.699	89	80.7446	(-1, -1)	(-1, -1)	49
16:47:25.796	90	80.7754	(-1, -1)	(-1, -1)	49
16:47:25.894	92	80.8105	(-1, -1)	(-1, -1)	49
16:47:25.990	89	80.8984	(-1, -1)	(-1, -1)	49
16:47:26.090	93	80.7493	(-1, -1)	(-1, -1)	49
16:47:26.193	90	80.7601	(-1, -1)	(-1, -1)	49
16:47:26.291	92	80.8387	(-1, -1)	(-1, -1)	49
16:47:26.387	89	81.0141	(-1, -1)	(-1, -1)	49
16:47:26.486	93	80.8748	(-1, -1)	(-1, -1)	49
16:47:26.582	91	80.8359	(-1, -1)	(-1, -1)	49
16:47:26.681	93	80.7314	(-1, -1)	(-1, -1)	49
16:47:26.786	92	80.8401	(-1, -1)	(-1, -1)	49
16:47:26.889	93	80.9547	(-1, -1)	(-1, -1)	49
16:47:26.994	92	80.8316	(-1, -1)	(-1, -1)	49
16:47:27.090	94	80.8391	(-1, -1)	(-1, -1)	49
16:47:27.188	95	80.8612	(-1, -1)	(-1, -1)	49
16:47:27.292	92	80.7505	(-1, -1)	(-1, -1)	49
16:47:27.389	93	80.8046	(-1, -1)	(-1, -1)	49
16:47:27.486	100	80.7806	(-1, -1)	(-1, -1)	49
16:47:27.591	94	80.7717	(-1, -1)	(-1, -1)	49
16:47:27.687	89	80.9864	(-1, -1)	(-1, -1)	49
16:47:27.787	90	80.7816	(-1, -1)	(-1, -1)	49
16:47:27.881	89	80.8927	(-1, -1)	(-1, -1)	49
16:47:27.981	92	80.8142	(-1, -1)	(-1, -1)	49
16:47:28.077	88	80.9419	(-1, -1)	(-1, -1)	49
16:47:28.175	93	80.8793	(-1, -1)	(-1, -1)	49
16:47:28.281	93	80.9201	(-1, -1)	(-1, -1)	49
16:47:28.384	94	80.891	(-1, -1)	(-1, -1)	49
16:47:28.489	92	80.72	(-1, -1)	(-1, -1)	49
16:47:28.583	88	80.7422	(-1, -1)	(-1, -1)	49
16:47:28.676	91	80.8176	(-1, -1)	(-1, -1)	49
16:47:28.773	94	80.8695	(-1, -1)	(-1, -1)	49
16:47:28.878	93	80.7825	(-1, -1)	(-1, -1)	49
16:47:28.981	94	80.8271	(-1, -1)	(-1, -1)	49
16:47:29.079	92	80.9036	(-1, -1)	(-1, -1)	49
16:47:29.175	90	80.8123	(-1, -1)	(-1, -1)	49
16:47:29.274	91	80.7957	(-1, -1)	(-1, -1)	49
16:47:29.369	89	80.9852	(-1, -1)	(-1, -1)	49
16:47:29.468	92	80.8513	(-1, -1)	(-1, -1)	49
16:47:29.564	90	80.7194	(-1, -1)	(-1, -1)	49
16:47:29.663	93	80.8323	(-1, -1)	(-1, -1)	49
16:47:29.767	93	80.7216	(-1, -1)	(-1, -1)	49
16:47:29.864	92	80.7708	(-1, -1)	(-1, -1)	49
16:47:29.962	93	80.8185	(-1, -1)	(-1, -1)	49
16:47:30.067	92	80.7911	(-1, -1)	(-1, -1)	49
16:47:30.170	94	80.7138	(-1, -1)	(-1, -1)	49
16:47:30.275	92	80.8764	(-1, -1)	(-1, -1)	49
16:47:30.372	94	80.951	(-1, -1)	(-1, -1)	49
16:47:30.477	93	80.7775	(-1, -1)	(-1, -1)	49
16:47:30.581	93	80.8364	(-1, -1)	(-1, -1)	49
16:47:30.685	93	80.7079	(-1, -1)	(-1, -1)	49
16:47:30.790	92	80.7028	(-1, -1)	(-1, -1)	49
16:47:30.885	90	80.7609	(-1, -1)	(-1, -1)	49
16:47:30.984	93	80.9056	(-1, -1)	(-1, -1)	49
16:47:31.079	88	80.9167	(-1, -1)	(-1, -1)	49
16:47:31.178	92	80.7527	(-1, -1)	(-1, -1)	49
16:47:31.275	88	80.7679	(-1, -1)	(-1, -1)	49
16:47:31.373	92	80.7966	(-1, -1)	(-1, -1)	49
16:47:31.469	89	80.8336	(-1, -1)	(-1, -1)	49
16:47:31.568	93	80.8439	(-1, -1)	(-1, -1)	49
16:47:31.666	93	80.8747	(-1, -1)	(-1, -1)	49
16:47:31.769	92	80.7647	(-1, -1)	(-1, -1)	49
16:47:31.866	89	80.7276	(-1, -1)	(-1, -1)	49
16:47:31.963	93	80.86	(-1, -1)	(-1, -1)	49
16:47:32.061	92	80.9296	(-1, -1)	(-1, -1)	49
16:47:32.158	94	80.9249	(-1, -1)	(-1, -1)	49
16:47:32.264	93	80.8886	(-1, -1)	(-1, -1)	49
16:47:32.368	92	80.7947	(-1, -1)	(-1, -1)	49
16:47:32.475	92	80.8655	(-1, -1)	(-1, -1)	49
16:47:32.574	87	80.763	(-1, -1)	(-1, -1)	49
16:47:32.666	93	80.8	(-1, -1)	(-1, -1)	49
16:47:32.761	89	80.8027	(-1, -1)	(-1, -1)	49
16:47:32.861	92	80.8683	(-1, -1)	(-1, -1)	49
16:47:32.956	88	80.8505	(-1, -1)	(-1, -1)	49
16:47:33.055	92	80.7804	(-1, -1)	(-1, -1)	49
16:47:33.152	89	80.8585	(-1, -1)	(-1, -1)	49
16:47:33.250	92	80.759	(-1, -1)	(-1, -1)	49
16:47:33.347	90	80.8015	(-1, -1)	(-1, -1)	49
16:47:33.445	92	80.8662	(-1, -1)	(-1, -1)	49
16:47:33.542	89	80.7409	(-1, -1)	(-1, -1)	49
16:47:33.638	90	80.7367	(-1, -1)	(-1, -1)	49
16:47:33.737	94	80.7093	(-1, -1)	(-1, -1)	49
16:47:33.840	89	80.8401	(-1, -1)	(-1, -1)	49
16:47:33.938	92	80.8256	(-1, -1)	(-1, -1)	49
16:47:34.035	94	80.8204	(-1, -1)	(-1, -1)	49
16:47:34.133	91	80.8024	(-1, -1)	(-1, -1)	49
16:47:34.228	90	80.7679	(-1, -1)	(-1, -1)	49
16:47:34.328	91	80.7243	(-1, -1)	(-1, -1)	49
16:47:34.423	90	80.7375	(-1, -1)	(-1, -1)	49
16:47:34.522	93	80.7721	(-1, -1)	(-1, -1)	49
16:47:34.625	91	80.8674	(-1, -1)	(-1, -1)	49
16:47:34.727	92	80.8933	(-1, -1)	(-1, -1)	49
16:47:34.827	89	80.8551	(-1, -1)	(-1, -1)	49
16:47:34.926	91	80.9299	(-1, -1)	(-1, -1)	49
16:47:35.021	90	80.917	(-1, -1)	(-1, -1)	49
16:47:35.120	93	80.7961	(-1, -1)	(-1, -1)	49
16:47:35.218	96	80.8342	(-1, -1)	(-1, -1)	49
16:47:35.321	93	80.8372	(-1, -1)	(-1, -1)	49
16:47:35.418	94	80.9538	(-1, -1)	(-1, -1)	49
16:47:35.515	90	80.6914	(-1, -1)	(-1, -1)	49
16:47:35.613	92	80.7736	(-1, -1)	(-1, -1)	49
16:47:35.708	89	80.8751	(-1, -1)	(-1, -1)	49
16:47:35.801	93	80.768	(-1, -1)	(-1, -1)	49
16:47:35.898	90	80.8393	(-1, -1)	(-1, -1)	49
16:47:35.996	92	80.9206	(-1, -1)	(-1, -1)	49
16:47:36.092	89	80.8824	(-1, -1)	(-1, -1)	49
16:47:36.190	93	80.857	(-1, -1)	(-1, -1)	49
16:47:36.288	93	80.7668	(-1, -1)	(-1, -1)	49
16:47:36.392	94	80.843	(-1, -1)	(-1, -1)	49
16:47:36.496	93	80.9615	(-1, -1)	(-1, -1)	49
16:47:36.594	92	80.8567	(-1, -1)	(-1, -1)	49
16:47:36.700	92	80.7991	(-1, -1)	(-1, -1)	49
16:47:36.801	91	80.8416	(-1, -1)	(-1, -1)	49
16:47:36.900	94	80.7458	(-1, -1)	(-1, -1)	49
16:47:37.006	97	80.8812	(-1, -1)	(-1, -1)	49
16:47:37.107	89	80.8554	(-1, -1)	(-1, -1)	49
16:47:37.205	95	80.8673	(-1, -1)	(-1, -1)	49
16:47:37.310	93	80.9009	(-1, -1)	(-1, -1)	49
16:47:37.406	88	80.8316	(-1, -1)	(-1, -1)	49
16:47:37.504	92	80.8612	(-1, -1)	(-1, -1)	49
16:47:37.599	89	80.8012	(-1, -1)	(-1, -1)	49
16:47:37.693	91	80.7582	(-1, -1)	(-1, -1)	49
16:47:37.789	94	80.9121	(-1, -1)	(-1, -1)	49
16:47:37.894	93	80.8289	(-1, -1)	(-1, -1)	49
16:47:37.990	90	80.7113	(-1, -1)	(-1, -1)	49
16:47:38.088	91	80.8201	(-1, -1)	(-1, -1)	49
16:47:38.184	90	80.7373	(-1, -1)	(-1, -1)	49
16:47:38.285	92	80.8268	(-1, -1)	(-1, -1)	49
16:47:38.387	95	80.852	(-1, -1)	(-1, -1)	49
16:47:38.492	92	80.8696	(-1, -1)	(-1, -1)	49
16:47:38.591	95	80.7936	(-1, -1)	(-1, -1)	49
16:47:38.693	94	80.8286	(-1, -1)	(-1, -1)	49
16:47:38.798	92	80.864	(-1, -1)	(-1, -1)	49
16:47:38.892	89	80.9797	(-1, -1)	(-1, -1)	49
16:47:38.993	92	80.86	(-1, -1)	(-1, -1)	49
16:47:39.088	87	80.8517	(-1, -1)	(-1, -1)	49
16:47:39.179	90	80.8772	(-1, -1)	(-1, -1)	49
16:47:39.277	93	80.8246	(-1, -1)	(-1, -1)	49
16:47:39.375	93	80.7631	(-1, -1)	(-1, -1)	49
16:47:39.471	89	80.8348	(-1, -1)	(-1, -1)	49
16:47:39.570	91	80.8166	(-1, -1)	(-1, -1)	49
16:47:39.665	90	80.7759	(-1, -1)	(-1, -1)	49
16:47:39.764	92	80.8498	(-1, -1)	(-1, -1)	49
16:47:39.860	90	80.88	(-1, -1)	(-1, -1)	49
16:47:39.959	94	80.8856	(-1, -1)	(-1, -1)	49
16:47:40.063	94	80.8369	(-1, -1)	(-1, -1)	49
16:47:40.166	93	80.8407	(-1, -1)	(-1, -1)	49
16:47:40.263	89	80.6736	(-1, -1)	(-1, -1)	49
16:47:40.361	94	80.8351	(-1, -1)	(-1, -1)	49
16:47:40.459	92	80.8981	(-1, -1)	(-1, -1)	49
16:47:40.554	88	80.8356	(-1, -1)	(-1, -1)	49
16:47:40.646	94	80.817	(-1, -1)	(-1, -1)	49
16:47:40.750	95	80.8316	(-1, -1)	(-1, -1)	49
16:47:40.855	93	80.9313	(-1, -1)	(-1, -1)	49
16:47:40.952	94	80.8711	(-1, -1)	(-1, -1)	49
16:47:41.056	93	80.8527	(-1, -1)	(-1, -1)	49
16:47:41.153	90	80.891	(-1, -1)	(-1, -1)	49
16:47:41.251	90	80.7083	(-1, -1)	(-1, -1)	49
16:47:41.347	90	80.8464	(-1, -1)	(-1, -1)	49
16:47:41.446	92	80.9397	(-1, -1)	(-1, -1)	49
16:47:41.543	93	80.8415	(-1, -1)	(-1, -1)	49
16:47:41.640	94	80.8302	(-1, -1)	(-1, -1)	49
16:47:41.745	92	80.892	(-1, -1)	(-1, -1)	49
16:47:41.840	88	80.8347	(-1, -1)	(-1, -1)	49
16:47:41.939	90	80.8105	(-1, -1)	(-1, -1)	49
16:47:42.039	94	80.8293	(-1, -1)	(-1, -1)	49
16:47:42.141	92	80.8637	(-1, -1)	(-1, -1)	49
16:47:42.239	92	80.8575	(-1, -1)	(-1, -1)	49
16:47:42.336	93	80.9065	(-1, -1)	(-1, -1)	49
16:47:42.441	93	80.7864	(-1, -1)	(-1, -1)	49
16:47:42.545	93	80.7753	(-1, -1)	(-1, -1)	49
16:47:42.649	93	80.8436	(-1, -1)	(-1, -1)	49
16:47:42.746	92	80.7601	(-1, -1)	(-1, -1)	49
16:47:42.842	90	80.8412	(-1, -1)	(-1, -1)	49
16:47:42.941	93	80.8164	(-1, -1)	(-1, -1)	49
16:47:43.037	89	80.8406	(-1, -1)	(-1, -1)	49
16:47:43.135	94	80.7916	(-1, -1)	(-1, -1)	49
16:47:43.239	89	80.9098	(-1, -1)	(-1, -1)	49
16:47:43.335	88	80.8584	(-1, -1)	(-1, -1)	49
16:47:43.427	92	80.8033	(-1, -1)	(-1, -1)	49
16:47:43.523	89	80.8313	(-1, -1)	(-1, -1)	49
16:47:43.622	93	80.773	(-1, -1)	(-1, -1)	49
16:47:43.719	93	80.7388	(-1, -1)	(-1, -1)	49
16:47:43.824	91	80.7667	(-1, -1)	(-1, -1)	49
16:47:43.919	94	80.7559	(-1, -1)	(-1, -1)	49
16:47:44.018	92	80.9031	(-1, -1)	(-1, -1)	49
16:47:44.114	91	80.8871	(-1, -1)	(-1, -1)	49
16:47:44.213	92	80.9147	(-1, -1)	(-1, -1)	49
16:47:44.309	91	80.892	(-1, -1)	(-1, -1)	49
16:47:44.408	92	80.8176	(-1, -1)	(-1, -1)	49
16:47:44.506	93	80.897	(-1, -1)	(-1, -1)	49
16:47:44.609	94	80.8616	(-1, -1)	(-1, -1)	49
16:47:44.714	93	80.7332	(-1, -1)	(-1, -1)	49
16:47:44.810	90	80.8751	(-1, -1)	(-1, -1)	49
16:47:44.912	92	80.8905	(-1, -1)	(-1, -1)	49
16:47:45.010	88	80.895	(-1, -1)	(-1, -1)	49
16:47:45.102	92	80.6695	(-1, -1)	(-1, -1)	49
16:47:45.198	88	80.9056	(-1, -1)	(-1, -1)	49
16:47:45.291	91	80.7437	(-1, -1)	(-1, -1)	49
16:47:45.386	88	80.8197	(-1, -1)	(-1, -1)	49
16:47:45.485	92	80.813	(-1, -1)	(-1, -1)	49
16:47:45.581	90	80.8256	(-1, -1)	(-1, -1)	49
16:47:45.679	94	80.7599	(-1, -1)	(-1, -1)	49
16:47:45.777	91	80.7908	(-1, -1)	(-1, -1)	49
16:47:45.873	89	80.7656	(-1, -1)	(-1, -1)	49
16:47:45.973	92	80.8304	(-1, -1)	(-1, -1)	49
16:47:46.067	89	80.8382	(-1, -1)	(-1, -1)	49
16:47:46.166	92	80.7636	(-1, -1)	(-1, -1)	49
16:47:46.264	93	80.9576	(-1, -1)	(-1, -1)	49
16:47:46.367	93	80.7302	(-1, -1)	(-1, -1)	49
16:47:46.463	89	80.9556	(-1, -1)	(-1, -1)	49
16:47:46.563	91	80.7119	(-1, -1)	(-1, -1)	49
16:47:46.658	89	80.8901	(-1, -1)	(-1, -1)	49
16:47:46.757	92	80.7459	(-1, -1)	(-1, -1)	49
16:47:46.854	90	80.9524	(-1, -1)	(-1, -1)	49
16:47:46.952	92	80.787	(-1, -1)	(-1, -1)	49
16:47:47.049	93	80.7597	(-1, -1)	(-1, -1)	49
16:47:47.147	93	80.7468	(-1, -1)	(-1, -1)	49
16:47:47.250	91	80.884	(-1, -1)	(-1, -1)	49
16:47:47.348	92	80.7573	(-1, -1)	(-1, -1)	49
16:47:47.445	94	80.7719	(-1, -1)	(-1, -1)	49
16:47:47.549	93	80.8504	(-1, -1)	(-1, -1)	49
16:47:47.650	91	80.7338	(-1, -1)	(-1, -1)	49
16:47:47.751	92	80.9021	(-1, -1)	(-1, -1)	49
16:47:47.848	93	80.9087	(-1, -1)	(-1, -1)	49
16:47:47.944	88	80.7966	(-1, -1)	(-1, -1)	49
16:47:48.036	92	80.8861	(-1, -1)	(-1, -1)	49
16:47:48.132	88	80.9756	(-1, -1)	(-1, -1)	49
16:47:48.231	92	80.7428	(-1, -1)	(-1, -1)	49
16:47:48.328	91	80.7401	(-1, -1)	(-1, -1)	49
16:47:48.427	92	80.8108	(-1, -1)	(-1, -1)	49
16:47:48.528	91	80.7535	(-1, -1)	(-1, -1)	49
16:47:48.627	94	80.7573	(-1, -1)	(-1, -1)	49
16:47:48.731	94	80.7745	(-1, -1)	(-1, -1)	49
16:47:48.836	92	80.8932	(-1, -1)	(-1, -1)	49
16:47:48.933	94	80.7077	(-1, -1)	(-1, -1)	49
16:47:49.038	92	80.8249	(-1, -1)	(-1, -1)	49
16:47:49.135	92	80.7281	(-1, -1)	(-1, -1)	49
16:47:49.233	93	80.8967	(-1, -1)	(-1, -1)	49
16:47:49.337	91	80.7363	(-1, -1)	(-1, -1)	49
16:47:49.431	89	80.8916	(-1, -1)	(-1, -1)	49
16:47:49.534	92	80.6495	(-1, -1)	(-1, -1)	49
16:47:49.634	87	80.8847	(-1, -1)	(-1, -1)	49
16:47:49.726	92	80.8065	(-1, -1)	(-1, -1)	49
16:47:49.821	89	80.7618	(-1, -1)	(-1, -1)	49
16:47:49.920	93	80.761	(-1, -1)	(-1, -1)	49
16:47:50.016	91	80.7739	(-1, -1)	(-1, -1)	49
16:47:50.115	92	80.9333	(-1, -1)	(-1, -1)	49
16:47:50.212	94	80.943	(-1, -1)	(-1, -1)	49
16:47:50.310	93	80.8154	(-1, -1)	(-1, -1)	49
16:47:50.414	93	80.8156	(-1, -1)	(-1, -1)	49
16:47:50.517	94	80.8655	(-1, -1)	(-1, -1)	49
16:47:50.615	89	80.817	(-1, -1)	(-1, -1)	49
16:47:50.712	93	80.7415	(-1, -1)	(-1, -1)	49
16:47:50.810	93	80.7559	(-1, -1)	(-1, -1)	49
16:47:50.906	90	80.9021	(-1, -1)	(-1, -1)	49
16:47:51.005	91	80.8633	(-1, -1)	(-1, -1)	49
16:47:51.100	89	80.8582	(-1, -1)	(-1, -1)	49
16:47:51.199	92	80.7613	(-1, -1)	(-1, -1)	49
16:47:51.296	91	80.8101	(-1, -1)	(-1, -1)	49
16:47:51.394	93	80.8625	(-1, -1)	(-1, -1)	49
16:47:51.498	95	80.7127	(-1, -1)	(-1, -1)	49
16:47:51.603	92	80.8359	(-1, -1)	(-1, -1)	49
16:47:51.698	87	80.7956	(-1, -1)	(-1, -1)	49
16:47:51.790	90	80.7726	(-1, -1)	(-1, -1)	49
16:47:51.889	94	80.736	(-1, -1)	(-1, -1)	49
16:47:51.992	89	80.6302	(-1, -1)	(-1, -1)	49
16:47:52.090	93	80.788	(-1, -1)	(-1, -1)	49
16:47:52.196	92	80.891	(-1, -1)	(-1, -1)	49
16:47:52.298	92	80.8985	(-1, -1)	(-1, -1)	49
16:47:52.393	89	80.8067	(-1, -1)	(-1, -1)	49
16:47:52.494	91	80.7533	(-1, -1)	(-1, -1)	49
16:47:52.588	88	80.7852	(-1, -1)	(-1, -1)	49
16:47:52.679	90	80.8736	(-1, -1)	(-1, -1)	49
16:47:52.776	91	80.8298	(-1, -1)	(-1, -1)	49
16:47:52.875	94	80.6907	(-1, -1)	(-1, -1)	49
16:47:52.979	91	80.8367	(-1, -1)	(-1, -1)	49
16:47:53.076	94	80.8	(-1, -1)	(-1, -1)	49
16:47:53.173	94	80.8034	(-1, -1)	(-1, -1)	49
16:47:53.278	92	80.8957	(-1, -1)	(-1, -1)	49
16:47:53.375	93	80.7437	(-1, -1)	(-1, -1)	49
16:47:53.479	93	80.8096	(-1, -1)	(-1, -1)	49
16:47:53.577	91	80.823	(-1, -1)	(-1, -1)	49
16:47:53.674	91	80.8393	(-1, -1)	(-1, -1)	49
16:47:53.776	91	80.6893	(-1, -1)	(-1, -1)	49
16:47:53.874	88	80.9284	(-1, -1)	(-1, -1)	49
16:47:53.973	92	80.8313	(-1, -1)	(-1, -1)	49
16:47:54.068	89	80.899	(-1, -1)	(-1, -1)	49
16:47:54.168	92	80.8034	(-1, -1)	(-1, -1)	49
16:47:54.263	90	80.8061	(-1, -1)	(-1, -1)	49
16:47:54.362	94	80.7527	(-1, -1)	(-1, -1)	49
16:47:54.459	91	80.7871	(-1, -1)	(-1, -1)	49
16:47:54.557	93	80.7646	(-1, -1)	(-1, -1)	49
16:47:54.660	90	80.7587	(-1, -1)	(-1, -1)	49
16:47:54.759	93	80.901	(-1, -1)	(-1, -1)	49
16:47:54.866	91	80.92	(-1, -1)	(-1, -1)	49
16:47:54.967	97	80.7735	(-1, -1)	(-1, -1)	49
16:47:55.072	93	80.8714	(-1, -1)	(-1, -1)	49
16:47:55.176	93	80.7939	(-1, -1)	(-1, -1)	49
16:47:55.277	93	80.8606	(-1, -1)	(-1, -1)	49
16:47:55.379	93	80.7477	(-1, -1)	(-1, -1)	49
16:47:55.480	90	80.828	(-1, -1)	(-1, -1)	49
16:47:55.578	92	80.7985	(-1, -1)	(-1, -1)	49
16:47:55.676	91	80.8412	(-1, -1)	(-1, -1)	49
16:47:55.773	94	80.9453	(-1, -1)	(-1, -1)	49
16:47:55.871	93	80.7369	(-1, -1)	(-1, -1)	49
16:47:55.967	89	80.8382	(-1, -1)	(-1, -1)	49
16:47:56.067	91	80.8428	(-1, -1)	(-1, -1)	49
16:47:56.162	94	80.9019	(-1, -1)	(-1, -1)	49
16:47:56.267	92	80.8599	(-1, -1)	(-1, -1)	49
16:47:56.363	89	80.7769	(-1, -1)	(-1, -1)	49
16:47:56.462	93	80.8761	(-1, -1)	(-1, -1)	49
16:47:56.558	90	80.7293	(-1, -1)	(-1, -1)	49
16:47:56.656	94	80.8039	(-1, -1)	(-1, -1)	49
16:47:56.761	90	80.8081	(-1, -1)	(-1, -1)	49
16:47:56.858	95	80.8428	(-1, -1)	(-1, -1)	49
16:47:56.963	92	80.8313	(-1, -1)	(-1, -1)	49
16:47:57.058	89	80.7304	(-1, -1)	(-1, -1)	49
16:47:57.157	94	80.7471	(-1, -1)	(-1, -1)	49
16:47:57.253	90	80.8852	(-1, -1)	(-1, -1)	49
16:47:57.352	92	80.7059	(-1, -1)	(-1, -1)	49
16:47:57.447	91	80.8726	(-1, -1)	(-1, -1)	49
16:47:57.546	92	80.8547	(-1, -1)	(-1, -1)	49
16:47:57.642	91	80.8244	(-1, -1)	(-1, -1)	49
16:47:57.741	92	80.7196	(-1, -1)	(-1, -1)	49
16:47:57.836	90	81.0009	(-1, -1)	(-1, -1)	49
16:47:57.935	93	80.8397	(-1, -1)	(-1, -1)	49
16:47:58.032	89	80.8976	(-1, -1)	(-1, -1)	49
16:47:58.130	93	80.8673	(-1, -1)	(-1, -1)	49
16:47:58.234	90	80.7356	(-1, -1)	(-1, -1)	49
16:47:58.331	93	80.7542	(-1, -1)	(-1, -1)	49
16:47:58.429	92	80.7701	(-1, -1)	(-1, -1)	49
16:47:58.524	90	80.8299	(-1, -1)	(-1, -1)	49
16:47:58.624	92	80.8578	(-1, -1)	(-1, -1)	49
16:47:58.719	88	80.8105	(-1, -1)	(-1, -1)	49
16:47:58.811	91	80.6504	(-1, -1)	(-1, -1)	49
16:47:58.908	90	80.7204	(-1, -1)	(-1, -1)	49
16:47:59.006	93	80.905	(-1, -1)	(-1, -1)	49
16:47:59.102	90	80.7683	(-1, -1)	(-1, -1)	49
16:47:59.201	93	80.8561	(-1, -1)	(-1, -1)	49
16:47:59.307	92	80.9021	(-1, -1)	(-1, -1)	49
16:47:59.410	93	80.8652	(-1, -1)	(-1, -1)	49
16:47:59.505	96	80.9704	(-1, -1)	(-1, -1)	49
16:47:59.611	93	80.8167	(-1, -1)	(-1, -1)	49
16:47:59.707	89	80.9619	(-1, -1)	(-1, -1)	49
16:47:59.806	93	80.7404	(-1, -1)	(-1, -1)	49
16:47:59.902	91	80.7796	(-1, -1)	(-1, -1)	49
16:48:00.000	93	80.7719	(-1, -1)	(-1, -1)	49
16:48:00.098	92	80.7529	(-1, -1)	(-1, -1)	49
16:48:00.193	88	80.8807	(-1, -1)	(-1, -1)	49
16:48:00.292	92	80.9375	(-1, -1)	(-1, -1)	49
16:48:00.389	89	80.9363	(-1, -1)	(-1, -1)	49
16:48:00.488	93	80.8713	(-1, -1)	(-1, -1)	49
16:48:00.590	90	80.848	(-1, -1)	(-1, -1)	49
16:48:00.689	92	80.7836	(-1, -1)	(-1, -1)	49
16:48:00.786	90	80.7843	(-1, -1)	(-1, -1)	49
16:48:00.883	93	80.7908	(-1, -1)	(-1, -1)	49
16:48:00.980	94	80.8833	(-1, -1)	(-1, -1)	49
16:48:01.084	93	80.835	(-1, -1)	(-1, -1)	49
16:48:01.181	95	80.8969	(-1, -1)	(-1, -1)	49
16:48:01.289	93	80.7944	(-1, -1)	(-1, -1)	49
16:48:01.389	90	80.799	(-1, -1)	(-1, -1)	49
16:48:01.489	92	80.7693	(-1, -1)	(-1, -1)	49
16:48:01.591	89	80.8216	(-1, -1)	(-1, -1)	49
16:48:01.689	94	80.8258	(-1, -1)	(-1, -1)	49
16:48:01.794	90	80.8016	(-1, -1)	(-1, -1)	49
16:48:01.889	90	80.7825	(-1, -1)	(-1, -1)	49
16:48:01.988	90	80.7593	(-1, -1)	(-1, -1)	49
16:48:02.087	92	80.843	(-1, -1)	(-1, -1)	49
16:48:02.191	94	80.8197	(-1, -1)	(-1, -1)	49
16:48:02.294	93	80.8296	(-1, -1)	(-1, -1)	49
16:48:02.391	93	80.8172	(-1, -1)	(-1, -1)	49
16:48:02.488	90	80.8277	(-1, -1)	(-1, -1)	49
16:48:02.586	92	80.7479	(-1, -1)	(-1, -1)	49
16:48:02.682	90	80.8896	(-1, -1)	(-1, -1)	49
16:48:02.781	93	80.8104	(-1, -1)	(-1, -1)	49
16:48:02.878	92	80.9164	(-1, -1)	(-1, -1)	49
16:48:02.976	92	80.8132	(-1, -1)	(-1, -1)	49
16:48:03.072	91	80.8327	(-1, -1)	(-1, -1)	49
16:48:03.170	92	80.7796	(-1, -1)	(-1, -1)	49
16:48:03.266	90	80.7431	(-1, -1)	(-1, -1)	49
16:48:03.368	92	80.6033	(-1, -1)	(-1, -1)	49
16:48:03.469	94	80.8126	(-1, -1)	(-1, -1)	49
16:48:03.573	94	80.7585	(-1, -1)	(-1, -1)	49
16:48:03.679	94	80.74	(-1, -1)	(-1, -1)	49
16:48:03.783	93	80.8911	(-1, -1)	(-1, -1)	49
16:48:03.886	93	80.843	(-1, -1)	(-1, -1)	49
16:48:03.982	90	80.6932	(-1, -1)	(-1, -1)	49
16:48:04.087	88	80.7686	(-1, -1)	(-1, -1)	49
16:48:04.192	90	80.8486	(-1, -1)	(-1, -1)	49
16:48:04.290	93	80.8265	(-1, -1)	(-1, -1)	49
16:48:04.387	91	80.8516	(-1, -1)	(-1, -1)	49
16:48:04.484	92	80.8893	(-1, -1)	(-1, -1)	49
16:48:04.579	89	80.811	(-1, -1)	(-1, -1)	49
16:48:04.672	92	80.823	(-1, -1)	(-1, -1)	49
16:48:04.768	91	80.8201	(-1, -1)	(-1, -1)	49
16:48:04.866	94	80.7861	(-1, -1)	(-1, -1)	49
16:48:04.971	93	80.7585	(-1, -1)	(-1, -1)	49
16:48:05.075	94	80.911	(-1, -1)	(-1, -1)	49
16:48:05.180	94	80.9136	(-1, -1)	(-1, -1)	49
16:48:05.286	94	80.8904	(-1, -1)	(-1, -1)	49
16:48:05.388	94	80.7077	(-1, -1)	(-1, -1)	49
16:48:05.492	93	80.779	(-1, -1)	(-1, -1)	49
16:48:05.596	94	80.7553	(-1, -1)	(-1, -1)	49
16:48:05.701	92	80.8332	(-1, -1)	(-1, -1)	49
16:48:05.798	105	80.7659	(-1, -1)	(-1, -1)	49
16:48:05.909	93	80.8224	(-1, -1)	(-1, -1)	49
16:48:06.013	93	80.7905	(-1, -1)	(-1, -1)	49
16:48:06.109	88	80.6994	(-1, -1)	(-1, -1)	49
16:48:06.201	92	80.7738	(-1, -1)	(-1, -1)	49
16:48:06.296	88	80.788	(-1, -1)	(-1, -1)	49
16:48:06.388	94	80.7196	(-1, -1)	(-1, -1)	49
16:48:06.484	90	80.675	(-1, -1)	(-1, -1)	49
16:48:06.583	94	80.8287	(-1, -1)	(-1, -1)	49
16:48:06.688	92	80.697	(-1, -1)	(-1, -1)	49
16:48:06.787	93	80.8022	(-1, -1)	(-1, -1)	49
16:48:06.889	94	81.0028	(-1, -1)	(-1, -1)	49
16:48:06.994	91	80.8959	(-1, -1)	(-1, -1)	49
16:48:07.089	92	80.8302	(-1, -1)	(-1, -1)	49
16:48:07.188	94	80.7997	(-1, -1)	(-1, -1)	49
16:48:07.293	94	80.7908	(-1, -1)	(-1, -1)	49
16:48:07.397	94	80.7991	(-1, -1)	(-1, -1)	49
16:48:07.501	94	80.7231	(-1, -1)	(-1, -1)	49
16:48:07.600	93	80.7225	(-1, -1)	(-1, -1)	49
16:48:07.705	91	80.873	(-1, -1)	(-1, -1)	49
16:48:07.798	88	80.9421	(-1, -1)	(-1, -1)	49
16:48:07.897	92	80.7615	(-1, -1)	(-1, -1)	49
16:48:07.992	89	80.9353	(-1, -1)	(-1, -1)	49
16:48:08.092	93	80.7369	(-1, -1)	(-1, -1)	49
16:48:08.187	90	80.9326	(-1, -1)	(-1, -1)	49
16:48:08.286	92	80.8173	(-1, -1)	(-1, -1)	49
16:48:08.382	89	81.0127	(-1, -1)	(-1, -1)	49
16:48:08.481	93	80.7748	(-1, -1)	(-1, -1)	49
16:48:08.579	90	80.8767	(-1, -1)	(-1, -1)	49
16:48:08.676	93	80.8237	(-1, -1)	(-1, -1)	49
16:48:08.775	92	80.7766	(-1, -1)	(-1, -1)	49
16:48:08.877	94	80.8302	(-1, -1)	(-1, -1)	49
16:48:08.982	93	80.7763	(-1, -1)	(-1, -1)	49
16:48:09.086	94	80.8096	(-1, -1)	(-1, -1)	49
16:48:09.193	94	80.7514	(-1, -1)	(-1, -1)	49
16:48:09.295	94	80.8166	(-1, -1)	(-1, -1)	49
16:48:09.400	91	80.8566	(-1, -1)	(-1, -1)	49
16:48:09.494	89	80.8397	(-1, -1)	(-1, -1)	49
16:48:09.594	92	80.7852	(-1, -1)	(-1, -1)	49
16:48:09.689	88	80.9449	(-1, -1)	(-1, -1)	49
16:48:09.784	93	80.7113	(-1, -1)	(-1, -1)	49
16:48:09.884	90	80.7071	(-1, -1)	(-1, -1)	49
16:48:09.983	92	80.9201	(-1, -1)	(-1, -1)	49
16:48:10.079	90	80.7351	(-1, -1)	(-1, -1)	49
16:48:10.179	92	80.7551	(-1, -1)	(-1, -1)	49
16:48:10.273	89	80.8693	(-1, -1)	(-1, -1)	49
16:48:10.371	90	80.7139	(-1, -1)	(-1, -1)	49
16:48:10.470	91	80.759	(-1, -1)	(-1, -1)	49
16:48:10.574	92	80.7809	(-1, -1)	(-1, -1)	49
16:48:10.671	93	80.7759	(-1, -1)	(-1, -1)	49
16:48:10.769	93	80.8695	(-1, -1)	(-1, -1)	49
16:48:10.873	93	80.8636	(-1, -1)	(-1, -1)	49
16:48:10.977	93	80.7667	(-1, -1)	(-1, -1)	49
16:48:11.075	91	80.7364	(-1, -1)	(-1, -1)	49
16:48:11.170	92	80.8316	(-1, -1)	(-1, -1)	49
16:48:11.268	90	80.8751	(-1, -1)	(-1, -1)	49
16:48:11.367	92	80.735	(-1, -1)	(-1, -1)	49
16:48:11.464	91	80.8763	(-1, -1)	(-1, -1)	49
16:48:11.559	89	80.8736	(-1, -1)	(-1, -1)	49
16:48:11.659	93	80.855	(-1, -1)	(-1, -1)	49
16:48:11.756	90	80.6465	(-1, -1)	(-1, -1)	49
16:48:11.853	93	80.8996	(-1, -1)	(-1, -1)	49
16:48:11.950	94	80.816	(-1, -1)	(-1, -1)	49
16:48:12.054	93	80.7041	(-1, -1)	(-1, -1)	49
16:48:12.161	93	80.683	(-1, -1)	(-1, -1)	49
16:48:12.263	93	80.8059	(-1, -1)	(-1, -1)	49
16:48:12.368	93	80.7816	(-1, -1)	(-1, -1)	49
16:48:12.482	95	80.9545	(-1, -1)	(-1, -1)	49
16:48:12.589	93	80.7865	(-1, -1)	(-1, -1)	49
16:48:12.685	90	80.8207	(-1, -1)	(-1, -1)	49
16:48:12.786	92	80.8056	(-1, -1)	(-1, -1)	49
16:48:12.880	88	80.9313	(-1, -1)	(-1, -1)	49
16:48:12.979	93	80.7941	(-1, -1)	(-1, -1)	49
16:48:13.084	93	80.8914	(-1, -1)	(-1, -1)	49
16:48:13.211	91	80.7582	(-1, -1)	(-1, -1)	49
16:48:13.356	89	80.8533	(-1, -1)	(-1, -1)	49
16:48:13.452	92	80.9486	(-1, -1)	(-1, -1)	49
16:48:13.569	89	80.7803	(-1, -1)	(-1, -1)	49
16:48:13.668	91	80.7452	(-1, -1)	(-1, -1)	49
16:48:13.766	90	80.7767	(-1, -1)	(-1, -1)	49
16:48:13.861	90	80.6781	(-1, -1)	(-1, -1)	49
16:48:13.960	93	80.875	(-1, -1)	(-1, -1)	49
16:48:14.071	90	80.8879	(-1, -1)	(-1, -1)	49
16:48:14.182	94	80.9258	(-1, -1)	(-1, -1)	49
16:48:14.287	89	80.7516	(-1, -1)	(-1, -1)	49
16:48:14.398	91	80.8763	(-1, -1)	(-1, -1)	49
16:48:14.504	90	80.861	(-1, -1)	(-1, -1)	49
16:48:14.615	92	80.8139	(-1, -1)	(-1, -1)	49
16:48:14.716	89	80.7367	(-1, -1)	(-1, -1)	49
16:48:14.816	94	80.733	(-1, -1)	(-1, -1)	49
16:48:14.921	90	80.7484	(-1, -1)	(-1, -1)	49
16:48:15.023	93	80.8474	(-1, -1)	(-1, -1)	49
16:48:15.126	91	80.8587	(-1, -1)	(-1, -1)	49
16:48:15.225	93	80.7677	(-1, -1)	(-1, -1)	49
16:48:15.328	91	80.693	(-1, -1)	(-1, -1)	49
16:48:15.426	93	80.6978	(-1, -1)	(-1, -1)	49
16:48:15.526	93	80.8012	(-1, -1)	(-1, -1)	49
16:48:15.629	93	80.8681	(-1, -1)	(-1, -1)	49
16:48:15.733	91	80.9102	(-1, -1)	(-1, -1)	49
16:48:15.827	89	80.8587	(-1, -1)	(-1, -1)	49
16:48:15.927	94	80.8649	(-1, -1)	(-1, -1)	49
16:48:16.022	88	80.9742	(-1, -1)	(-1, -1)	49
16:48:16.121	92	80.8641	(-1, -1)	(-1, -1)	49
16:48:16.217	89	80.7966	(-1, -1)	(-1, -1)	49
16:48:16.317	92	80.7927	(-1, -1)	(-1, -1)	49
16:48:16.411	89	80.7987	(-1, -1)	(-1, -1)	49
16:48:16.511	93	80.7999	(-1, -1)	(-1, -1)	49
16:48:16.615	93	80.871	(-1, -1)	(-1, -1)	49
16:48:16.712	91	80.8665	(-1, -1)	(-1, -1)	49
16:48:16.809	89	80.7972	(-1, -1)	(-1, -1)	49
16:48:16.907	92	80.8221	(-1, -1)	(-1, -1)	49
16:48:17.004	92	80.6653	(-1, -1)	(-1, -1)	49
16:48:17.109	94	80.9083	(-1, -1)	(-1, -1)	49
16:48:17.213	92	80.9304	(-1, -1)	(-1, -1)	49
16:48:17.308	90	80.9917	(-1, -1)	(-1, -1)	49
16:48:17.407	93	80.733	(-1, -1)	(-1, -1)	49
16:48:17.503	87	80.9216	(-1, -1)	(-1, -1)	49
16:48:17.595	92	80.853	(-1, -1)	(-1, -1)	49
16:48:17.692	89	80.7258	(-1, -1)	(-1, -1)	49
16:48:17.789	91	80.8858	(-1, -1)	(-1, -1)	49
16:48:17.886	91	80.9225	(-1, -1)	(-1, -1)	49
16:48:17.984	94	80.7394	(-1, -1)	(-1, -1)	49
16:48:18.089	94	80.8766	(-1, -1)	(-1, -1)	49
16:48:18.195	93	80.7039	(-1, -1)	(-1, -1)	49
EOM

