BOM
Frame extends: 2263, 1306
_ms_area: 10
measurements taken: 585
current rendering method: 1
is mouse replay: 1
Camera settings: Roation Quaternion: ( 0.270292, -0.458031, -0.746773, 0.399332), Translationsvektor: ( -0.0583296, 0.0137825, 2.035).
System_Time	Elapsed_Time_PaintGL	Elapsed_Kernel_Time	Frame_Coordinates	Grid_Position	Manual_Measurement
18:47:36.797	19	3.956	(318, 226)	(32, 23)	49
18:47:36.829	18	4.03318	(325, 225)	(33, 23)	49
18:47:36.850	19	4.09467	(335, 225)	(34, 23)	49
18:47:36.871	18	4.15778	(345, 225)	(35, 23)	49
18:47:36.891	19	4.25719	(357, 225)	(36, 23)	49
18:47:36.913	18	4.30696	(372, 225)	(37, 23)	49
18:47:36.934	18	4.32489	(375, 225)	(38, 23)	49
18:47:36.954	18	4.38148	(385, 225)	(39, 23)	49
18:47:36.975	18	4.41082	(395, 225)	(40, 23)	49
18:47:36.996	18	4.50785	(405, 225)	(41, 23)	49
18:47:37.017	21	4.53881	(415, 225)	(42, 23)	49
18:47:37.045	22	4.70118	(425, 225)	(43, 23)	49
18:47:37.073	23	4.69363	(435, 226)	(44, 23)	49
18:47:37.101	24	4.69348	(445, 226)	(45, 23)	49
18:47:37.129	24	4.76607	(455, 226)	(46, 23)	49
18:47:37.157	22	4.85111	(465, 227)	(47, 23)	49
18:47:37.183	20	5.01156	(475, 227)	(48, 23)	49
18:47:37.204	21	5.14444	(485, 228)	(49, 23)	49
18:47:37.233	19	5.22889	(495, 228)	(50, 23)	49
18:47:37.254	20	5.36385	(505, 229)	(51, 23)	49
18:47:37.281	24	5.50815	(515, 229)	(52, 23)	49
18:47:37.309	27	5.62415	(525, 229)	(53, 23)	49
18:47:37.345	27	5.81363	(535, 229)	(54, 23)	49
18:47:37.380	27	5.99081	(545, 229)	(55, 23)	49
18:47:37.415	25	6.13911	(555, 229)	(56, 23)	49
18:47:37.448	28	6.25837	(565, 229)	(57, 23)	49
18:47:37.484	27	6.38593	(575, 229)	(58, 23)	49
18:47:37.518	28	6.53215	(585, 229)	(59, 23)	49
18:47:37.554	27	6.75778	(596, 229)	(60, 23)	49
18:47:37.589	24	6.8523	(605, 230)	(61, 23)	49
18:47:37.615	22	6.97808	(615, 230)	(62, 23)	49
18:47:37.643	22	7.16622	(626, 230)	(63, 23)	49
18:47:37.671	22	7.33674	(635, 230)	(64, 23)	49
18:47:37.698	24	7.4643	(645, 230)	(65, 23)	49
18:47:37.727	23	7.59318	(655, 230)	(66, 23)	49
18:47:37.754	24	7.76089	(665, 230)	(67, 23)	49
18:47:37.782	24	7.89615	(680, 230)	(68, 23)	49
18:47:37.809	23	7.99718	(685, 230)	(69, 23)	49
18:47:37.837	22	8.04667	(695, 230)	(70, 23)	49
18:47:37.865	23	8.21378	(705, 230)	(71, 23)	49
18:47:37.893	23	8.35363	(715, 230)	(72, 23)	49
18:47:37.921	22	8.5197	(725, 230)	(73, 23)	49
18:47:37.949	22	8.67659	(735, 230)	(74, 23)	49
18:47:37.976	23	8.95718	(749, 230)	(75, 23)	49
18:47:38.004	23	9.06607	(756, 230)	(76, 23)	49
18:47:38.032	23	9.41363	(766, 230)	(77, 23)	49
18:47:38.059	27	9.464	(775, 230)	(78, 23)	49
18:47:38.088	29	9.66504	(785, 230)	(79, 23)	49
18:47:38.123	29	9.84667	(796, 229)	(80, 23)	49
18:47:38.158	30	9.94222	(805, 229)	(81, 23)	49
18:47:38.193	28	10.2221	(815, 229)	(82, 23)	49
18:47:38.227	25	10.3492	(825, 228)	(83, 23)	49
18:47:38.261	26	10.461	(835, 228)	(84, 23)	49
18:47:38.289	27	10.547	(845, 228)	(85, 23)	49
18:47:38.324	32	10.7323	(855, 228)	(86, 23)	49
18:47:38.360	35	10.8948	(865, 228)	(87, 23)	49
18:47:38.402	35	10.9812	(875, 228)	(88, 23)	49
18:47:38.443	31	11.1167	(885, 228)	(89, 23)	49
18:47:38.477	29	11.3007	(895, 228)	(90, 23)	49
18:47:38.512	30	11.4834	(905, 228)	(91, 23)	49
18:47:38.547	30	11.5521	(915, 228)	(92, 23)	49
18:47:38.582	30	11.8209	(925, 228)	(93, 23)	49
18:47:38.617	30	11.7197	(935, 228)	(94, 23)	49
18:47:38.651	28	11.7727	(945, 227)	(95, 23)	49
18:47:38.686	29	11.9511	(957, 227)	(96, 23)	49
18:47:38.721	28	12.0367	(966, 227)	(97, 23)	49
18:47:38.755	31	12.0572	(975, 227)	(98, 23)	49
18:47:38.791	30	12.1284	(985, 227)	(99, 23)	49
18:47:38.825	31	12.1959	(995, 227)	(100, 23)	49
18:47:38.860	29	12.2359	(1005, 227)	(101, 23)	49
18:47:38.896	28	12.2199	(1015, 226)	(102, 23)	49
18:47:38.928	31	12.3344	(1025, 226)	(103, 23)	49
18:47:38.964	35	12.3963	(1035, 226)	(104, 23)	49
18:47:39.006	34	12.4335	(1045, 225)	(105, 23)	49
18:47:39.048	33	12.3911	(1055, 225)	(106, 23)	49
18:47:39.090	30	12.377	(1065, 225)	(107, 23)	49
18:47:39.124	28	12.448	(1071, 224)	(107, 22)	49
18:47:39.158	28	12.3916	(1075, 224)	(108, 22)	49
18:47:39.194	27	12.271	(1085, 224)	(109, 22)	49
18:47:39.228	28	12.231	(1095, 224)	(110, 22)	49
18:47:39.263	28	12.0818	(1105, 224)	(111, 22)	49
18:47:39.298	26	12.0782	(1115, 224)	(112, 22)	49
18:47:39.332	26	12.1033	(1125, 224)	(113, 22)	49
18:47:39.360	28	12.028	(1135, 224)	(114, 22)	49
18:47:39.395	28	12.0394	(1146, 223)	(115, 22)	49
18:47:39.429	29	11.956	(1155, 223)	(116, 22)	49
18:47:39.465	27	11.9504	(1165, 223)	(117, 22)	49
18:47:39.499	27	11.8747	(1175, 223)	(118, 22)	49
18:47:39.533	26	11.9499	(1185, 223)	(119, 22)	49
18:47:39.561	29	11.9028	(1195, 223)	(120, 22)	49
18:47:39.597	29	11.9671	(1205, 223)	(121, 22)	49
18:47:39.631	32	11.8953	(1215, 223)	(122, 22)	49
18:47:39.667	31	11.9018	(1225, 223)	(123, 22)	49
18:47:39.701	31	11.8572	(1235, 223)	(124, 22)	49
18:47:39.736	31	11.96	(1245, 223)	(125, 22)	49
18:47:39.771	32	12.0006	(1255, 223)	(126, 22)	49
18:47:39.806	31	12.0425	(1265, 224)	(127, 22)	49
18:47:39.840	28	12.1997	(1275, 224)	(128, 22)	49
18:47:39.874	28	12.2295	(1282, 225)	(128, 23)	49
18:47:39.910	27	12.3077	(1285, 225)	(129, 23)	49
18:47:39.943	31	12.3316	(1295, 226)	(130, 23)	49
18:47:39.980	33	12.3102	(1305, 226)	(131, 23)	49
18:47:40.022	33	12.2172	(1316, 228)	(132, 23)	49
18:47:40.063	34	12.0892	(1326, 228)	(133, 23)	49
18:47:40.108	29	12.1536	(1335, 228)	(134, 23)	49
18:47:40.146	27	12.1471	(1345, 229)	(135, 23)	49
18:47:40.181	28	12.2298	(1355, 230)	(136, 23)	49
18:47:40.216	27	12.1545	(1366, 230)	(137, 23)	49
18:47:40.251	28	11.8916	(1375, 230)	(138, 23)	49
18:47:40.285	33	11.8827	(1386, 231)	(139, 23)	49
18:47:40.327	29	11.9224	(1395, 231)	(140, 23)	49
18:47:40.361	28	11.811	(1405, 232)	(141, 23)	49
18:47:40.396	28	11.58	(1415, 232)	(142, 23)	49
18:47:40.431	27	11.483	(1425, 232)	(143, 23)	49
18:47:40.465	28	11.4372	(1435, 233)	(144, 23)	49
18:47:40.501	26	11.3436	(1445, 234)	(145, 23)	49
18:47:40.535	27	11.2341	(1455, 234)	(146, 23)	49
18:47:40.570	28	11.0993	(1465, 234)	(147, 23)	49
18:47:40.604	27	10.9973	(1478, 234)	(148, 23)	49
18:47:40.639	34	10.8584	(1485, 234)	(149, 23)	49
18:47:40.682	37	10.8567	(1488, 235)	(149, 24)	49
18:47:40.726	30	10.7839	(1495, 235)	(150, 24)	49
18:47:40.765	27	10.5422	(1506, 235)	(151, 24)	49
18:47:40.799	24	10.4316	(1516, 235)	(152, 24)	49
18:47:40.826	24	10.4981	(1526, 236)	(153, 24)	49
18:47:40.854	28	10.3431	(1535, 236)	(154, 24)	49
18:47:40.890	30	10.1502	(1546, 236)	(155, 24)	49
18:47:40.925	29	10.2033	(1556, 237)	(156, 24)	49
18:47:40.959	26	10.2404	(1565, 237)	(157, 24)	49
18:47:40.987	25	9.9677	(1575, 238)	(158, 24)	49
18:47:41.014	24	9.67482	(1585, 238)	(159, 24)	49
18:47:41.042	23	9.51526	(1595, 239)	(160, 24)	49
18:47:41.070	23	9.32874	(1605, 239)	(161, 24)	49
18:47:41.098	23	9.20504	(1615, 240)	(162, 24)	49
18:47:41.125	26	9.06252	(1625, 240)	(163, 24)	49
18:47:41.154	29	8.87704	(1636, 241)	(164, 24)	49
18:47:41.188	29	8.87748	(1645, 242)	(165, 24)	49
18:47:41.223	24	8.82341	(1655, 242)	(166, 24)	49
18:47:41.250	24	8.65718	(1666, 243)	(167, 24)	49
18:47:41.278	24	8.50178	(1676, 244)	(168, 24)	49
18:47:41.306	24	8.56222	(1677, 245)	(168, 25)	49
18:47:41.335	24	8.45644	(1686, 245)	(169, 25)	49
18:47:41.362	23	8.29911	(1696, 246)	(170, 25)	49
18:47:41.389	23	8.06993	(1705, 246)	(171, 25)	49
18:47:41.418	23	7.96163	(1715, 248)	(172, 25)	49
18:47:41.445	23	7.68504	(1726, 249)	(173, 25)	49
18:47:41.474	22	7.4757	(1735, 250)	(174, 25)	49
18:47:41.501	23	7.24548	(1745, 251)	(175, 25)	49
18:47:41.529	23	7.15452	(1755, 253)	(176, 25)	49
18:47:41.557	30	6.96978	(1765, 254)	(177, 25)	49
18:47:41.592	32	6.92519	(1768, 255)	(177, 26)	49
18:47:41.635	23	6.85496	(1775, 256)	(178, 26)	49
18:47:41.661	22	6.86178	(1785, 258)	(179, 26)	49
18:47:41.689	28	6.70311	(1795, 260)	(180, 26)	49
18:47:41.725	29	6.59822	(1805, 262)	(181, 26)	49
18:47:41.759	31	6.51333	(1815, 264)	(182, 26)	49
18:47:41.795	29	6.50074	(1817, 265)	(182, 27)	49
18:47:41.828	23	6.73333	(1825, 267)	(183, 27)	49
18:47:41.855	20	6.46	(1838, 271)	(184, 27)	49
18:47:41.885	29	6.37215	(1845, 273)	(185, 27)	49
18:47:41.920	29	6.3243	(1849, 275)	(185, 28)	49
18:47:41.954	28	6.18978	(1858, 278)	(186, 28)	49
18:47:41.988	26	6.11319	(1865, 280)	(187, 28)	49
18:47:42.024	25	6.07526	(1874, 285)	(187, 29)	49
18:47:42.058	21	6.09882	(1875, 285)	(188, 29)	49
18:47:42.085	20	6.03704	(1885, 289)	(189, 29)	49
18:47:42.112	21	5.94385	(1895, 294)	(190, 29)	49
18:47:42.140	20	6.00148	(1895, 295)	(190, 30)	49
18:47:42.161	21	5.91896	(1905, 299)	(191, 30)	49
18:47:42.189	21	5.79289	(1912, 305)	(191, 31)	49
18:47:42.217	20	5.85407	(1915, 307)	(192, 31)	49
18:47:42.245	20	5.7437	(1925, 314)	(193, 31)	49
18:47:42.273	30	5.68696	(1926, 315)	(193, 32)	49
18:47:42.307	20	5.572	(1935, 322)	(194, 32)	49
18:47:42.328	19	5.58993	(1937, 325)	(194, 33)	49
18:47:42.349	19	5.49674	(1945, 333)	(195, 33)	49
18:47:42.370	19	5.39348	(1947, 335)	(195, 34)	49
18:47:42.390	20	5.3437	(1955, 344)	(196, 34)	49
18:47:42.412	19	5.36015	(1955, 345)	(196, 35)	49
18:47:42.432	20	5.25155	(1963, 355)	(196, 36)	49
18:47:42.453	19	5.27719	(1965, 358)	(197, 36)	49
18:47:42.474	19	5.21111	(1968, 365)	(197, 37)	49
18:47:42.495	19	5.16681	(1973, 375)	(197, 38)	49
18:47:42.515	20	5.14978	(1975, 379)	(198, 38)	49
18:47:42.537	19	5.15185	(1976, 385)	(198, 39)	49
18:47:42.557	19	5.11304	(1980, 395)	(198, 40)	49
18:47:42.578	20	5.08696	(1982, 405)	(198, 41)	49
18:47:42.600	19	5.09763	(1984, 415)	(198, 42)	49
18:47:42.621	19	5.09007	(1985, 417)	(199, 42)	49
18:47:42.641	19	5.14904	(1985, 425)	(199, 43)	49
18:47:42.662	19	5.1477	(1987, 435)	(199, 44)	49
18:47:42.683	19	5.17526	(1988, 445)	(199, 45)	49
18:47:42.703	19	5.20681	(1989, 455)	(199, 46)	49
18:47:42.724	25	5.188	(1989, 465)	(199, 47)	49
18:47:42.752	19	5.2877	(1989, 475)	(199, 48)	49
18:47:42.773	19	5.31052	(1988, 485)	(199, 49)	49
18:47:42.794	19	5.38474	(1985, 495)	(199, 50)	49
18:47:42.814	20	5.40948	(1984, 495)	(198, 50)	49
18:47:42.836	19	5.45141	(1980, 505)	(198, 51)	49
18:47:42.856	20	5.59644	(1972, 516)	(197, 52)	49
18:47:42.884	22	5.73644	(1965, 525)	(197, 53)	49
18:47:42.913	24	5.71333	(1964, 526)	(196, 53)	49
18:47:42.941	25	5.86178	(1954, 534)	(195, 53)	49
18:47:42.975	25	6.18578	(1953, 535)	(195, 54)	49
18:47:43.003	26	6.03407	(1944, 539)	(194, 54)	49
18:47:43.031	26	6.18044	(1937, 545)	(194, 55)	49
18:47:43.060	23	6.25126	(1934, 547)	(193, 55)	49
18:47:43.086	22	6.728	(1924, 555)	(192, 56)	49
18:47:43.114	22	6.98341	(1914, 561)	(191, 56)	49
18:47:43.142	27	7.12459	(1907, 565)	(191, 57)	49
18:47:43.177	28	7.23244	(1904, 567)	(190, 57)	49
18:47:43.212	29	7.44681	(1894, 572)	(189, 57)	49
18:47:43.247	28	7.59896	(1890, 575)	(189, 58)	49
18:47:43.282	25	7.73793	(1884, 577)	(188, 58)	49
18:47:43.316	24	8.05926	(1874, 581)	(187, 58)	49
18:47:43.343	25	8.3683	(1866, 585)	(187, 59)	49
18:47:43.371	24	8.37896	(1864, 585)	(186, 59)	49
18:47:43.399	25	8.47378	(1854, 590)	(185, 59)	49
18:47:43.426	26	8.66489	(1844, 594)	(184, 59)	49
18:47:43.455	25	8.67156	(1843, 595)	(184, 60)	49
18:47:43.483	25	8.85718	(1834, 597)	(183, 60)	49
18:47:43.510	25	9.02207	(1823, 601)	(182, 60)	49
18:47:43.538	23	9.12267	(1810, 606)	(181, 61)	49
18:47:43.566	23	9.24	(1804, 609)	(180, 61)	49
18:47:43.593	26	9.40904	(1794, 612)	(179, 61)	49
18:47:43.622	25	9.50148	(1787, 615)	(179, 62)	49
18:47:43.650	25	9.53926	(1784, 616)	(178, 62)	49
18:47:43.677	26	9.6643	(1774, 619)	(177, 62)	49
18:47:43.705	25	9.79719	(1764, 622)	(176, 62)	49
18:47:43.733	24	9.94252	(1758, 625)	(176, 63)	49
18:47:43.760	25	9.93215	(1754, 626)	(175, 63)	49
18:47:43.788	27	10.1695	(1744, 628)	(174, 63)	49
18:47:43.824	26	10.1964	(1734, 631)	(173, 63)	49
18:47:43.858	26	10.4853	(1724, 633)	(172, 63)	49
18:47:43.893	25	10.5153	(1715, 635)	(172, 64)	49
18:47:43.920	26	10.5692	(1714, 635)	(171, 64)	49
18:47:43.948	26	10.6336	(1704, 637)	(170, 64)	49
18:47:43.976	26	10.7732	(1694, 638)	(169, 64)	49
18:47:44.005	26	10.8227	(1684, 640)	(168, 64)	49
18:47:44.039	25	10.9024	(1674, 641)	(167, 64)	49
18:47:44.067	26	11.0548	(1664, 642)	(166, 64)	49
18:47:44.101	26	11.0985	(1654, 643)	(165, 64)	49
18:47:44.129	26	11.2268	(1644, 644)	(164, 64)	49
18:47:44.163	28	11.2982	(1633, 644)	(163, 64)	49
18:47:44.200	34	11.3927	(1624, 644)	(162, 64)	49
18:47:44.242	33	11.4053	(1614, 644)	(161, 64)	49
18:47:44.283	33	11.5113	(1604, 644)	(160, 64)	49
18:47:44.324	27	11.6093	(1594, 644)	(159, 64)	49
18:47:44.358	28	11.7108	(1584, 644)	(158, 64)	49
18:47:44.393	29	11.8024	(1574, 644)	(157, 64)	49
18:47:44.428	28	11.919	(1564, 644)	(156, 64)	49
18:47:44.463	29	11.9843	(1554, 644)	(155, 64)	49
18:47:44.497	29	12.0228	(1548, 645)	(155, 65)	49
18:47:44.532	29	12.0444	(1544, 645)	(154, 65)	49
18:47:44.567	29	12.1413	(1534, 645)	(153, 65)	49
18:47:44.602	30	12.5468	(1524, 646)	(152, 65)	49
18:47:44.636	30	12.3425	(1514, 647)	(151, 65)	49
18:47:44.672	29	12.7317	(1504, 648)	(150, 65)	49
18:47:44.707	30	12.3559	(1494, 649)	(149, 65)	49
18:47:44.741	29	12.6858	(1484, 651)	(148, 65)	49
18:47:44.775	29	12.4836	(1474, 652)	(147, 65)	49
18:47:44.810	29	12.5018	(1464, 652)	(146, 65)	49
18:47:44.845	29	12.4929	(1454, 653)	(145, 65)	49
18:47:44.880	29	12.4652	(1444, 654)	(144, 65)	49
18:47:44.914	29	12.3827	(1434, 654)	(143, 65)	49
18:47:44.950	29	12.289	(1419, 654)	(142, 65)	49
18:47:44.984	26	12.2625	(1414, 654)	(141, 65)	49
18:47:45.012	26	12.0984	(1404, 654)	(140, 65)	49
18:47:45.040	26	12.1178	(1394, 654)	(139, 65)	49
18:47:45.067	27	12.0991	(1384, 654)	(138, 65)	49
18:47:45.103	30	11.981	(1374, 654)	(137, 65)	49
18:47:45.138	29	11.868	(1356, 653)	(136, 65)	49
18:47:45.172	26	11.9034	(1354, 653)	(135, 65)	49
18:47:45.206	26	11.7981	(1344, 652)	(134, 65)	49
18:47:45.234	26	11.7203	(1334, 651)	(133, 65)	49
18:47:45.262	26	11.7634	(1323, 651)	(132, 65)	49
18:47:45.296	29	11.6698	(1314, 650)	(131, 65)	49
18:47:45.332	27	11.5007	(1303, 649)	(130, 65)	49
18:47:45.367	27	11.5093	(1294, 648)	(129, 65)	49
18:47:45.401	26	11.4597	(1284, 647)	(128, 65)	49
18:47:45.429	26	11.4695	(1274, 647)	(127, 65)	49
18:47:45.463	33	11.4523	(1264, 646)	(126, 65)	49
18:47:45.500	35	11.4102	(1256, 644)	(126, 64)	49
18:47:45.542	33	11.373	(1254, 644)	(125, 64)	49
18:47:45.582	28	11.4717	(1244, 643)	(124, 64)	49
18:47:45.616	28	11.4948	(1234, 643)	(123, 64)	49
18:47:45.651	33	11.5039	(1224, 641)	(122, 64)	49
18:47:45.687	35	11.4951	(1214, 641)	(121, 64)	49
18:47:45.729	35	11.4036	(1204, 641)	(120, 64)	49
18:47:45.772	35	11.4376	(1194, 640)	(119, 64)	49
18:47:45.811	29	11.3095	(1184, 639)	(118, 64)	49
18:47:45.846	29	11.2102	(1174, 639)	(117, 64)	49
18:47:45.881	29	11.1892	(1164, 637)	(116, 64)	49
18:47:45.915	30	11.0513	(1154, 637)	(115, 64)	49
18:47:45.951	28	11.0679	(1144, 636)	(114, 64)	49
18:47:45.986	29	10.9566	(1134, 636)	(113, 64)	49
18:47:46.021	29	10.9721	(1124, 635)	(112, 64)	49
18:47:46.055	28	10.9809	(1114, 635)	(111, 64)	49
18:47:46.090	30	11.2636	(1110, 634)	(111, 63)	49
18:47:46.125	28	10.9987	(1104, 634)	(110, 63)	49
18:47:46.160	29	10.9404	(1093, 633)	(109, 63)	49
18:47:46.194	30	10.8705	(1084, 632)	(108, 63)	49
18:47:46.229	26	10.9393	(1074, 632)	(107, 63)	49
18:47:46.263	25	11.0538	(1064, 631)	(106, 63)	49
18:47:46.291	32	11.0787	(1051, 631)	(105, 63)	49
18:47:46.326	25	11.2053	(1032, 629)	(103, 63)	49
18:47:46.353	26	11.1705	(1024, 629)	(102, 63)	49
18:47:46.381	26	11.2704	(1014, 629)	(101, 63)	49
18:47:46.409	27	11.3019	(1004, 628)	(100, 63)	49
18:47:46.444	26	11.417	(994, 627)	(99, 63)	49
18:47:46.479	26	11.3437	(984, 627)	(98, 63)	49
18:47:46.506	25	11.3985	(974, 627)	(97, 63)	49
18:47:46.535	25	11.5022	(964, 626)	(96, 63)	49
18:47:46.562	25	11.4071	(954, 626)	(95, 63)	49
18:47:46.589	25	11.4884	(944, 626)	(94, 63)	49
18:47:46.617	30	11.5253	(934, 625)	(93, 63)	49
18:47:46.653	29	11.4622	(927, 624)	(93, 62)	49
18:47:46.687	28	11.4736	(924, 624)	(92, 62)	49
18:47:46.722	31	11.4564	(914, 623)	(91, 62)	49
18:47:46.757	31	11.4427	(904, 622)	(90, 62)	49
18:47:46.791	32	11.3379	(894, 621)	(89, 62)	49
18:47:46.827	30	11.4801	(884, 620)	(88, 62)	49
18:47:46.862	30	11.4887	(873, 619)	(87, 62)	49
18:47:46.896	30	11.1639	(864, 619)	(86, 62)	49
18:47:46.930	26	11.1681	(854, 619)	(85, 62)	49
18:47:46.966	31	11.1342	(843, 618)	(84, 62)	49
18:47:47.000	30	11.1164	(834, 618)	(83, 62)	49
18:47:47.035	30	11.1652	(823, 617)	(82, 62)	49
18:47:47.070	31	11.1068	(814, 617)	(81, 62)	49
18:47:47.104	25	11.1089	(804, 617)	(80, 62)	49
18:47:47.131	27	11.1114	(794, 617)	(79, 62)	49
18:47:47.160	30	11.4541	(784, 616)	(78, 62)	49
18:47:47.195	30	11.4769	(772, 616)	(77, 62)	49
18:47:47.232	30	11.5273	(764, 615)	(76, 62)	49
18:47:47.266	31	11.4582	(754, 615)	(75, 62)	49
18:47:47.299	42	11.48	(744, 615)	(74, 62)	49
18:47:47.347	27	11.5967	(734, 615)	(73, 62)	49
18:47:47.382	27	11.5166	(724, 615)	(72, 62)	49
18:47:47.416	27	11.4166	(714, 615)	(71, 62)	49
18:47:47.451	28	11.4099	(704, 615)	(70, 62)	49
18:47:47.487	26	11.2516	(694, 615)	(69, 62)	49
18:47:47.515	26	11.1237	(684, 615)	(68, 62)	49
18:47:47.549	30	10.9505	(674, 615)	(67, 62)	49
18:47:47.584	32	11.0702	(664, 616)	(66, 62)	49
18:47:47.619	32	10.9427	(654, 617)	(65, 62)	49
18:47:47.656	31	10.7853	(644, 618)	(64, 62)	49
18:47:47.697	29	10.7348	(634, 618)	(63, 62)	49
18:47:47.731	26	10.7421	(624, 619)	(62, 62)	49
18:47:47.765	28	10.4116	(614, 619)	(61, 62)	49
18:47:47.800	28	10.4677	(604, 621)	(60, 62)	49
18:47:47.834	28	10.2539	(594, 621)	(59, 62)	49
18:47:47.869	28	10.1816	(584, 622)	(58, 62)	49
18:47:47.904	26	10.119	(574, 624)	(57, 62)	49
18:47:47.932	24	9.94178	(566, 625)	(57, 63)	49
18:47:47.959	27	9.93363	(564, 625)	(56, 63)	49
18:47:47.995	29	9.74356	(554, 625)	(55, 63)	49
18:47:48.030	28	9.50948	(544, 626)	(54, 63)	49
18:47:48.064	29	9.37126	(534, 628)	(53, 63)	49
18:47:48.099	27	9.1597	(524, 629)	(52, 63)	49
18:47:48.133	23	9.03911	(514, 631)	(51, 63)	49
18:47:48.161	22	8.89348	(504, 633)	(50, 63)	49
18:47:48.189	23	8.83022	(494, 634)	(49, 63)	49
18:47:48.216	22	8.72044	(493, 635)	(49, 64)	49
18:47:48.244	22	8.54726	(484, 637)	(48, 64)	49
18:47:48.272	26	8.34978	(467, 641)	(47, 64)	49
18:47:48.301	27	8.18089	(464, 642)	(46, 64)	49
18:47:48.335	26	8.11556	(458, 645)	(46, 65)	49
18:47:48.364	23	8.06237	(454, 646)	(45, 65)	49
18:47:48.390	23	7.84252	(444, 650)	(44, 65)	49
18:47:48.418	22	7.61052	(434, 654)	(43, 65)	49
18:47:48.446	22	7.61911	(432, 655)	(43, 66)	49
18:47:48.473	22	7.37793	(424, 658)	(42, 66)	49
18:47:48.501	22	7.26237	(414, 662)	(41, 66)	49
18:47:48.529	22	7.17363	(409, 665)	(41, 67)	49
18:47:48.557	21	7.15378	(404, 667)	(40, 67)	49
18:47:48.584	22	6.97719	(394, 671)	(39, 67)	49
18:47:48.612	22	6.79778	(387, 675)	(39, 68)	49
18:47:48.641	22	6.7363	(384, 676)	(38, 68)	49
18:47:48.669	21	6.50859	(374, 680)	(37, 68)	49
18:47:48.696	22	6.36874	(367, 685)	(37, 69)	49
18:47:48.725	21	6.29037	(364, 687)	(36, 69)	49
18:47:48.751	21	6.0037	(356, 695)	(36, 70)	49
18:47:48.779	21	5.95185	(354, 695)	(35, 70)	49
18:47:48.807	21	5.692	(344, 704)	(34, 70)	49
18:47:48.835	21	5.67941	(344, 705)	(34, 71)	49
18:47:48.863	20	5.58993	(337, 715)	(34, 72)	49
18:47:48.891	20	5.492	(335, 725)	(34, 73)	49
18:47:48.919	20	5.42681	(334, 727)	(33, 73)	49
18:47:48.946	21	5.33926	(331, 735)	(33, 74)	49
18:47:48.975	19	5.22341	(329, 746)	(33, 75)	49
18:47:48.995	20	5.16282	(329, 755)	(33, 76)	49
18:47:49.023	19	5.04919	(329, 765)	(33, 77)	49
18:47:49.044	19	5.03126	(329, 775)	(33, 78)	49
18:47:49.065	20	4.90489	(329, 785)	(33, 79)	49
18:47:49.093	19	4.83096	(329, 795)	(33, 80)	49
18:47:49.113	20	4.79126	(329, 805)	(33, 81)	49
18:47:49.141	20	4.68622	(329, 833)	(33, 83)	49
18:47:49.169	19	4.69555	(329, 836)	(33, 84)	49
18:47:49.196	20	4.72711	(329, 845)	(33, 85)	49
18:47:49.218	19	4.74356	(329, 855)	(33, 86)	49
18:47:49.239	19	4.74815	(330, 865)	(33, 87)	49
18:47:49.259	20	4.74282	(332, 875)	(33, 88)	49
18:47:49.287	19	4.68548	(335, 883)	(34, 88)	49
18:47:49.308	19	4.67896	(335, 885)	(34, 89)	49
18:47:49.335	29	4.62845	(338, 895)	(34, 90)	49
18:47:49.370	19	4.70607	(341, 905)	(34, 91)	49
18:47:49.391	18	4.72074	(345, 914)	(35, 91)	49
18:47:49.412	18	4.70637	(346, 915)	(35, 92)	49
18:47:49.433	19	4.73496	(350, 925)	(35, 93)	49
18:47:49.454	18	4.6963	(355, 931)	(36, 93)	49
18:47:49.474	18	4.72518	(357, 935)	(36, 94)	49
18:47:49.495	18	4.71733	(364, 945)	(36, 95)	49
18:47:49.516	19	4.69526	(365, 945)	(37, 95)	49
18:47:49.537	19	4.70933	(373, 955)	(37, 96)	49
18:47:49.558	19	4.76652	(375, 956)	(38, 96)	49
18:47:49.578	18	4.78148	(384, 965)	(38, 97)	49
18:47:49.599	18	4.79718	(385, 966)	(39, 97)	49
18:47:49.620	18	4.86622	(395, 975)	(40, 98)	49
18:47:49.641	19	4.95882	(405, 982)	(41, 98)	49
18:47:49.662	19	5.02993	(411, 987)	(41, 99)	49
18:47:49.683	20	5.06919	(415, 989)	(42, 99)	49
18:47:49.704	19	5.11245	(423, 995)	(42, 100)	49
18:47:49.725	19	5.09659	(425, 996)	(43, 100)	49
18:47:49.746	19	5.15215	(435, 1001)	(44, 100)	49
18:47:49.767	19	5.20444	(441, 1005)	(44, 101)	49
18:47:49.787	20	5.24711	(446, 1007)	(45, 101)	49
18:47:49.808	20	5.34667	(455, 1012)	(46, 101)	49
18:47:49.836	20	5.44326	(461, 1015)	(46, 102)	49
18:47:49.857	19	5.50518	(465, 1017)	(47, 102)	49
18:47:49.878	19	5.75689	(475, 1022)	(48, 102)	49
18:47:49.898	19	5.80222	(481, 1025)	(48, 103)	49
18:47:49.919	20	5.90356	(485, 1026)	(49, 103)	49
18:47:49.941	20	6.06948	(495, 1030)	(50, 103)	49
18:47:49.968	20	6.13926	(505, 1034)	(51, 103)	49
18:47:49.996	21	6.16489	(506, 1035)	(51, 104)	49
18:47:50.023	22	6.3323	(515, 1037)	(52, 104)	49
18:47:50.053	26	6.40385	(525, 1040)	(53, 104)	49
18:47:50.087	26	6.58222	(540, 1043)	(54, 104)	49
18:47:50.121	26	6.63467	(545, 1044)	(55, 104)	49
18:47:50.156	23	6.7043	(549, 1045)	(55, 105)	49
18:47:50.183	23	6.84756	(555, 1046)	(56, 105)	49
18:47:50.212	21	7.08119	(577, 1050)	(58, 105)	49
18:47:50.240	25	7.15704	(585, 1052)	(59, 105)	49
18:47:50.270	27	7.25082	(595, 1053)	(60, 105)	49
18:47:50.303	28	7.3877	(605, 1054)	(61, 105)	49
18:47:50.338	35	7.42519	(608, 1055)	(61, 106)	49
18:47:50.380	24	7.4917	(615, 1056)	(62, 106)	49
18:47:50.406	23	7.62533	(625, 1057)	(63, 106)	49
18:47:50.434	22	7.73807	(635, 1058)	(64, 106)	49
18:47:50.463	32	7.79704	(645, 1059)	(65, 106)	49
18:47:50.498	31	7.91378	(655, 1060)	(66, 106)	49
18:47:50.533	30	8.02563	(665, 1061)	(67, 106)	49
18:47:50.567	27	8.14933	(675, 1061)	(68, 106)	49
18:47:50.602	26	8.53644	(685, 1063)	(69, 106)	49
18:47:50.636	26	8.40756	(695, 1063)	(70, 106)	49
18:47:50.671	26	8.636	(705, 1064)	(71, 106)	49
18:47:50.705	26	8.83896	(715, 1064)	(72, 106)	49
18:47:50.741	27	9.14326	(719, 1065)	(72, 107)	49
18:47:50.775	27	9.00252	(725, 1065)	(73, 107)	49
18:47:50.810	25	9.13244	(735, 1066)	(74, 107)	49
18:47:50.837	24	9.33659	(745, 1066)	(75, 107)	49
18:47:50.865	26	9.51215	(755, 1066)	(76, 107)	49
18:47:50.894	27	9.76341	(765, 1066)	(77, 107)	49
18:47:50.928	28	9.71467	(775, 1067)	(78, 107)	49
18:47:50.963	28	10.1766	(785, 1067)	(79, 107)	49
18:47:50.998	29	10.1865	(795, 1068)	(80, 107)	49
18:47:51.032	28	10.4065	(805, 1069)	(81, 107)	49
18:47:51.067	29	10.7247	(815, 1070)	(82, 107)	49
18:47:51.102	29	10.7898	(825, 1071)	(83, 107)	49
18:47:51.136	29	11.0249	(835, 1072)	(84, 107)	49
18:47:51.172	29	11.0867	(845, 1073)	(85, 107)	49
18:47:51.208	31	11.2439	(856, 1074)	(86, 107)	49
18:47:51.241	25	11.4421	(862, 1075)	(86, 108)	49
18:47:51.269	25	11.5013	(865, 1075)	(87, 108)	49
18:47:51.296	29	11.824	(875, 1075)	(88, 108)	49
18:47:51.338	32	11.8644	(885, 1076)	(89, 108)	49
18:47:51.373	31	12.0976	(895, 1077)	(90, 108)	49
18:47:51.408	29	12.16	(905, 1078)	(91, 108)	49
18:47:51.442	26	12.3597	(915, 1078)	(92, 108)	49
18:47:51.469	27	12.4719	(925, 1079)	(93, 108)	49
18:47:51.498	29	12.4785	(935, 1080)	(94, 108)	49
18:47:51.533	32	12.5899	(945, 1081)	(95, 108)	49
18:47:51.567	34	12.8773	(955, 1082)	(96, 108)	49
18:47:51.610	32	12.9646	(965, 1082)	(97, 108)	49
18:47:51.651	29	13.0578	(975, 1083)	(98, 108)	49
18:47:51.685	33	13.288	(986, 1083)	(99, 108)	49
18:47:51.721	34	13.3018	(995, 1084)	(100, 108)	49
18:47:51.762	35	13.3791	(1005, 1084)	(101, 108)	49
18:47:51.804	35	13.5215	(1015, 1084)	(102, 108)	49
18:47:51.846	28	13.5019	(1017, 1085)	(102, 109)	49
18:47:51.880	30	13.6615	(1025, 1085)	(103, 109)	49
18:47:51.915	35	13.7452	(1040, 1085)	(104, 109)	49
18:47:51.959	41	13.8021	(1048, 1085)	(105, 109)	49
18:47:52.008	43	13.8196	(1055, 1086)	(106, 109)	49
18:47:52.055	32	13.8679	(1065, 1086)	(107, 109)	49
18:47:52.089	30	14.0059	(1075, 1086)	(108, 109)	49
18:47:52.124	33	13.9465	(1085, 1086)	(109, 109)	49
18:47:52.166	33	13.8701	(1096, 1086)	(110, 109)	49
18:47:52.209	32	13.8982	(1105, 1086)	(111, 109)	49
18:47:52.249	34	13.9724	(1115, 1086)	(112, 109)	49
18:47:52.291	34	13.9012	(1126, 1086)	(113, 109)	49
18:47:52.332	34	13.8941	(1135, 1086)	(114, 109)	49
18:47:52.374	33	13.8684	(1146, 1086)	(115, 109)	49
18:47:52.416	34	13.9591	(1155, 1086)	(116, 109)	49
18:47:52.458	33	13.7071	(1166, 1086)	(117, 109)	49
18:47:52.499	30	13.7095	(1175, 1086)	(118, 109)	49
18:47:52.534	28	13.5338	(1185, 1085)	(119, 109)	49
18:47:52.568	32	13.5981	(1188, 1084)	(119, 108)	49
18:47:52.604	37	13.4597	(1195, 1084)	(120, 108)	49
18:47:52.646	37	13.3828	(1205, 1082)	(121, 108)	49
18:47:52.688	34	13.2831	(1215, 1081)	(122, 108)	49
18:47:52.728	27	13.3249	(1225, 1081)	(123, 108)	49
18:47:52.756	27	13.3176	(1235, 1081)	(124, 108)	49
18:47:52.791	31	13.3024	(1245, 1080)	(125, 108)	49
18:47:52.826	33	13.2153	(1255, 1080)	(126, 108)	49
18:47:52.868	31	13.2302	(1265, 1079)	(127, 108)	49
18:47:52.902	27	13.3124	(1275, 1078)	(128, 108)	49
18:47:52.937	27	13.3396	(1286, 1077)	(129, 108)	49
18:47:52.971	30	13.4759	(1295, 1077)	(130, 108)	49
18:47:53.006	35	13.427	(1305, 1077)	(131, 108)	49
18:47:53.048	37	13.2843	(1315, 1077)	(132, 108)	49
18:47:53.093	34	13.227	(1325, 1077)	(133, 108)	49
18:47:53.131	33	13.2827	(1335, 1077)	(134, 108)	49
18:47:53.166	27	13.3369	(1345, 1077)	(135, 108)	49
18:47:53.201	29	13.3321	(1355, 1077)	(136, 108)	49
18:47:53.236	29	13.259	(1365, 1079)	(137, 108)	49
18:47:53.270	29	13.2339	(1375, 1080)	(138, 108)	49
18:47:53.305	28	13.1418	(1385, 1081)	(139, 108)	49
18:47:53.340	28	13.0001	(1395, 1081)	(140, 108)	49
18:47:53.374	30	12.8187	(1405, 1083)	(141, 108)	49
18:47:53.411	36	12.7481	(1416, 1084)	(142, 108)	49
18:47:53.452	36	12.735	(1418, 1085)	(142, 109)	49
18:47:53.494	34	12.6425	(1425, 1085)	(143, 109)	49
18:47:53.536	27	12.3563	(1437, 1088)	(144, 109)	49
18:47:53.570	28	12.1668	(1445, 1088)	(145, 109)	49
18:47:53.604	28	11.9652	(1455, 1089)	(146, 109)	49
18:47:53.639	34	11.8397	(1465, 1090)	(147, 109)	49
18:47:53.682	36	11.6081	(1476, 1091)	(148, 109)	49
18:47:53.726	29	11.4893	(1485, 1092)	(149, 109)	49
18:47:53.757	28	11.2967	(1495, 1093)	(150, 109)	49
18:47:53.792	27	11.147	(1505, 1093)	(151, 109)	49
18:47:53.827	27	10.8573	(1515, 1093)	(152, 109)	49
18:47:53.861	27	10.5973	(1525, 1093)	(153, 109)	49
18:47:53.896	27	10.4409	(1535, 1094)	(154, 109)	49
18:47:53.931	29	10.4206	(1545, 1094)	(155, 109)	49
18:47:53.966	27	10.0213	(1555, 1094)	(156, 109)	49
18:47:54.001	26	9.8597	(1565, 1094)	(157, 109)	49
18:47:54.035	26	9.80104	(1566, 1095)	(157, 110)	49
18:47:54.070	25	9.61185	(1575, 1095)	(158, 110)	49
18:47:54.097	27	9.44	(1585, 1095)	(159, 110)	49
18:47:54.135	25	9.32504	(1596, 1096)	(160, 110)	49
18:47:54.167	24	9.22533	(1605, 1096)	(161, 110)	49
18:47:54.194	23	9.04444	(1615, 1096)	(162, 110)	49
18:47:54.222	24	8.86815	(1625, 1097)	(163, 110)	49
18:47:54.251	27	8.784	(1635, 1097)	(164, 110)	49
18:47:54.286	26	8.53615	(1645, 1097)	(165, 110)	49
18:47:54.321	27	8.32474	(1655, 1098)	(166, 110)	49
18:47:54.355	24	8.17689	(1665, 1098)	(167, 110)	49
18:47:54.383	22	8.06252	(1675, 1099)	(168, 110)	49
18:47:54.410	21	7.83837	(1685, 1099)	(169, 110)	49
18:47:54.438	24	7.68607	(1695, 1100)	(170, 110)	49
18:47:54.467	26	7.74785	(1705, 1100)	(171, 110)	49
18:47:54.501	27	7.29585	(1715, 1101)	(172, 110)	49
18:47:54.538	23	7.10593	(1725, 1101)	(173, 110)	49
18:47:54.563	23	6.86518	(1735, 1103)	(174, 110)	49
18:47:54.592	27	6.59748	(1748, 1104)	(175, 110)	49
18:47:54.627	31	6.36222	(1753, 1105)	(175, 111)	49
18:47:54.662	30	6.42859	(1755, 1105)	(176, 111)	49
18:47:54.697	29	6.26015	(1765, 1106)	(177, 111)	49
18:47:54.731	28	6.2603	(1775, 1107)	(178, 111)	49
18:47:54.765	22	6.07185	(1785, 1108)	(179, 111)	49
18:47:54.793	22	5.69215	(1798, 1109)	(180, 111)	49
18:47:54.820	23	5.54059	(1806, 1111)	(181, 111)	49
18:47:54.849	22	5.41289	(1815, 1112)	(182, 111)	49
18:47:54.877	22	5.53393	(1825, 1112)	(183, 111)	49
18:47:54.904	22	5.18533	(1835, 1113)	(184, 111)	49
18:47:54.932	22	4.99526	(1850, 1114)	(185, 111)	49
18:47:54.960	22	4.93496	(1855, 1114)	(186, 111)	49
18:47:54.988	22	5.1397	(1858, 1115)	(186, 112)	49
18:47:55.016	21	4.84489	(1865, 1116)	(187, 112)	49
18:47:55.043	21	4.76919	(1877, 1117)	(188, 112)	49
18:47:55.071	22	4.8963	(1885, 1118)	(189, 112)	49
18:47:55.099	21	4.62267	(1895, 1120)	(190, 112)	49
18:47:55.127	21	4.52919	(1905, 1121)	(191, 112)	49
18:47:55.156	19	2.62074	(0, 0)	(0, 0)	49
EOM

