BOM
Frame extends: 2263, 1306
_ms_area: 10
measurements taken: 585
current rendering method: 2
is mouse replay: 1
Camera settings: Roation Quaternion: ( 0.270292, -0.458031, -0.746773, 0.399332), Translationsvektor: ( -0.0583296, 0.0137825, 2.035).
System_Time	Elapsed_Time_PaintGL	Elapsed_Kernel_Time	Frame_Coordinates	Grid_Position	Manual_Measurement
18:48:00.675	19	8.35393	(318, 226)	(32, 23)	49
18:48:00.701	18	8.31541	(325, 225)	(33, 23)	49
18:48:00.722	17	8.37822	(335, 225)	(34, 23)	49
18:48:00.743	17	8.37156	(345, 225)	(35, 23)	49
18:48:00.764	18	8.42444	(357, 225)	(36, 23)	49
18:48:00.785	17	8.52993	(372, 225)	(37, 23)	49
18:48:00.805	18	8.52119	(375, 225)	(38, 23)	49
18:48:00.826	19	8.60593	(385, 225)	(39, 23)	49
18:48:00.848	18	8.52045	(395, 225)	(40, 23)	49
18:48:00.868	18	8.48607	(405, 225)	(41, 23)	49
18:48:00.889	21	8.44815	(415, 225)	(42, 23)	49
18:48:00.918	22	8.56607	(425, 225)	(43, 23)	49
18:48:00.946	21	8.52622	(435, 226)	(44, 23)	49
18:48:00.973	22	8.50978	(445, 226)	(45, 23)	49
18:48:01.003	21	8.54356	(455, 226)	(46, 23)	49
18:48:01.029	22	8.75822	(465, 227)	(47, 23)	49
18:48:01.057	23	8.70682	(475, 227)	(48, 23)	49
18:48:01.085	19	8.70726	(485, 228)	(49, 23)	49
18:48:01.105	20	8.81289	(495, 228)	(50, 23)	49
18:48:01.133	21	8.816	(505, 229)	(51, 23)	49
18:48:01.161	21	8.92341	(515, 229)	(52, 23)	49
18:48:01.189	22	8.88667	(525, 229)	(53, 23)	49
18:48:01.217	21	8.86	(535, 229)	(54, 23)	49
18:48:01.245	22	8.95556	(545, 229)	(55, 23)	49
18:48:01.273	22	9.09378	(555, 229)	(56, 23)	49
18:48:01.300	21	8.92311	(565, 229)	(57, 23)	49
18:48:01.328	21	9.03407	(575, 229)	(58, 23)	49
18:48:01.356	22	9.14741	(585, 229)	(59, 23)	49
18:48:01.384	22	9.12444	(596, 229)	(60, 23)	49
18:48:01.412	22	9.20904	(605, 230)	(61, 23)	49
18:48:01.439	19	9.10696	(615, 230)	(62, 23)	49
18:48:01.466	20	9.19926	(626, 230)	(63, 23)	49
18:48:01.494	19	9.34415	(635, 230)	(64, 23)	49
18:48:01.515	20	9.18311	(645, 230)	(65, 23)	49
18:48:01.543	20	9.30444	(655, 230)	(66, 23)	49
18:48:01.571	24	9.34193	(665, 230)	(67, 23)	49
18:48:01.599	24	9.36222	(680, 230)	(68, 23)	49
18:48:01.627	24	9.51467	(685, 230)	(69, 23)	49
18:48:01.655	24	9.60711	(695, 230)	(70, 23)	49
18:48:01.685	24	9.55941	(705, 230)	(71, 23)	49
18:48:01.717	19	9.64341	(715, 230)	(72, 23)	49
18:48:01.744	21	9.69037	(725, 230)	(73, 23)	49
18:48:01.773	25	9.62578	(735, 230)	(74, 23)	49
18:48:01.809	25	9.88207	(749, 230)	(75, 23)	49
18:48:01.843	22	9.85007	(756, 230)	(76, 23)	49
18:48:01.870	22	9.92681	(766, 230)	(77, 23)	49
18:48:01.898	22	9.79511	(775, 230)	(78, 23)	49
18:48:01.925	22	9.99837	(785, 230)	(79, 23)	49
18:48:01.954	21	9.83645	(796, 229)	(80, 23)	49
18:48:01.981	23	10.004	(805, 229)	(81, 23)	49
18:48:02.009	22	10.1437	(815, 229)	(82, 23)	49
18:48:02.037	22	10.0913	(825, 228)	(83, 23)	49
18:48:02.065	21	10.0523	(835, 228)	(84, 23)	49
18:48:02.094	22	10.052	(845, 228)	(85, 23)	49
18:48:02.120	20	10.1693	(855, 228)	(86, 23)	49
18:48:02.148	19	10.103	(865, 228)	(87, 23)	49
18:48:02.168	20	10.223	(875, 228)	(88, 23)	49
18:48:02.189	23	10.3093	(885, 228)	(89, 23)	49
18:48:02.218	22	10.1924	(895, 228)	(90, 23)	49
18:48:02.245	24	10.2683	(905, 228)	(91, 23)	49
18:48:02.273	24	10.2273	(915, 228)	(92, 23)	49
18:48:02.301	24	10.2086	(925, 228)	(93, 23)	49
18:48:02.329	21	10.1748	(935, 228)	(94, 23)	49
18:48:02.357	20	10.3487	(945, 227)	(95, 23)	49
18:48:02.384	21	10.3738	(957, 227)	(96, 23)	49
18:48:02.413	34	10.524	(966, 227)	(97, 23)	49
18:48:02.454	21	10.2864	(975, 227)	(98, 23)	49
18:48:02.481	20	10.2972	(985, 227)	(99, 23)	49
18:48:02.509	29	10.321	(995, 227)	(100, 23)	49
18:48:02.543	21	10.3397	(1005, 227)	(101, 23)	49
18:48:02.572	20	10.4507	(1015, 226)	(102, 23)	49
18:48:02.600	21	10.3967	(1025, 226)	(103, 23)	49
18:48:02.629	25	10.4107	(1035, 226)	(104, 23)	49
18:48:02.662	26	10.4153	(1045, 225)	(105, 23)	49
18:48:02.692	24	10.2868	(1055, 225)	(106, 23)	49
18:48:02.725	22	10.3076	(1065, 225)	(107, 23)	49
18:48:02.752	21	10.1904	(1071, 224)	(107, 22)	49
18:48:02.780	23	10.1753	(1075, 224)	(108, 22)	49
18:48:02.808	26	10.2764	(1085, 224)	(109, 22)	49
18:48:02.837	24	10.1979	(1095, 224)	(110, 22)	49
18:48:02.864	25	10.2701	(1105, 224)	(111, 22)	49
18:48:02.892	25	10.2524	(1115, 224)	(112, 22)	49
18:48:02.922	23	10.2064	(1125, 224)	(113, 22)	49
18:48:02.947	22	10.1695	(1135, 224)	(114, 22)	49
18:48:02.975	21	10.1634	(1146, 223)	(115, 22)	49
18:48:03.003	21	10.0953	(1155, 223)	(116, 22)	49
18:48:03.031	20	10.1178	(1165, 223)	(117, 22)	49
18:48:03.058	21	10.1276	(1175, 223)	(118, 22)	49
18:48:03.087	21	10.0959	(1185, 223)	(119, 22)	49
18:48:03.115	20	10.091	(1195, 223)	(120, 22)	49
18:48:03.142	21	10.1521	(1205, 223)	(121, 22)	49
18:48:03.170	21	10.1465	(1215, 223)	(122, 22)	49
18:48:03.198	21	10.2545	(1225, 223)	(123, 22)	49
18:48:03.225	21	10.1646	(1235, 223)	(124, 22)	49
18:48:03.253	21	10.1757	(1245, 223)	(125, 22)	49
18:48:03.281	21	10.1284	(1255, 223)	(126, 22)	49
18:48:03.308	21	10.1776	(1265, 224)	(127, 22)	49
18:48:03.337	20	10.1667	(1275, 224)	(128, 22)	49
18:48:03.364	22	10.2957	(1282, 225)	(128, 23)	49
18:48:03.392	21	10.1508	(1285, 225)	(129, 23)	49
18:48:03.420	21	10.1799	(1295, 226)	(130, 23)	49
18:48:03.448	21	10.1773	(1305, 226)	(131, 23)	49
18:48:03.475	22	10.3619	(1316, 228)	(132, 23)	49
18:48:03.504	20	10.2856	(1326, 228)	(133, 23)	49
18:48:03.532	21	10.3517	(1335, 228)	(134, 23)	49
18:48:03.559	21	10.3836	(1345, 229)	(135, 23)	49
18:48:03.587	20	10.2536	(1355, 230)	(136, 23)	49
18:48:03.614	21	10.3993	(1366, 230)	(137, 23)	49
18:48:03.642	21	10.4519	(1375, 230)	(138, 23)	49
18:48:03.670	22	10.8575	(1386, 231)	(139, 23)	49
18:48:03.699	27	10.9892	(1395, 231)	(140, 23)	49
18:48:03.734	25	10.7787	(1405, 232)	(141, 23)	49
18:48:03.768	22	10.801	(1415, 232)	(142, 23)	49
18:48:03.795	20	10.6756	(1425, 232)	(143, 23)	49
18:48:03.823	20	10.6873	(1435, 233)	(144, 23)	49
18:48:03.851	19	10.7812	(1445, 234)	(145, 23)	49
18:48:03.879	23	10.6422	(1455, 234)	(146, 23)	49
18:48:03.907	23	10.7181	(1465, 234)	(147, 23)	49
18:48:03.935	23	10.6239	(1478, 234)	(148, 23)	49
18:48:03.963	23	10.6889	(1485, 234)	(149, 23)	49
18:48:03.991	20	10.5523	(1488, 235)	(149, 24)	49
18:48:04.018	20	10.565	(1495, 235)	(150, 24)	49
18:48:04.046	22	10.5889	(1506, 235)	(151, 24)	49
18:48:04.074	24	10.7141	(1516, 235)	(152, 24)	49
18:48:04.102	24	10.8	(1526, 236)	(153, 24)	49
18:48:04.130	23	10.5157	(1535, 236)	(154, 24)	49
18:48:04.158	21	10.4991	(1546, 236)	(155, 24)	49
18:48:04.184	21	10.4896	(1556, 237)	(156, 24)	49
18:48:04.212	21	10.5237	(1565, 237)	(157, 24)	49
18:48:04.241	25	10.3784	(1575, 238)	(158, 24)	49
18:48:04.276	25	10.3941	(1585, 238)	(159, 24)	49
18:48:04.311	26	10.2459	(1595, 239)	(160, 24)	49
18:48:04.345	28	10.4107	(1605, 239)	(161, 24)	49
18:48:04.381	26	10.2206	(1615, 240)	(162, 24)	49
18:48:04.414	22	10.1612	(1625, 240)	(163, 24)	49
18:48:04.442	21	10.1015	(1636, 241)	(164, 24)	49
18:48:04.470	22	10.2222	(1645, 242)	(165, 24)	49
18:48:04.497	21	10.2049	(1655, 242)	(166, 24)	49
18:48:04.525	22	10.0979	(1666, 243)	(167, 24)	49
18:48:04.553	21	10.0527	(1676, 244)	(168, 24)	49
18:48:04.582	21	10.0956	(1677, 245)	(168, 25)	49
18:48:04.609	20	10.0393	(1686, 245)	(169, 25)	49
18:48:04.636	19	9.89304	(1696, 246)	(170, 25)	49
18:48:04.657	19	9.87985	(1705, 246)	(171, 25)	49
18:48:04.678	19	9.71289	(1715, 248)	(172, 25)	49
18:48:04.699	18	9.61956	(1726, 249)	(173, 25)	49
18:48:04.720	18	9.66059	(1735, 250)	(174, 25)	49
18:48:04.740	19	9.70444	(1745, 251)	(175, 25)	49
18:48:04.761	19	9.29067	(1755, 253)	(176, 25)	49
18:48:04.783	19	9.40133	(1765, 254)	(177, 25)	49
18:48:04.804	18	9.3637	(1768, 255)	(177, 26)	49
18:48:04.824	19	9.29452	(1775, 256)	(178, 26)	49
18:48:04.845	18	9.224	(1785, 258)	(179, 26)	49
18:48:04.866	19	9.24741	(1795, 260)	(180, 26)	49
18:48:04.887	21	9.23659	(1805, 262)	(181, 26)	49
18:48:04.915	21	9.06252	(1815, 264)	(182, 26)	49
18:48:04.943	21	9.08978	(1817, 265)	(182, 27)	49
18:48:04.971	22	9.13422	(1825, 267)	(183, 27)	49
18:48:04.999	20	9.31378	(1838, 271)	(184, 27)	49
18:48:05.026	19	9.13007	(1845, 273)	(185, 27)	49
18:48:05.047	18	9.09615	(1849, 275)	(185, 28)	49
18:48:05.067	19	8.99037	(1858, 278)	(186, 28)	49
18:48:05.088	20	9.16089	(1865, 280)	(187, 28)	49
18:48:05.116	20	9.0123	(1874, 285)	(187, 29)	49
18:48:05.143	21	8.93867	(1875, 285)	(188, 29)	49
18:48:05.165	20	8.90993	(1885, 289)	(189, 29)	49
18:48:05.193	19	8.90696	(1895, 294)	(190, 29)	49
18:48:05.213	20	8.92222	(1895, 295)	(190, 30)	49
18:48:05.234	20	8.95022	(1905, 299)	(191, 30)	49
18:48:05.255	18	8.86844	(1912, 305)	(191, 31)	49
18:48:05.276	17	8.74563	(1915, 307)	(192, 31)	49
18:48:05.297	17	8.70281	(1925, 314)	(193, 31)	49
18:48:05.318	17	8.836	(1926, 315)	(193, 32)	49
18:48:05.338	20	8.56741	(1935, 322)	(194, 32)	49
18:48:05.367	22	8.54681	(1937, 325)	(194, 33)	49
18:48:05.395	25	8.55496	(1945, 333)	(195, 33)	49
18:48:05.430	20	8.456	(1947, 335)	(195, 34)	49
18:48:05.457	18	8.39807	(1955, 344)	(196, 34)	49
18:48:05.477	18	8.46741	(1955, 345)	(196, 35)	49
18:48:05.498	18	8.42237	(1963, 355)	(196, 36)	49
18:48:05.519	18	8.46148	(1965, 358)	(197, 36)	49
18:48:05.540	17	8.43467	(1968, 365)	(197, 37)	49
18:48:05.560	18	8.66133	(1973, 375)	(197, 38)	49
18:48:05.582	21	8.40282	(1975, 379)	(198, 38)	49
18:48:05.611	21	8.33985	(1976, 385)	(198, 39)	49
18:48:05.638	21	8.29245	(1980, 395)	(198, 40)	49
18:48:05.666	20	8.36089	(1982, 405)	(198, 41)	49
18:48:05.694	22	8.39467	(1984, 415)	(198, 42)	49
18:48:05.722	21	8.44296	(1985, 417)	(199, 42)	49
18:48:05.749	21	8.32207	(1985, 425)	(199, 43)	49
18:48:05.777	19	8.3637	(1987, 435)	(199, 44)	49
18:48:05.805	21	8.38726	(1988, 445)	(199, 45)	49
18:48:05.833	20	8.31852	(1989, 455)	(199, 46)	49
18:48:05.860	21	8.50504	(1989, 465)	(199, 47)	49
18:48:05.888	20	8.33126	(1989, 475)	(199, 48)	49
18:48:05.916	21	8.38356	(1988, 485)	(199, 49)	49
18:48:05.943	21	8.30548	(1985, 495)	(199, 50)	49
18:48:05.971	20	8.28859	(1984, 495)	(198, 50)	49
18:48:05.999	21	8.34815	(1980, 505)	(198, 51)	49
18:48:06.027	21	8.40637	(1972, 516)	(197, 52)	49
18:48:06.055	21	8.59082	(1965, 525)	(197, 53)	49
18:48:06.084	21	8.51985	(1964, 526)	(196, 53)	49
18:48:06.110	21	8.65437	(1954, 534)	(195, 53)	49
18:48:06.138	20	8.66237	(1953, 535)	(195, 54)	49
18:48:06.166	22	8.75437	(1944, 539)	(194, 54)	49
18:48:06.194	21	8.78282	(1937, 545)	(194, 55)	49
18:48:06.223	20	8.73289	(1934, 547)	(193, 55)	49
18:48:06.250	20	8.83615	(1924, 555)	(192, 56)	49
18:48:06.278	21	9.07941	(1914, 561)	(191, 56)	49
18:48:06.306	21	9.0523	(1907, 565)	(191, 57)	49
18:48:06.334	20	8.94578	(1904, 567)	(190, 57)	49
18:48:06.361	20	9.08682	(1894, 572)	(189, 57)	49
18:48:06.388	21	9.09126	(1890, 575)	(189, 58)	49
18:48:06.417	20	9.10474	(1884, 577)	(188, 58)	49
18:48:06.444	21	9.14133	(1874, 581)	(187, 58)	49
18:48:06.472	20	9.23763	(1866, 585)	(187, 59)	49
18:48:06.499	22	9.32504	(1864, 585)	(186, 59)	49
18:48:06.527	22	9.36385	(1854, 590)	(185, 59)	49
18:48:06.556	20	9.35215	(1844, 594)	(184, 59)	49
18:48:06.583	21	9.38489	(1843, 595)	(184, 60)	49
18:48:06.611	22	9.36755	(1834, 597)	(183, 60)	49
18:48:06.640	23	9.43556	(1823, 601)	(182, 60)	49
18:48:06.667	21	9.54637	(1810, 606)	(181, 61)	49
18:48:06.694	23	9.67496	(1804, 609)	(180, 61)	49
18:48:06.722	18	9.71511	(1794, 612)	(179, 61)	49
18:48:06.742	19	9.68474	(1787, 615)	(179, 62)	49
18:48:06.763	19	9.86533	(1784, 616)	(178, 62)	49
18:48:06.784	19	9.73956	(1774, 619)	(177, 62)	49
18:48:06.805	19	9.81867	(1764, 622)	(176, 62)	49
18:48:06.826	21	10.1255	(1758, 625)	(176, 63)	49
18:48:06.854	20	9.95496	(1754, 626)	(175, 63)	49
18:48:06.882	19	10.1387	(1744, 628)	(174, 63)	49
18:48:06.903	22	10.2416	(1734, 631)	(173, 63)	49
18:48:06.931	21	10.2957	(1724, 633)	(172, 63)	49
18:48:06.959	23	10.3976	(1715, 635)	(172, 64)	49
18:48:06.986	21	10.3621	(1714, 635)	(171, 64)	49
18:48:07.014	19	10.3693	(1704, 637)	(170, 64)	49
18:48:07.034	20	10.3801	(1694, 638)	(169, 64)	49
18:48:07.055	20	10.377	(1684, 640)	(168, 64)	49
18:48:07.083	20	10.5579	(1674, 641)	(167, 64)	49
18:48:07.111	20	10.4566	(1664, 642)	(166, 64)	49
18:48:07.139	19	10.4572	(1654, 643)	(165, 64)	49
18:48:07.159	20	10.5201	(1644, 644)	(164, 64)	49
18:48:07.181	19	10.5812	(1633, 644)	(163, 64)	49
18:48:07.201	20	10.6593	(1624, 644)	(162, 64)	49
18:48:07.229	20	10.6455	(1614, 644)	(161, 64)	49
18:48:07.257	19	10.5969	(1604, 644)	(160, 64)	49
18:48:07.278	19	10.5744	(1594, 644)	(159, 64)	49
18:48:07.299	19	10.5704	(1584, 644)	(158, 64)	49
18:48:07.319	20	10.7991	(1574, 644)	(157, 64)	49
18:48:07.347	24	10.6507	(1564, 644)	(156, 64)	49
18:48:07.376	25	10.5836	(1554, 644)	(155, 64)	49
18:48:07.411	25	10.6545	(1548, 645)	(155, 65)	49
18:48:07.446	25	10.7841	(1544, 645)	(154, 65)	49
18:48:07.473	26	10.7643	(1534, 645)	(153, 65)	49
18:48:07.501	19	10.8087	(1524, 646)	(152, 65)	49
18:48:07.528	20	10.7043	(1514, 647)	(151, 65)	49
18:48:07.556	20	10.5212	(1504, 648)	(150, 65)	49
18:48:07.584	19	10.7673	(1494, 649)	(149, 65)	49
18:48:07.605	20	10.6252	(1484, 651)	(148, 65)	49
18:48:07.633	23	10.5521	(1474, 652)	(147, 65)	49
18:48:07.660	25	10.6305	(1464, 652)	(146, 65)	49
18:48:07.689	23	10.4656	(1454, 653)	(145, 65)	49
18:48:07.716	24	10.4801	(1444, 654)	(144, 65)	49
18:48:07.744	25	10.4895	(1434, 654)	(143, 65)	49
18:48:07.772	23	10.2862	(1419, 654)	(142, 65)	49
18:48:07.800	24	10.14	(1414, 654)	(141, 65)	49
18:48:07.828	23	10.0116	(1404, 654)	(140, 65)	49
18:48:07.856	22	9.99348	(1394, 654)	(139, 65)	49
18:48:07.884	23	10.1926	(1384, 654)	(138, 65)	49
18:48:07.911	22	10.0702	(1374, 654)	(137, 65)	49
18:48:07.938	21	10.0255	(1356, 653)	(136, 65)	49
18:48:07.966	21	10.108	(1354, 653)	(135, 65)	49
18:48:07.994	23	10.0022	(1344, 652)	(134, 65)	49
18:48:08.022	23	10.0551	(1334, 651)	(133, 65)	49
18:48:08.051	22	9.93763	(1323, 651)	(132, 65)	49
18:48:08.078	22	9.92296	(1314, 650)	(131, 65)	49
18:48:08.106	23	9.9797	(1303, 649)	(130, 65)	49
18:48:08.133	20	9.86756	(1294, 648)	(129, 65)	49
18:48:08.154	18	9.92548	(1284, 647)	(128, 65)	49
18:48:08.175	18	10.1295	(1274, 647)	(127, 65)	49
18:48:08.195	19	9.88978	(1264, 646)	(126, 65)	49
18:48:08.216	19	9.89289	(1256, 644)	(126, 64)	49
18:48:08.237	28	9.95244	(1254, 644)	(125, 64)	49
18:48:08.272	18	9.91911	(1244, 643)	(124, 64)	49
18:48:08.293	19	10.0699	(1234, 643)	(123, 64)	49
18:48:08.314	18	9.86252	(1224, 641)	(122, 64)	49
18:48:08.335	19	9.91956	(1214, 641)	(121, 64)	49
18:48:08.355	20	9.91719	(1204, 641)	(120, 64)	49
18:48:08.376	19	9.85318	(1194, 640)	(119, 64)	49
18:48:08.397	19	9.85541	(1184, 639)	(118, 64)	49
18:48:08.418	18	9.84385	(1174, 639)	(117, 64)	49
18:48:08.439	18	9.81704	(1164, 637)	(116, 64)	49
18:48:08.467	18	9.92341	(1154, 637)	(115, 64)	49
18:48:08.487	22	9.83822	(1144, 636)	(114, 64)	49
18:48:08.517	22	9.82104	(1134, 636)	(113, 64)	49
18:48:08.544	20	9.87793	(1124, 635)	(112, 64)	49
18:48:08.571	19	9.75704	(1114, 635)	(111, 64)	49
18:48:08.592	18	9.69393	(1110, 634)	(111, 63)	49
18:48:08.614	22	9.80726	(1104, 634)	(110, 63)	49
18:48:08.641	23	9.77289	(1093, 633)	(109, 63)	49
18:48:08.669	22	9.81259	(1084, 632)	(108, 63)	49
18:48:08.697	22	9.83793	(1074, 632)	(107, 63)	49
18:48:08.724	21	9.74533	(1064, 631)	(106, 63)	49
18:48:08.752	21	9.84385	(1051, 631)	(105, 63)	49
18:48:08.780	20	9.79452	(1032, 629)	(103, 63)	49
18:48:08.808	20	9.7077	(1024, 629)	(102, 63)	49
18:48:08.835	21	9.82504	(1014, 629)	(101, 63)	49
18:48:08.863	20	9.8963	(1004, 628)	(100, 63)	49
18:48:08.891	21	9.95319	(994, 627)	(99, 63)	49
18:48:08.919	21	9.82133	(984, 627)	(98, 63)	49
18:48:08.947	20	9.88207	(974, 627)	(97, 63)	49
18:48:08.975	20	9.836	(964, 626)	(96, 63)	49
18:48:09.004	25	9.924	(954, 626)	(95, 63)	49
18:48:09.038	25	9.86563	(944, 626)	(94, 63)	49
18:48:09.072	22	9.87615	(934, 625)	(93, 63)	49
18:48:09.100	22	9.77615	(927, 624)	(93, 62)	49
18:48:09.128	22	9.91896	(924, 624)	(92, 62)	49
18:48:09.156	22	9.85585	(914, 623)	(91, 62)	49
18:48:09.183	21	9.76504	(904, 622)	(90, 62)	49
18:48:09.211	22	9.78237	(894, 621)	(89, 62)	49
18:48:09.239	21	9.92385	(884, 620)	(88, 62)	49
18:48:09.266	21	9.94652	(873, 619)	(87, 62)	49
18:48:09.295	21	9.96933	(864, 619)	(86, 62)	49
18:48:09.323	23	10.488	(854, 619)	(85, 62)	49
18:48:09.352	22	10.4191	(843, 618)	(84, 62)	49
18:48:09.378	23	10.6204	(834, 618)	(83, 62)	49
18:48:09.405	24	10.5068	(823, 617)	(82, 62)	49
18:48:09.434	23	10.5406	(814, 617)	(81, 62)	49
18:48:09.462	23	10.505	(804, 617)	(80, 62)	49
18:48:09.489	24	10.6409	(794, 617)	(79, 62)	49
18:48:09.517	23	10.5969	(784, 616)	(78, 62)	49
18:48:09.545	23	10.5899	(772, 616)	(77, 62)	49
18:48:09.572	22	10.6313	(764, 615)	(76, 62)	49
18:48:09.600	20	10.7176	(754, 615)	(75, 62)	49
18:48:09.628	19	10.6341	(744, 615)	(74, 62)	49
18:48:09.648	20	10.7129	(734, 615)	(73, 62)	49
18:48:09.676	21	10.7959	(724, 615)	(72, 62)	49
18:48:09.706	25	10.7441	(714, 615)	(71, 62)	49
18:48:09.740	23	10.6163	(704, 615)	(70, 62)	49
18:48:09.768	21	10.5936	(694, 615)	(69, 62)	49
18:48:09.795	22	10.708	(684, 615)	(68, 62)	49
18:48:09.823	19	10.6455	(674, 615)	(67, 62)	49
18:48:09.843	20	10.6081	(664, 616)	(66, 62)	49
18:48:09.864	20	10.4465	(654, 617)	(65, 62)	49
18:48:09.891	23	10.4579	(644, 618)	(64, 62)	49
18:48:09.920	24	10.5839	(634, 618)	(63, 62)	49
18:48:09.948	23	10.5926	(624, 619)	(62, 62)	49
18:48:09.979	21	10.3898	(614, 619)	(61, 62)	49
18:48:10.003	20	10.3347	(604, 621)	(60, 62)	49
18:48:10.031	19	10.3241	(594, 621)	(59, 62)	49
18:48:10.053	24	10.2533	(584, 622)	(58, 62)	49
18:48:10.080	24	10.2511	(574, 624)	(57, 62)	49
18:48:10.109	25	10.2264	(566, 625)	(57, 63)	49
18:48:10.143	25	10.2753	(564, 625)	(56, 63)	49
18:48:10.171	23	10.0412	(554, 625)	(55, 63)	49
18:48:10.198	22	10.1594	(544, 626)	(54, 63)	49
18:48:10.226	21	10.1467	(534, 628)	(53, 63)	49
18:48:10.254	23	9.89215	(524, 629)	(52, 63)	49
18:48:10.282	26	9.91141	(514, 631)	(51, 63)	49
18:48:10.317	26	9.81526	(504, 633)	(50, 63)	49
18:48:10.352	31	9.71659	(494, 634)	(49, 63)	49
18:48:10.388	25	9.60415	(493, 635)	(49, 64)	49
18:48:10.421	21	9.63689	(484, 637)	(48, 64)	49
18:48:10.448	20	9.51971	(467, 641)	(47, 64)	49
18:48:10.477	21	9.47926	(464, 642)	(46, 64)	49
18:48:10.504	21	9.38726	(458, 645)	(46, 65)	49
18:48:10.532	22	9.364	(454, 646)	(45, 65)	49
18:48:10.559	21	8.97289	(444, 650)	(44, 65)	49
18:48:10.588	20	8.95778	(434, 654)	(43, 65)	49
18:48:10.616	19	9.03244	(432, 655)	(43, 66)	49
18:48:10.642	18	9.04741	(424, 658)	(42, 66)	49
18:48:10.663	18	8.86459	(414, 662)	(41, 66)	49
18:48:10.684	17	8.88222	(409, 665)	(41, 67)	49
18:48:10.705	20	8.84222	(404, 667)	(40, 67)	49
18:48:10.734	20	8.91126	(394, 671)	(39, 67)	49
18:48:10.761	21	8.77333	(387, 675)	(39, 68)	49
18:48:10.789	20	8.81244	(384, 676)	(38, 68)	49
18:48:10.818	20	8.76193	(374, 680)	(37, 68)	49
18:48:10.844	18	8.68311	(367, 685)	(37, 69)	49
18:48:10.865	18	8.67807	(364, 687)	(36, 69)	49
18:48:10.885	19	8.57126	(356, 695)	(36, 70)	49
18:48:10.907	18	8.64637	(354, 695)	(35, 70)	49
18:48:10.928	18	8.31156	(344, 704)	(34, 70)	49
18:48:10.948	18	8.30518	(344, 705)	(34, 71)	49
18:48:10.969	18	8.252	(337, 715)	(34, 72)	49
18:48:10.990	18	8.51052	(335, 725)	(34, 73)	49
18:48:11.011	18	8.28119	(334, 727)	(33, 73)	49
18:48:11.032	18	8.21259	(331, 735)	(33, 74)	49
18:48:11.054	17	8.25378	(329, 746)	(33, 75)	49
18:48:11.074	18	8.31052	(329, 755)	(33, 76)	49
18:48:11.095	17	8.23407	(329, 765)	(33, 77)	49
18:48:11.115	18	8.24519	(329, 775)	(33, 78)	49
18:48:11.136	18	8.19585	(329, 785)	(33, 79)	49
18:48:11.157	17	8.28282	(329, 795)	(33, 80)	49
18:48:11.178	18	8.192	(329, 805)	(33, 81)	49
18:48:11.199	17	8.2163	(329, 833)	(33, 83)	49
18:48:11.220	18	8.20622	(329, 836)	(33, 84)	49
18:48:11.241	17	8.20948	(329, 845)	(33, 85)	49
18:48:11.262	17	8.22622	(329, 855)	(33, 86)	49
18:48:11.282	18	8.25585	(330, 865)	(33, 87)	49
18:48:11.303	19	8.2923	(332, 875)	(33, 88)	49
18:48:11.324	17	8.11111	(335, 883)	(34, 88)	49
18:48:11.345	23	8.27719	(335, 885)	(34, 89)	49
18:48:11.373	24	8.28667	(338, 895)	(34, 90)	49
18:48:11.401	22	8.1117	(341, 905)	(34, 91)	49
18:48:11.433	23	8.0683	(345, 914)	(35, 91)	49
18:48:11.464	19	8.15689	(346, 915)	(35, 92)	49
18:48:11.491	19	8.09082	(350, 925)	(35, 93)	49
18:48:11.512	18	8.12919	(355, 931)	(36, 93)	49
18:48:11.532	19	8.19778	(357, 935)	(36, 94)	49
18:48:11.553	19	8.10222	(364, 945)	(36, 95)	49
18:48:11.574	20	8.15585	(365, 945)	(37, 95)	49
18:48:11.602	19	8.18578	(373, 955)	(37, 96)	49
18:48:11.623	19	8.1637	(375, 956)	(38, 96)	49
18:48:11.643	18	8.21556	(384, 965)	(38, 97)	49
18:48:11.664	18	8.24415	(385, 966)	(39, 97)	49
18:48:11.685	18	8.2563	(395, 975)	(40, 98)	49
18:48:11.706	17	8.224	(405, 982)	(41, 98)	49
18:48:11.727	20	8.20622	(411, 987)	(41, 99)	49
18:48:11.755	21	8.34578	(415, 989)	(42, 99)	49
18:48:11.784	21	8.15363	(423, 995)	(42, 100)	49
18:48:11.811	22	8.20163	(425, 996)	(43, 100)	49
18:48:11.839	19	8.2157	(435, 1001)	(44, 100)	49
18:48:11.866	19	8.29793	(441, 1005)	(44, 101)	49
18:48:11.887	18	8.31807	(446, 1007)	(45, 101)	49
18:48:11.907	20	8.23867	(455, 1012)	(46, 101)	49
18:48:11.929	19	8.3523	(461, 1015)	(46, 102)	49
18:48:11.950	19	8.36948	(465, 1017)	(47, 102)	49
18:48:11.971	18	8.34756	(475, 1022)	(48, 102)	49
18:48:11.992	20	8.30341	(481, 1025)	(48, 103)	49
18:48:12.020	21	8.42252	(485, 1026)	(49, 103)	49
18:48:12.048	19	8.44148	(495, 1030)	(50, 103)	49
18:48:12.075	20	8.64178	(505, 1034)	(51, 103)	49
18:48:12.096	19	8.6357	(506, 1035)	(51, 104)	49
18:48:12.124	21	8.72252	(515, 1037)	(52, 104)	49
18:48:12.152	20	8.76074	(525, 1040)	(53, 104)	49
18:48:12.179	22	8.82074	(540, 1043)	(54, 104)	49
18:48:12.208	22	8.83985	(545, 1044)	(55, 104)	49
18:48:12.235	22	8.97659	(549, 1045)	(55, 105)	49
18:48:12.263	25	8.86459	(555, 1046)	(56, 105)	49
18:48:12.291	26	8.94267	(577, 1050)	(58, 105)	49
18:48:12.325	25	9.04696	(585, 1052)	(59, 105)	49
18:48:12.353	20	9.06593	(595, 1053)	(60, 105)	49
18:48:12.381	18	9.10356	(605, 1054)	(61, 105)	49
18:48:12.401	20	9.17837	(608, 1055)	(61, 106)	49
18:48:12.422	19	9.23911	(615, 1056)	(62, 106)	49
18:48:12.443	19	9.22652	(625, 1057)	(63, 106)	49
18:48:12.464	18	9.20578	(635, 1058)	(64, 106)	49
18:48:12.485	18	9.27185	(645, 1059)	(65, 106)	49
18:48:12.506	21	9.38311	(655, 1060)	(66, 106)	49
18:48:12.533	19	9.32652	(665, 1061)	(67, 106)	49
18:48:12.554	19	9.4397	(675, 1061)	(68, 106)	49
18:48:12.575	18	9.34682	(685, 1063)	(69, 106)	49
18:48:12.596	23	9.47022	(695, 1063)	(70, 106)	49
18:48:12.624	19	9.57022	(705, 1064)	(71, 106)	49
18:48:12.644	24	9.50726	(715, 1064)	(72, 106)	49
18:48:12.672	19	9.49792	(719, 1065)	(72, 107)	49
18:48:12.693	19	9.59822	(725, 1065)	(73, 107)	49
18:48:12.714	20	9.50207	(735, 1066)	(74, 107)	49
18:48:12.742	18	9.5923	(745, 1066)	(75, 107)	49
18:48:12.763	18	9.72459	(755, 1066)	(76, 107)	49
18:48:12.783	19	9.67896	(765, 1066)	(77, 107)	49
18:48:12.804	24	9.87837	(775, 1067)	(78, 107)	49
18:48:12.840	21	10.0514	(785, 1067)	(79, 107)	49
18:48:12.867	19	10.2822	(795, 1068)	(80, 107)	49
18:48:12.888	19	10.4997	(805, 1069)	(81, 107)	49
18:48:12.909	19	10.4508	(815, 1070)	(82, 107)	49
18:48:12.936	20	10.3961	(825, 1071)	(83, 107)	49
18:48:12.957	20	10.4917	(835, 1072)	(84, 107)	49
18:48:12.985	19	10.6147	(845, 1073)	(85, 107)	49
18:48:13.006	19	10.4748	(856, 1074)	(86, 107)	49
18:48:13.027	19	10.6194	(862, 1075)	(86, 108)	49
18:48:13.047	23	10.4988	(865, 1075)	(87, 108)	49
18:48:13.076	20	10.696	(875, 1075)	(88, 108)	49
18:48:13.103	21	10.5447	(885, 1076)	(89, 108)	49
18:48:13.131	21	10.5597	(895, 1077)	(90, 108)	49
18:48:13.159	20	10.6773	(905, 1078)	(91, 108)	49
18:48:13.187	19	10.4766	(915, 1078)	(92, 108)	49
18:48:13.208	20	10.5501	(925, 1079)	(93, 108)	49
18:48:13.229	20	10.539	(935, 1080)	(94, 108)	49
18:48:13.257	19	10.6095	(945, 1081)	(95, 108)	49
18:48:13.278	19	10.6073	(955, 1082)	(96, 108)	49
18:48:13.299	19	10.6276	(965, 1082)	(97, 108)	49
18:48:13.326	19	10.6924	(975, 1083)	(98, 108)	49
18:48:13.347	19	10.6649	(986, 1083)	(99, 108)	49
18:48:13.374	20	10.756	(995, 1084)	(100, 108)	49
18:48:13.402	24	10.6887	(1005, 1084)	(101, 108)	49
18:48:13.432	24	10.7487	(1015, 1084)	(102, 108)	49
18:48:13.459	24	10.7276	(1017, 1085)	(102, 109)	49
18:48:13.487	23	10.8164	(1025, 1085)	(103, 109)	49
18:48:13.514	24	10.7311	(1040, 1085)	(104, 109)	49
18:48:13.542	24	10.7508	(1048, 1085)	(105, 109)	49
18:48:13.569	22	10.8351	(1055, 1086)	(106, 109)	49
18:48:13.597	23	10.8261	(1065, 1086)	(107, 109)	49
18:48:13.626	23	10.777	(1075, 1086)	(108, 109)	49
18:48:13.654	23	10.8329	(1085, 1086)	(109, 109)	49
18:48:13.681	23	10.7999	(1096, 1086)	(110, 109)	49
18:48:13.709	23	10.7234	(1105, 1086)	(111, 109)	49
18:48:13.737	24	10.7551	(1115, 1086)	(112, 109)	49
18:48:13.764	24	10.8204	(1126, 1086)	(113, 109)	49
18:48:13.792	25	10.9074	(1135, 1086)	(114, 109)	49
18:48:13.821	22	10.8292	(1146, 1086)	(115, 109)	49
18:48:13.848	21	10.7544	(1155, 1086)	(116, 109)	49
18:48:13.875	22	10.7209	(1166, 1086)	(117, 109)	49
18:48:13.903	22	10.7462	(1175, 1086)	(118, 109)	49
18:48:13.930	22	10.6967	(1185, 1085)	(119, 109)	49
18:48:13.959	22	10.7089	(1188, 1084)	(119, 108)	49
18:48:13.987	21	10.8969	(1195, 1084)	(120, 108)	49
18:48:14.015	19	10.6673	(1205, 1082)	(121, 108)	49
18:48:14.042	25	10.7855	(1215, 1081)	(122, 108)	49
18:48:14.070	26	10.7256	(1225, 1081)	(123, 108)	49
18:48:14.099	24	10.6964	(1235, 1081)	(124, 108)	49
18:48:14.133	26	10.7461	(1245, 1080)	(125, 108)	49
18:48:14.169	24	10.6559	(1255, 1080)	(126, 108)	49
18:48:14.195	22	10.7738	(1265, 1079)	(127, 108)	49
18:48:14.223	20	10.7588	(1275, 1078)	(128, 108)	49
18:48:14.251	19	10.7621	(1286, 1077)	(129, 108)	49
18:48:14.272	21	10.644	(1295, 1077)	(130, 108)	49
18:48:14.300	23	10.7877	(1305, 1077)	(131, 108)	49
18:48:14.327	24	10.824	(1315, 1077)	(132, 108)	49
18:48:14.356	23	10.6701	(1325, 1077)	(133, 108)	49
18:48:14.383	24	10.8942	(1335, 1077)	(134, 108)	49
18:48:14.411	23	10.7794	(1345, 1077)	(135, 108)	49
18:48:14.439	26	10.8161	(1355, 1077)	(136, 108)	49
18:48:14.474	23	10.7324	(1365, 1079)	(137, 108)	49
18:48:14.501	23	10.7351	(1375, 1080)	(138, 108)	49
18:48:14.529	23	10.6936	(1385, 1081)	(139, 108)	49
18:48:14.557	23	10.855	(1395, 1081)	(140, 108)	49
18:48:14.585	24	10.8396	(1405, 1083)	(141, 108)	49
18:48:14.614	22	10.7999	(1416, 1084)	(142, 108)	49
18:48:14.640	24	10.7818	(1418, 1085)	(142, 109)	49
18:48:14.668	23	10.5037	(1425, 1085)	(143, 109)	49
18:48:14.696	21	10.3699	(1437, 1088)	(144, 109)	49
18:48:14.723	24	10.3908	(1445, 1088)	(145, 109)	49
18:48:14.752	23	10.3148	(1455, 1089)	(146, 109)	49
18:48:14.780	22	10.2439	(1465, 1090)	(147, 109)	49
18:48:14.807	21	10.1824	(1476, 1091)	(148, 109)	49
18:48:14.834	20	10.0907	(1485, 1092)	(149, 109)	49
18:48:14.862	21	10.0667	(1495, 1093)	(150, 109)	49
18:48:14.890	21	10.1176	(1505, 1093)	(151, 109)	49
18:48:14.919	25	10.063	(1515, 1093)	(152, 109)	49
18:48:14.954	26	10.0545	(1525, 1093)	(153, 109)	49
18:48:14.989	23	10.0159	(1535, 1094)	(154, 109)	49
18:48:15.016	20	10.0573	(1545, 1094)	(155, 109)	49
18:48:15.043	21	10.0253	(1555, 1094)	(156, 109)	49
18:48:15.071	22	9.89037	(1565, 1094)	(157, 109)	49
18:48:15.099	21	9.876	(1566, 1095)	(157, 110)	49
18:48:15.127	21	9.9683	(1575, 1095)	(158, 110)	49
18:48:15.154	21	9.77689	(1585, 1095)	(159, 110)	49
18:48:15.183	21	9.77778	(1596, 1096)	(160, 110)	49
18:48:15.211	21	9.77659	(1605, 1096)	(161, 110)	49
18:48:15.238	22	9.71037	(1615, 1096)	(162, 110)	49
18:48:15.266	22	9.64059	(1625, 1097)	(163, 110)	49
18:48:15.294	21	9.53733	(1635, 1097)	(164, 110)	49
18:48:15.322	21	9.58711	(1645, 1097)	(165, 110)	49
18:48:15.350	21	9.70059	(1655, 1098)	(166, 110)	49
18:48:15.377	20	9.53926	(1665, 1098)	(167, 110)	49
18:48:15.405	21	9.4003	(1675, 1099)	(168, 110)	49
18:48:15.432	19	9.36919	(1685, 1099)	(169, 110)	49
18:48:15.453	19	9.44607	(1695, 1100)	(170, 110)	49
18:48:15.474	19	9.3563	(1705, 1100)	(171, 110)	49
18:48:15.495	18	9.33274	(1715, 1101)	(172, 110)	49
18:48:15.516	21	9.37511	(1725, 1101)	(173, 110)	49
18:48:15.544	20	9.34133	(1735, 1103)	(174, 110)	49
18:48:15.572	21	9.37867	(1748, 1104)	(175, 110)	49
18:48:15.599	20	9.50104	(1753, 1105)	(175, 111)	49
18:48:15.628	20	9.29644	(1755, 1105)	(176, 111)	49
18:48:15.656	19	9.27007	(1765, 1106)	(177, 111)	49
18:48:15.683	18	9.18341	(1775, 1107)	(178, 111)	49
18:48:15.704	17	8.67763	(1785, 1108)	(179, 111)	49
18:48:15.724	18	8.56207	(1798, 1109)	(180, 111)	49
18:48:15.745	18	8.69126	(1806, 1111)	(181, 111)	49
18:48:15.766	18	8.57822	(1815, 1112)	(182, 111)	49
18:48:15.787	18	8.58119	(1825, 1112)	(183, 111)	49
18:48:15.808	18	8.61007	(1835, 1113)	(184, 111)	49
18:48:15.829	17	8.552	(1850, 1114)	(185, 111)	49
18:48:15.850	17	8.73733	(1855, 1114)	(186, 111)	49
18:48:15.870	18	8.452	(1858, 1115)	(186, 112)	49
18:48:15.891	17	8.43733	(1865, 1116)	(187, 112)	49
18:48:15.912	17	8.39363	(1877, 1117)	(188, 112)	49
18:48:15.932	19	8.25822	(1885, 1118)	(189, 112)	49
18:48:15.954	21	8.27467	(1895, 1120)	(190, 112)	49
18:48:15.982	23	8.27585	(1905, 1121)	(191, 112)	49
18:48:16.010	23	8.28252	(0, 0)	(0, 0)	49
EOM

