BOM
Frame extends: 2263, 1306
_ms_area: 10
measurements taken: 585
current rendering method: 0
is mouse replay: 1
Camera settings: Roation Quaternion: ( 0.270292, -0.458031, -0.746773, 0.399332), Translationsvektor: ( -0.0583296, 0.0137825, 2.035).
System_Time	Elapsed_Time_PaintGL	Elapsed_Kernel_Time	Frame_Coordinates	Grid_Position	Manual_Measurement
18:47:12.835	28	20.7573	(-1, -1)	(-1, -1)	49
18:47:12.867	26	20.784	(-1, -1)	(-1, -1)	49
18:47:12.903	31	20.7373	(-1, -1)	(-1, -1)	49
18:47:12.938	29	20.7347	(-1, -1)	(-1, -1)	49
18:47:12.972	31	20.7524	(-1, -1)	(-1, -1)	49
18:47:13.006	30	20.7428	(-1, -1)	(-1, -1)	49
18:47:13.041	30	20.7159	(-1, -1)	(-1, -1)	49
18:47:13.077	29	20.7489	(-1, -1)	(-1, -1)	49
18:47:13.111	29	20.6988	(-1, -1)	(-1, -1)	49
18:47:13.146	27	20.8199	(-1, -1)	(-1, -1)	49
18:47:13.180	28	20.8265	(-1, -1)	(-1, -1)	49
18:47:13.220	29	20.7222	(-1, -1)	(-1, -1)	49
18:47:13.258	29	20.7431	(-1, -1)	(-1, -1)	49
18:47:13.292	27	20.7397	(-1, -1)	(-1, -1)	49
18:47:13.327	26	20.7858	(-1, -1)	(-1, -1)	49
18:47:13.361	26	20.8079	(-1, -1)	(-1, -1)	49
18:47:13.395	28	20.7914	(-1, -1)	(-1, -1)	49
18:47:13.431	27	20.7938	(-1, -1)	(-1, -1)	49
18:47:13.467	30	20.7427	(-1, -1)	(-1, -1)	49
18:47:13.501	27	20.7991	(-1, -1)	(-1, -1)	49
18:47:13.535	27	20.7677	(-1, -1)	(-1, -1)	49
18:47:13.570	29	20.7788	(-1, -1)	(-1, -1)	49
18:47:13.606	28	20.7212	(-1, -1)	(-1, -1)	49
18:47:13.639	30	20.7664	(-1, -1)	(-1, -1)	49
18:47:13.676	32	20.6856	(-1, -1)	(-1, -1)	49
18:47:13.716	28	20.7203	(-1, -1)	(-1, -1)	49
18:47:13.751	30	20.7564	(-1, -1)	(-1, -1)	49
18:47:13.786	29	20.7145	(-1, -1)	(-1, -1)	49
18:47:13.820	31	20.7092	(-1, -1)	(-1, -1)	49
18:47:13.855	29	20.704	(-1, -1)	(-1, -1)	49
18:47:13.890	29	20.7425	(-1, -1)	(-1, -1)	49
18:47:13.924	30	20.781	(-1, -1)	(-1, -1)	49
18:47:13.960	32	20.7283	(-1, -1)	(-1, -1)	49
18:47:14.001	33	20.7698	(-1, -1)	(-1, -1)	49
18:47:14.043	33	20.7221	(-1, -1)	(-1, -1)	49
18:47:14.085	34	20.7747	(-1, -1)	(-1, -1)	49
18:47:14.126	29	20.7361	(-1, -1)	(-1, -1)	49
18:47:14.161	26	20.861	(-1, -1)	(-1, -1)	49
18:47:14.195	33	20.7556	(-1, -1)	(-1, -1)	49
18:47:14.237	31	20.7901	(-1, -1)	(-1, -1)	49
18:47:14.272	31	20.7495	(-1, -1)	(-1, -1)	49
18:47:14.308	31	20.7013	(-1, -1)	(-1, -1)	49
18:47:14.349	28	20.723	(-1, -1)	(-1, -1)	49
18:47:14.382	30	20.7668	(-1, -1)	(-1, -1)	49
18:47:14.419	32	20.709	(-1, -1)	(-1, -1)	49
18:47:14.460	33	20.7735	(-1, -1)	(-1, -1)	49
18:47:14.502	34	20.7124	(-1, -1)	(-1, -1)	49
18:47:14.544	31	20.7413	(-1, -1)	(-1, -1)	49
18:47:14.577	28	20.7877	(-1, -1)	(-1, -1)	49
18:47:14.618	31	20.7753	(-1, -1)	(-1, -1)	49
18:47:14.657	32	20.741	(-1, -1)	(-1, -1)	49
18:47:14.697	32	20.7724	(-1, -1)	(-1, -1)	49
18:47:14.737	30	20.7713	(-1, -1)	(-1, -1)	49
18:47:14.771	27	20.7913	(-1, -1)	(-1, -1)	49
18:47:14.806	26	20.7932	(-1, -1)	(-1, -1)	49
18:47:14.834	26	20.7844	(-1, -1)	(-1, -1)	49
18:47:14.868	29	20.8099	(-1, -1)	(-1, -1)	49
18:47:14.907	33	20.7834	(-1, -1)	(-1, -1)	49
18:47:14.948	32	20.7647	(-1, -1)	(-1, -1)	49
18:47:14.987	29	20.7237	(-1, -1)	(-1, -1)	49
18:47:15.022	26	20.7881	(-1, -1)	(-1, -1)	49
18:47:15.056	28	20.7833	(-1, -1)	(-1, -1)	49
18:47:15.092	32	20.7406	(-1, -1)	(-1, -1)	49
18:47:15.135	30	20.7335	(-1, -1)	(-1, -1)	49
18:47:15.169	31	20.7167	(-1, -1)	(-1, -1)	49
18:47:15.203	29	20.7584	(-1, -1)	(-1, -1)	49
18:47:15.238	29	20.7769	(-1, -1)	(-1, -1)	49
18:47:15.273	28	20.7436	(-1, -1)	(-1, -1)	49
18:47:15.309	34	20.7519	(-1, -1)	(-1, -1)	49
18:47:15.351	31	20.7919	(-1, -1)	(-1, -1)	49
18:47:15.391	30	20.7327	(-1, -1)	(-1, -1)	49
18:47:15.426	29	20.7727	(-1, -1)	(-1, -1)	49
18:47:15.463	29	20.7803	(-1, -1)	(-1, -1)	49
18:47:15.496	28	20.7695	(-1, -1)	(-1, -1)	49
18:47:15.530	30	20.7262	(-1, -1)	(-1, -1)	49
18:47:15.567	29	20.708	(-1, -1)	(-1, -1)	49
18:47:15.603	30	20.7028	(-1, -1)	(-1, -1)	49
18:47:15.642	30	20.7369	(-1, -1)	(-1, -1)	49
18:47:15.678	33	20.7637	(-1, -1)	(-1, -1)	49
18:47:15.722	33	20.7582	(-1, -1)	(-1, -1)	49
18:47:15.764	32	20.7987	(-1, -1)	(-1, -1)	49
18:47:15.802	29	20.7351	(-1, -1)	(-1, -1)	49
18:47:15.837	29	20.7753	(-1, -1)	(-1, -1)	49
18:47:15.872	30	20.7286	(-1, -1)	(-1, -1)	49
18:47:15.906	29	20.7129	(-1, -1)	(-1, -1)	49
18:47:15.943	29	20.757	(-1, -1)	(-1, -1)	49
18:47:15.975	29	20.7588	(-1, -1)	(-1, -1)	49
18:47:16.011	29	20.7224	(-1, -1)	(-1, -1)	49
18:47:16.045	29	20.7222	(-1, -1)	(-1, -1)	49
18:47:16.080	29	20.7754	(-1, -1)	(-1, -1)	49
18:47:16.114	29	20.7526	(-1, -1)	(-1, -1)	49
18:47:16.150	29	20.7357	(-1, -1)	(-1, -1)	49
18:47:16.185	29	20.7317	(-1, -1)	(-1, -1)	49
18:47:16.219	29	20.7748	(-1, -1)	(-1, -1)	49
18:47:16.252	28	20.827	(-1, -1)	(-1, -1)	49
18:47:16.288	27	20.8539	(-1, -1)	(-1, -1)	49
18:47:16.324	28	20.7536	(-1, -1)	(-1, -1)	49
18:47:16.358	30	20.8055	(-1, -1)	(-1, -1)	49
18:47:16.393	30	20.7699	(-1, -1)	(-1, -1)	49
18:47:16.427	27	20.7505	(-1, -1)	(-1, -1)	49
18:47:16.461	26	20.7726	(-1, -1)	(-1, -1)	49
18:47:16.489	27	20.7877	(-1, -1)	(-1, -1)	49
18:47:16.525	31	20.7717	(-1, -1)	(-1, -1)	49
18:47:16.568	32	20.7231	(-1, -1)	(-1, -1)	49
18:47:16.609	32	20.7196	(-1, -1)	(-1, -1)	49
18:47:16.651	28	20.7881	(-1, -1)	(-1, -1)	49
18:47:16.683	27	20.7889	(-1, -1)	(-1, -1)	49
18:47:16.718	29	20.7404	(-1, -1)	(-1, -1)	49
18:47:16.755	30	20.7428	(-1, -1)	(-1, -1)	49
18:47:16.789	33	20.7735	(-1, -1)	(-1, -1)	49
18:47:16.831	32	20.7769	(-1, -1)	(-1, -1)	49
18:47:16.871	27	20.8133	(-1, -1)	(-1, -1)	49
18:47:16.906	29	20.8944	(-1, -1)	(-1, -1)	49
18:47:16.943	33	20.72	(-1, -1)	(-1, -1)	49
18:47:16.984	31	20.7415	(-1, -1)	(-1, -1)	49
18:47:17.026	33	20.7304	(-1, -1)	(-1, -1)	49
18:47:17.069	30	20.7612	(-1, -1)	(-1, -1)	49
18:47:17.107	29	20.8037	(-1, -1)	(-1, -1)	49
18:47:17.143	31	20.7243	(-1, -1)	(-1, -1)	49
18:47:17.178	30	20.7277	(-1, -1)	(-1, -1)	49
18:47:17.213	31	20.7581	(-1, -1)	(-1, -1)	49
18:47:17.247	32	20.7444	(-1, -1)	(-1, -1)	49
18:47:17.281	28	20.7773	(-1, -1)	(-1, -1)	49
18:47:17.317	27	20.8313	(-1, -1)	(-1, -1)	49
18:47:17.352	31	20.7513	(-1, -1)	(-1, -1)	49
18:47:17.395	31	20.7499	(-1, -1)	(-1, -1)	49
18:47:17.435	32	20.7686	(-1, -1)	(-1, -1)	49
18:47:17.477	31	20.7756	(-1, -1)	(-1, -1)	49
18:47:17.511	28	20.7991	(-1, -1)	(-1, -1)	49
18:47:17.546	29	20.791	(-1, -1)	(-1, -1)	49
18:47:17.582	33	20.7261	(-1, -1)	(-1, -1)	49
18:47:17.623	33	20.7747	(-1, -1)	(-1, -1)	49
18:47:17.666	32	20.739	(-1, -1)	(-1, -1)	49
18:47:17.709	30	20.7465	(-1, -1)	(-1, -1)	49
18:47:17.740	28	20.8551	(-1, -1)	(-1, -1)	49
18:47:17.776	31	20.7607	(-1, -1)	(-1, -1)	49
18:47:17.809	30	20.7456	(-1, -1)	(-1, -1)	49
18:47:17.845	28	20.8304	(-1, -1)	(-1, -1)	49
18:47:17.880	32	20.7161	(-1, -1)	(-1, -1)	49
18:47:17.914	29	20.7526	(-1, -1)	(-1, -1)	49
18:47:17.949	26	20.8034	(-1, -1)	(-1, -1)	49
18:47:17.976	27	20.8157	(-1, -1)	(-1, -1)	49
18:47:18.011	27	20.8323	(-1, -1)	(-1, -1)	49
18:47:18.047	29	20.7357	(-1, -1)	(-1, -1)	49
18:47:18.082	29	20.7444	(-1, -1)	(-1, -1)	49
18:47:18.116	30	20.756	(-1, -1)	(-1, -1)	49
18:47:18.151	28	20.7847	(-1, -1)	(-1, -1)	49
18:47:18.187	32	20.7142	(-1, -1)	(-1, -1)	49
18:47:18.228	34	20.7536	(-1, -1)	(-1, -1)	49
18:47:18.272	32	20.7444	(-1, -1)	(-1, -1)	49
18:47:18.310	28	20.8754	(-1, -1)	(-1, -1)	49
18:47:18.345	27	20.811	(-1, -1)	(-1, -1)	49
18:47:18.379	29	20.7898	(-1, -1)	(-1, -1)	49
18:47:18.417	33	20.7108	(-1, -1)	(-1, -1)	49
18:47:18.458	32	20.6947	(-1, -1)	(-1, -1)	49
18:47:18.499	34	20.7468	(-1, -1)	(-1, -1)	49
18:47:18.541	31	20.7243	(-1, -1)	(-1, -1)	49
18:47:18.574	29	20.8076	(-1, -1)	(-1, -1)	49
18:47:18.610	32	20.7673	(-1, -1)	(-1, -1)	49
18:47:18.652	33	20.7212	(-1, -1)	(-1, -1)	49
18:47:18.694	32	20.7618	(-1, -1)	(-1, -1)	49
18:47:18.737	31	20.7459	(-1, -1)	(-1, -1)	49
18:47:18.776	28	20.8754	(-1, -1)	(-1, -1)	49
18:47:18.811	32	20.7329	(-1, -1)	(-1, -1)	49
18:47:18.845	29	20.7335	(-1, -1)	(-1, -1)	49
18:47:18.880	29	20.7529	(-1, -1)	(-1, -1)	49
18:47:18.915	29	20.7893	(-1, -1)	(-1, -1)	49
18:47:18.950	29	20.7554	(-1, -1)	(-1, -1)	49
18:47:18.984	30	20.7898	(-1, -1)	(-1, -1)	49
18:47:19.020	32	20.7516	(-1, -1)	(-1, -1)	49
18:47:19.063	32	20.7471	(-1, -1)	(-1, -1)	49
18:47:19.104	33	20.708	(-1, -1)	(-1, -1)	49
18:47:19.147	32	20.7413	(-1, -1)	(-1, -1)	49
18:47:19.187	29	20.7316	(-1, -1)	(-1, -1)	49
18:47:19.221	28	20.7926	(-1, -1)	(-1, -1)	49
18:47:19.257	30	20.7533	(-1, -1)	(-1, -1)	49
18:47:19.291	32	20.7782	(-1, -1)	(-1, -1)	49
18:47:19.332	30	20.7649	(-1, -1)	(-1, -1)	49
18:47:19.368	29	20.7661	(-1, -1)	(-1, -1)	49
18:47:19.402	26	20.8498	(-1, -1)	(-1, -1)	49
18:47:19.429	28	20.8184	(-1, -1)	(-1, -1)	49
18:47:19.466	33	20.7799	(-1, -1)	(-1, -1)	49
18:47:19.508	33	20.7739	(-1, -1)	(-1, -1)	49
18:47:19.549	33	20.7427	(-1, -1)	(-1, -1)	49
18:47:19.592	29	20.7535	(-1, -1)	(-1, -1)	49
18:47:19.624	27	20.7979	(-1, -1)	(-1, -1)	49
18:47:19.658	28	20.8102	(-1, -1)	(-1, -1)	49
18:47:19.695	32	20.7292	(-1, -1)	(-1, -1)	49
18:47:19.738	32	20.7039	(-1, -1)	(-1, -1)	49
18:47:19.779	33	20.7502	(-1, -1)	(-1, -1)	49
18:47:19.820	31	20.7102	(-1, -1)	(-1, -1)	49
18:47:19.853	29	20.7641	(-1, -1)	(-1, -1)	49
18:47:19.891	33	20.7084	(-1, -1)	(-1, -1)	49
18:47:19.931	32	20.8004	(-1, -1)	(-1, -1)	49
18:47:19.973	33	20.7601	(-1, -1)	(-1, -1)	49
18:47:20.016	31	20.7766	(-1, -1)	(-1, -1)	49
18:47:20.056	28	20.8335	(-1, -1)	(-1, -1)	49
18:47:20.090	30	20.7234	(-1, -1)	(-1, -1)	49
18:47:20.126	33	20.7135	(-1, -1)	(-1, -1)	49
18:47:20.168	32	20.7444	(-1, -1)	(-1, -1)	49
18:47:20.216	31	20.7249	(-1, -1)	(-1, -1)	49
18:47:20.250	27	20.8364	(-1, -1)	(-1, -1)	49
18:47:20.285	29	20.7244	(-1, -1)	(-1, -1)	49
18:47:20.321	30	20.7296	(-1, -1)	(-1, -1)	49
18:47:20.355	31	20.7123	(-1, -1)	(-1, -1)	49
18:47:20.389	29	20.8265	(-1, -1)	(-1, -1)	49
18:47:20.425	32	20.7391	(-1, -1)	(-1, -1)	49
18:47:20.460	27	20.7181	(-1, -1)	(-1, -1)	49
18:47:20.494	33	20.7255	(-1, -1)	(-1, -1)	49
18:47:20.536	33	20.7514	(-1, -1)	(-1, -1)	49
18:47:20.578	32	20.7513	(-1, -1)	(-1, -1)	49
18:47:20.620	34	20.7456	(-1, -1)	(-1, -1)	49
18:47:20.661	29	20.7538	(-1, -1)	(-1, -1)	49
18:47:20.694	30	20.8519	(-1, -1)	(-1, -1)	49
18:47:20.731	33	20.7544	(-1, -1)	(-1, -1)	49
18:47:20.773	33	20.7603	(-1, -1)	(-1, -1)	49
18:47:20.815	30	20.7222	(-1, -1)	(-1, -1)	49
18:47:20.850	29	20.7441	(-1, -1)	(-1, -1)	49
18:47:20.882	27	20.8203	(-1, -1)	(-1, -1)	49
18:47:20.917	27	20.7698	(-1, -1)	(-1, -1)	49
18:47:20.954	33	20.7039	(-1, -1)	(-1, -1)	49
18:47:20.995	33	20.7347	(-1, -1)	(-1, -1)	49
18:47:21.037	32	20.7883	(-1, -1)	(-1, -1)	49
18:47:21.080	34	20.7336	(-1, -1)	(-1, -1)	49
18:47:21.119	27	20.8747	(-1, -1)	(-1, -1)	49
18:47:21.153	26	20.8553	(-1, -1)	(-1, -1)	49
18:47:21.181	29	20.7081	(-1, -1)	(-1, -1)	49
18:47:21.216	29	20.8767	(-1, -1)	(-1, -1)	49
18:47:21.252	32	20.7453	(-1, -1)	(-1, -1)	49
18:47:21.293	29	20.7178	(-1, -1)	(-1, -1)	49
18:47:21.327	29	20.6953	(-1, -1)	(-1, -1)	49
18:47:21.365	33	20.7213	(-1, -1)	(-1, -1)	49
18:47:21.404	29	20.7656	(-1, -1)	(-1, -1)	49
18:47:21.439	30	20.7433	(-1, -1)	(-1, -1)	49
18:47:21.475	34	20.7311	(-1, -1)	(-1, -1)	49
18:47:21.515	28	20.7059	(-1, -1)	(-1, -1)	49
18:47:21.550	29	20.9099	(-1, -1)	(-1, -1)	49
18:47:21.586	32	20.7953	(-1, -1)	(-1, -1)	49
18:47:21.628	32	20.732	(-1, -1)	(-1, -1)	49
18:47:21.669	31	20.729	(-1, -1)	(-1, -1)	49
18:47:21.711	32	20.7487	(-1, -1)	(-1, -1)	49
18:47:21.751	29	20.7172	(-1, -1)	(-1, -1)	49
18:47:21.786	28	20.7732	(-1, -1)	(-1, -1)	49
18:47:21.821	27	20.7874	(-1, -1)	(-1, -1)	49
18:47:21.855	28	20.7784	(-1, -1)	(-1, -1)	49
18:47:21.892	31	20.7656	(-1, -1)	(-1, -1)	49
18:47:21.934	31	20.7828	(-1, -1)	(-1, -1)	49
18:47:21.975	32	20.7683	(-1, -1)	(-1, -1)	49
18:47:22.017	31	20.7101	(-1, -1)	(-1, -1)	49
18:47:22.058	31	20.72	(-1, -1)	(-1, -1)	49
18:47:22.093	32	20.711	(-1, -1)	(-1, -1)	49
18:47:22.135	31	20.7441	(-1, -1)	(-1, -1)	49
18:47:22.169	30	20.7689	(-1, -1)	(-1, -1)	49
18:47:22.205	30	20.7905	(-1, -1)	(-1, -1)	49
18:47:22.240	31	20.7738	(-1, -1)	(-1, -1)	49
18:47:22.281	30	20.7723	(-1, -1)	(-1, -1)	49
18:47:22.316	33	20.7647	(-1, -1)	(-1, -1)	49
18:47:22.357	31	20.7821	(-1, -1)	(-1, -1)	49
18:47:22.391	29	20.7295	(-1, -1)	(-1, -1)	49
18:47:22.426	28	20.8216	(-1, -1)	(-1, -1)	49
18:47:22.460	30	20.7807	(-1, -1)	(-1, -1)	49
18:47:22.496	28	20.884	(-1, -1)	(-1, -1)	49
18:47:22.530	28	20.848	(-1, -1)	(-1, -1)	49
18:47:22.564	27	20.8378	(-1, -1)	(-1, -1)	49
18:47:22.599	27	20.8353	(-1, -1)	(-1, -1)	49
18:47:22.636	33	20.7175	(-1, -1)	(-1, -1)	49
18:47:22.677	31	20.7049	(-1, -1)	(-1, -1)	49
18:47:22.711	27	20.8196	(-1, -1)	(-1, -1)	49
18:47:22.745	27	20.8267	(-1, -1)	(-1, -1)	49
18:47:22.780	26	20.8154	(-1, -1)	(-1, -1)	49
18:47:22.815	27	20.821	(-1, -1)	(-1, -1)	49
18:47:22.850	30	20.7668	(-1, -1)	(-1, -1)	49
18:47:22.885	31	20.6945	(-1, -1)	(-1, -1)	49
18:47:22.920	32	20.7225	(-1, -1)	(-1, -1)	49
18:47:22.955	29	20.7837	(-1, -1)	(-1, -1)	49
18:47:22.990	31	20.781	(-1, -1)	(-1, -1)	49
18:47:23.023	29	20.855	(-1, -1)	(-1, -1)	49
18:47:23.058	29	20.7101	(-1, -1)	(-1, -1)	49
18:47:23.094	31	20.7119	(-1, -1)	(-1, -1)	49
18:47:23.136	32	20.7713	(-1, -1)	(-1, -1)	49
18:47:23.177	34	20.7514	(-1, -1)	(-1, -1)	49
18:47:23.220	30	20.7763	(-1, -1)	(-1, -1)	49
18:47:23.253	29	20.7299	(-1, -1)	(-1, -1)	49
18:47:23.288	29	20.7816	(-1, -1)	(-1, -1)	49
18:47:23.323	29	20.7299	(-1, -1)	(-1, -1)	49
18:47:23.357	30	20.7302	(-1, -1)	(-1, -1)	49
18:47:23.392	30	20.7833	(-1, -1)	(-1, -1)	49
18:47:23.427	29	20.7093	(-1, -1)	(-1, -1)	49
18:47:23.461	26	20.8557	(-1, -1)	(-1, -1)	49
18:47:23.497	33	20.7881	(-1, -1)	(-1, -1)	49
18:47:23.540	32	20.6991	(-1, -1)	(-1, -1)	49
18:47:23.582	32	20.7289	(-1, -1)	(-1, -1)	49
18:47:23.624	33	20.7098	(-1, -1)	(-1, -1)	49
18:47:23.664	28	20.7187	(-1, -1)	(-1, -1)	49
18:47:23.698	30	20.7446	(-1, -1)	(-1, -1)	49
18:47:23.734	33	20.7236	(-1, -1)	(-1, -1)	49
18:47:23.776	33	20.7757	(-1, -1)	(-1, -1)	49
18:47:23.818	33	20.7446	(-1, -1)	(-1, -1)	49
18:47:23.858	29	20.7468	(-1, -1)	(-1, -1)	49
18:47:23.893	29	20.723	(-1, -1)	(-1, -1)	49
18:47:23.928	28	20.8375	(-1, -1)	(-1, -1)	49
18:47:23.963	32	20.7	(-1, -1)	(-1, -1)	49
18:47:24.006	32	20.7655	(-1, -1)	(-1, -1)	49
18:47:24.047	32	20.7225	(-1, -1)	(-1, -1)	49
18:47:24.087	28	20.713	(-1, -1)	(-1, -1)	49
18:47:24.122	26	20.8333	(-1, -1)	(-1, -1)	49
18:47:24.156	28	20.8441	(-1, -1)	(-1, -1)	49
18:47:24.193	33	20.7759	(-1, -1)	(-1, -1)	49
18:47:24.235	32	20.7492	(-1, -1)	(-1, -1)	49
18:47:24.275	29	20.7867	(-1, -1)	(-1, -1)	49
18:47:24.309	28	20.7636	(-1, -1)	(-1, -1)	49
18:47:24.345	31	20.7004	(-1, -1)	(-1, -1)	49
18:47:24.380	31	20.7927	(-1, -1)	(-1, -1)	49
18:47:24.415	32	20.7071	(-1, -1)	(-1, -1)	49
18:47:24.458	31	20.7807	(-1, -1)	(-1, -1)	49
18:47:24.497	29	20.8181	(-1, -1)	(-1, -1)	49
18:47:24.532	28	20.7999	(-1, -1)	(-1, -1)	49
18:47:24.567	30	20.9197	(-1, -1)	(-1, -1)	49
18:47:24.603	33	20.7145	(-1, -1)	(-1, -1)	49
18:47:24.645	30	20.783	(-1, -1)	(-1, -1)	49
18:47:24.679	32	20.7572	(-1, -1)	(-1, -1)	49
18:47:24.721	30	20.7424	(-1, -1)	(-1, -1)	49
18:47:24.755	30	20.7427	(-1, -1)	(-1, -1)	49
18:47:24.790	34	20.7293	(-1, -1)	(-1, -1)	49
18:47:24.833	31	20.76	(-1, -1)	(-1, -1)	49
18:47:24.866	29	20.8446	(-1, -1)	(-1, -1)	49
18:47:24.904	32	20.7247	(-1, -1)	(-1, -1)	49
18:47:24.943	29	20.7401	(-1, -1)	(-1, -1)	49
18:47:24.977	29	20.7246	(-1, -1)	(-1, -1)	49
18:47:25.012	29	20.6961	(-1, -1)	(-1, -1)	49
18:47:25.047	29	20.7228	(-1, -1)	(-1, -1)	49
18:47:25.083	29	20.747	(-1, -1)	(-1, -1)	49
18:47:25.116	29	20.7901	(-1, -1)	(-1, -1)	49
18:47:25.151	29	20.7953	(-1, -1)	(-1, -1)	49
18:47:25.186	29	20.7932	(-1, -1)	(-1, -1)	49
18:47:25.221	29	20.7443	(-1, -1)	(-1, -1)	49
18:47:25.255	31	20.7399	(-1, -1)	(-1, -1)	49
18:47:25.291	33	20.7412	(-1, -1)	(-1, -1)	49
18:47:25.334	30	20.7052	(-1, -1)	(-1, -1)	49
18:47:25.366	28	20.7399	(-1, -1)	(-1, -1)	49
18:47:25.401	27	20.8144	(-1, -1)	(-1, -1)	49
18:47:25.429	27	20.8105	(-1, -1)	(-1, -1)	49
18:47:25.465	33	20.7055	(-1, -1)	(-1, -1)	49
18:47:25.507	33	20.8161	(-1, -1)	(-1, -1)	49
18:47:25.547	30	20.7449	(-1, -1)	(-1, -1)	49
18:47:25.581	27	20.8428	(-1, -1)	(-1, -1)	49
18:47:25.616	26	20.7591	(-1, -1)	(-1, -1)	49
18:47:25.644	28	20.8271	(-1, -1)	(-1, -1)	49
18:47:25.680	33	20.7	(-1, -1)	(-1, -1)	49
18:47:25.721	29	20.7264	(-1, -1)	(-1, -1)	49
18:47:25.756	29	20.7498	(-1, -1)	(-1, -1)	49
18:47:25.790	28	20.8419	(-1, -1)	(-1, -1)	49
18:47:25.825	27	20.8301	(-1, -1)	(-1, -1)	49
18:47:25.860	34	20.7837	(-1, -1)	(-1, -1)	49
18:47:25.903	33	20.7902	(-1, -1)	(-1, -1)	49
18:47:25.945	32	20.7196	(-1, -1)	(-1, -1)	49
18:47:25.989	32	20.7292	(-1, -1)	(-1, -1)	49
18:47:26.028	28	20.7274	(-1, -1)	(-1, -1)	49
18:47:26.062	28	20.8363	(-1, -1)	(-1, -1)	49
18:47:26.097	33	20.7807	(-1, -1)	(-1, -1)	49
18:47:26.140	32	20.783	(-1, -1)	(-1, -1)	49
18:47:26.181	34	20.7064	(-1, -1)	(-1, -1)	49
18:47:26.222	30	20.7218	(-1, -1)	(-1, -1)	49
18:47:26.256	30	20.7763	(-1, -1)	(-1, -1)	49
18:47:26.291	29	20.7932	(-1, -1)	(-1, -1)	49
18:47:26.326	31	20.7111	(-1, -1)	(-1, -1)	49
18:47:26.362	32	20.7665	(-1, -1)	(-1, -1)	49
18:47:26.405	30	20.7911	(-1, -1)	(-1, -1)	49
18:47:26.444	28	20.8265	(-1, -1)	(-1, -1)	49
18:47:26.478	30	20.869	(-1, -1)	(-1, -1)	49
18:47:26.515	33	20.7514	(-1, -1)	(-1, -1)	49
18:47:26.555	29	20.7292	(-1, -1)	(-1, -1)	49
18:47:26.590	29	20.7751	(-1, -1)	(-1, -1)	49
18:47:26.625	30	20.7348	(-1, -1)	(-1, -1)	49
18:47:26.661	28	20.7767	(-1, -1)	(-1, -1)	49
18:47:26.695	30	20.7361	(-1, -1)	(-1, -1)	49
18:47:26.730	33	20.7559	(-1, -1)	(-1, -1)	49
18:47:26.773	33	20.7556	(-1, -1)	(-1, -1)	49
18:47:26.814	32	20.7837	(-1, -1)	(-1, -1)	49
18:47:26.854	29	20.7627	(-1, -1)	(-1, -1)	49
18:47:26.889	27	20.8656	(-1, -1)	(-1, -1)	49
18:47:26.923	30	20.7074	(-1, -1)	(-1, -1)	49
18:47:26.960	32	20.7591	(-1, -1)	(-1, -1)	49
18:47:27.001	33	20.6886	(-1, -1)	(-1, -1)	49
18:47:27.043	32	20.7421	(-1, -1)	(-1, -1)	49
18:47:27.084	28	20.8276	(-1, -1)	(-1, -1)	49
18:47:27.118	27	20.7764	(-1, -1)	(-1, -1)	49
18:47:27.155	31	20.7538	(-1, -1)	(-1, -1)	49
18:47:27.196	32	20.7794	(-1, -1)	(-1, -1)	49
18:47:27.239	33	20.7049	(-1, -1)	(-1, -1)	49
18:47:27.278	28	20.8126	(-1, -1)	(-1, -1)	49
18:47:27.312	27	20.8027	(-1, -1)	(-1, -1)	49
18:47:27.347	27	20.7796	(-1, -1)	(-1, -1)	49
18:47:27.384	32	20.7702	(-1, -1)	(-1, -1)	49
18:47:27.426	32	20.7074	(-1, -1)	(-1, -1)	49
18:47:27.467	32	20.7973	(-1, -1)	(-1, -1)	49
18:47:27.508	27	20.8101	(-1, -1)	(-1, -1)	49
18:47:27.543	29	20.7636	(-1, -1)	(-1, -1)	49
18:47:27.578	30	20.7216	(-1, -1)	(-1, -1)	49
18:47:27.611	26	20.8369	(-1, -1)	(-1, -1)	49
18:47:27.646	27	20.8344	(-1, -1)	(-1, -1)	49
18:47:27.681	28	20.8129	(-1, -1)	(-1, -1)	49
18:47:27.717	28	20.7271	(-1, -1)	(-1, -1)	49
18:47:27.751	32	20.7419	(-1, -1)	(-1, -1)	49
18:47:27.794	33	20.7295	(-1, -1)	(-1, -1)	49
18:47:27.836	31	20.7299	(-1, -1)	(-1, -1)	49
18:47:27.877	33	20.7813	(-1, -1)	(-1, -1)	49
18:47:27.917	29	20.7433	(-1, -1)	(-1, -1)	49
18:47:27.952	28	20.7806	(-1, -1)	(-1, -1)	49
18:47:27.988	34	20.7756	(-1, -1)	(-1, -1)	49
18:47:28.030	33	20.7699	(-1, -1)	(-1, -1)	49
18:47:28.073	32	20.7098	(-1, -1)	(-1, -1)	49
18:47:28.117	32	20.6993	(-1, -1)	(-1, -1)	49
18:47:28.154	28	20.8498	(-1, -1)	(-1, -1)	49
18:47:28.189	27	20.7834	(-1, -1)	(-1, -1)	49
18:47:28.224	28	20.8529	(-1, -1)	(-1, -1)	49
18:47:28.259	29	20.8582	(-1, -1)	(-1, -1)	49
18:47:28.294	34	20.7373	(-1, -1)	(-1, -1)	49
18:47:28.335	28	20.8252	(-1, -1)	(-1, -1)	49
18:47:28.370	29	20.7212	(-1, -1)	(-1, -1)	49
18:47:28.405	30	20.7474	(-1, -1)	(-1, -1)	49
18:47:28.439	32	20.7215	(-1, -1)	(-1, -1)	49
18:47:28.483	32	20.7502	(-1, -1)	(-1, -1)	49
18:47:28.525	31	20.7601	(-1, -1)	(-1, -1)	49
18:47:28.566	29	20.721	(-1, -1)	(-1, -1)	49
18:47:28.599	30	20.7104	(-1, -1)	(-1, -1)	49
18:47:28.634	29	20.7086	(-1, -1)	(-1, -1)	49
18:47:28.668	31	20.7631	(-1, -1)	(-1, -1)	49
18:47:28.705	31	20.7181	(-1, -1)	(-1, -1)	49
18:47:28.746	34	20.7159	(-1, -1)	(-1, -1)	49
18:47:28.787	27	20.8216	(-1, -1)	(-1, -1)	49
18:47:28.821	26	20.8422	(-1, -1)	(-1, -1)	49
18:47:28.849	27	20.7584	(-1, -1)	(-1, -1)	49
18:47:28.884	30	20.7655	(-1, -1)	(-1, -1)	49
18:47:28.920	31	20.7591	(-1, -1)	(-1, -1)	49
18:47:28.954	27	20.8105	(-1, -1)	(-1, -1)	49
18:47:28.988	27	20.8271	(-1, -1)	(-1, -1)	49
18:47:29.023	27	20.8314	(-1, -1)	(-1, -1)	49
18:47:29.059	33	20.7274	(-1, -1)	(-1, -1)	49
18:47:29.101	33	20.7954	(-1, -1)	(-1, -1)	49
18:47:29.143	33	20.756	(-1, -1)	(-1, -1)	49
18:47:29.184	29	20.7227	(-1, -1)	(-1, -1)	49
18:47:29.218	29	20.7033	(-1, -1)	(-1, -1)	49
18:47:29.253	33	20.7505	(-1, -1)	(-1, -1)	49
18:47:29.295	33	20.7261	(-1, -1)	(-1, -1)	49
18:47:29.338	31	20.7582	(-1, -1)	(-1, -1)	49
18:47:29.378	29	20.7105	(-1, -1)	(-1, -1)	49
18:47:29.413	29	20.8025	(-1, -1)	(-1, -1)	49
18:47:29.447	29	20.7347	(-1, -1)	(-1, -1)	49
18:47:29.482	30	20.7139	(-1, -1)	(-1, -1)	49
18:47:29.517	30	20.7523	(-1, -1)	(-1, -1)	49
18:47:29.553	32	20.7576	(-1, -1)	(-1, -1)	49
18:47:29.593	29	20.7714	(-1, -1)	(-1, -1)	49
18:47:29.628	28	20.7969	(-1, -1)	(-1, -1)	49
18:47:29.663	28	20.7621	(-1, -1)	(-1, -1)	49
18:47:29.697	31	20.7502	(-1, -1)	(-1, -1)	49
18:47:29.733	34	20.811	(-1, -1)	(-1, -1)	49
18:47:29.776	32	20.6987	(-1, -1)	(-1, -1)	49
18:47:29.816	30	20.783	(-1, -1)	(-1, -1)	49
18:47:29.850	31	20.7781	(-1, -1)	(-1, -1)	49
18:47:29.887	32	20.7127	(-1, -1)	(-1, -1)	49
18:47:29.928	34	20.7277	(-1, -1)	(-1, -1)	49
18:47:29.970	32	20.7658	(-1, -1)	(-1, -1)	49
18:47:30.011	28	20.6941	(-1, -1)	(-1, -1)	49
18:47:30.045	30	20.7541	(-1, -1)	(-1, -1)	49
18:47:30.081	27	20.7404	(-1, -1)	(-1, -1)	49
18:47:30.114	32	20.7487	(-1, -1)	(-1, -1)	49
18:47:30.151	33	20.7353	(-1, -1)	(-1, -1)	49
18:47:30.193	33	20.7966	(-1, -1)	(-1, -1)	49
18:47:30.235	31	20.7304	(-1, -1)	(-1, -1)	49
18:47:30.267	27	20.8127	(-1, -1)	(-1, -1)	49
18:47:30.302	26	20.7929	(-1, -1)	(-1, -1)	49
18:47:30.330	26	20.772	(-1, -1)	(-1, -1)	49
18:47:30.357	27	20.8173	(-1, -1)	(-1, -1)	49
18:47:30.393	33	20.6994	(-1, -1)	(-1, -1)	49
18:47:30.436	32	20.7732	(-1, -1)	(-1, -1)	49
18:47:30.476	28	20.7375	(-1, -1)	(-1, -1)	49
18:47:30.510	31	20.7997	(-1, -1)	(-1, -1)	49
18:47:30.547	32	20.7046	(-1, -1)	(-1, -1)	49
18:47:30.589	32	20.7843	(-1, -1)	(-1, -1)	49
18:47:30.630	33	20.7281	(-1, -1)	(-1, -1)	49
18:47:30.671	28	20.8397	(-1, -1)	(-1, -1)	49
18:47:30.705	28	20.7224	(-1, -1)	(-1, -1)	49
18:47:30.740	29	20.8299	(-1, -1)	(-1, -1)	49
18:47:30.776	33	20.7449	(-1, -1)	(-1, -1)	49
18:47:30.819	32	20.7661	(-1, -1)	(-1, -1)	49
18:47:30.859	29	20.7132	(-1, -1)	(-1, -1)	49
18:47:30.892	28	20.7961	(-1, -1)	(-1, -1)	49
18:47:30.929	34	20.736	(-1, -1)	(-1, -1)	49
18:47:30.971	33	20.7772	(-1, -1)	(-1, -1)	49
18:47:31.012	33	20.7961	(-1, -1)	(-1, -1)	49
18:47:31.057	31	20.76	(-1, -1)	(-1, -1)	49
18:47:31.095	28	20.8105	(-1, -1)	(-1, -1)	49
18:47:31.129	29	20.7603	(-1, -1)	(-1, -1)	49
18:47:31.164	29	20.7573	(-1, -1)	(-1, -1)	49
18:47:31.199	30	20.804	(-1, -1)	(-1, -1)	49
18:47:31.233	30	20.743	(-1, -1)	(-1, -1)	49
18:47:31.270	29	20.7027	(-1, -1)	(-1, -1)	49
18:47:31.304	28	20.7041	(-1, -1)	(-1, -1)	49
18:47:31.339	28	20.7219	(-1, -1)	(-1, -1)	49
18:47:31.373	33	20.748	(-1, -1)	(-1, -1)	49
18:47:31.415	33	20.7455	(-1, -1)	(-1, -1)	49
18:47:31.458	34	20.7849	(-1, -1)	(-1, -1)	49
18:47:31.500	33	20.7268	(-1, -1)	(-1, -1)	49
18:47:31.540	30	20.7387	(-1, -1)	(-1, -1)	49
18:47:31.576	32	20.7301	(-1, -1)	(-1, -1)	49
18:47:31.617	32	20.771	(-1, -1)	(-1, -1)	49
18:47:31.659	32	20.6976	(-1, -1)	(-1, -1)	49
18:47:31.701	31	20.7508	(-1, -1)	(-1, -1)	49
18:47:31.734	27	20.8825	(-1, -1)	(-1, -1)	49
18:47:31.768	26	20.7699	(-1, -1)	(-1, -1)	49
18:47:31.796	27	20.7652	(-1, -1)	(-1, -1)	49
18:47:31.832	30	20.7302	(-1, -1)	(-1, -1)	49
18:47:31.868	32	20.7578	(-1, -1)	(-1, -1)	49
18:47:31.911	31	20.769	(-1, -1)	(-1, -1)	49
18:47:31.949	27	20.8301	(-1, -1)	(-1, -1)	49
18:47:31.984	27	20.7987	(-1, -1)	(-1, -1)	49
18:47:32.022	31	20.7566	(-1, -1)	(-1, -1)	49
18:47:32.063	33	20.7825	(-1, -1)	(-1, -1)	49
18:47:32.104	32	20.7533	(-1, -1)	(-1, -1)	49
18:47:32.144	28	20.8154	(-1, -1)	(-1, -1)	49
18:47:32.180	28	20.7996	(-1, -1)	(-1, -1)	49
18:47:32.214	29	20.751	(-1, -1)	(-1, -1)	49
18:47:32.249	29	20.7781	(-1, -1)	(-1, -1)	49
18:47:32.286	32	20.7742	(-1, -1)	(-1, -1)	49
18:47:32.326	34	20.7519	(-1, -1)	(-1, -1)	49
18:47:32.367	29	20.7083	(-1, -1)	(-1, -1)	49
18:47:32.402	31	20.7489	(-1, -1)	(-1, -1)	49
18:47:32.437	30	20.7806	(-1, -1)	(-1, -1)	49
18:47:32.472	30	20.7041	(-1, -1)	(-1, -1)	49
18:47:32.506	30	20.7381	(-1, -1)	(-1, -1)	49
18:47:32.541	30	20.756	(-1, -1)	(-1, -1)	49
18:47:32.576	28	20.7612	(-1, -1)	(-1, -1)	49
18:47:32.610	32	20.728	(-1, -1)	(-1, -1)	49
18:47:32.646	33	20.7222	(-1, -1)	(-1, -1)	49
18:47:32.688	33	20.7053	(-1, -1)	(-1, -1)	49
18:47:32.730	32	20.7473	(-1, -1)	(-1, -1)	49
18:47:32.770	28	20.765	(-1, -1)	(-1, -1)	49
18:47:32.805	27	20.769	(-1, -1)	(-1, -1)	49
18:47:32.839	28	20.8581	(-1, -1)	(-1, -1)	49
18:47:32.874	30	20.8679	(-1, -1)	(-1, -1)	49
18:47:32.911	32	20.7532	(-1, -1)	(-1, -1)	49
18:47:32.952	36	20.7236	(-1, -1)	(-1, -1)	49
18:47:32.993	28	20.8209	(-1, -1)	(-1, -1)	49
18:47:33.027	30	20.7473	(-1, -1)	(-1, -1)	49
18:47:33.064	33	20.7231	(-1, -1)	(-1, -1)	49
18:47:33.149	31	20.7899	(-1, -1)	(-1, -1)	49
18:47:33.188	30	20.7279	(-1, -1)	(-1, -1)	49
18:47:33.228	27	20.8293	(-1, -1)	(-1, -1)	49
18:47:33.263	27	20.8409	(-1, -1)	(-1, -1)	49
18:47:33.298	29	20.7969	(-1, -1)	(-1, -1)	49
18:47:33.334	33	20.7757	(-1, -1)	(-1, -1)	49
18:47:33.376	33	20.7542	(-1, -1)	(-1, -1)	49
18:47:33.417	27	20.8308	(-1, -1)	(-1, -1)	49
18:47:33.451	27	20.8646	(-1, -1)	(-1, -1)	49
18:47:33.487	29	20.7252	(-1, -1)	(-1, -1)	49
18:47:33.521	31	20.7141	(-1, -1)	(-1, -1)	49
18:47:33.557	34	20.7317	(-1, -1)	(-1, -1)	49
18:47:33.602	29	20.747	(-1, -1)	(-1, -1)	49
18:47:33.639	30	20.7333	(-1, -1)	(-1, -1)	49
18:47:33.674	29	20.7739	(-1, -1)	(-1, -1)	49
18:47:33.710	29	20.7292	(-1, -1)	(-1, -1)	49
18:47:33.743	31	20.7936	(-1, -1)	(-1, -1)	49
18:47:33.779	30	20.7483	(-1, -1)	(-1, -1)	49
18:47:33.813	28	20.7877	(-1, -1)	(-1, -1)	49
18:47:33.848	27	20.8745	(-1, -1)	(-1, -1)	49
18:47:33.884	26	20.8576	(-1, -1)	(-1, -1)	49
18:47:33.917	26	20.7831	(-1, -1)	(-1, -1)	49
18:47:33.944	28	20.8311	(-1, -1)	(-1, -1)	49
18:47:33.984	29	20.6953	(-1, -1)	(-1, -1)	49
18:47:34.034	28	20.7893	(-1, -1)	(-1, -1)	49
18:47:34.070	27	20.847	(-1, -1)	(-1, -1)	49
18:47:34.105	28	20.8769	(-1, -1)	(-1, -1)	49
18:47:34.141	30	20.6953	(-1, -1)	(-1, -1)	49
18:47:34.179	29	20.7267	(-1, -1)	(-1, -1)	49
18:47:34.233	27	20.8024	(-1, -1)	(-1, -1)	49
18:47:34.265	28	20.7354	(-1, -1)	(-1, -1)	49
18:47:34.300	27	20.8247	(-1, -1)	(-1, -1)	49
18:47:34.334	28	20.8397	(-1, -1)	(-1, -1)	49
18:47:34.369	27	20.8061	(-1, -1)	(-1, -1)	49
18:47:34.404	28	20.769	(-1, -1)	(-1, -1)	49
18:47:34.443	29	20.7584	(-1, -1)	(-1, -1)	49
18:47:34.481	27	20.7492	(-1, -1)	(-1, -1)	49
18:47:34.515	27	20.7804	(-1, -1)	(-1, -1)	49
18:47:34.550	27	20.8347	(-1, -1)	(-1, -1)	49
EOM

