BOM
Frame extends: 2263, 1306
_ms_area: 10
measurements taken: 585
current rendering method: 0
is mouse replay: 1
Camera settings: Roation Quaternion: ( 0.235703, -0.0131471, 0.941774, 0.239427), Translationsvektor: ( 0, 0, 1.25).
System_Time	Elapsed_Time_PaintGL	Elapsed_Kernel_Time	Frame_Coordinates	Grid_Position	Manual_Measurement
16:16:58.016	56	47.0782	(-1, -1)	(-1, -1)	0
16:16:58.084	59	47.0822	(-1, -1)	(-1, -1)	0
16:16:58.151	58	47.0516	(-1, -1)	(-1, -1)	0
16:16:58.212	58	47.0431	(-1, -1)	(-1, -1)	0
16:16:58.276	60	47.0471	(-1, -1)	(-1, -1)	0
16:16:58.346	59	47.0658	(-1, -1)	(-1, -1)	0
16:16:58.416	60	47.0721	(-1, -1)	(-1, -1)	0
16:16:58.483	55	47.1764	(-1, -1)	(-1, -1)	0
16:16:58.547	58	47.0927	(-1, -1)	(-1, -1)	0
16:16:58.609	58	47.0839	(-1, -1)	(-1, -1)	0
16:16:58.670	54	47.1641	(-1, -1)	(-1, -1)	0
16:16:58.733	57	47.0932	(-1, -1)	(-1, -1)	0
16:16:58.797	59	47.0625	(-1, -1)	(-1, -1)	0
16:16:58.866	55	47.0699	(-1, -1)	(-1, -1)	0
16:16:58.929	59	47.1267	(-1, -1)	(-1, -1)	0
16:16:58.999	58	47.117	(-1, -1)	(-1, -1)	0
16:16:59.068	57	47.0496	(-1, -1)	(-1, -1)	0
16:16:59.130	58	47.0742	(-1, -1)	(-1, -1)	0
16:16:59.193	60	47.0649	(-1, -1)	(-1, -1)	0
16:16:59.263	59	47.0953	(-1, -1)	(-1, -1)	0
16:16:59.324	56	47.0764	(-1, -1)	(-1, -1)	0
16:16:59.388	59	47.1203	(-1, -1)	(-1, -1)	0
16:16:59.467	57	47.0904	(-1, -1)	(-1, -1)	0
16:16:59.532	57	47.0443	(-1, -1)	(-1, -1)	0
16:16:59.600	59	47.0594	(-1, -1)	(-1, -1)	0
16:16:59.669	55	47.0569	(-1, -1)	(-1, -1)	0
16:16:59.728	54	47.1781	(-1, -1)	(-1, -1)	0
16:16:59.791	59	47.063	(-1, -1)	(-1, -1)	0
16:16:59.861	59	47.0889	(-1, -1)	(-1, -1)	0
16:16:59.922	54	47.2404	(-1, -1)	(-1, -1)	0
16:16:59.984	53	47.123	(-1, -1)	(-1, -1)	0
16:17:00.040	55	47.1384	(-1, -1)	(-1, -1)	0
16:17:00.103	55	47.1247	(-1, -1)	(-1, -1)	0
16:17:00.167	59	47.0739	(-1, -1)	(-1, -1)	0
16:17:00.237	58	47.1367	(-1, -1)	(-1, -1)	0
16:17:00.304	55	47.1121	(-1, -1)	(-1, -1)	0
16:17:00.368	60	47.0708	(-1, -1)	(-1, -1)	0
16:17:00.439	58	47.068	(-1, -1)	(-1, -1)	0
16:17:00.499	53	47.1191	(-1, -1)	(-1, -1)	0
16:17:00.554	55	47.1539	(-1, -1)	(-1, -1)	0
16:17:00.619	59	47.1216	(-1, -1)	(-1, -1)	0
16:17:00.688	58	47.0944	(-1, -1)	(-1, -1)	0
16:17:00.749	56	47.0575	(-1, -1)	(-1, -1)	0
16:17:00.813	59	47.0902	(-1, -1)	(-1, -1)	0
16:17:00.883	59	47.1031	(-1, -1)	(-1, -1)	0
16:17:00.953	57	47.0907	(-1, -1)	(-1, -1)	0
16:17:01.014	55	47.137	(-1, -1)	(-1, -1)	0
16:17:01.078	58	47.0556	(-1, -1)	(-1, -1)	0
16:17:01.148	59	47.0776	(-1, -1)	(-1, -1)	0
16:17:01.216	56	47.0575	(-1, -1)	(-1, -1)	0
16:17:01.279	60	47.0849	(-1, -1)	(-1, -1)	0
16:17:01.351	58	47.0932	(-1, -1)	(-1, -1)	0
16:17:01.416	53	47.133	(-1, -1)	(-1, -1)	0
16:17:01.474	59	47.0521	(-1, -1)	(-1, -1)	0
16:17:01.543	59	47.1006	(-1, -1)	(-1, -1)	0
16:17:01.604	55	47.0914	(-1, -1)	(-1, -1)	0
16:17:01.666	54	47.1717	(-1, -1)	(-1, -1)	0
16:17:01.730	58	47.1271	(-1, -1)	(-1, -1)	0
16:17:01.793	57	47.1024	(-1, -1)	(-1, -1)	0
16:17:01.857	59	47.0892	(-1, -1)	(-1, -1)	0
16:17:01.926	58	47.0756	(-1, -1)	(-1, -1)	0
16:17:01.995	59	47.0969	(-1, -1)	(-1, -1)	0
16:17:02.063	57	47.0967	(-1, -1)	(-1, -1)	0
16:17:02.128	60	47.069	(-1, -1)	(-1, -1)	0
16:17:02.197	59	47.0304	(-1, -1)	(-1, -1)	0
16:17:02.258	55	47.0804	(-1, -1)	(-1, -1)	0
16:17:02.322	59	47.1073	(-1, -1)	(-1, -1)	0
16:17:02.385	58	47.1043	(-1, -1)	(-1, -1)	0
16:17:02.446	56	47.0679	(-1, -1)	(-1, -1)	0
16:17:02.509	60	47.0819	(-1, -1)	(-1, -1)	0
16:17:02.579	60	47.0745	(-1, -1)	(-1, -1)	0
16:17:02.648	55	47.1104	(-1, -1)	(-1, -1)	0
16:17:02.710	58	47.0873	(-1, -1)	(-1, -1)	0
16:17:02.774	59	47.0661	(-1, -1)	(-1, -1)	0
16:17:02.836	54	47.1228	(-1, -1)	(-1, -1)	0
16:17:02.897	54	47.16	(-1, -1)	(-1, -1)	0
16:17:02.962	58	47.0667	(-1, -1)	(-1, -1)	0
16:17:03.032	58	47.0561	(-1, -1)	(-1, -1)	0
16:17:03.091	54	47.157	(-1, -1)	(-1, -1)	0
16:17:03.147	56	47.1169	(-1, -1)	(-1, -1)	0
16:17:03.212	60	47.0959	(-1, -1)	(-1, -1)	0
16:17:03.281	56	47.0764	(-1, -1)	(-1, -1)	0
16:17:03.344	58	47.0886	(-1, -1)	(-1, -1)	0
16:17:03.407	58	47.0696	(-1, -1)	(-1, -1)	0
16:17:03.476	58	47.1126	(-1, -1)	(-1, -1)	0
16:17:03.537	57	47.1163	(-1, -1)	(-1, -1)	0
16:17:03.601	59	47.1329	(-1, -1)	(-1, -1)	0
16:17:03.671	59	47.0825	(-1, -1)	(-1, -1)	0
16:17:03.738	55	47.1089	(-1, -1)	(-1, -1)	0
16:17:03.802	59	47.0844	(-1, -1)	(-1, -1)	0
16:17:03.863	56	47.0853	(-1, -1)	(-1, -1)	0
16:17:03.927	54	47.1504	(-1, -1)	(-1, -1)	0
16:17:03.990	59	47.0596	(-1, -1)	(-1, -1)	0
16:17:04.060	59	47.0843	(-1, -1)	(-1, -1)	0
16:17:04.128	56	47.0788	(-1, -1)	(-1, -1)	0
16:17:04.192	60	47.0633	(-1, -1)	(-1, -1)	0
16:17:04.262	59	47.0751	(-1, -1)	(-1, -1)	0
16:17:04.330	57	47.0717	(-1, -1)	(-1, -1)	0
16:17:04.394	59	47.1148	(-1, -1)	(-1, -1)	0
16:17:04.463	59	47.065	(-1, -1)	(-1, -1)	0
16:17:04.532	55	47.0726	(-1, -1)	(-1, -1)	0
16:17:04.593	54	47.1468	(-1, -1)	(-1, -1)	0
16:17:04.658	58	47.0439	(-1, -1)	(-1, -1)	0
16:17:04.719	54	47.1477	(-1, -1)	(-1, -1)	0
16:17:04.781	57	47.1019	(-1, -1)	(-1, -1)	0
16:17:04.847	59	47.0239	(-1, -1)	(-1, -1)	0
16:17:04.915	57	47.0751	(-1, -1)	(-1, -1)	0
16:17:04.978	57	47.0458	(-1, -1)	(-1, -1)	0
16:17:05.040	59	47.0827	(-1, -1)	(-1, -1)	0
16:17:05.110	68	47.0896	(-1, -1)	(-1, -1)	0
16:17:05.185	57	47.0988	(-1, -1)	(-1, -1)	0
16:17:05.248	60	47.0873	(-1, -1)	(-1, -1)	0
16:17:05.318	59	47.1436	(-1, -1)	(-1, -1)	0
16:17:05.386	57	47.1256	(-1, -1)	(-1, -1)	0
16:17:05.451	58	47.123	(-1, -1)	(-1, -1)	0
16:17:05.520	59	47.0865	(-1, -1)	(-1, -1)	0
16:17:05.588	57	47.0704	(-1, -1)	(-1, -1)	0
16:17:05.651	58	47.0455	(-1, -1)	(-1, -1)	0
16:17:05.714	58	47.0517	(-1, -1)	(-1, -1)	0
16:17:05.787	59	47.0596	(-1, -1)	(-1, -1)	0
16:17:05.852	56	47.0313	(-1, -1)	(-1, -1)	0
16:17:05.914	56	47.1495	(-1, -1)	(-1, -1)	0
16:17:05.979	58	47.0634	(-1, -1)	(-1, -1)	0
16:17:06.039	55	47.1849	(-1, -1)	(-1, -1)	0
16:17:06.104	60	47.077	(-1, -1)	(-1, -1)	0
16:17:06.173	58	47.0573	(-1, -1)	(-1, -1)	0
16:17:06.234	55	47.0791	(-1, -1)	(-1, -1)	0
16:17:06.296	56	47.1895	(-1, -1)	(-1, -1)	0
16:17:06.361	58	47.0566	(-1, -1)	(-1, -1)	0
16:17:06.422	56	47.0585	(-1, -1)	(-1, -1)	0
16:17:06.484	55	47.1944	(-1, -1)	(-1, -1)	0
16:17:06.551	59	47.1031	(-1, -1)	(-1, -1)	0
16:17:06.619	58	47.0507	(-1, -1)	(-1, -1)	0
16:17:06.686	57	47.0501	(-1, -1)	(-1, -1)	0
16:17:06.749	56	47.0735	(-1, -1)	(-1, -1)	0
16:17:06.813	58	47.0477	(-1, -1)	(-1, -1)	0
16:17:06.874	56	47.088	(-1, -1)	(-1, -1)	0
16:17:06.939	60	47.0526	(-1, -1)	(-1, -1)	0
16:17:07.008	59	47.0403	(-1, -1)	(-1, -1)	0
16:17:07.077	58	47.0415	(-1, -1)	(-1, -1)	0
16:17:07.140	58	47.0581	(-1, -1)	(-1, -1)	0
16:17:07.209	60	47.061	(-1, -1)	(-1, -1)	0
16:17:07.279	60	47.0077	(-1, -1)	(-1, -1)	0
16:17:07.348	59	47.1258	(-1, -1)	(-1, -1)	0
16:17:07.417	59	47.0956	(-1, -1)	(-1, -1)	0
16:17:07.490	58	47.0905	(-1, -1)	(-1, -1)	0
16:17:07.554	56	47.1957	(-1, -1)	(-1, -1)	0
16:17:07.620	58	47.0972	(-1, -1)	(-1, -1)	0
16:17:07.688	56	47.0963	(-1, -1)	(-1, -1)	0
16:17:07.749	54	47.1735	(-1, -1)	(-1, -1)	0
16:17:07.814	61	47.0222	(-1, -1)	(-1, -1)	0
16:17:07.884	59	47.0781	(-1, -1)	(-1, -1)	0
16:17:07.952	59	47.0874	(-1, -1)	(-1, -1)	0
16:17:08.014	56	47.1609	(-1, -1)	(-1, -1)	0
16:17:08.078	59	47.0413	(-1, -1)	(-1, -1)	0
16:17:08.147	56	47.0348	(-1, -1)	(-1, -1)	0
16:17:08.210	59	47.0699	(-1, -1)	(-1, -1)	0
16:17:08.280	59	47.1086	(-1, -1)	(-1, -1)	0
16:17:08.348	57	47.0523	(-1, -1)	(-1, -1)	0
16:17:08.412	59	47.0256	(-1, -1)	(-1, -1)	0
16:17:08.481	59	47.0234	(-1, -1)	(-1, -1)	0
16:17:08.551	57	47.1375	(-1, -1)	(-1, -1)	0
16:17:08.616	60	47.0508	(-1, -1)	(-1, -1)	0
16:17:08.684	57	47.0431	(-1, -1)	(-1, -1)	0
16:17:08.744	55	47.1951	(-1, -1)	(-1, -1)	0
16:17:08.808	58	47.0996	(-1, -1)	(-1, -1)	0
16:17:08.870	60	47.0627	(-1, -1)	(-1, -1)	0
16:17:08.943	59	47.0419	(-1, -1)	(-1, -1)	0
16:17:09.008	54	47.1295	(-1, -1)	(-1, -1)	0
16:17:09.072	59	47.1215	(-1, -1)	(-1, -1)	0
16:17:09.142	59	47.0314	(-1, -1)	(-1, -1)	0
16:17:09.203	56	47.083	(-1, -1)	(-1, -1)	0
16:17:09.265	56	47.135	(-1, -1)	(-1, -1)	0
16:17:09.329	58	47.0844	(-1, -1)	(-1, -1)	0
16:17:09.391	54	47.0499	(-1, -1)	(-1, -1)	0
16:17:09.455	60	47.1024	(-1, -1)	(-1, -1)	0
16:17:09.524	59	47.1049	(-1, -1)	(-1, -1)	0
16:17:09.593	59	47.109	(-1, -1)	(-1, -1)	0
16:17:09.655	56	47.0401	(-1, -1)	(-1, -1)	0
16:17:09.719	57	47.0541	(-1, -1)	(-1, -1)	0
16:17:09.785	60	47.091	(-1, -1)	(-1, -1)	0
16:17:09.851	59	47.0292	(-1, -1)	(-1, -1)	0
16:17:09.920	60	47.0661	(-1, -1)	(-1, -1)	0
16:17:09.993	58	47.0604	(-1, -1)	(-1, -1)	0
16:17:10.058	56	47.0824	(-1, -1)	(-1, -1)	0
16:17:10.122	57	47.0727	(-1, -1)	(-1, -1)	0
16:17:10.183	53	47.1733	(-1, -1)	(-1, -1)	0
16:17:10.238	54	47.1304	(-1, -1)	(-1, -1)	0
16:17:10.303	59	47.0984	(-1, -1)	(-1, -1)	0
16:17:10.372	59	47.0532	(-1, -1)	(-1, -1)	0
16:17:10.442	55	47.035	(-1, -1)	(-1, -1)	0
16:17:10.504	62	47.049	(-1, -1)	(-1, -1)	0
16:17:10.574	58	47.059	(-1, -1)	(-1, -1)	0
16:17:10.635	56	47.1456	(-1, -1)	(-1, -1)	0
16:17:10.697	54	47.1274	(-1, -1)	(-1, -1)	0
16:17:10.753	56	47.168	(-1, -1)	(-1, -1)	0
16:17:10.817	60	47.0599	(-1, -1)	(-1, -1)	0
16:17:10.886	56	47.1196	(-1, -1)	(-1, -1)	0
16:17:10.949	59	47.0415	(-1, -1)	(-1, -1)	0
16:17:11.019	58	47.0627	(-1, -1)	(-1, -1)	0
16:17:11.080	56	47.0443	(-1, -1)	(-1, -1)	0
16:17:11.143	60	47.0948	(-1, -1)	(-1, -1)	0
16:17:11.213	59	47.0636	(-1, -1)	(-1, -1)	0
16:17:11.274	57	47.0479	(-1, -1)	(-1, -1)	0
16:17:11.338	60	47.1	(-1, -1)	(-1, -1)	0
16:17:11.408	59	47.0944	(-1, -1)	(-1, -1)	0
16:17:11.479	58	47.1047	(-1, -1)	(-1, -1)	0
16:17:11.546	56	47.2421	(-1, -1)	(-1, -1)	0
16:17:11.609	61	47.0726	(-1, -1)	(-1, -1)	0
16:17:11.679	56	47.0319	(-1, -1)	(-1, -1)	0
16:17:11.742	58	47.0853	(-1, -1)	(-1, -1)	0
16:17:11.811	59	47.0206	(-1, -1)	(-1, -1)	0
16:17:11.881	55	47.0658	(-1, -1)	(-1, -1)	0
16:17:11.943	59	47.019	(-1, -1)	(-1, -1)	0
16:17:12.013	58	47.0919	(-1, -1)	(-1, -1)	0
16:17:12.082	58	47.0425	(-1, -1)	(-1, -1)	0
16:17:12.142	55	47.1797	(-1, -1)	(-1, -1)	0
16:17:12.208	59	47.0296	(-1, -1)	(-1, -1)	0
16:17:12.277	59	47.0896	(-1, -1)	(-1, -1)	0
16:17:12.345	55	47.1079	(-1, -1)	(-1, -1)	0
16:17:12.408	56	47.0796	(-1, -1)	(-1, -1)	0
16:17:12.471	60	47.0593	(-1, -1)	(-1, -1)	0
16:17:12.540	55	47.1153	(-1, -1)	(-1, -1)	0
16:17:12.603	55	47.089	(-1, -1)	(-1, -1)	0
16:17:12.666	59	47.1116	(-1, -1)	(-1, -1)	0
16:17:12.728	55	47.1314	(-1, -1)	(-1, -1)	0
16:17:12.792	59	47.0751	(-1, -1)	(-1, -1)	0
16:17:12.861	59	47.0658	(-1, -1)	(-1, -1)	0
16:17:12.931	59	47.0367	(-1, -1)	(-1, -1)	0
16:17:13.000	59	47.0828	(-1, -1)	(-1, -1)	0
16:17:13.069	59	47.1096	(-1, -1)	(-1, -1)	0
16:17:13.139	56	47.0532	(-1, -1)	(-1, -1)	0
16:17:13.199	59	47.1028	(-1, -1)	(-1, -1)	0
16:17:13.264	59	47.1096	(-1, -1)	(-1, -1)	0
16:17:13.336	58	47.0917	(-1, -1)	(-1, -1)	0
16:17:13.402	56	47.0717	(-1, -1)	(-1, -1)	0
16:17:13.466	59	47.0436	(-1, -1)	(-1, -1)	0
16:17:13.535	59	47.059	(-1, -1)	(-1, -1)	0
16:17:13.597	53	47.1262	(-1, -1)	(-1, -1)	0
16:17:13.658	55	47.1887	(-1, -1)	(-1, -1)	0
16:17:13.714	55	47.1982	(-1, -1)	(-1, -1)	0
16:17:13.777	60	47.029	(-1, -1)	(-1, -1)	0
16:17:13.840	56	47.0821	(-1, -1)	(-1, -1)	0
16:17:13.903	58	47.0197	(-1, -1)	(-1, -1)	0
16:17:13.967	57	47.0924	(-1, -1)	(-1, -1)	0
16:17:14.027	54	47.1873	(-1, -1)	(-1, -1)	0
16:17:14.091	59	47.0705	(-1, -1)	(-1, -1)	0
16:17:14.161	58	47.0624	(-1, -1)	(-1, -1)	0
16:17:14.222	55	47.056	(-1, -1)	(-1, -1)	0
16:17:14.287	60	47.1176	(-1, -1)	(-1, -1)	0
16:17:14.355	59	47.1004	(-1, -1)	(-1, -1)	0
16:17:14.416	56	47.0441	(-1, -1)	(-1, -1)	0
16:17:14.481	59	47.0361	(-1, -1)	(-1, -1)	0
16:17:14.557	60	47.0707	(-1, -1)	(-1, -1)	0
16:17:14.626	57	47.0867	(-1, -1)	(-1, -1)	0
16:17:14.689	57	47.0822	(-1, -1)	(-1, -1)	0
16:17:14.751	60	47.0439	(-1, -1)	(-1, -1)	0
16:17:14.821	56	47.063	(-1, -1)	(-1, -1)	0
16:17:14.884	62	47.0535	(-1, -1)	(-1, -1)	0
16:17:14.953	60	47.065	(-1, -1)	(-1, -1)	0
16:17:15.023	58	47.0907	(-1, -1)	(-1, -1)	0
16:17:15.084	56	47.0844	(-1, -1)	(-1, -1)	0
16:17:15.148	60	47.0841	(-1, -1)	(-1, -1)	0
16:17:15.219	66	47.111	(-1, -1)	(-1, -1)	0
16:17:15.292	55	47.151	(-1, -1)	(-1, -1)	0
16:17:15.357	59	47.0616	(-1, -1)	(-1, -1)	0
16:17:15.428	58	47.0852	(-1, -1)	(-1, -1)	0
16:17:15.494	55	47.1591	(-1, -1)	(-1, -1)	0
16:17:15.558	58	47.0947	(-1, -1)	(-1, -1)	0
16:17:15.627	61	47.0751	(-1, -1)	(-1, -1)	0
16:17:15.697	56	47.1076	(-1, -1)	(-1, -1)	0
16:17:15.760	58	47.1101	(-1, -1)	(-1, -1)	0
16:17:15.829	60	47.0324	(-1, -1)	(-1, -1)	0
16:17:15.898	55	47.0726	(-1, -1)	(-1, -1)	0
16:17:15.961	59	47.1538	(-1, -1)	(-1, -1)	0
16:17:16.031	59	47.0671	(-1, -1)	(-1, -1)	0
16:17:16.099	58	47.0311	(-1, -1)	(-1, -1)	0
16:17:16.163	59	47.0684	(-1, -1)	(-1, -1)	0
16:17:16.226	59	47.044	(-1, -1)	(-1, -1)	0
16:17:16.294	54	47.0233	(-1, -1)	(-1, -1)	0
16:17:16.357	60	47.0422	(-1, -1)	(-1, -1)	0
16:17:16.429	60	47.0596	(-1, -1)	(-1, -1)	0
16:17:16.497	57	47.0513	(-1, -1)	(-1, -1)	0
16:17:16.558	56	47.0504	(-1, -1)	(-1, -1)	0
16:17:16.621	60	47.0487	(-1, -1)	(-1, -1)	0
16:17:16.695	62	47.0533	(-1, -1)	(-1, -1)	0
16:17:16.759	55	47.2244	(-1, -1)	(-1, -1)	0
16:17:16.824	58	47.1212	(-1, -1)	(-1, -1)	0
16:17:16.893	59	47.0641	(-1, -1)	(-1, -1)	0
16:17:16.953	55	47.1959	(-1, -1)	(-1, -1)	0
16:17:17.009	56	47.1289	(-1, -1)	(-1, -1)	0
16:17:17.073	59	47.0299	(-1, -1)	(-1, -1)	0
16:17:17.136	59	47.0996	(-1, -1)	(-1, -1)	0
16:17:17.204	56	47.1356	(-1, -1)	(-1, -1)	0
16:17:17.270	59	47.0504	(-1, -1)	(-1, -1)	0
16:17:17.338	56	47.0759	(-1, -1)	(-1, -1)	0
16:17:17.399	56	47.0815	(-1, -1)	(-1, -1)	0
16:17:17.463	59	47.1034	(-1, -1)	(-1, -1)	0
16:17:17.533	61	47.0513	(-1, -1)	(-1, -1)	0
16:17:17.601	55	47.1483	(-1, -1)	(-1, -1)	0
16:17:17.664	59	47.0467	(-1, -1)	(-1, -1)	0
16:17:17.727	57	47.0342	(-1, -1)	(-1, -1)	0
16:17:17.788	57	47.0739	(-1, -1)	(-1, -1)	0
16:17:17.852	61	47.0628	(-1, -1)	(-1, -1)	0
16:17:17.922	59	47.1024	(-1, -1)	(-1, -1)	0
16:17:17.991	59	47.1265	(-1, -1)	(-1, -1)	0
16:17:18.061	58	47.0717	(-1, -1)	(-1, -1)	0
16:17:18.130	59	47.0388	(-1, -1)	(-1, -1)	0
16:17:18.200	58	47.057	(-1, -1)	(-1, -1)	0
16:17:18.260	55	47.1887	(-1, -1)	(-1, -1)	0
16:17:18.324	60	47.0868	(-1, -1)	(-1, -1)	0
16:17:18.393	54	47.1597	(-1, -1)	(-1, -1)	0
16:17:18.448	53	47.1206	(-1, -1)	(-1, -1)	0
16:17:18.505	59	47.0695	(-1, -1)	(-1, -1)	0
16:17:18.575	59	47.1227	(-1, -1)	(-1, -1)	0
16:17:18.636	53	47.1742	(-1, -1)	(-1, -1)	0
16:17:18.694	59	47.0698	(-1, -1)	(-1, -1)	0
16:17:18.763	58	47.0425	(-1, -1)	(-1, -1)	0
16:17:18.825	55	47.0489	(-1, -1)	(-1, -1)	0
16:17:18.887	57	47.1126	(-1, -1)	(-1, -1)	0
16:17:18.951	58	47.0982	(-1, -1)	(-1, -1)	0
16:17:19.020	56	47.1258	(-1, -1)	(-1, -1)	0
16:17:19.083	59	47.0673	(-1, -1)	(-1, -1)	0
16:17:19.152	59	47.0681	(-1, -1)	(-1, -1)	0
16:17:19.222	59	47.0658	(-1, -1)	(-1, -1)	0
16:17:19.290	57	47.0462	(-1, -1)	(-1, -1)	0
16:17:19.354	60	47.0793	(-1, -1)	(-1, -1)	0
16:17:19.424	58	47.0576	(-1, -1)	(-1, -1)	0
16:17:19.485	56	47.0551	(-1, -1)	(-1, -1)	0
16:17:19.549	59	47.0367	(-1, -1)	(-1, -1)	0
16:17:19.618	59	47.072	(-1, -1)	(-1, -1)	0
16:17:19.679	56	47.0441	(-1, -1)	(-1, -1)	0
16:17:19.743	60	47.0868	(-1, -1)	(-1, -1)	0
16:17:19.812	60	47.0502	(-1, -1)	(-1, -1)	0
16:17:19.880	54	47.193	(-1, -1)	(-1, -1)	0
16:17:19.935	56	47.1556	(-1, -1)	(-1, -1)	0
16:17:20.001	60	47.0677	(-1, -1)	(-1, -1)	0
16:17:20.070	55	47.1204	(-1, -1)	(-1, -1)	0
16:17:20.131	53	47.1652	(-1, -1)	(-1, -1)	0
16:17:20.195	59	47.0819	(-1, -1)	(-1, -1)	0
16:17:20.265	59	47.0517	(-1, -1)	(-1, -1)	0
16:17:20.333	56	47.0467	(-1, -1)	(-1, -1)	0
16:17:20.397	59	47.0516	(-1, -1)	(-1, -1)	0
16:17:20.466	59	47.0573	(-1, -1)	(-1, -1)	0
16:17:20.527	55	47.1616	(-1, -1)	(-1, -1)	0
16:17:20.591	59	47.0671	(-1, -1)	(-1, -1)	0
16:17:20.662	58	47.0966	(-1, -1)	(-1, -1)	0
16:17:20.729	56	47.0809	(-1, -1)	(-1, -1)	0
16:17:20.793	59	47.1431	(-1, -1)	(-1, -1)	0
16:17:20.863	58	47.1024	(-1, -1)	(-1, -1)	0
16:17:20.924	56	47.1157	(-1, -1)	(-1, -1)	0
16:17:20.989	59	47.1145	(-1, -1)	(-1, -1)	0
16:17:21.058	60	47.0283	(-1, -1)	(-1, -1)	0
16:17:21.125	56	47.0436	(-1, -1)	(-1, -1)	0
16:17:21.189	59	47.0764	(-1, -1)	(-1, -1)	0
16:17:21.252	58	47.0556	(-1, -1)	(-1, -1)	0
16:17:21.321	58	47.0436	(-1, -1)	(-1, -1)	0
16:17:21.382	56	47.0643	(-1, -1)	(-1, -1)	0
16:17:21.446	59	47.0775	(-1, -1)	(-1, -1)	0
16:17:21.515	55	47.0787	(-1, -1)	(-1, -1)	0
16:17:21.577	52	47.2148	(-1, -1)	(-1, -1)	0
16:17:21.633	60	47.1004	(-1, -1)	(-1, -1)	0
16:17:21.703	57	47.1407	(-1, -1)	(-1, -1)	0
16:17:21.764	54	47.1833	(-1, -1)	(-1, -1)	0
16:17:21.819	55	47.133	(-1, -1)	(-1, -1)	0
16:17:21.885	58	47.0329	(-1, -1)	(-1, -1)	0
16:17:21.945	54	47.0976	(-1, -1)	(-1, -1)	0
16:17:22.008	56	47.2673	(-1, -1)	(-1, -1)	0
16:17:22.072	60	47.0988	(-1, -1)	(-1, -1)	0
16:17:22.142	59	47.0776	(-1, -1)	(-1, -1)	0
16:17:22.203	56	47.0532	(-1, -1)	(-1, -1)	0
16:17:22.267	58	47.0831	(-1, -1)	(-1, -1)	0
16:17:22.336	60	47.0616	(-1, -1)	(-1, -1)	0
16:17:22.406	58	47.0868	(-1, -1)	(-1, -1)	0
16:17:22.467	57	47.0516	(-1, -1)	(-1, -1)	0
16:17:22.531	58	47.0406	(-1, -1)	(-1, -1)	0
16:17:22.592	54	47.2013	(-1, -1)	(-1, -1)	0
16:17:22.656	60	47.0597	(-1, -1)	(-1, -1)	0
16:17:22.725	61	47.0767	(-1, -1)	(-1, -1)	0
16:17:22.796	59	47.0604	(-1, -1)	(-1, -1)	0
16:17:22.863	54	47.1526	(-1, -1)	(-1, -1)	0
16:17:22.929	59	47.0483	(-1, -1)	(-1, -1)	0
16:17:22.996	59	47.0837	(-1, -1)	(-1, -1)	0
16:17:23.057	54	47.1844	(-1, -1)	(-1, -1)	0
16:17:23.112	54	47.1468	(-1, -1)	(-1, -1)	0
16:17:23.177	59	47.0979	(-1, -1)	(-1, -1)	0
16:17:23.247	56	47.1079	(-1, -1)	(-1, -1)	0
16:17:23.308	53	47.1647	(-1, -1)	(-1, -1)	0
16:17:23.372	60	47.0917	(-1, -1)	(-1, -1)	0
16:17:23.444	61	47.0579	(-1, -1)	(-1, -1)	0
16:17:23.510	56	47.0676	(-1, -1)	(-1, -1)	0
16:17:23.574	59	47.0559	(-1, -1)	(-1, -1)	0
16:17:23.650	56	47.0397	(-1, -1)	(-1, -1)	0
16:17:23.711	56	47.0834	(-1, -1)	(-1, -1)	0
16:17:23.775	58	47.0935	(-1, -1)	(-1, -1)	0
16:17:23.836	54	47.175	(-1, -1)	(-1, -1)	0
16:17:23.891	55	47.1247	(-1, -1)	(-1, -1)	0
16:17:23.954	53	47.1397	(-1, -1)	(-1, -1)	0
16:17:24.010	53	47.1486	(-1, -1)	(-1, -1)	0
16:17:24.066	53	47.2028	(-1, -1)	(-1, -1)	0
16:17:24.121	53	47.2188	(-1, -1)	(-1, -1)	0
16:17:24.176	54	47.176	(-1, -1)	(-1, -1)	0
16:17:24.232	52	47.149	(-1, -1)	(-1, -1)	0
16:17:24.287	54	47.1453	(-1, -1)	(-1, -1)	0
16:17:24.343	55	47.1864	(-1, -1)	(-1, -1)	0
16:17:24.406	57	47.0665	(-1, -1)	(-1, -1)	0
16:17:24.470	59	47.0584	(-1, -1)	(-1, -1)	0
16:17:24.532	54	47.0502	(-1, -1)	(-1, -1)	0
16:17:24.593	54	47.1406	(-1, -1)	(-1, -1)	0
16:17:24.649	62	47.0545	(-1, -1)	(-1, -1)	0
16:17:24.719	53	47.2001	(-1, -1)	(-1, -1)	0
16:17:24.774	54	47.1459	(-1, -1)	(-1, -1)	0
16:17:24.838	59	47.0839	(-1, -1)	(-1, -1)	0
16:17:24.908	62	47.1028	(-1, -1)	(-1, -1)	0
16:17:24.976	55	47.1424	(-1, -1)	(-1, -1)	0
16:17:25.040	59	47.0859	(-1, -1)	(-1, -1)	0
16:17:25.111	57	47.0533	(-1, -1)	(-1, -1)	0
16:17:25.171	55	47.087	(-1, -1)	(-1, -1)	0
16:17:25.235	59	47.0477	(-1, -1)	(-1, -1)	0
16:17:25.304	59	47.0578	(-1, -1)	(-1, -1)	0
16:17:25.366	56	47.061	(-1, -1)	(-1, -1)	0
16:17:25.430	59	47.0603	(-1, -1)	(-1, -1)	0
16:17:25.499	60	47.0597	(-1, -1)	(-1, -1)	0
16:17:25.568	55	47.0176	(-1, -1)	(-1, -1)	0
16:17:25.633	58	47.0976	(-1, -1)	(-1, -1)	0
16:17:25.700	56	47.096	(-1, -1)	(-1, -1)	0
16:17:25.763	55	47.0495	(-1, -1)	(-1, -1)	0
16:17:25.825	60	47.0564	(-1, -1)	(-1, -1)	0
16:17:25.897	59	47.0578	(-1, -1)	(-1, -1)	0
16:17:25.965	59	47.1077	(-1, -1)	(-1, -1)	0
16:17:26.026	54	47.2021	(-1, -1)	(-1, -1)	0
16:17:26.089	61	47.0847	(-1, -1)	(-1, -1)	0
16:17:26.160	58	47.0933	(-1, -1)	(-1, -1)	0
16:17:26.220	54	47.1167	(-1, -1)	(-1, -1)	0
16:17:26.275	55	47.2016	(-1, -1)	(-1, -1)	0
16:17:26.339	60	47.14	(-1, -1)	(-1, -1)	0
16:17:26.412	58	47.1348	(-1, -1)	(-1, -1)	0
16:17:26.479	60	47.0462	(-1, -1)	(-1, -1)	0
16:17:26.549	60	47.0644	(-1, -1)	(-1, -1)	0
16:17:26.618	55	47.0733	(-1, -1)	(-1, -1)	0
16:17:26.681	59	47.0668	(-1, -1)	(-1, -1)	0
16:17:26.742	55	47.1705	(-1, -1)	(-1, -1)	0
16:17:26.806	59	47.0855	(-1, -1)	(-1, -1)	0
16:17:26.875	60	47.1121	(-1, -1)	(-1, -1)	0
16:17:26.945	59	47.1504	(-1, -1)	(-1, -1)	0
16:17:27.016	58	47.1321	(-1, -1)	(-1, -1)	0
16:17:27.082	57	47.0557	(-1, -1)	(-1, -1)	0
16:17:27.146	60	47.096	(-1, -1)	(-1, -1)	0
16:17:27.215	54	47.2065	(-1, -1)	(-1, -1)	0
16:17:27.279	59	47.068	(-1, -1)	(-1, -1)	0
16:17:27.349	60	47.0527	(-1, -1)	(-1, -1)	0
16:17:27.420	59	47.1126	(-1, -1)	(-1, -1)	0
16:17:27.486	59	47.0821	(-1, -1)	(-1, -1)	0
16:17:27.551	58	47.0913	(-1, -1)	(-1, -1)	0
16:17:27.619	59	47.1098	(-1, -1)	(-1, -1)	0
16:17:27.694	53	47.1473	(-1, -1)	(-1, -1)	0
16:17:27.749	54	47.1578	(-1, -1)	(-1, -1)	0
16:17:27.805	53	47.0794	(-1, -1)	(-1, -1)	0
16:17:27.861	56	47.0479	(-1, -1)	(-1, -1)	0
16:17:27.924	57	47.0679	(-1, -1)	(-1, -1)	0
16:17:27.988	59	47.0459	(-1, -1)	(-1, -1)	0
16:17:28.058	59	47.0631	(-1, -1)	(-1, -1)	0
16:17:28.127	59	47.065	(-1, -1)	(-1, -1)	0
16:17:28.190	58	47.0544	(-1, -1)	(-1, -1)	0
16:17:28.259	58	47.0311	(-1, -1)	(-1, -1)	0
16:17:28.320	55	47.1545	(-1, -1)	(-1, -1)	0
16:17:28.384	60	47.052	(-1, -1)	(-1, -1)	0
16:17:28.453	58	47.0801	(-1, -1)	(-1, -1)	0
16:17:28.514	57	47.0778	(-1, -1)	(-1, -1)	0
16:17:28.579	58	47.0572	(-1, -1)	(-1, -1)	0
16:17:28.641	59	47.0551	(-1, -1)	(-1, -1)	0
16:17:28.711	55	47.0892	(-1, -1)	(-1, -1)	0
16:17:28.772	56	47.1116	(-1, -1)	(-1, -1)	0
16:17:28.836	59	47.0763	(-1, -1)	(-1, -1)	0
16:17:28.906	59	47.0902	(-1, -1)	(-1, -1)	0
16:17:28.973	57	47.0415	(-1, -1)	(-1, -1)	0
16:17:29.038	59	47.0521	(-1, -1)	(-1, -1)	0
16:17:29.107	59	47.0834	(-1, -1)	(-1, -1)	0
16:17:29.169	54	47.04	(-1, -1)	(-1, -1)	0
16:17:29.231	55	47.1782	(-1, -1)	(-1, -1)	0
16:17:29.295	59	47.0545	(-1, -1)	(-1, -1)	0
16:17:29.356	55	47.0624	(-1, -1)	(-1, -1)	0
16:17:29.418	54	47.2221	(-1, -1)	(-1, -1)	0
16:17:29.482	60	47.0742	(-1, -1)	(-1, -1)	0
16:17:29.554	59	47.0717	(-1, -1)	(-1, -1)	0
16:17:29.622	59	47.0693	(-1, -1)	(-1, -1)	0
16:17:29.696	59	47.0612	(-1, -1)	(-1, -1)	0
16:17:29.761	59	47.1199	(-1, -1)	(-1, -1)	0
16:17:29.828	55	47.1646	(-1, -1)	(-1, -1)	0
16:17:29.892	59	47.0576	(-1, -1)	(-1, -1)	0
16:17:29.955	60	47.0904	(-1, -1)	(-1, -1)	0
16:17:30.023	56	47.1124	(-1, -1)	(-1, -1)	0
16:17:30.087	60	47.0388	(-1, -1)	(-1, -1)	0
16:17:30.157	60	47.0545	(-1, -1)	(-1, -1)	0
16:17:30.227	60	47.0658	(-1, -1)	(-1, -1)	0
16:17:30.296	60	47.1039	(-1, -1)	(-1, -1)	0
16:17:30.366	59	47.0551	(-1, -1)	(-1, -1)	0
16:17:30.435	59	47.0625	(-1, -1)	(-1, -1)	0
16:17:30.504	60	47.0507	(-1, -1)	(-1, -1)	0
16:17:30.566	55	47.0951	(-1, -1)	(-1, -1)	0
16:17:30.629	56	47.0816	(-1, -1)	(-1, -1)	0
16:17:30.691	53	47.1353	(-1, -1)	(-1, -1)	0
16:17:30.746	55	47.1776	(-1, -1)	(-1, -1)	0
16:17:30.811	53	47.1117	(-1, -1)	(-1, -1)	0
16:17:30.871	54	47.1542	(-1, -1)	(-1, -1)	0
16:17:30.927	56	47.0753	(-1, -1)	(-1, -1)	0
16:17:30.990	59	47.0505	(-1, -1)	(-1, -1)	0
16:17:31.054	54	47.0483	(-1, -1)	(-1, -1)	0
16:17:31.115	57	47.0505	(-1, -1)	(-1, -1)	0
16:17:31.179	58	47.0335	(-1, -1)	(-1, -1)	0
16:17:31.251	58	47.1159	(-1, -1)	(-1, -1)	0
16:17:31.317	57	47.1116	(-1, -1)	(-1, -1)	0
16:17:31.381	58	47.0393	(-1, -1)	(-1, -1)	0
16:17:31.450	59	47.0564	(-1, -1)	(-1, -1)	0
16:17:31.518	56	47.0764	(-1, -1)	(-1, -1)	0
16:17:31.583	60	47.0914	(-1, -1)	(-1, -1)	0
16:17:31.652	59	47.1107	(-1, -1)	(-1, -1)	0
16:17:31.712	55	47.1966	(-1, -1)	(-1, -1)	0
16:17:31.777	62	47.0284	(-1, -1)	(-1, -1)	0
16:17:31.846	58	47.0644	(-1, -1)	(-1, -1)	0
16:17:31.908	55	47.0338	(-1, -1)	(-1, -1)	0
16:17:31.971	59	47.0785	(-1, -1)	(-1, -1)	0
16:17:32.040	60	47.0379	(-1, -1)	(-1, -1)	0
16:17:32.109	55	47.1273	(-1, -1)	(-1, -1)	0
16:17:32.171	54	47.132	(-1, -1)	(-1, -1)	0
16:17:32.235	58	47.0926	(-1, -1)	(-1, -1)	0
16:17:32.308	55	47.0824	(-1, -1)	(-1, -1)	0
16:17:32.365	55	47.1686	(-1, -1)	(-1, -1)	0
16:17:32.430	59	47.0612	(-1, -1)	(-1, -1)	0
16:17:32.503	59	47.1244	(-1, -1)	(-1, -1)	0
16:17:32.567	56	47.1763	(-1, -1)	(-1, -1)	0
16:17:32.632	58	47.0963	(-1, -1)	(-1, -1)	0
16:17:32.701	60	47.0539	(-1, -1)	(-1, -1)	0
16:17:32.769	56	47.0567	(-1, -1)	(-1, -1)	0
16:17:32.833	59	47.0203	(-1, -1)	(-1, -1)	0
16:17:32.903	57	47.0843	(-1, -1)	(-1, -1)	0
16:17:32.964	54	47.1292	(-1, -1)	(-1, -1)	0
16:17:33.026	55	47.1721	(-1, -1)	(-1, -1)	0
16:17:33.090	60	47.0373	(-1, -1)	(-1, -1)	0
16:17:33.158	56	47.0741	(-1, -1)	(-1, -1)	0
16:17:33.223	59	47.0818	(-1, -1)	(-1, -1)	0
16:17:33.292	59	47.0464	(-1, -1)	(-1, -1)	0
16:17:33.364	57	47.1043	(-1, -1)	(-1, -1)	0
16:17:33.432	58	47.0532	(-1, -1)	(-1, -1)	0
16:17:33.500	59	47.0175	(-1, -1)	(-1, -1)	0
16:17:33.571	56	47.0674	(-1, -1)	(-1, -1)	0
16:17:33.632	59	47.0892	(-1, -1)	(-1, -1)	0
16:17:33.702	59	47.0643	(-1, -1)	(-1, -1)	0
16:17:33.763	56	47.0603	(-1, -1)	(-1, -1)	0
16:17:33.825	55	47.1284	(-1, -1)	(-1, -1)	0
16:17:33.890	59	47.0501	(-1, -1)	(-1, -1)	0
16:17:33.961	55	47.0308	(-1, -1)	(-1, -1)	0
16:17:34.021	54	47.1385	(-1, -1)	(-1, -1)	0
16:17:34.084	59	47.0874	(-1, -1)	(-1, -1)	0
16:17:34.147	58	47.081	(-1, -1)	(-1, -1)	0
16:17:34.210	56	47.0849	(-1, -1)	(-1, -1)	0
16:17:34.272	59	47.0599	(-1, -1)	(-1, -1)	0
16:17:34.342	59	47.0563	(-1, -1)	(-1, -1)	0
16:17:34.411	55	47.0316	(-1, -1)	(-1, -1)	0
16:17:34.474	60	47.0981	(-1, -1)	(-1, -1)	0
16:17:34.543	59	47.0413	(-1, -1)	(-1, -1)	0
16:17:34.617	58	47.0964	(-1, -1)	(-1, -1)	0
16:17:34.682	58	47.045	(-1, -1)	(-1, -1)	0
16:17:34.745	59	47.1001	(-1, -1)	(-1, -1)	0
16:17:34.816	58	47.0843	(-1, -1)	(-1, -1)	0
16:17:34.882	56	47.1161	(-1, -1)	(-1, -1)	0
16:17:34.946	58	47.1087	(-1, -1)	(-1, -1)	0
16:17:35.008	55	47.0778	(-1, -1)	(-1, -1)	0
16:17:35.071	59	47.0373	(-1, -1)	(-1, -1)	0
16:17:35.141	59	47.1119	(-1, -1)	(-1, -1)	0
16:17:35.213	58	47.0643	(-1, -1)	(-1, -1)	0
16:17:35.278	54	47.1489	(-1, -1)	(-1, -1)	0
16:17:35.342	59	47.0754	(-1, -1)	(-1, -1)	0
16:17:35.406	58	47.0714	(-1, -1)	(-1, -1)	0
16:17:35.466	54	47.1693	(-1, -1)	(-1, -1)	0
16:17:35.523	61	47.0215	(-1, -1)	(-1, -1)	0
16:17:35.593	59	47.0701	(-1, -1)	(-1, -1)	0
16:17:35.655	57	47.0653	(-1, -1)	(-1, -1)	0
16:17:35.718	59	47.0877	(-1, -1)	(-1, -1)	0
16:17:35.787	59	47.081	(-1, -1)	(-1, -1)	0
16:17:35.857	59	47.0641	(-1, -1)	(-1, -1)	0
16:17:35.926	57	47.0599	(-1, -1)	(-1, -1)	0
16:17:35.990	59	47.0593	(-1, -1)	(-1, -1)	0
16:17:36.057	55	47.2015	(-1, -1)	(-1, -1)	0
16:17:36.121	59	47.0667	(-1, -1)	(-1, -1)	0
EOM

