BOM
Frame extends: 2263, 1306
_ms_area: 10
measurements taken: 585
current rendering method: 1
is mouse replay: 1
Camera settings: Roation Quaternion: ( 0.235703, -0.0131471, 0.941774, 0.239427), Translationsvektor: ( 0, 0, 1.25).
System_Time	Elapsed_Time_PaintGL	Elapsed_Kernel_Time	Frame_Coordinates	Grid_Position	Manual_Measurement
16:17:51.712	24	4.80637	(318, 226)	(32, 23)	0
16:17:51.740	21	4.82059	(325, 225)	(33, 23)	0
16:17:51.768	21	4.86	(335, 225)	(34, 23)	0
16:17:51.796	21	4.8957	(345, 225)	(35, 23)	0
16:17:51.823	22	4.98059	(357, 225)	(36, 23)	0
16:17:51.852	21	5.15585	(372, 225)	(37, 23)	0
16:17:51.879	22	5.04148	(375, 225)	(38, 23)	0
16:17:51.908	22	5.11378	(385, 225)	(39, 23)	0
16:17:51.935	20	5.21096	(395, 225)	(40, 23)	0
16:17:51.963	19	5.29407	(405, 225)	(41, 23)	0
16:17:51.984	19	5.36133	(415, 225)	(42, 23)	0
16:17:52.005	19	5.42993	(425, 225)	(43, 23)	0
16:17:52.025	20	5.52489	(435, 226)	(44, 23)	0
16:17:52.046	19	5.62044	(445, 226)	(45, 23)	0
16:17:52.067	20	5.68904	(455, 226)	(46, 23)	0
16:17:52.094	20	5.804	(465, 227)	(47, 23)	0
16:17:52.115	21	5.87793	(475, 227)	(48, 23)	0
16:17:52.144	20	5.97111	(485, 228)	(49, 23)	0
16:17:52.171	21	6.04622	(495, 228)	(50, 23)	0
16:17:52.199	20	6.12889	(505, 229)	(51, 23)	0
16:17:52.228	20	6.22044	(515, 229)	(52, 23)	0
16:17:52.255	20	6.29156	(525, 229)	(53, 23)	0
16:17:52.282	20	6.3717	(535, 229)	(54, 23)	0
16:17:52.310	20	6.44296	(545, 229)	(55, 23)	0
16:17:52.340	20	6.48667	(555, 229)	(56, 23)	0
16:17:52.365	21	6.61422	(565, 229)	(57, 23)	0
16:17:52.393	22	6.71096	(575, 229)	(58, 23)	0
16:17:52.421	20	6.82519	(585, 229)	(59, 23)	0
16:17:52.449	22	6.95985	(596, 229)	(60, 23)	0
16:17:52.477	21	7.04237	(605, 230)	(61, 23)	0
16:17:52.506	20	7.12963	(615, 230)	(62, 23)	0
16:17:52.534	21	7.24356	(626, 230)	(63, 23)	0
16:17:52.561	21	7.38044	(635, 230)	(64, 23)	0
16:17:52.589	21	7.49748	(645, 230)	(65, 23)	0
16:17:52.616	22	7.63467	(655, 230)	(66, 23)	0
16:17:52.644	21	7.78163	(665, 230)	(67, 23)	0
16:17:52.672	22	7.95719	(680, 230)	(68, 23)	0
16:17:52.700	22	8.03541	(685, 230)	(69, 23)	0
16:17:52.728	22	8.20548	(695, 230)	(70, 23)	0
16:17:52.756	22	8.37096	(705, 230)	(71, 23)	0
16:17:52.785	22	8.54341	(715, 230)	(72, 23)	0
16:17:52.811	23	8.73141	(725, 230)	(73, 23)	0
16:17:52.838	23	8.82489	(735, 230)	(74, 23)	0
16:17:52.866	23	9.07467	(749, 230)	(75, 23)	0
16:17:52.895	23	9.1723	(756, 230)	(76, 23)	0
16:17:52.923	23	9.30326	(766, 230)	(77, 23)	0
16:17:52.950	23	9.43496	(775, 230)	(78, 23)	0
16:17:52.978	23	9.57319	(785, 230)	(79, 23)	0
16:17:53.006	24	9.69304	(796, 229)	(80, 23)	0
16:17:53.034	23	9.78593	(805, 229)	(81, 23)	0
16:17:53.062	24	9.91644	(815, 229)	(82, 23)	0
16:17:53.089	24	10.0154	(825, 228)	(83, 23)	0
16:17:53.117	24	10.1283	(835, 228)	(84, 23)	0
16:17:53.145	24	10.3093	(845, 228)	(85, 23)	0
16:17:53.172	25	10.4461	(855, 228)	(86, 23)	0
16:17:53.201	24	10.5363	(865, 228)	(87, 23)	0
16:17:53.228	24	10.676	(875, 228)	(88, 23)	0
16:17:53.256	25	10.7401	(885, 228)	(89, 23)	0
16:17:53.284	25	10.8479	(895, 228)	(90, 23)	0
16:17:53.311	25	10.9046	(905, 228)	(91, 23)	0
16:17:53.340	25	11.1236	(915, 228)	(92, 23)	0
16:17:53.367	26	11.2935	(925, 228)	(93, 23)	0
16:17:53.396	25	11.2876	(935, 228)	(94, 23)	0
16:17:53.430	25	11.2806	(945, 227)	(95, 23)	0
16:17:53.457	26	11.4431	(957, 227)	(96, 23)	0
16:17:53.485	25	11.5133	(966, 227)	(97, 23)	0
16:17:53.514	25	11.5545	(975, 227)	(98, 23)	0
16:17:53.542	25	11.5987	(985, 227)	(99, 23)	0
16:17:53.568	26	11.7625	(995, 227)	(100, 23)	0
16:17:53.597	25	11.9335	(1005, 227)	(101, 23)	0
16:17:53.624	26	12.0216	(1015, 226)	(102, 23)	0
16:17:53.651	27	12.0464	(1025, 226)	(103, 23)	0
16:17:53.680	26	12.135	(1035, 226)	(104, 23)	0
16:17:53.715	25	12.137	(1045, 225)	(105, 23)	0
16:17:53.742	26	12.2858	(1055, 225)	(106, 23)	0
16:17:53.771	25	12.4237	(1065, 225)	(107, 23)	0
16:17:53.798	26	12.3782	(1071, 224)	(107, 22)	0
16:17:53.825	26	12.4289	(1075, 224)	(108, 22)	0
16:17:53.853	26	12.5821	(1085, 224)	(109, 22)	0
16:17:53.881	27	12.6172	(1095, 224)	(110, 22)	0
16:17:53.909	26	12.7387	(1105, 224)	(111, 22)	0
16:17:53.937	28	12.8077	(1115, 224)	(112, 22)	0
16:17:53.972	26	12.8627	(1125, 224)	(113, 22)	0
16:17:53.999	31	12.9422	(1135, 224)	(114, 22)	0
16:17:54.035	33	12.9241	(1146, 223)	(115, 22)	0
16:17:54.077	30	13.0264	(1155, 223)	(116, 22)	0
16:17:54.113	34	13.0556	(1165, 223)	(117, 22)	0
16:17:54.153	32	13.1578	(1175, 223)	(118, 22)	0
16:17:54.187	27	13.2486	(1185, 223)	(119, 22)	0
16:17:54.222	28	13.368	(1195, 223)	(120, 22)	0
16:17:54.257	28	13.3447	(1205, 223)	(121, 22)	0
16:17:54.291	28	13.3401	(1215, 223)	(122, 22)	0
16:17:54.326	29	13.3501	(1225, 223)	(123, 22)	0
16:17:54.363	27	13.315	(1235, 223)	(124, 22)	0
16:17:54.396	27	13.2723	(1245, 223)	(125, 22)	0
16:17:54.431	28	13.2822	(1255, 223)	(126, 22)	0
16:17:54.465	27	13.4052	(1265, 224)	(127, 22)	0
16:17:54.500	27	13.3698	(1275, 224)	(128, 22)	0
16:17:54.535	28	13.4456	(1282, 225)	(128, 23)	0
16:17:54.569	27	13.4796	(1285, 225)	(129, 23)	0
16:17:54.605	29	13.4825	(1295, 226)	(130, 23)	0
16:17:54.640	28	13.3753	(1305, 226)	(131, 23)	0
16:17:54.674	29	13.4733	(1316, 228)	(132, 23)	0
16:17:54.708	30	13.4695	(1326, 228)	(133, 23)	0
16:17:54.744	29	13.4396	(1335, 228)	(134, 23)	0
16:17:54.779	29	13.521	(1345, 229)	(135, 23)	0
16:17:54.813	27	13.544	(1355, 230)	(136, 23)	0
16:17:54.848	27	13.5289	(1366, 230)	(137, 23)	0
16:17:54.883	33	13.4766	(1375, 230)	(138, 23)	0
16:17:54.924	28	13.4916	(1386, 231)	(139, 23)	0
16:17:54.959	28	13.4923	(1395, 231)	(140, 23)	0
16:17:54.994	27	13.5163	(1405, 232)	(141, 23)	0
16:17:55.028	29	13.5883	(1415, 232)	(142, 23)	0
16:17:55.063	28	13.7387	(1425, 232)	(143, 23)	0
16:17:55.098	28	13.7876	(1435, 233)	(144, 23)	0
16:17:55.132	28	13.7844	(1445, 234)	(145, 23)	0
16:17:55.167	28	13.865	(1455, 234)	(146, 23)	0
16:17:55.202	28	13.8418	(1465, 234)	(147, 23)	0
16:17:55.237	28	13.9083	(1478, 234)	(148, 23)	0
16:17:55.271	30	13.9252	(1485, 234)	(149, 23)	0
16:17:55.307	34	13.9305	(1488, 235)	(149, 24)	0
16:17:55.349	34	13.9314	(1495, 235)	(150, 24)	0
16:17:55.389	31	14.012	(1506, 235)	(151, 24)	0
16:17:55.426	30	13.9538	(1516, 235)	(152, 24)	0
16:17:55.459	30	14.0163	(1526, 236)	(153, 24)	0
16:17:55.494	38	13.9493	(1535, 236)	(154, 24)	0
16:17:55.537	32	13.8468	(1546, 236)	(155, 24)	0
16:17:55.577	30	13.8919	(1556, 237)	(156, 24)	0
16:17:55.612	35	13.8456	(1565, 237)	(157, 24)	0
16:17:55.655	37	13.6919	(1575, 238)	(158, 24)	0
16:17:55.697	36	13.5548	(1585, 238)	(159, 24)	0
16:17:55.738	32	13.5021	(1595, 239)	(160, 24)	0
16:17:55.780	33	13.3304	(1605, 239)	(161, 24)	0
16:17:55.821	33	13.2753	(1615, 240)	(162, 24)	0
16:17:55.856	32	13.172	(1625, 240)	(163, 24)	0
16:17:55.891	33	13.0332	(1636, 241)	(164, 24)	0
16:17:55.932	33	12.9139	(1645, 242)	(165, 24)	0
16:17:55.967	34	12.8164	(1655, 242)	(166, 24)	0
16:17:56.010	31	12.6012	(1666, 243)	(167, 24)	0
16:17:56.043	27	12.5587	(1676, 244)	(168, 24)	0
16:17:56.071	26	12.5966	(1677, 245)	(168, 25)	0
16:17:56.099	28	12.4369	(1686, 245)	(169, 25)	0
16:17:56.134	31	12.3012	(1696, 246)	(170, 25)	0
16:17:56.169	30	12.1348	(1705, 246)	(171, 25)	0
16:17:56.203	29	12.0227	(1715, 248)	(172, 25)	0
16:17:56.238	27	11.9382	(1726, 249)	(173, 25)	0
16:17:56.272	25	11.8289	(1735, 250)	(174, 25)	0
16:17:56.300	29	11.6369	(1745, 251)	(175, 25)	0
16:17:56.336	30	11.4887	(1755, 253)	(176, 25)	0
16:17:56.371	31	11.1705	(1765, 254)	(177, 25)	0
16:17:56.406	30	11.1514	(1768, 255)	(177, 26)	0
16:17:56.442	28	11.0199	(1775, 256)	(178, 26)	0
16:17:56.475	25	10.8613	(1785, 258)	(179, 26)	0
16:17:56.502	24	10.6157	(1795, 260)	(180, 26)	0
16:17:56.529	25	10.4224	(1805, 262)	(181, 26)	0
16:17:56.557	25	10.225	(1815, 264)	(182, 26)	0
16:17:56.585	24	10.216	(1817, 265)	(182, 27)	0
16:17:56.613	24	10.0138	(1825, 267)	(183, 27)	0
16:17:56.641	24	9.77126	(1838, 271)	(184, 27)	0
16:17:56.669	29	9.67748	(1845, 273)	(185, 27)	0
16:17:56.705	28	9.61881	(1849, 275)	(185, 28)	0
16:17:56.739	29	9.40904	(1858, 278)	(186, 28)	0
16:17:56.773	29	9.46667	(1865, 280)	(187, 28)	0
16:17:56.810	29	9.13007	(1874, 285)	(187, 29)	0
16:17:56.843	28	9.0763	(1875, 285)	(188, 29)	0
16:17:56.879	27	8.98193	(1885, 289)	(189, 29)	0
16:17:56.913	28	8.81719	(1895, 294)	(190, 29)	0
16:17:56.948	27	8.83259	(1895, 295)	(190, 30)	0
16:17:56.982	28	8.69052	(1905, 299)	(191, 30)	0
16:17:57.017	26	8.68889	(1912, 305)	(191, 31)	0
16:17:57.051	23	8.704	(1915, 307)	(192, 31)	0
16:17:57.079	27	8.59645	(1925, 314)	(193, 31)	0
16:17:57.114	33	8.51378	(1926, 315)	(193, 32)	0
16:17:57.156	28	8.45022	(1935, 322)	(194, 32)	0
16:17:57.191	27	8.51956	(1937, 325)	(194, 33)	0
16:17:57.227	24	8.46978	(1945, 333)	(195, 33)	0
16:17:57.260	23	8.52282	(1947, 335)	(195, 34)	0
16:17:57.287	25	8.50074	(1955, 344)	(196, 34)	0
16:17:57.316	26	8.53318	(1955, 345)	(196, 35)	0
16:17:57.351	28	8.45881	(1963, 355)	(196, 36)	0
16:17:57.385	28	8.43852	(1965, 358)	(197, 36)	0
16:17:57.420	28	8.50296	(1968, 365)	(197, 37)	0
16:17:57.455	26	8.54741	(1973, 375)	(197, 38)	0
16:17:57.490	24	8.63837	(1975, 379)	(198, 38)	0
16:17:57.518	29	8.73437	(1976, 385)	(198, 39)	0
16:17:57.552	30	8.75585	(1980, 395)	(198, 40)	0
16:17:57.587	26	8.92192	(1982, 405)	(198, 41)	0
16:17:57.621	26	9.16104	(1984, 415)	(198, 42)	0
16:17:57.650	25	9.15837	(1985, 417)	(199, 42)	0
16:17:57.677	25	9.32104	(1985, 425)	(199, 43)	0
16:17:57.705	23	9.48933	(1987, 435)	(199, 44)	0
16:17:57.732	25	9.66089	(1988, 445)	(199, 45)	0
16:17:57.761	29	9.83348	(1989, 455)	(199, 46)	0
16:17:57.796	29	10.2298	(1989, 465)	(199, 47)	0
16:17:57.831	29	10.2573	(1989, 475)	(199, 48)	0
16:17:57.865	29	10.5449	(1988, 485)	(199, 49)	0
16:17:57.900	27	11.0941	(1985, 495)	(199, 50)	0
16:17:57.934	26	10.9145	(1984, 495)	(198, 50)	0
16:17:57.962	26	11.2201	(1980, 505)	(198, 51)	0
16:17:57.990	30	11.6653	(1972, 516)	(197, 52)	0
16:17:58.025	33	12.0655	(1965, 525)	(197, 53)	0
16:17:58.061	31	12.063	(1964, 526)	(196, 53)	0
16:17:58.095	33	12.628	(1954, 534)	(195, 53)	0
16:17:58.136	32	12.9849	(1953, 535)	(195, 54)	0
16:17:58.171	31	13.1176	(1944, 539)	(194, 54)	0
16:17:58.205	34	13.4513	(1937, 545)	(194, 55)	0
16:17:58.247	34	13.5265	(1934, 547)	(193, 55)	0
16:17:58.289	34	14.0717	(1924, 555)	(192, 56)	0
16:17:58.331	34	14.5324	(1914, 561)	(191, 56)	0
16:17:58.372	34	14.74	(1907, 565)	(191, 57)	0
16:17:58.414	34	14.9444	(1904, 567)	(190, 57)	0
16:17:58.456	35	15.2815	(1894, 572)	(189, 57)	0
16:17:58.498	31	15.5364	(1890, 575)	(189, 58)	0
16:17:58.532	31	15.8353	(1884, 577)	(188, 58)	0
16:17:58.567	31	16.0621	(1874, 581)	(187, 58)	0
16:17:58.602	31	16.468	(1866, 585)	(187, 59)	0
16:17:58.637	31	16.4609	(1864, 585)	(186, 59)	0
16:17:58.672	31	16.8766	(1854, 590)	(185, 59)	0
16:17:58.706	31	17.1572	(1844, 594)	(184, 59)	0
16:17:58.741	38	17.1557	(1843, 595)	(184, 60)	0
16:17:58.783	38	17.4233	(1834, 597)	(183, 60)	0
16:17:58.825	39	17.7695	(1823, 601)	(182, 60)	0
16:17:58.875	35	18.1735	(1810, 606)	(181, 61)	0
16:17:58.914	35	18.3914	(1804, 609)	(180, 61)	0
16:17:58.956	42	18.6007	(1794, 612)	(179, 61)	0
16:17:59.006	46	18.7753	(1787, 615)	(179, 62)	0
16:17:59.062	45	18.783	(1784, 616)	(178, 62)	0
16:17:59.110	36	18.9563	(1774, 619)	(177, 62)	0
16:17:59.151	33	19.2215	(1764, 622)	(176, 62)	0
16:17:59.185	35	19.3166	(1758, 625)	(176, 63)	0
16:17:59.229	43	19.2707	(1754, 626)	(175, 63)	0
16:17:59.277	40	19.3766	(1744, 628)	(174, 63)	0
16:17:59.324	35	19.6459	(1734, 631)	(173, 63)	0
16:17:59.366	34	19.744	(1724, 633)	(172, 63)	0
16:17:59.408	45	19.9007	(1715, 635)	(172, 64)	0
16:17:59.458	49	19.7901	(1714, 635)	(171, 64)	0
16:17:59.515	39	19.9759	(1704, 637)	(170, 64)	0
16:17:59.560	44	20.1664	(1694, 638)	(169, 64)	0
16:17:59.612	41	20.3581	(1684, 640)	(168, 64)	0
16:17:59.659	39	20.5084	(1674, 641)	(167, 64)	0
16:17:59.701	37	20.5369	(1664, 642)	(166, 64)	0
16:17:59.742	37	20.6086	(1654, 643)	(165, 64)	0
16:17:59.785	39	20.6545	(1644, 644)	(164, 64)	0
16:17:59.835	46	20.8661	(1633, 644)	(163, 64)	0
16:17:59.890	49	20.7172	(1624, 644)	(162, 64)	0
16:17:59.944	37	20.8219	(1614, 644)	(161, 64)	0
16:17:59.985	39	20.6582	(1604, 644)	(160, 64)	0
16:18:00.027	37	20.7012	(1594, 644)	(159, 64)	0
16:18:00.069	40	20.7559	(1584, 644)	(158, 64)	0
16:18:00.111	39	20.5074	(1574, 644)	(157, 64)	0
16:18:00.153	39	20.3667	(1564, 644)	(156, 64)	0
16:18:00.201	39	20.2199	(1554, 644)	(155, 64)	0
16:18:00.243	42	20.1101	(1548, 645)	(155, 65)	0
16:18:00.292	41	19.9434	(1544, 645)	(154, 65)	0
16:18:00.341	37	19.7801	(1534, 645)	(153, 65)	0
16:18:00.381	35	19.5821	(1524, 646)	(152, 65)	0
16:18:00.424	44	19.3556	(1514, 647)	(151, 65)	0
16:18:00.472	43	19.2127	(1504, 648)	(150, 65)	0
16:18:00.521	43	19.0759	(1494, 649)	(149, 65)	0
16:18:00.570	35	18.9227	(1484, 651)	(148, 65)	0
16:18:00.610	32	18.937	(1474, 652)	(147, 65)	0
16:18:00.645	32	18.809	(1464, 652)	(146, 65)	0
16:18:00.680	36	18.7313	(1454, 653)	(145, 65)	0
16:18:00.722	33	18.655	(1444, 654)	(144, 65)	0
16:18:00.757	33	18.6033	(1434, 654)	(143, 65)	0
16:18:00.798	37	18.5769	(1419, 654)	(142, 65)	0
16:18:00.841	38	18.468	(1414, 654)	(141, 65)	0
16:18:00.882	38	18.4348	(1404, 654)	(140, 65)	0
16:18:00.924	38	18.3913	(1394, 654)	(139, 65)	0
16:18:00.966	34	18.3013	(1384, 654)	(138, 65)	0
16:18:01.007	35	18.1495	(1374, 654)	(137, 65)	0
16:18:01.050	37	17.8927	(1356, 653)	(136, 65)	0
16:18:01.091	37	17.8067	(1354, 653)	(135, 65)	0
16:18:01.133	37	17.6933	(1344, 652)	(134, 65)	0
16:18:01.174	36	17.453	(1334, 651)	(133, 65)	0
16:18:01.216	33	17.2345	(1323, 651)	(132, 65)	0
16:18:01.257	39	17.1262	(1314, 650)	(131, 65)	0
16:18:01.300	41	16.8007	(1303, 649)	(130, 65)	0
16:18:01.348	41	16.6936	(1294, 648)	(129, 65)	0
16:18:01.399	36	16.5003	(1284, 647)	(128, 65)	0
16:18:01.438	33	16.4031	(1274, 647)	(127, 65)	0
16:18:01.480	32	16.2987	(1264, 646)	(126, 65)	0
16:18:01.514	32	16.1381	(1256, 644)	(126, 64)	0
16:18:01.549	33	16.1148	(1254, 644)	(125, 64)	0
16:18:01.592	32	15.933	(1244, 643)	(124, 64)	0
16:18:01.632	33	15.8884	(1234, 643)	(123, 64)	0
16:18:01.674	34	15.7938	(1224, 641)	(122, 64)	0
16:18:01.716	36	15.6673	(1214, 641)	(121, 64)	0
16:18:01.760	43	15.5616	(1204, 641)	(120, 64)	0
16:18:01.808	39	15.4852	(1194, 640)	(119, 64)	0
16:18:01.856	34	15.701	(1184, 639)	(118, 64)	0
16:18:01.898	34	15.3544	(1174, 639)	(117, 64)	0
16:18:01.939	43	15.3877	(1164, 637)	(116, 64)	0
16:18:01.988	35	15.2364	(1154, 637)	(115, 64)	0
16:18:02.029	31	15.1886	(1144, 636)	(114, 64)	0
16:18:02.063	29	15.2501	(1134, 636)	(113, 64)	0
16:18:02.098	37	15.2791	(1124, 635)	(112, 64)	0
16:18:02.141	40	15.3108	(1114, 635)	(111, 64)	0
16:18:02.189	40	15.3447	(1110, 634)	(111, 63)	0
16:18:02.240	33	15.3659	(1104, 634)	(110, 63)	0
16:18:02.279	30	15.5108	(1093, 633)	(109, 63)	0
16:18:02.314	31	15.5877	(1084, 632)	(108, 63)	0
16:18:02.349	35	15.6575	(1074, 632)	(107, 63)	0
16:18:02.391	36	15.7996	(1064, 631)	(106, 63)	0
16:18:02.433	34	15.9116	(1051, 631)	(105, 63)	0
16:18:02.473	33	16.1441	(1032, 629)	(103, 63)	0
16:18:02.509	31	16.1938	(1024, 629)	(102, 63)	0
16:18:02.543	33	16.2899	(1014, 629)	(101, 63)	0
16:18:02.578	32	16.3462	(1004, 628)	(100, 63)	0
16:18:02.613	32	16.3905	(994, 627)	(99, 63)	0
16:18:02.648	33	16.4865	(984, 627)	(98, 63)	0
16:18:02.689	33	16.5763	(974, 627)	(97, 63)	0
16:18:02.724	32	16.6436	(964, 626)	(96, 63)	0
16:18:02.759	31	16.6508	(954, 626)	(95, 63)	0
16:18:02.793	35	16.7624	(944, 626)	(94, 63)	0
16:18:02.836	42	16.7274	(934, 625)	(93, 63)	0
16:18:02.885	34	16.7959	(927, 624)	(93, 62)	0
16:18:02.926	35	16.7978	(924, 624)	(92, 62)	0
16:18:02.968	36	16.7822	(914, 623)	(91, 62)	0
16:18:03.009	41	16.7695	(904, 622)	(90, 62)	0
16:18:03.060	36	16.7264	(894, 621)	(89, 62)	0
16:18:03.099	33	16.7862	(884, 620)	(88, 62)	0
16:18:03.134	35	16.7877	(873, 619)	(87, 62)	0
16:18:03.177	36	16.7172	(864, 619)	(86, 62)	0
16:18:03.219	40	16.6427	(854, 619)	(85, 62)	0
16:18:03.268	38	16.5739	(843, 618)	(84, 62)	0
16:18:03.309	35	16.4916	(834, 618)	(83, 62)	0
16:18:03.350	44	16.4433	(823, 617)	(82, 62)	0
16:18:03.400	43	16.2813	(814, 617)	(81, 62)	0
16:18:03.455	45	16.1524	(804, 617)	(80, 62)	0
16:18:03.505	36	16.0175	(794, 617)	(79, 62)	0
16:18:03.545	34	15.9055	(784, 616)	(78, 62)	0
16:18:03.587	34	15.7652	(772, 616)	(77, 62)	0
16:18:03.628	33	15.6985	(764, 615)	(76, 62)	0
16:18:03.671	47	15.5567	(754, 615)	(75, 62)	0
16:18:03.725	30	15.513	(744, 615)	(74, 62)	0
16:18:03.759	29	15.4425	(734, 615)	(73, 62)	0
16:18:03.794	34	15.3247	(724, 615)	(72, 62)	0
16:18:03.837	35	15.1544	(714, 615)	(71, 62)	0
16:18:03.878	33	15.1221	(704, 615)	(70, 62)	0
16:18:03.912	30	15.0483	(694, 615)	(69, 62)	0
16:18:03.948	29	14.977	(684, 615)	(68, 62)	0
16:18:03.982	30	14.8584	(674, 615)	(67, 62)	0
16:18:04.017	30	14.7969	(664, 616)	(66, 62)	0
16:18:04.053	39	14.6507	(654, 617)	(65, 62)	0
16:18:04.096	39	14.5101	(644, 618)	(64, 62)	0
16:18:04.143	31	14.4979	(634, 618)	(63, 62)	0
16:18:04.177	32	14.3834	(624, 619)	(62, 62)	0
16:18:04.212	32	14.1216	(614, 619)	(61, 62)	0
16:18:04.247	33	13.9625	(604, 621)	(60, 62)	0
16:18:04.282	32	13.8464	(594, 621)	(59, 62)	0
16:18:04.316	33	13.6881	(584, 622)	(58, 62)	0
16:18:04.351	32	13.5754	(574, 624)	(57, 62)	0
16:18:04.385	32	13.4178	(566, 625)	(57, 63)	0
16:18:04.420	37	13.427	(564, 625)	(56, 63)	0
16:18:04.464	35	13.1868	(554, 625)	(55, 63)	0
16:18:04.504	34	13.0384	(544, 626)	(54, 63)	0
16:18:04.546	30	12.8573	(534, 628)	(53, 63)	0
16:18:04.581	33	12.7636	(524, 629)	(52, 63)	0
16:18:04.622	37	12.6079	(514, 631)	(51, 63)	0
16:18:04.665	35	12.4607	(504, 633)	(50, 63)	0
16:18:04.708	32	12.3407	(494, 634)	(49, 63)	0
16:18:04.747	27	12.3852	(493, 635)	(49, 64)	0
16:18:04.781	34	12.259	(484, 637)	(48, 64)	0
16:18:04.824	39	11.9305	(467, 641)	(47, 64)	0
16:18:04.874	38	11.8508	(464, 642)	(46, 64)	0
16:18:04.923	36	11.7182	(458, 645)	(46, 65)	0
16:18:04.963	28	11.6464	(454, 646)	(45, 65)	0
16:18:04.997	27	11.5206	(444, 650)	(44, 65)	0
16:18:05.032	27	11.3719	(434, 654)	(43, 65)	0
16:18:05.067	26	11.3452	(432, 655)	(43, 66)	0
16:18:05.101	27	11.2178	(424, 658)	(42, 66)	0
16:18:05.137	27	11.0233	(414, 662)	(41, 66)	0
16:18:05.171	26	10.9172	(409, 665)	(41, 67)	0
16:18:05.199	24	10.8126	(404, 667)	(40, 67)	0
16:18:05.226	24	10.5858	(394, 671)	(39, 67)	0
16:18:05.255	30	10.4234	(387, 675)	(39, 68)	0
16:18:05.290	29	10.4007	(384, 676)	(38, 68)	0
16:18:05.325	29	10.1324	(374, 680)	(37, 68)	0
16:18:05.359	27	10.2271	(367, 685)	(37, 69)	0
16:18:05.394	24	10.0119	(364, 687)	(36, 69)	0
16:18:05.421	23	9.91763	(356, 695)	(36, 70)	0
16:18:05.449	27	9.88963	(354, 695)	(35, 70)	0
16:18:05.484	29	9.76726	(344, 704)	(34, 70)	0
16:18:05.519	30	9.75807	(344, 705)	(34, 71)	0
16:18:05.554	29	9.71289	(337, 715)	(34, 72)	0
16:18:05.589	28	9.804	(335, 725)	(34, 73)	0
16:18:05.622	25	9.83511	(334, 727)	(33, 73)	0
16:18:05.650	25	9.82711	(331, 735)	(33, 74)	0
16:18:05.678	26	9.86459	(329, 746)	(33, 75)	0
16:18:05.707	25	9.94385	(329, 755)	(33, 76)	0
16:18:05.734	26	10.0224	(329, 765)	(33, 77)	0
16:18:05.762	25	10.0738	(329, 775)	(33, 78)	0
16:18:05.790	25	10.135	(329, 785)	(33, 79)	0
16:18:05.817	26	10.1899	(329, 795)	(33, 80)	0
16:18:05.845	25	10.2227	(329, 805)	(33, 81)	0
16:18:05.873	25	10.2849	(329, 833)	(33, 83)	0
16:18:05.900	26	10.2929	(329, 836)	(33, 84)	0
16:18:05.928	27	10.3062	(329, 845)	(33, 85)	0
16:18:05.957	25	10.2942	(329, 855)	(33, 86)	0
16:18:05.984	26	10.344	(330, 865)	(33, 87)	0
16:18:06.012	25	10.384	(332, 875)	(33, 88)	0
16:18:06.040	25	10.4419	(335, 883)	(34, 88)	0
16:18:06.067	29	10.4409	(335, 885)	(34, 89)	0
16:18:06.104	34	10.4548	(338, 895)	(34, 90)	0
16:18:06.145	35	10.5025	(341, 905)	(34, 91)	0
16:18:06.189	31	10.5239	(345, 914)	(35, 91)	0
16:18:06.228	26	10.5858	(346, 915)	(35, 92)	0
16:18:06.263	28	10.6399	(350, 925)	(35, 93)	0
16:18:06.298	26	10.721	(355, 931)	(36, 93)	0
16:18:06.332	27	10.7213	(357, 935)	(36, 94)	0
16:18:06.369	41	10.7741	(364, 945)	(36, 95)	0
16:18:06.418	30	10.8037	(365, 945)	(37, 95)	0
16:18:06.451	28	10.9578	(373, 955)	(37, 96)	0
16:18:06.486	29	10.9298	(375, 956)	(38, 96)	0
16:18:06.520	33	11.0489	(384, 965)	(38, 97)	0
16:18:06.563	38	11.0803	(385, 966)	(39, 97)	0
16:18:06.614	34	11.2304	(395, 975)	(40, 98)	0
16:18:06.652	27	11.5785	(405, 982)	(41, 98)	0
16:18:06.686	25	11.4689	(411, 987)	(41, 99)	0
16:18:06.714	26	11.5379	(415, 989)	(42, 99)	0
16:18:06.742	26	11.616	(423, 995)	(42, 100)	0
16:18:06.776	28	11.6868	(425, 996)	(43, 100)	0
16:18:06.812	26	11.8218	(435, 1001)	(44, 100)	0
16:18:06.840	26	11.8933	(441, 1005)	(44, 101)	0
16:18:06.867	25	11.9062	(446, 1007)	(45, 101)	0
16:18:06.895	29	12.0111	(455, 1012)	(46, 101)	0
16:18:06.930	33	12.0519	(461, 1015)	(46, 102)	0
16:18:06.965	32	12.0831	(465, 1017)	(47, 102)	0
16:18:07.007	34	12.172	(475, 1022)	(48, 102)	0
16:18:07.049	32	12.2194	(481, 1025)	(48, 103)	0
16:18:07.084	31	12.3064	(485, 1026)	(49, 103)	0
16:18:07.118	32	12.4471	(495, 1030)	(50, 103)	0
16:18:07.153	32	12.5861	(505, 1034)	(51, 103)	0
16:18:07.188	32	12.5665	(506, 1035)	(51, 104)	0
16:18:07.230	28	12.899	(515, 1037)	(52, 104)	0
16:18:07.264	31	12.7953	(525, 1040)	(53, 104)	0
16:18:07.299	36	12.9015	(540, 1043)	(54, 104)	0
16:18:07.341	36	12.9413	(545, 1044)	(55, 104)	0
16:18:07.383	36	12.9359	(549, 1045)	(55, 105)	0
16:18:07.425	33	13.0222	(555, 1046)	(56, 105)	0
16:18:07.465	28	13.3181	(577, 1050)	(58, 105)	0
16:18:07.499	32	13.3941	(585, 1052)	(59, 105)	0
16:18:07.535	32	13.5559	(595, 1053)	(60, 105)	0
16:18:07.570	31	13.5911	(605, 1054)	(61, 105)	0
16:18:07.605	32	13.6959	(608, 1055)	(61, 106)	0
16:18:07.639	33	13.6096	(615, 1056)	(62, 106)	0
16:18:07.675	31	13.6751	(625, 1057)	(63, 106)	0
16:18:07.709	29	13.9351	(635, 1058)	(64, 106)	0
16:18:07.743	29	13.9327	(645, 1059)	(65, 106)	0
16:18:07.780	36	13.9898	(655, 1060)	(66, 106)	0
16:18:07.820	34	14.1434	(665, 1061)	(67, 106)	0
16:18:07.861	35	14.2588	(675, 1061)	(68, 106)	0
16:18:07.903	34	14.3612	(685, 1063)	(69, 106)	0
16:18:07.945	35	14.4956	(695, 1063)	(70, 106)	0
16:18:07.990	53	14.6147	(705, 1064)	(71, 106)	0
16:18:08.050	35	14.7609	(715, 1064)	(72, 106)	0
16:18:08.092	30	14.8055	(719, 1065)	(72, 107)	0
16:18:08.125	30	14.9157	(725, 1065)	(73, 107)	0
16:18:08.160	29	15.1268	(735, 1066)	(74, 107)	0
16:18:08.196	36	15.1664	(745, 1066)	(75, 107)	0
16:18:08.237	38	15.3517	(755, 1066)	(76, 107)	0
16:18:08.279	35	15.4412	(765, 1066)	(77, 107)	0
16:18:08.320	31	15.5919	(775, 1067)	(78, 107)	0
16:18:08.354	31	15.655	(785, 1067)	(79, 107)	0
16:18:08.389	34	15.7633	(795, 1068)	(80, 107)	0
16:18:08.431	36	15.8058	(805, 1069)	(81, 107)	0
16:18:08.474	36	15.8601	(815, 1070)	(82, 107)	0
16:18:08.516	34	15.8819	(825, 1071)	(83, 107)	0
16:18:08.557	38	15.9825	(835, 1072)	(84, 107)	0
16:18:08.599	41	15.9759	(845, 1073)	(85, 107)	0
16:18:08.648	40	15.984	(856, 1074)	(86, 107)	0
16:18:08.697	34	15.928	(862, 1075)	(86, 108)	0
16:18:08.737	33	16.0147	(865, 1075)	(87, 108)	0
16:18:08.772	38	15.9947	(875, 1075)	(88, 108)	0
16:18:08.815	38	15.9499	(885, 1076)	(89, 108)	0
16:18:08.855	36	15.9181	(895, 1077)	(90, 108)	0
16:18:08.899	40	15.8305	(905, 1078)	(91, 108)	0
16:18:08.946	33	15.7917	(915, 1078)	(92, 108)	0
16:18:08.981	34	15.7696	(925, 1079)	(93, 108)	0
16:18:09.023	32	15.719	(935, 1080)	(94, 108)	0
16:18:09.057	35	15.5754	(945, 1081)	(95, 108)	0
16:18:09.100	34	15.5102	(955, 1082)	(96, 108)	0
16:18:09.141	31	15.5316	(965, 1082)	(97, 108)	0
16:18:09.175	29	15.479	(975, 1083)	(98, 108)	0
16:18:09.210	33	15.4692	(986, 1083)	(99, 108)	0
16:18:09.252	41	15.4794	(995, 1084)	(100, 108)	0
16:18:09.303	38	15.4517	(1005, 1084)	(101, 108)	0
16:18:09.350	30	15.4787	(1015, 1084)	(102, 108)	0
16:18:09.384	29	15.5481	(1017, 1085)	(102, 109)	0
16:18:09.419	35	15.5601	(1025, 1085)	(103, 109)	0
16:18:09.461	37	15.595	(1040, 1085)	(104, 109)	0
16:18:09.502	38	15.6329	(1048, 1085)	(105, 109)	0
16:18:09.543	31	15.7436	(1055, 1086)	(106, 109)	0
16:18:09.585	33	15.816	(1065, 1086)	(107, 109)	0
16:18:09.620	32	15.9034	(1075, 1086)	(108, 109)	0
16:18:09.655	30	16.0081	(1085, 1086)	(109, 109)	0
16:18:09.689	32	16.0815	(1096, 1086)	(110, 109)	0
16:18:09.724	32	16.175	(1105, 1086)	(111, 109)	0
16:18:09.758	32	16.325	(1115, 1086)	(112, 109)	0
16:18:09.794	30	16.4093	(1126, 1086)	(113, 109)	0
16:18:09.828	35	16.4713	(1135, 1086)	(114, 109)	0
16:18:09.871	36	16.5599	(1146, 1086)	(115, 109)	0
16:18:09.912	37	16.5836	(1155, 1086)	(116, 109)	0
16:18:09.954	34	16.7039	(1166, 1086)	(117, 109)	0
16:18:09.995	33	16.828	(1175, 1086)	(118, 109)	0
16:18:10.038	40	16.8707	(1185, 1085)	(119, 109)	0
16:18:10.087	43	16.9486	(1188, 1084)	(119, 108)	0
16:18:10.137	38	16.9744	(1195, 1084)	(120, 108)	0
16:18:10.184	35	17.0462	(1205, 1082)	(121, 108)	0
16:18:10.225	36	17.1567	(1215, 1081)	(122, 108)	0
16:18:10.267	42	17.2341	(1225, 1081)	(123, 108)	0
16:18:10.318	38	17.307	(1235, 1081)	(124, 108)	0
16:18:10.365	35	17.3301	(1245, 1080)	(125, 108)	0
16:18:10.405	39	17.4668	(1255, 1080)	(126, 108)	0
16:18:10.449	41	17.4359	(1265, 1079)	(127, 108)	0
16:18:10.498	41	17.4452	(1275, 1078)	(128, 108)	0
16:18:10.547	38	17.4791	(1286, 1077)	(129, 108)	0
16:18:10.593	37	17.5345	(1295, 1077)	(130, 108)	0
16:18:10.635	39	17.5686	(1305, 1077)	(131, 108)	0
16:18:10.678	35	17.664	(1315, 1077)	(132, 108)	0
16:18:10.719	43	17.6981	(1325, 1077)	(133, 108)	0
16:18:10.769	37	17.7707	(1335, 1077)	(134, 108)	0
16:18:10.809	36	17.8628	(1345, 1077)	(135, 108)	0
16:18:10.851	37	17.9141	(1355, 1077)	(136, 108)	0
16:18:10.893	38	17.9083	(1365, 1079)	(137, 108)	0
16:18:10.934	38	18.0196	(1375, 1080)	(138, 108)	0
16:18:10.977	38	18.0646	(1385, 1081)	(139, 108)	0
16:18:11.018	33	18.1599	(1395, 1081)	(140, 108)	0
16:18:11.059	34	18.145	(1405, 1083)	(141, 108)	0
16:18:11.101	42	18.2111	(1416, 1084)	(142, 108)	0
16:18:11.150	43	18.2018	(1418, 1085)	(142, 109)	0
16:18:11.200	37	18.2176	(1425, 1085)	(143, 109)	0
16:18:11.240	35	18.2326	(1437, 1088)	(144, 109)	0
16:18:11.281	37	18.3807	(1445, 1088)	(145, 109)	0
16:18:11.324	35	18.1921	(1455, 1089)	(146, 109)	0
16:18:11.365	37	18.1653	(1465, 1090)	(147, 109)	0
16:18:11.408	33	18.0453	(1476, 1091)	(148, 109)	0
16:18:11.449	32	18.075	(1485, 1092)	(149, 109)	0
16:18:11.483	35	17.9978	(1495, 1093)	(150, 109)	0
16:18:11.526	36	17.9283	(1505, 1093)	(151, 109)	0
16:18:11.567	37	17.8699	(1515, 1093)	(152, 109)	0
16:18:11.608	37	17.8124	(1525, 1093)	(153, 109)	0
16:18:11.650	38	17.7778	(1535, 1094)	(154, 109)	0
16:18:11.692	37	17.6973	(1545, 1094)	(155, 109)	0
16:18:11.734	39	17.5939	(1555, 1094)	(156, 109)	0
16:18:11.776	39	17.5221	(1565, 1094)	(157, 109)	0
16:18:11.825	36	17.4489	(1566, 1095)	(157, 110)	0
16:18:11.866	34	17.5502	(1575, 1095)	(158, 110)	0
16:18:11.907	35	17.3578	(1585, 1095)	(159, 110)	0
16:18:11.949	41	17.1879	(1596, 1096)	(160, 110)	0
16:18:11.999	45	17.0286	(1605, 1096)	(161, 110)	0
16:18:12.056	37	16.8781	(1615, 1096)	(162, 110)	0
16:18:12.095	37	16.7942	(1625, 1097)	(163, 110)	0
16:18:12.137	36	16.6373	(1635, 1097)	(164, 110)	0
16:18:12.179	36	16.5892	(1645, 1097)	(165, 110)	0
16:18:12.222	45	16.3727	(1655, 1098)	(166, 110)	0
16:18:12.271	32	16.2433	(1665, 1098)	(167, 110)	0
16:18:12.310	36	16.072	(1675, 1099)	(168, 110)	0
16:18:12.353	36	15.9209	(1685, 1099)	(169, 110)	0
16:18:12.396	42	15.7557	(1695, 1100)	(170, 110)	0
16:18:12.445	37	15.5753	(1705, 1100)	(171, 110)	0
16:18:12.485	34	15.3999	(1715, 1101)	(172, 110)	0
16:18:12.526	36	15.263	(1725, 1101)	(173, 110)	0
16:18:12.568	38	14.9902	(1735, 1103)	(174, 110)	0
16:18:12.611	39	14.7252	(1748, 1104)	(175, 110)	0
16:18:12.660	38	14.6196	(1753, 1105)	(175, 111)	0
16:18:12.700	32	14.6227	(1755, 1105)	(176, 111)	0
16:18:12.735	33	14.5044	(1765, 1106)	(177, 111)	0
16:18:12.770	32	14.2978	(1775, 1107)	(178, 111)	0
16:18:12.805	31	14.1071	(1785, 1108)	(179, 111)	0
16:18:12.839	32	13.8699	(1798, 1109)	(180, 111)	0
16:18:12.875	38	13.6772	(1806, 1111)	(181, 111)	0
16:18:12.917	33	13.5449	(1815, 1112)	(182, 111)	0
16:18:12.957	30	13.5059	(1825, 1112)	(183, 111)	0
16:18:12.992	33	13.4437	(1835, 1113)	(184, 111)	0
16:18:13.026	32	13.1283	(1850, 1114)	(185, 111)	0
16:18:13.062	33	13.0044	(1855, 1114)	(186, 111)	0
16:18:13.103	28	12.9427	(1858, 1115)	(186, 112)	0
16:18:13.137	26	12.8434	(1865, 1116)	(187, 112)	0
16:18:13.165	30	12.6067	(1877, 1117)	(188, 112)	0
16:18:13.200	32	12.4104	(1885, 1118)	(189, 112)	0
16:18:13.235	32	12.2896	(1895, 1120)	(190, 112)	0
16:18:13.270	32	11.9973	(1905, 1121)	(191, 112)	0
16:18:13.305	21	3.51719	(0, 0)	(0, 0)	0
EOM

