BOM
Frame extends: 2263, 1306
_ms_area: 10
measurements taken: 585
current rendering method: 2
is mouse replay: 1
Camera settings: Roation Quaternion: ( 0.235703, -0.0131471, 0.941774, 0.239427), Translationsvektor: ( 0, 0, 1.25).
System_Time	Elapsed_Time_PaintGL	Elapsed_Kernel_Time	Frame_Coordinates	Grid_Position	Manual_Measurement
16:18:26.656	29	15.5145	(318, 226)	(32, 23)	0
16:18:26.695	27	15.5495	(325, 225)	(33, 23)	0
16:18:26.729	26	15.5561	(335, 225)	(34, 23)	0
16:18:26.756	27	15.5988	(345, 225)	(35, 23)	0
16:18:26.791	26	15.607	(357, 225)	(36, 23)	0
16:18:26.818	26	15.5834	(372, 225)	(37, 23)	0
16:18:26.846	27	15.5606	(375, 225)	(38, 23)	0
16:18:26.881	26	15.631	(385, 225)	(39, 23)	0
16:18:26.909	26	15.6196	(395, 225)	(40, 23)	0
16:18:26.936	26	15.6313	(405, 225)	(41, 23)	0
16:18:26.964	29	15.5615	(415, 225)	(42, 23)	0
16:18:27.000	32	15.5799	(425, 225)	(43, 23)	0
16:18:27.035	30	15.6258	(435, 226)	(44, 23)	0
16:18:27.069	26	15.644	(445, 226)	(45, 23)	0
16:18:27.096	26	15.6372	(455, 226)	(46, 23)	0
16:18:27.124	25	15.6658	(465, 227)	(47, 23)	0
16:18:27.152	26	15.6212	(475, 227)	(48, 23)	0
16:18:27.180	28	15.6846	(485, 228)	(49, 23)	0
16:18:27.216	27	15.6239	(495, 228)	(50, 23)	0
16:18:27.250	32	15.6553	(505, 229)	(51, 23)	0
16:18:27.286	32	15.5483	(515, 229)	(52, 23)	0
16:18:27.327	29	15.6655	(525, 229)	(53, 23)	0
16:18:27.363	30	15.6105	(535, 229)	(54, 23)	0
16:18:27.397	28	15.6793	(545, 229)	(55, 23)	0
16:18:27.431	30	15.7139	(555, 229)	(56, 23)	0
16:18:27.466	30	15.7227	(565, 229)	(57, 23)	0
16:18:27.501	31	15.7351	(575, 229)	(58, 23)	0
16:18:27.535	30	15.872	(585, 229)	(59, 23)	0
16:18:27.570	30	15.9161	(596, 229)	(60, 23)	0
16:18:27.605	29	15.9468	(605, 230)	(61, 23)	0
16:18:27.639	31	16.0154	(615, 230)	(62, 23)	0
16:18:27.674	31	16.0815	(626, 230)	(63, 23)	0
16:18:27.710	29	16.1259	(635, 230)	(64, 23)	0
16:18:27.743	27	16.1639	(645, 230)	(65, 23)	0
16:18:27.778	33	16.213	(655, 230)	(66, 23)	0
16:18:27.821	33	16.2683	(665, 230)	(67, 23)	0
16:18:27.864	34	16.1978	(680, 230)	(68, 23)	0
16:18:27.905	34	16.2234	(685, 230)	(69, 23)	0
16:18:27.947	31	16.3564	(695, 230)	(70, 23)	0
16:18:27.980	28	16.3575	(705, 230)	(71, 23)	0
16:18:28.015	30	16.4095	(715, 230)	(72, 23)	0
16:18:28.051	29	16.4625	(725, 230)	(73, 23)	0
16:18:28.085	30	16.4209	(735, 230)	(74, 23)	0
16:18:28.120	29	16.4557	(749, 230)	(75, 23)	0
16:18:28.154	30	16.4987	(756, 230)	(76, 23)	0
16:18:28.188	31	16.5268	(766, 230)	(77, 23)	0
16:18:28.224	31	16.5613	(775, 230)	(78, 23)	0
16:18:28.258	30	16.7169	(785, 230)	(79, 23)	0
16:18:28.293	31	16.7667	(796, 229)	(80, 23)	0
16:18:28.330	28	16.783	(805, 229)	(81, 23)	0
16:18:28.363	26	16.7643	(815, 229)	(82, 23)	0
16:18:28.397	26	16.8351	(825, 228)	(83, 23)	0
16:18:28.425	26	16.9043	(835, 228)	(84, 23)	0
16:18:28.460	29	16.9376	(845, 228)	(85, 23)	0
16:18:28.496	31	17.0084	(855, 228)	(86, 23)	0
16:18:28.537	31	17.0917	(865, 228)	(87, 23)	0
16:18:28.571	30	17.0584	(875, 228)	(88, 23)	0
16:18:28.605	28	17.0807	(885, 228)	(89, 23)	0
16:18:28.640	32	17.0446	(895, 228)	(90, 23)	0
16:18:28.676	31	17.1729	(905, 228)	(91, 23)	0
16:18:28.710	31	17.315	(915, 228)	(92, 23)	0
16:18:28.745	28	17.2604	(925, 228)	(93, 23)	0
16:18:28.779	30	17.2901	(935, 228)	(94, 23)	0
16:18:28.814	34	17.4067	(945, 227)	(95, 23)	0
16:18:28.857	39	17.3559	(957, 227)	(96, 23)	0
16:18:28.905	38	17.4108	(966, 227)	(97, 23)	0
16:18:28.950	33	17.4526	(975, 227)	(98, 23)	0
16:18:28.988	31	17.6228	(985, 227)	(99, 23)	0
16:18:29.023	32	17.6519	(995, 227)	(100, 23)	0
16:18:29.058	30	17.7043	(1005, 227)	(101, 23)	0
16:18:29.092	33	17.6342	(1015, 226)	(102, 23)	0
16:18:29.128	32	17.7721	(1025, 226)	(103, 23)	0
16:18:29.169	31	17.7853	(1035, 226)	(104, 23)	0
16:18:29.203	32	17.8385	(1045, 225)	(105, 23)	0
16:18:29.246	37	17.7953	(1055, 225)	(106, 23)	0
16:18:29.288	35	17.8981	(1065, 225)	(107, 23)	0
16:18:29.330	36	17.8831	(1071, 224)	(107, 22)	0
16:18:29.371	29	17.9268	(1075, 224)	(108, 22)	0
16:18:29.405	32	17.9367	(1085, 224)	(109, 22)	0
16:18:29.442	30	17.9745	(1095, 224)	(110, 22)	0
16:18:29.475	32	18.0324	(1105, 224)	(111, 22)	0
16:18:29.510	29	18.0351	(1115, 224)	(112, 22)	0
16:18:29.544	31	18.0194	(1125, 224)	(113, 22)	0
16:18:29.579	31	18.0523	(1135, 224)	(114, 22)	0
16:18:29.613	33	18.1164	(1146, 223)	(115, 22)	0
16:18:29.648	31	18.1433	(1155, 223)	(116, 22)	0
16:18:29.683	32	18.2086	(1165, 223)	(117, 22)	0
16:18:29.718	30	18.1881	(1175, 223)	(118, 22)	0
16:18:29.753	32	18.2046	(1185, 223)	(119, 22)	0
16:18:29.794	28	18.2406	(1195, 223)	(120, 22)	0
16:18:29.828	29	18.2804	(1205, 223)	(121, 22)	0
16:18:29.863	34	18.2255	(1215, 223)	(122, 22)	0
16:18:29.908	39	18.1941	(1225, 223)	(123, 22)	0
16:18:29.955	38	18.2209	(1235, 223)	(124, 22)	0
16:18:30.004	32	18.3308	(1245, 223)	(125, 22)	0
16:18:30.044	28	18.235	(1255, 223)	(126, 22)	0
16:18:30.079	32	18.3633	(1265, 224)	(127, 22)	0
16:18:30.114	33	18.4199	(1275, 224)	(128, 22)	0
16:18:30.156	35	18.3609	(1282, 225)	(128, 23)	0
16:18:30.198	31	18.2961	(1285, 225)	(129, 23)	0
16:18:30.232	31	18.3484	(1295, 226)	(130, 23)	0
16:18:30.267	34	18.3529	(1305, 226)	(131, 23)	0
16:18:30.310	37	18.3941	(1316, 228)	(132, 23)	0
16:18:30.351	35	18.3837	(1326, 228)	(133, 23)	0
16:18:30.395	36	18.2938	(1335, 228)	(134, 23)	0
16:18:30.434	30	18.3486	(1345, 229)	(135, 23)	0
16:18:30.469	29	18.3639	(1355, 230)	(136, 23)	0
16:18:30.504	29	18.1999	(1366, 230)	(137, 23)	0
16:18:30.538	36	18.1799	(1375, 230)	(138, 23)	0
16:18:30.581	35	18.2169	(1386, 231)	(139, 23)	0
16:18:30.623	31	18.3132	(1395, 231)	(140, 23)	0
16:18:30.656	28	18.2096	(1405, 232)	(141, 23)	0
16:18:30.691	35	18.3117	(1415, 232)	(142, 23)	0
16:18:30.733	35	18.3441	(1425, 232)	(143, 23)	0
16:18:30.776	39	18.283	(1435, 233)	(144, 23)	0
16:18:30.826	33	18.2735	(1445, 234)	(145, 23)	0
16:18:30.865	31	18.2884	(1455, 234)	(146, 23)	0
16:18:30.899	32	18.3563	(1465, 234)	(147, 23)	0
16:18:30.935	31	18.1727	(1478, 234)	(148, 23)	0
16:18:30.969	34	18.3206	(1485, 234)	(149, 23)	0
16:18:31.012	39	18.0892	(1488, 235)	(149, 24)	0
16:18:31.060	32	18.1561	(1495, 235)	(150, 24)	0
16:18:31.094	33	18.2299	(1506, 235)	(151, 24)	0
16:18:31.136	32	18.2271	(1516, 235)	(152, 24)	0
16:18:31.171	33	18.0767	(1526, 236)	(153, 24)	0
16:18:31.213	31	18.0218	(1535, 236)	(154, 24)	0
16:18:31.248	30	17.9335	(1546, 236)	(155, 24)	0
16:18:31.282	27	17.8874	(1556, 237)	(156, 24)	0
16:18:31.316	31	18.0036	(1565, 237)	(157, 24)	0
16:18:31.352	31	17.8387	(1575, 238)	(158, 24)	0
16:18:31.387	32	17.747	(1585, 238)	(159, 24)	0
16:18:31.422	29	17.7957	(1595, 239)	(160, 24)	0
16:18:31.456	28	17.5803	(1605, 239)	(161, 24)	0
16:18:31.490	27	17.491	(1615, 240)	(162, 24)	0
16:18:31.525	28	17.4753	(1625, 240)	(163, 24)	0
16:18:31.560	26	17.4043	(1636, 241)	(164, 24)	0
16:18:31.588	27	17.3825	(1645, 242)	(165, 24)	0
16:18:31.622	38	17.248	(1655, 242)	(166, 24)	0
16:18:31.666	34	17.1212	(1666, 243)	(167, 24)	0
16:18:31.706	31	17.0521	(1676, 244)	(168, 24)	0
16:18:31.741	31	17.1181	(1677, 245)	(168, 25)	0
16:18:31.776	30	17.1104	(1686, 245)	(169, 25)	0
16:18:31.811	32	16.9613	(1696, 246)	(170, 25)	0
16:18:31.846	30	16.9382	(1705, 246)	(171, 25)	0
16:18:31.880	30	16.8062	(1715, 248)	(172, 25)	0
16:18:31.914	27	16.7249	(1726, 249)	(173, 25)	0
16:18:31.949	27	16.6803	(1735, 250)	(174, 25)	0
16:18:31.985	32	16.6264	(1745, 251)	(175, 25)	0
16:18:32.026	33	16.4533	(1755, 253)	(176, 25)	0
16:18:32.068	32	16.3951	(1765, 254)	(177, 25)	0
16:18:32.102	29	16.3544	(1768, 255)	(177, 26)	0
16:18:32.137	28	16.411	(1775, 256)	(178, 26)	0
16:18:32.171	35	16.2679	(1785, 258)	(179, 26)	0
16:18:32.215	41	16.1852	(1795, 260)	(180, 26)	0
16:18:32.264	38	16.1723	(1805, 262)	(181, 26)	0
16:18:32.311	27	16.06	(1815, 264)	(182, 26)	0
16:18:32.345	29	16.0855	(1817, 265)	(182, 27)	0
16:18:32.380	35	16.079	(1825, 267)	(183, 27)	0
16:18:32.424	37	15.8945	(1838, 271)	(184, 27)	0
16:18:32.466	33	15.8932	(1845, 273)	(185, 27)	0
16:18:32.506	27	15.8997	(1849, 275)	(185, 28)	0
16:18:32.540	26	15.8607	(1858, 278)	(186, 28)	0
16:18:32.568	30	15.851	(1865, 280)	(187, 28)	0
16:18:32.603	30	15.8224	(1874, 285)	(187, 29)	0
16:18:32.638	32	15.8376	(1875, 285)	(188, 29)	0
16:18:32.680	28	15.8016	(1885, 289)	(189, 29)	0
16:18:32.714	26	15.7477	(1895, 294)	(190, 29)	0
16:18:32.741	26	15.7594	(1895, 295)	(190, 30)	0
16:18:32.769	28	15.6719	(1905, 299)	(191, 30)	0
16:18:32.805	31	15.6757	(1912, 305)	(191, 31)	0
16:18:32.840	32	15.6193	(1915, 307)	(192, 31)	0
16:18:32.882	30	15.5708	(1925, 314)	(193, 31)	0
16:18:32.916	28	15.5519	(1926, 315)	(193, 32)	0
16:18:32.951	25	15.5376	(1935, 322)	(194, 32)	0
16:18:32.978	26	15.4736	(1937, 325)	(194, 33)	0
16:18:33.013	31	15.5353	(1945, 333)	(195, 33)	0
16:18:33.049	34	15.5853	(1947, 335)	(195, 34)	0
16:18:33.090	42	15.5883	(1955, 344)	(196, 34)	0
16:18:33.139	31	15.5867	(1955, 345)	(196, 35)	0
16:18:33.173	25	15.5556	(1963, 355)	(196, 36)	0
16:18:33.200	26	15.5799	(1965, 358)	(197, 36)	0
16:18:33.228	34	15.5022	(1968, 365)	(197, 37)	0
16:18:33.271	32	15.5077	(1973, 375)	(197, 38)	0
16:18:33.313	31	15.5283	(1975, 379)	(198, 38)	0
16:18:33.347	28	15.4495	(1976, 385)	(198, 39)	0
16:18:33.381	26	15.5613	(1980, 395)	(198, 40)	0
16:18:33.409	31	15.5064	(1982, 405)	(198, 41)	0
16:18:33.444	33	15.6132	(1984, 415)	(198, 42)	0
16:18:33.487	34	15.5225	(1985, 417)	(199, 42)	0
16:18:33.529	29	15.529	(1985, 425)	(199, 43)	0
16:18:33.562	26	15.6324	(1987, 435)	(199, 44)	0
16:18:33.597	29	15.6135	(1988, 445)	(199, 45)	0
16:18:33.632	35	15.6624	(1989, 455)	(199, 46)	0
16:18:33.674	32	15.6516	(1989, 465)	(199, 47)	0
16:18:33.716	35	15.6404	(1989, 475)	(199, 48)	0
16:18:33.759	31	15.6126	(1988, 485)	(199, 49)	0
16:18:33.798	28	15.7733	(1985, 495)	(199, 50)	0
16:18:33.833	33	15.8359	(1984, 495)	(198, 50)	0
16:18:33.876	38	15.9956	(1980, 505)	(198, 51)	0
16:18:33.918	37	16.1781	(1972, 516)	(197, 52)	0
16:18:33.966	32	16.4301	(1965, 525)	(197, 53)	0
16:18:34.001	28	16.3914	(1964, 526)	(196, 53)	0
16:18:34.035	31	16.5006	(1954, 534)	(195, 53)	0
16:18:34.070	30	16.5295	(1953, 535)	(195, 54)	0
16:18:34.105	31	16.5369	(1944, 539)	(194, 54)	0
16:18:34.139	35	16.7505	(1937, 545)	(194, 55)	0
16:18:34.181	28	16.7074	(1934, 547)	(193, 55)	0
16:18:34.215	26	16.9671	(1924, 555)	(192, 56)	0
16:18:34.243	29	16.9441	(1914, 561)	(191, 56)	0
16:18:34.278	30	17.1219	(1907, 565)	(191, 57)	0
16:18:34.313	32	17.1311	(1904, 567)	(190, 57)	0
16:18:34.348	30	17.192	(1894, 572)	(189, 57)	0
16:18:34.382	29	17.2523	(1890, 575)	(189, 58)	0
16:18:34.417	26	17.2815	(1884, 577)	(188, 58)	0
16:18:34.445	27	17.4022	(1874, 581)	(187, 58)	0
16:18:34.480	32	17.5296	(1866, 585)	(187, 59)	0
16:18:34.515	34	17.52	(1864, 585)	(186, 59)	0
16:18:34.557	33	17.5659	(1854, 590)	(185, 59)	0
16:18:34.597	28	17.7539	(1844, 594)	(184, 59)	0
16:18:34.632	35	17.7073	(1843, 595)	(184, 60)	0
16:18:34.676	41	17.8956	(1834, 597)	(183, 60)	0
16:18:34.725	38	17.9132	(1823, 601)	(182, 60)	0
16:18:34.773	38	18.0926	(1810, 606)	(181, 61)	0
16:18:34.814	30	18.2316	(1804, 609)	(180, 61)	0
16:18:34.849	31	18.3547	(1794, 612)	(179, 61)	0
16:18:34.883	31	18.3441	(1787, 615)	(179, 62)	0
16:18:34.918	31	18.3385	(1784, 616)	(178, 62)	0
16:18:34.953	30	18.4839	(1774, 619)	(177, 62)	0
16:18:34.988	31	18.5455	(1764, 622)	(176, 62)	0
16:18:35.022	30	18.6258	(1758, 625)	(176, 63)	0
16:18:35.057	32	18.6658	(1754, 626)	(175, 63)	0
16:18:35.091	31	18.8225	(1744, 628)	(174, 63)	0
16:18:35.127	31	18.864	(1734, 631)	(173, 63)	0
16:18:35.161	31	19.0081	(1724, 633)	(172, 63)	0
16:18:35.196	33	19.0668	(1715, 635)	(172, 64)	0
16:18:35.239	31	19.0321	(1714, 635)	(171, 64)	0
16:18:35.273	32	18.9424	(1704, 637)	(170, 64)	0
16:18:35.307	31	19.0403	(1694, 638)	(169, 64)	0
16:18:35.342	32	19.1404	(1684, 640)	(168, 64)	0
16:18:35.376	33	19.2136	(1674, 641)	(167, 64)	0
16:18:35.413	33	19.1942	(1664, 642)	(166, 64)	0
16:18:35.453	32	19.2262	(1654, 643)	(165, 64)	0
16:18:35.488	31	19.2136	(1644, 644)	(164, 64)	0
16:18:35.523	31	19.1756	(1633, 644)	(163, 64)	0
16:18:35.558	32	19.1083	(1624, 644)	(162, 64)	0
16:18:35.593	29	19.0264	(1614, 644)	(161, 64)	0
16:18:35.627	30	19.1227	(1604, 644)	(160, 64)	0
16:18:35.661	32	19.108	(1594, 644)	(159, 64)	0
16:18:35.696	34	18.9287	(1584, 644)	(158, 64)	0
16:18:35.739	36	18.7932	(1574, 644)	(157, 64)	0
16:18:35.780	34	18.6881	(1564, 644)	(156, 64)	0
16:18:35.822	29	18.6834	(1554, 644)	(155, 64)	0
16:18:35.856	29	18.5393	(1548, 645)	(155, 65)	0
16:18:35.891	31	18.4757	(1544, 645)	(154, 65)	0
16:18:35.927	35	18.5084	(1534, 645)	(153, 65)	0
16:18:35.968	36	18.369	(1524, 646)	(152, 65)	0
16:18:36.010	33	18.4942	(1514, 647)	(151, 65)	0
16:18:36.052	27	18.3348	(1504, 648)	(150, 65)	0
16:18:36.085	29	18.279	(1494, 649)	(149, 65)	0
16:18:36.120	34	18.4021	(1484, 651)	(148, 65)	0
16:18:36.163	37	18.2963	(1474, 652)	(147, 65)	0
16:18:36.205	36	18.1631	(1464, 652)	(146, 65)	0
16:18:36.247	36	18.2	(1454, 653)	(145, 65)	0
16:18:36.287	31	18.1813	(1444, 654)	(144, 65)	0
16:18:36.322	34	18.1207	(1434, 654)	(143, 65)	0
16:18:36.365	34	18.1479	(1419, 654)	(142, 65)	0
16:18:36.407	36	18.0646	(1414, 654)	(141, 65)	0
16:18:36.448	35	18.0022	(1404, 654)	(140, 65)	0
16:18:36.489	30	17.9756	(1394, 654)	(139, 65)	0
16:18:36.523	35	17.8785	(1384, 654)	(138, 65)	0
16:18:36.568	39	17.8253	(1374, 654)	(137, 65)	0
16:18:36.617	34	17.8292	(1356, 653)	(136, 65)	0
16:18:36.657	30	17.8815	(1354, 653)	(135, 65)	0
16:18:36.691	27	17.7505	(1344, 652)	(134, 65)	0
16:18:36.725	28	17.7815	(1334, 651)	(133, 65)	0
16:18:36.761	31	17.8627	(1323, 651)	(132, 65)	0
16:18:36.795	34	17.8436	(1314, 650)	(131, 65)	0
16:18:36.837	33	17.784	(1303, 649)	(130, 65)	0
16:18:36.880	30	17.764	(1294, 648)	(129, 65)	0
16:18:36.912	29	17.8117	(1284, 647)	(128, 65)	0
16:18:36.947	30	17.8372	(1274, 647)	(127, 65)	0
16:18:36.983	29	17.7098	(1264, 646)	(126, 65)	0
16:18:37.017	30	17.7647	(1256, 644)	(126, 64)	0
16:18:37.052	29	17.7153	(1254, 644)	(125, 64)	0
16:18:37.088	30	17.8161	(1244, 643)	(124, 64)	0
16:18:37.122	29	17.7173	(1234, 643)	(123, 64)	0
16:18:37.156	30	17.6858	(1224, 641)	(122, 64)	0
16:18:37.191	29	17.7132	(1214, 641)	(121, 64)	0
16:18:37.226	29	17.8027	(1204, 641)	(120, 64)	0
16:18:37.260	31	17.8212	(1194, 640)	(119, 64)	0
16:18:37.295	27	17.7999	(1184, 639)	(118, 64)	0
16:18:37.329	28	17.7564	(1174, 639)	(117, 64)	0
16:18:37.365	32	17.7681	(1164, 637)	(116, 64)	0
16:18:37.399	31	17.881	(1154, 637)	(115, 64)	0
16:18:37.434	33	17.8489	(1144, 636)	(114, 64)	0
16:18:37.470	35	17.8498	(1134, 636)	(113, 64)	0
16:18:37.511	33	17.9261	(1124, 635)	(112, 64)	0
16:18:37.553	29	17.8967	(1114, 635)	(111, 64)	0
16:18:37.587	28	17.917	(1110, 634)	(111, 63)	0
16:18:37.623	32	17.9173	(1104, 634)	(110, 63)	0
16:18:37.664	34	17.855	(1093, 633)	(109, 63)	0
16:18:37.707	29	17.8831	(1084, 632)	(108, 63)	0
16:18:37.740	27	17.9493	(1074, 632)	(107, 63)	0
16:18:37.775	32	17.8791	(1064, 631)	(106, 63)	0
16:18:37.810	34	17.8742	(1051, 631)	(105, 63)	0
16:18:37.852	32	17.8981	(1032, 629)	(103, 63)	0
16:18:37.895	33	17.9333	(1024, 629)	(102, 63)	0
16:18:37.935	28	17.9474	(1014, 629)	(101, 63)	0
16:18:37.969	30	18.1117	(1004, 628)	(100, 63)	0
16:18:38.004	32	18.1201	(994, 627)	(99, 63)	0
16:18:38.040	34	18.0766	(984, 627)	(98, 63)	0
16:18:38.081	33	18.1695	(974, 627)	(97, 63)	0
16:18:38.123	31	18.2255	(964, 626)	(96, 63)	0
16:18:38.157	27	18.2681	(954, 626)	(95, 63)	0
16:18:38.191	31	18.2101	(944, 626)	(94, 63)	0
16:18:38.227	32	18.2121	(934, 625)	(93, 63)	0
16:18:38.270	35	18.2419	(927, 624)	(93, 62)	0
16:18:38.311	32	18.2126	(924, 624)	(92, 62)	0
16:18:38.352	31	18.305	(914, 623)	(91, 62)	0
16:18:38.387	30	18.3036	(904, 622)	(90, 62)	0
16:18:38.422	35	18.2613	(894, 621)	(89, 62)	0
16:18:38.465	31	18.3361	(884, 620)	(88, 62)	0
16:18:38.506	36	18.4234	(873, 619)	(87, 62)	0
16:18:38.548	34	18.4505	(864, 619)	(86, 62)	0
16:18:38.590	34	18.3615	(854, 619)	(85, 62)	0
16:18:38.630	33	18.3624	(843, 618)	(84, 62)	0
16:18:38.672	35	18.3761	(834, 618)	(83, 62)	0
16:18:38.714	33	18.3367	(823, 617)	(82, 62)	0
16:18:38.757	30	18.4461	(814, 617)	(81, 62)	0
16:18:38.790	29	18.5801	(804, 617)	(80, 62)	0
16:18:38.827	35	18.545	(794, 617)	(79, 62)	0
16:18:38.867	36	18.6307	(784, 616)	(78, 62)	0
16:18:38.910	37	18.6787	(772, 616)	(77, 62)	0
16:18:38.959	32	18.5681	(764, 615)	(76, 62)	0
16:18:38.998	30	18.6071	(754, 615)	(75, 62)	0
16:18:39.032	29	18.5477	(744, 615)	(74, 62)	0
16:18:39.068	37	18.5416	(734, 615)	(73, 62)	0
16:18:39.110	32	18.5083	(724, 615)	(72, 62)	0
16:18:39.144	30	18.5252	(714, 615)	(71, 62)	0
16:18:39.179	28	18.3711	(704, 615)	(70, 62)	0
16:18:39.215	35	18.4167	(694, 615)	(69, 62)	0
16:18:39.256	32	18.2921	(684, 615)	(68, 62)	0
16:18:39.298	36	18.3527	(674, 615)	(67, 62)	0
16:18:39.341	31	18.1471	(664, 616)	(66, 62)	0
16:18:39.381	30	18.1548	(654, 617)	(65, 62)	0
16:18:39.416	30	18.0184	(644, 618)	(64, 62)	0
16:18:39.451	34	18.0372	(634, 618)	(63, 62)	0
16:18:39.492	33	17.8504	(624, 619)	(62, 62)	0
16:18:39.535	34	17.8686	(614, 619)	(61, 62)	0
16:18:39.576	31	17.7367	(604, 621)	(60, 62)	0
16:18:39.609	30	17.6981	(594, 621)	(59, 62)	0
16:18:39.644	33	17.5924	(584, 622)	(58, 62)	0
16:18:39.681	36	17.5871	(574, 624)	(57, 62)	0
16:18:39.722	28	17.3938	(566, 625)	(57, 63)	0
16:18:39.756	29	17.4901	(564, 625)	(56, 63)	0
16:18:39.791	30	17.4037	(554, 625)	(55, 63)	0
16:18:39.826	29	17.2736	(544, 626)	(54, 63)	0
16:18:39.860	29	17.2135	(534, 628)	(53, 63)	0
16:18:39.895	29	17.2907	(524, 629)	(52, 63)	0
16:18:39.930	29	17.0876	(514, 631)	(51, 63)	0
16:18:39.964	30	17.0231	(504, 633)	(50, 63)	0
16:18:39.999	28	16.9364	(494, 634)	(49, 63)	0
16:18:40.035	29	17.0222	(493, 635)	(49, 64)	0
16:18:40.069	34	16.912	(484, 637)	(48, 64)	0
16:18:40.116	39	16.8252	(467, 641)	(47, 64)	0
16:18:40.162	36	16.7441	(464, 642)	(46, 64)	0
16:18:40.202	30	16.8277	(458, 645)	(46, 65)	0
16:18:40.235	28	16.7686	(454, 646)	(45, 65)	0
16:18:40.271	32	16.7575	(444, 650)	(44, 65)	0
16:18:40.306	29	16.7293	(434, 654)	(43, 65)	0
16:18:40.340	32	16.669	(432, 655)	(43, 66)	0
16:18:40.375	30	16.632	(424, 658)	(42, 66)	0
16:18:40.410	29	16.623	(414, 662)	(41, 66)	0
16:18:40.444	27	16.6379	(409, 665)	(41, 67)	0
16:18:40.472	27	16.5807	(404, 667)	(40, 67)	0
16:18:40.507	28	16.5833	(394, 671)	(39, 67)	0
16:18:40.542	35	16.5613	(387, 675)	(39, 68)	0
16:18:40.585	38	16.3984	(384, 676)	(38, 68)	0
16:18:40.626	27	16.483	(374, 680)	(37, 68)	0
16:18:40.660	26	16.4939	(367, 685)	(37, 69)	0
16:18:40.688	26	16.4841	(364, 687)	(36, 69)	0
16:18:40.716	28	16.4492	(356, 695)	(36, 70)	0
16:18:40.750	34	16.4292	(354, 695)	(35, 70)	0
16:18:40.794	32	16.321	(344, 704)	(34, 70)	0
16:18:40.833	27	16.388	(344, 705)	(34, 71)	0
16:18:40.868	28	16.3791	(337, 715)	(34, 72)	0
16:18:40.905	33	16.4046	(335, 725)	(34, 73)	0
16:18:40.946	33	16.3284	(334, 727)	(33, 73)	0
16:18:40.990	35	16.4007	(331, 735)	(33, 74)	0
16:18:41.030	29	16.4724	(329, 746)	(33, 75)	0
16:18:41.063	29	16.443	(329, 755)	(33, 76)	0
16:18:41.098	30	16.4861	(329, 765)	(33, 77)	0
16:18:41.133	35	16.615	(329, 775)	(33, 78)	0
16:18:41.176	33	16.6379	(329, 785)	(33, 79)	0
16:18:41.218	34	16.7108	(329, 795)	(33, 80)	0
16:18:41.258	27	16.6164	(329, 805)	(33, 81)	0
16:18:41.292	34	16.7317	(329, 833)	(33, 83)	0
16:18:41.335	34	16.6157	(329, 836)	(33, 84)	0
16:18:41.376	35	16.7609	(329, 845)	(33, 85)	0
16:18:41.418	33	16.7843	(329, 855)	(33, 86)	0
16:18:41.461	30	16.8804	(330, 865)	(33, 87)	0
16:18:41.494	29	16.7751	(332, 875)	(33, 88)	0
16:18:41.529	32	16.7801	(335, 883)	(34, 88)	0
16:18:41.565	33	16.8388	(335, 885)	(34, 89)	0
16:18:41.606	36	16.8947	(338, 895)	(34, 90)	0
16:18:41.648	30	16.8847	(341, 905)	(34, 91)	0
16:18:41.681	29	16.972	(345, 914)	(35, 91)	0
16:18:41.716	29	16.8809	(346, 915)	(35, 92)	0
16:18:41.752	29	16.8527	(350, 925)	(35, 93)	0
16:18:41.786	34	16.8932	(355, 931)	(36, 93)	0
16:18:41.829	33	16.9084	(357, 935)	(36, 94)	0
16:18:41.869	27	16.968	(364, 945)	(36, 95)	0
16:18:41.903	27	16.9864	(365, 945)	(37, 95)	0
16:18:41.938	32	16.9799	(373, 955)	(37, 96)	0
16:18:41.975	35	16.9818	(375, 956)	(38, 96)	0
16:18:42.017	35	17.0079	(384, 965)	(38, 97)	0
16:18:42.058	31	17.0684	(385, 966)	(39, 97)	0
16:18:42.092	32	17.0973	(395, 975)	(40, 98)	0
16:18:42.126	28	17.1222	(405, 982)	(41, 98)	0
16:18:42.161	29	17.1336	(411, 987)	(41, 99)	0
16:18:42.197	34	17.0836	(415, 989)	(42, 99)	0
16:18:42.238	33	17.1178	(423, 995)	(42, 100)	0
16:18:42.280	31	17.1247	(425, 996)	(43, 100)	0
16:18:42.314	27	17.2144	(435, 1001)	(44, 100)	0
16:18:42.349	33	17.2206	(441, 1005)	(44, 101)	0
16:18:42.392	34	17.1924	(446, 1007)	(45, 101)	0
16:18:42.433	35	17.1893	(455, 1012)	(46, 101)	0
16:18:42.476	30	17.3443	(461, 1015)	(46, 102)	0
16:18:42.509	30	17.2613	(465, 1017)	(47, 102)	0
16:18:42.544	29	17.2985	(475, 1022)	(48, 102)	0
16:18:42.578	31	17.3281	(481, 1025)	(48, 103)	0
16:18:42.613	30	17.2963	(485, 1026)	(49, 103)	0
16:18:42.649	30	17.2782	(495, 1030)	(50, 103)	0
16:18:42.683	29	17.436	(505, 1034)	(51, 103)	0
16:18:42.717	29	17.4259	(506, 1035)	(51, 104)	0
16:18:42.753	31	17.4489	(515, 1037)	(52, 104)	0
16:18:42.787	35	17.4415	(525, 1040)	(53, 104)	0
16:18:42.829	33	17.4481	(540, 1043)	(54, 104)	0
16:18:42.871	34	17.508	(545, 1044)	(55, 104)	0
16:18:42.912	28	17.447	(549, 1045)	(55, 105)	0
16:18:42.947	34	17.5382	(555, 1046)	(56, 105)	0
16:18:42.991	34	17.6954	(577, 1050)	(58, 105)	0
16:18:43.031	37	17.7914	(585, 1052)	(59, 105)	0
16:18:43.073	34	17.816	(595, 1053)	(60, 105)	0
16:18:43.114	31	17.8551	(605, 1054)	(61, 105)	0
16:18:43.149	29	17.8101	(608, 1055)	(61, 106)	0
16:18:43.183	33	17.8853	(615, 1056)	(62, 106)	0
16:18:43.219	30	17.9369	(625, 1057)	(63, 106)	0
16:18:43.253	31	17.8739	(635, 1058)	(64, 106)	0
16:18:43.288	30	17.9289	(645, 1059)	(65, 106)	0
16:18:43.323	31	17.9367	(655, 1060)	(66, 106)	0
16:18:43.357	31	17.9601	(665, 1061)	(67, 106)	0
16:18:43.392	36	17.9704	(675, 1061)	(68, 106)	0
16:18:43.435	38	17.9778	(685, 1063)	(69, 106)	0
16:18:43.483	41	18.0016	(695, 1063)	(70, 106)	0
16:18:43.531	29	18.1514	(705, 1064)	(71, 106)	0
16:18:43.566	30	18.1197	(715, 1064)	(72, 106)	0
16:18:43.600	28	18.1188	(719, 1065)	(72, 107)	0
16:18:43.635	37	18.148	(725, 1065)	(73, 107)	0
16:18:43.680	37	18.044	(735, 1066)	(74, 107)	0
16:18:43.725	29	18.0951	(745, 1066)	(75, 107)	0
16:18:43.760	27	18.1689	(755, 1066)	(76, 107)	0
16:18:43.794	29	18.1524	(765, 1066)	(77, 107)	0
16:18:43.829	35	18.1559	(775, 1067)	(78, 107)	0
16:18:43.872	36	18.104	(785, 1067)	(79, 107)	0
16:18:43.914	31	18.2139	(795, 1068)	(80, 107)	0
16:18:43.948	32	18.1693	(805, 1069)	(81, 107)	0
16:18:43.983	30	18.1465	(815, 1070)	(82, 107)	0
16:18:44.018	31	18.213	(825, 1071)	(83, 107)	0
16:18:44.052	35	18.2419	(835, 1072)	(84, 107)	0
16:18:44.096	38	18.1889	(845, 1073)	(85, 107)	0
16:18:44.144	34	18.0853	(856, 1074)	(86, 107)	0
16:18:44.185	30	18.1724	(862, 1075)	(86, 108)	0
16:18:44.219	28	18.1821	(865, 1075)	(87, 108)	0
16:18:44.254	29	18.2612	(875, 1075)	(88, 108)	0
16:18:44.289	33	18.1745	(885, 1076)	(89, 108)	0
16:18:44.331	34	18.1628	(895, 1077)	(90, 108)	0
16:18:44.372	30	18.2498	(905, 1078)	(91, 108)	0
16:18:44.406	30	18.2135	(915, 1078)	(92, 108)	0
16:18:44.442	31	18.2074	(925, 1079)	(93, 108)	0
16:18:44.477	36	18.2601	(935, 1080)	(94, 108)	0
16:18:44.520	35	18.308	(945, 1081)	(95, 108)	0
16:18:44.562	33	18.2594	(955, 1082)	(96, 108)	0
16:18:44.601	30	18.2314	(965, 1082)	(97, 108)	0
16:18:44.636	35	18.2593	(975, 1083)	(98, 108)	0
16:18:44.679	36	18.2599	(986, 1083)	(99, 108)	0
16:18:44.721	36	18.3859	(995, 1084)	(100, 108)	0
16:18:44.763	33	18.2896	(1005, 1084)	(101, 108)	0
16:18:44.803	31	18.299	(1015, 1084)	(102, 108)	0
16:18:44.837	34	18.4307	(1017, 1085)	(102, 109)	0
16:18:44.882	36	18.3281	(1025, 1085)	(103, 109)	0
16:18:44.922	36	18.4073	(1040, 1085)	(104, 109)	0
16:18:44.964	32	18.4196	(1048, 1085)	(105, 109)	0
16:18:44.998	28	18.3812	(1055, 1086)	(106, 109)	0
16:18:45.032	30	18.4957	(1065, 1086)	(107, 109)	0
16:18:45.068	36	18.5984	(1075, 1086)	(108, 109)	0
16:18:45.110	36	18.6319	(1085, 1086)	(109, 109)	0
16:18:45.151	36	18.6296	(1096, 1086)	(110, 109)	0
16:18:45.194	34	18.5003	(1105, 1086)	(111, 109)	0
16:18:45.235	29	18.5959	(1115, 1086)	(112, 109)	0
16:18:45.268	29	18.5073	(1126, 1086)	(113, 109)	0
16:18:45.303	29	18.5833	(1135, 1086)	(114, 109)	0
16:18:45.339	35	18.701	(1146, 1086)	(115, 109)	0
16:18:45.381	33	18.6631	(1155, 1086)	(116, 109)	0
16:18:45.422	31	18.6732	(1166, 1086)	(117, 109)	0
16:18:45.456	31	18.6862	(1175, 1086)	(118, 109)	0
16:18:45.491	35	18.7683	(1185, 1085)	(119, 109)	0
16:18:45.534	33	18.752	(1188, 1084)	(119, 108)	0
16:18:45.575	36	18.8016	(1195, 1084)	(120, 108)	0
16:18:45.617	31	18.8274	(1205, 1082)	(121, 108)	0
16:18:45.651	31	18.7733	(1215, 1081)	(122, 108)	0
16:18:45.686	29	18.892	(1225, 1081)	(123, 108)	0
16:18:45.720	30	18.9319	(1235, 1081)	(124, 108)	0
16:18:45.756	35	18.975	(1245, 1080)	(125, 108)	0
16:18:45.798	38	19.051	(1255, 1080)	(126, 108)	0
16:18:45.840	31	19.0053	(1265, 1079)	(127, 108)	0
16:18:45.873	30	18.9816	(1275, 1078)	(128, 108)	0
16:18:45.909	31	18.9479	(1286, 1077)	(129, 108)	0
16:18:45.943	33	18.9535	(1295, 1077)	(130, 108)	0
16:18:45.978	31	18.9815	(1305, 1077)	(131, 108)	0
16:18:46.013	32	19.0298	(1315, 1077)	(132, 108)	0
16:18:46.047	32	19.016	(1325, 1077)	(133, 108)	0
16:18:46.082	32	19.035	(1335, 1077)	(134, 108)	0
16:18:46.117	32	19.0864	(1345, 1077)	(135, 108)	0
16:18:46.152	38	19.1053	(1355, 1077)	(136, 108)	0
16:18:46.195	39	19.0027	(1365, 1079)	(137, 108)	0
16:18:46.244	35	19.0222	(1375, 1080)	(138, 108)	0
16:18:46.285	31	19.1316	(1385, 1081)	(139, 108)	0
16:18:46.319	33	19.1699	(1395, 1081)	(140, 108)	0
16:18:46.360	34	19.0933	(1405, 1083)	(141, 108)	0
16:18:46.403	33	19.0021	(1416, 1084)	(142, 108)	0
16:18:46.444	33	19.0437	(1418, 1085)	(142, 109)	0
16:18:46.486	31	19.0881	(1425, 1085)	(143, 109)	0
16:18:46.520	28	19.1649	(1437, 1088)	(144, 109)	0
16:18:46.554	36	19.181	(1445, 1088)	(145, 109)	0
16:18:46.598	35	19.1425	(1455, 1089)	(146, 109)	0
16:18:46.639	37	19.1059	(1465, 1090)	(147, 109)	0
16:18:46.681	30	19.108	(1476, 1091)	(148, 109)	0
16:18:46.714	30	19.0806	(1485, 1092)	(149, 109)	0
16:18:46.749	30	19.0676	(1495, 1093)	(150, 109)	0
16:18:46.786	37	19.1781	(1505, 1093)	(151, 109)	0
16:18:46.827	36	19.1873	(1515, 1093)	(152, 109)	0
16:18:46.869	34	19.1975	(1525, 1093)	(153, 109)	0
16:18:46.909	30	19.1121	(1535, 1094)	(154, 109)	0
16:18:46.944	32	19.1025	(1545, 1094)	(155, 109)	0
16:18:46.979	31	19.0239	(1555, 1094)	(156, 109)	0
16:18:47.013	31	19.0477	(1565, 1094)	(157, 109)	0
16:18:47.049	31	18.9778	(1566, 1095)	(157, 110)	0
16:18:47.083	32	18.9671	(1575, 1095)	(158, 110)	0
16:18:47.118	30	18.8803	(1585, 1095)	(159, 110)	0
16:18:47.153	32	18.901	(1596, 1096)	(160, 110)	0
16:18:47.187	32	18.8396	(1605, 1096)	(161, 110)	0
16:18:47.224	40	18.7249	(1615, 1096)	(162, 110)	0
16:18:47.273	38	18.7093	(1625, 1097)	(163, 110)	0
16:18:47.320	32	18.7947	(1635, 1097)	(164, 110)	0
16:18:47.355	30	18.6596	(1645, 1097)	(165, 110)	0
16:18:47.389	33	18.4606	(1655, 1098)	(166, 110)	0
16:18:47.431	32	18.4113	(1665, 1098)	(167, 110)	0
16:18:47.466	33	18.4073	(1675, 1099)	(168, 110)	0
16:18:47.508	32	18.3806	(1685, 1099)	(169, 110)	0
16:18:47.543	32	18.0484	(1695, 1100)	(170, 110)	0
16:18:47.584	31	18.057	(1705, 1100)	(171, 110)	0
16:18:47.618	33	17.9941	(1715, 1101)	(172, 110)	0
16:18:47.661	30	17.9145	(1725, 1101)	(173, 110)	0
16:18:47.696	30	17.7821	(1735, 1103)	(174, 110)	0
16:18:47.730	28	17.6339	(1748, 1104)	(175, 110)	0
16:18:47.764	30	17.6624	(1753, 1105)	(175, 111)	0
16:18:47.800	35	17.5413	(1755, 1105)	(176, 111)	0
16:18:47.842	36	17.4665	(1765, 1106)	(177, 111)	0
16:18:47.884	35	17.333	(1775, 1107)	(178, 111)	0
16:18:47.925	31	17.2733	(1785, 1108)	(179, 111)	0
16:18:47.959	27	17.0287	(1798, 1109)	(180, 111)	0
16:18:47.994	28	17.0476	(1806, 1111)	(181, 111)	0
16:18:48.029	27	16.9702	(1815, 1112)	(182, 111)	0
16:18:48.065	40	16.8599	(1825, 1112)	(183, 111)	0
16:18:48.115	30	16.8385	(1835, 1113)	(184, 111)	0
16:18:48.147	27	16.7621	(1850, 1114)	(185, 111)	0
16:18:48.181	26	16.6151	(1855, 1114)	(186, 111)	0
16:18:48.208	32	16.7079	(1858, 1115)	(186, 112)	0
16:18:48.245	29	16.6529	(1865, 1116)	(187, 112)	0
16:18:48.279	32	16.6025	(1877, 1117)	(188, 112)	0
16:18:48.314	30	16.5184	(1885, 1118)	(189, 112)	0
16:18:48.348	29	16.4396	(1895, 1120)	(190, 112)	0
16:18:48.383	31	16.3542	(1905, 1121)	(191, 112)	0
16:18:48.419	33	14.9633	(0, 0)	(0, 0)	0
EOM

