BOM
Frame extends: 2263, 1306
_ms_area: 10
measurements taken: 585
current rendering method: 1
is mouse replay: 1
Camera settings: Roation Quaternion: ( -0.0169966, -0.387047, -0.117464, 0.914388), Translationsvektor: ( 0.198851, -0.335375, 1.4).
System_Time	Elapsed_Time_PaintGL	Elapsed_Kernel_Time	Frame_Coordinates	Grid_Position	Manual_Measurement
16:02:48.649	35	16.9167	(318, 226)	(32, 23)	62
16:02:48.689	33	17.0259	(325, 225)	(33, 23)	62
16:02:48.730	39	17.2723	(335, 225)	(34, 23)	62
16:02:48.774	37	17.5249	(345, 225)	(35, 23)	62
16:02:48.814	36	17.9184	(357, 225)	(36, 23)	62
16:02:48.856	37	18.308	(372, 225)	(37, 23)	62
16:02:48.897	37	18.3615	(375, 225)	(38, 23)	62
16:02:48.939	36	18.6141	(385, 225)	(39, 23)	62
16:02:48.981	37	18.8339	(395, 225)	(40, 23)	62
16:02:49.022	37	19.1021	(405, 225)	(41, 23)	62
16:02:49.065	34	19.2424	(415, 225)	(42, 23)	62
16:02:49.105	34	19.5016	(425, 225)	(43, 23)	62
16:02:49.147	35	19.8021	(435, 226)	(44, 23)	62
16:02:49.189	40	19.963	(445, 226)	(45, 23)	62
16:02:49.239	41	20.0151	(455, 226)	(46, 23)	62
16:02:49.287	39	20.2815	(465, 227)	(47, 23)	62
16:02:49.337	44	20.5391	(475, 227)	(48, 23)	62
16:02:49.385	45	20.639	(485, 228)	(49, 23)	62
16:02:49.434	45	20.8018	(495, 228)	(50, 23)	62
16:02:49.482	39	20.9434	(505, 229)	(51, 23)	62
16:02:49.523	37	21.1161	(515, 229)	(52, 23)	62
16:02:49.566	39	21.2561	(525, 229)	(53, 23)	62
16:02:49.614	40	21.3634	(535, 229)	(54, 23)	62
16:02:49.663	37	21.4852	(545, 229)	(55, 23)	62
16:02:49.703	37	21.6927	(555, 229)	(56, 23)	62
16:02:49.745	40	21.8166	(565, 229)	(57, 23)	62
16:02:49.794	41	21.8926	(575, 229)	(58, 23)	62
16:02:49.842	40	22.02	(585, 229)	(59, 23)	62
16:02:49.891	38	22.26	(596, 229)	(60, 23)	62
16:02:49.932	36	22.4271	(605, 230)	(61, 23)	62
16:02:49.974	40	22.6421	(615, 230)	(62, 23)	62
16:02:50.017	46	22.8065	(626, 230)	(63, 23)	62
16:02:50.074	46	22.8182	(635, 230)	(64, 23)	62
16:02:50.128	42	22.8772	(645, 230)	(65, 23)	62
16:02:50.177	45	23.0527	(655, 230)	(66, 23)	62
16:02:50.226	52	23.1572	(665, 230)	(67, 23)	62
16:02:50.281	41	23.291	(680, 230)	(68, 23)	62
16:02:50.330	40	23.3806	(685, 230)	(69, 23)	62
16:02:50.378	47	23.437	(695, 230)	(70, 23)	62
16:02:50.435	50	23.4483	(705, 230)	(71, 23)	62
16:02:50.492	40	23.6359	(715, 230)	(72, 23)	62
16:02:50.538	38	23.8096	(725, 230)	(73, 23)	62
16:02:50.579	41	23.8163	(735, 230)	(74, 23)	62
16:02:50.630	49	23.9247	(749, 230)	(75, 23)	62
16:02:50.685	47	24.0612	(756, 230)	(76, 23)	62
16:02:50.740	39	24.1523	(766, 230)	(77, 23)	62
16:02:50.781	38	24.2427	(775, 230)	(78, 23)	62
16:02:50.823	41	24.2526	(785, 230)	(79, 23)	62
16:02:50.871	44	24.5064	(796, 229)	(80, 23)	62
16:02:50.922	42	24.5031	(805, 229)	(81, 23)	62
16:02:50.969	47	24.5434	(815, 229)	(82, 23)	62
16:02:51.026	51	24.5819	(825, 228)	(83, 23)	62
16:02:51.082	51	24.5738	(835, 228)	(84, 23)	62
16:02:51.145	44	24.735	(845, 228)	(85, 23)	62
16:02:51.191	38	24.9095	(855, 228)	(86, 23)	62
16:02:51.232	40	24.9333	(865, 228)	(87, 23)	62
16:02:51.274	46	24.952	(875, 228)	(88, 23)	62
16:02:51.324	47	24.9326	(885, 228)	(89, 23)	62
16:02:51.379	45	25.0003	(895, 228)	(90, 23)	62
16:02:51.429	53	24.9458	(905, 228)	(91, 23)	62
16:02:51.492	52	24.9441	(915, 228)	(92, 23)	62
16:02:51.555	45	24.9412	(925, 228)	(93, 23)	62
16:02:51.609	44	24.9916	(935, 228)	(94, 23)	62
16:02:51.657	49	25.0031	(945, 227)	(95, 23)	62
16:02:51.716	48	25.0621	(957, 227)	(96, 23)	62
16:02:51.770	43	25.0976	(966, 227)	(97, 23)	62
16:02:51.817	47	25.1493	(975, 227)	(98, 23)	62
16:02:51.874	50	25.0086	(985, 227)	(99, 23)	62
16:02:51.929	48	25.0557	(995, 227)	(100, 23)	62
16:02:51.985	43	24.9218	(1005, 227)	(101, 23)	62
16:02:52.032	44	24.9027	(1015, 226)	(102, 23)	62
16:02:52.084	52	24.7218	(1025, 226)	(103, 23)	62
16:02:52.145	51	24.6166	(1035, 226)	(104, 23)	62
16:02:52.206	41	24.499	(1045, 225)	(105, 23)	62
16:02:52.255	54	24.3566	(1055, 225)	(106, 23)	62
16:02:52.319	53	24.24	(1065, 225)	(107, 23)	62
16:02:52.386	44	24.0479	(1071, 224)	(107, 22)	62
16:02:52.436	46	24.7133	(1075, 224)	(108, 22)	62
16:02:52.493	51	23.7827	(1085, 224)	(109, 22)	62
16:02:52.556	51	23.715	(1095, 224)	(110, 22)	62
16:02:52.619	40	23.5963	(1105, 224)	(111, 22)	62
16:02:52.664	37	23.4856	(1115, 224)	(112, 22)	62
16:02:52.706	40	23.3684	(1125, 224)	(113, 22)	62
16:02:52.750	46	23.1764	(1135, 224)	(114, 22)	62
16:02:52.805	42	22.9567	(1146, 223)	(115, 22)	62
16:02:52.853	37	22.8496	(1155, 223)	(116, 22)	62
16:02:52.894	38	22.727	(1165, 223)	(117, 22)	62
16:02:52.936	40	22.681	(1175, 223)	(118, 22)	62
16:02:52.978	43	22.5237	(1185, 223)	(119, 22)	62
16:02:53.028	38	22.4184	(1195, 223)	(120, 22)	62
16:02:53.068	44	22.4822	(1205, 223)	(121, 22)	62
16:02:53.118	49	22.3095	(1215, 223)	(122, 22)	62
16:02:53.174	50	22.337	(1225, 223)	(123, 22)	62
16:02:53.230	46	22.2775	(1235, 223)	(124, 22)	62
16:02:53.283	37	22.2194	(1245, 223)	(125, 22)	62
16:02:53.325	39	22.087	(1255, 223)	(126, 22)	62
16:02:53.367	42	21.8804	(1265, 224)	(127, 22)	62
16:02:53.417	42	21.8948	(1275, 224)	(128, 22)	62
16:02:53.465	41	21.8342	(1282, 225)	(128, 23)	62
16:02:53.513	42	21.7606	(1285, 225)	(129, 23)	62
16:02:53.562	46	21.5661	(1295, 226)	(130, 23)	62
16:02:53.619	43	21.4692	(1305, 226)	(131, 23)	62
16:02:53.667	40	21.3796	(1316, 228)	(132, 23)	62
16:02:53.716	40	21.2246	(1326, 228)	(133, 23)	62
16:02:53.763	46	21.0382	(1335, 228)	(134, 23)	62
16:02:53.814	43	20.8551	(1345, 229)	(135, 23)	62
16:02:53.862	41	20.7068	(1355, 230)	(136, 23)	62
16:02:53.911	40	20.5373	(1366, 230)	(137, 23)	62
16:02:53.958	40	20.3861	(1375, 230)	(138, 23)	62
16:02:54.007	46	20.2196	(1386, 231)	(139, 23)	62
16:02:54.057	41	20.0127	(1395, 231)	(140, 23)	62
16:02:54.104	39	19.8507	(1405, 232)	(141, 23)	62
16:02:54.146	39	20.3804	(1415, 232)	(142, 23)	62
16:02:54.188	38	19.4736	(1425, 232)	(143, 23)	62
16:02:54.230	39	19.3597	(1435, 233)	(144, 23)	62
16:02:54.279	34	19.2484	(1445, 234)	(145, 23)	62
16:02:54.320	33	19.1458	(1455, 234)	(146, 23)	62
16:02:54.362	43	19.0487	(1465, 234)	(147, 23)	62
16:02:54.411	42	18.889	(1478, 234)	(148, 23)	62
16:02:54.459	38	18.8161	(1485, 234)	(149, 23)	62
16:02:54.501	34	18.8099	(1488, 235)	(149, 24)	62
16:02:54.542	34	18.8241	(1495, 235)	(150, 24)	62
16:02:54.584	40	18.6479	(1506, 235)	(151, 24)	62
16:02:54.634	40	18.6289	(1516, 235)	(152, 24)	62
16:02:54.682	40	18.5253	(1526, 236)	(153, 24)	62
16:02:54.730	37	18.5061	(1535, 236)	(154, 24)	62
16:02:54.772	39	18.3456	(1546, 236)	(155, 24)	62
16:02:54.821	39	18.2203	(1556, 237)	(156, 24)	62
16:02:54.869	41	18.1236	(1565, 237)	(157, 24)	62
16:02:54.919	35	18.0489	(1575, 238)	(158, 24)	62
16:02:54.959	34	17.9239	(1585, 238)	(159, 24)	62
16:02:55.001	38	17.7553	(1595, 239)	(160, 24)	62
16:02:55.043	37	17.5864	(1605, 239)	(161, 24)	62
16:02:55.085	50	17.511	(1615, 240)	(162, 24)	62
16:02:55.141	35	17.3585	(1625, 240)	(163, 24)	62
16:02:55.182	35	17.3187	(1636, 241)	(164, 24)	62
16:02:55.223	35	17.1317	(1645, 242)	(165, 24)	62
16:02:55.266	35	17.5658	(1655, 242)	(166, 24)	62
16:02:55.307	35	16.8336	(1666, 243)	(167, 24)	62
16:02:55.348	36	16.7827	(1676, 244)	(168, 24)	62
16:02:55.391	35	17.4831	(1677, 245)	(168, 25)	62
16:02:55.432	35	16.6679	(1686, 245)	(169, 25)	62
16:02:55.473	36	16.6175	(1696, 246)	(170, 25)	62
16:02:55.516	35	16.5716	(1705, 246)	(171, 25)	62
16:02:55.558	34	16.443	(1715, 248)	(172, 25)	62
16:02:55.599	35	17.0341	(1726, 249)	(173, 25)	62
16:02:55.641	34	16.2852	(1735, 250)	(174, 25)	62
16:02:55.682	34	16.1775	(1745, 251)	(175, 25)	62
16:02:55.724	30	16.1127	(1755, 253)	(176, 25)	62
16:02:55.758	32	15.9167	(1765, 254)	(177, 25)	62
16:02:55.793	30	15.8908	(1768, 255)	(177, 26)	62
16:02:55.827	38	15.7972	(1775, 256)	(178, 26)	62
16:02:55.870	40	15.6526	(1785, 258)	(179, 26)	62
16:02:55.920	37	15.5409	(1795, 260)	(180, 26)	62
16:02:55.961	32	15.5197	(1805, 262)	(181, 26)	62
16:02:55.995	29	15.4852	(1815, 264)	(182, 26)	62
16:02:56.029	35	15.4345	(1817, 265)	(182, 27)	62
16:02:56.072	40	15.3461	(1825, 267)	(183, 27)	62
16:02:56.120	37	15.2498	(1838, 271)	(184, 27)	62
16:02:56.162	32	15.2536	(1845, 273)	(185, 27)	62
16:02:56.196	30	15.2074	(1849, 275)	(185, 28)	62
16:02:56.231	32	15.1299	(1858, 278)	(186, 28)	62
16:02:56.266	34	14.9957	(1865, 280)	(187, 28)	62
16:02:56.308	34	14.9563	(1874, 285)	(187, 29)	62
16:02:56.352	33	14.8483	(1875, 285)	(188, 29)	62
16:02:56.392	30	14.8086	(1885, 289)	(189, 29)	62
16:02:56.425	30	14.7524	(1895, 294)	(190, 29)	62
16:02:56.461	35	14.7717	(1895, 295)	(190, 30)	62
16:02:56.503	36	14.6761	(1905, 299)	(191, 30)	62
16:02:56.545	35	14.6329	(1912, 305)	(191, 31)	62
16:02:56.587	33	14.653	(1915, 307)	(192, 31)	62
16:02:56.627	31	14.5874	(1925, 314)	(193, 31)	62
16:02:56.662	35	14.6036	(1926, 315)	(193, 32)	62
16:02:56.705	35	14.4886	(1935, 322)	(194, 32)	62
16:02:56.746	35	14.4935	(1937, 325)	(194, 33)	62
16:02:56.789	36	14.5071	(1945, 333)	(195, 33)	62
16:02:56.829	30	14.6219	(1947, 335)	(195, 34)	62
16:02:56.863	30	14.535	(1955, 344)	(196, 34)	62
16:02:56.898	30	14.5455	(1955, 345)	(196, 35)	62
16:02:56.934	29	14.5615	(1963, 355)	(196, 36)	62
16:02:56.968	30	14.5363	(1965, 358)	(197, 36)	62
16:02:57.004	30	14.5375	(1968, 365)	(197, 37)	62
16:02:57.037	30	14.7336	(1973, 375)	(197, 38)	62
16:02:57.072	39	14.6924	(1975, 379)	(198, 38)	62
16:02:57.123	42	14.7653	(1976, 385)	(198, 39)	62
16:02:57.172	40	14.7117	(1980, 395)	(198, 40)	62
16:02:57.220	37	14.848	(1982, 405)	(198, 41)	62
16:02:57.261	30	14.9191	(1984, 415)	(198, 42)	62
16:02:57.294	30	14.9861	(1985, 417)	(199, 42)	62
16:02:57.329	36	14.9976	(1985, 425)	(199, 43)	62
16:02:57.372	37	15.0436	(1987, 435)	(199, 44)	62
16:02:57.414	37	15.1551	(1988, 445)	(199, 45)	62
16:02:57.455	31	15.2542	(1989, 455)	(199, 46)	62
16:02:57.490	29	15.3416	(1989, 465)	(199, 47)	62
16:02:57.524	33	15.4354	(1989, 475)	(199, 48)	62
16:02:57.567	35	15.4905	(1988, 485)	(199, 49)	62
16:02:57.608	35	15.575	(1985, 495)	(199, 50)	62
16:02:57.649	32	15.5963	(1984, 495)	(198, 50)	62
16:02:57.684	31	15.8065	(1980, 505)	(198, 51)	62
16:02:57.718	31	16.0293	(1972, 516)	(197, 52)	62
16:02:57.756	37	16.2073	(1965, 525)	(197, 53)	62
16:02:57.796	37	16.2359	(1964, 526)	(196, 53)	62
16:02:57.838	38	16.4283	(1954, 534)	(195, 53)	62
16:02:57.880	34	16.444	(1953, 535)	(195, 54)	62
16:02:57.920	33	16.7022	(1944, 539)	(194, 54)	62
16:02:57.955	35	17.477	(1937, 545)	(194, 55)	62
16:02:57.997	39	16.8507	(1934, 547)	(193, 55)	62
16:02:58.039	38	17.095	(1924, 555)	(192, 56)	62
16:02:58.081	38	17.2662	(1914, 561)	(191, 56)	62
16:02:58.123	37	17.4871	(1907, 565)	(191, 57)	62
16:02:58.165	38	17.5148	(1904, 567)	(190, 57)	62
16:02:58.206	39	17.8037	(1894, 572)	(189, 57)	62
16:02:58.248	39	17.8644	(1890, 575)	(189, 58)	62
16:02:58.296	39	17.9999	(1884, 577)	(188, 58)	62
16:02:58.338	34	18.2865	(1874, 581)	(187, 58)	62
16:02:58.380	43	18.4233	(1866, 585)	(187, 59)	62
16:02:58.430	41	18.4489	(1864, 585)	(186, 59)	62
16:02:58.478	39	18.7196	(1854, 590)	(185, 59)	62
16:02:58.526	39	19.0424	(1844, 594)	(184, 59)	62
16:02:58.574	40	19.0689	(1843, 595)	(184, 60)	62
16:02:58.617	38	19.2683	(1834, 597)	(183, 60)	62
16:02:58.658	37	19.5268	(1823, 601)	(182, 60)	62
16:02:58.699	36	19.9287	(1810, 606)	(181, 61)	62
16:02:58.740	37	20.1433	(1804, 609)	(180, 61)	62
16:02:58.783	35	20.317	(1794, 612)	(179, 61)	62
16:02:58.824	38	20.596	(1787, 615)	(179, 62)	62
16:02:58.867	46	20.6413	(1784, 616)	(178, 62)	62
16:02:58.922	37	20.8606	(1774, 619)	(177, 62)	62
16:02:58.964	36	20.9881	(1764, 622)	(176, 62)	62
16:02:59.005	37	21.0935	(1758, 625)	(176, 63)	62
16:02:59.047	36	21.1673	(1754, 626)	(175, 63)	62
16:02:59.088	36	21.3523	(1744, 628)	(174, 63)	62
16:02:59.129	38	21.54	(1734, 631)	(173, 63)	62
16:02:59.172	43	21.7304	(1724, 633)	(172, 63)	62
16:02:59.221	45	21.9302	(1715, 635)	(172, 64)	62
16:02:59.270	47	21.9511	(1714, 635)	(171, 64)	62
16:02:59.325	37	22.2751	(1704, 637)	(170, 64)	62
16:02:59.366	36	22.4594	(1694, 638)	(169, 64)	62
16:02:59.408	42	22.6102	(1684, 640)	(168, 64)	62
16:02:59.457	47	22.7009	(1674, 641)	(167, 64)	62
16:02:59.515	42	22.9541	(1664, 642)	(166, 64)	62
16:02:59.561	38	23.1616	(1654, 643)	(165, 64)	62
16:02:59.603	39	23.4748	(1644, 644)	(164, 64)	62
16:02:59.645	48	23.6247	(1633, 644)	(163, 64)	62
16:02:59.701	43	23.827	(1624, 644)	(162, 64)	62
16:02:59.757	43	23.956	(1614, 644)	(161, 64)	62
16:02:59.806	47	24.1167	(1604, 644)	(160, 64)	62
16:02:59.861	47	24.2084	(1594, 644)	(159, 64)	62
16:02:59.918	43	24.3582	(1584, 644)	(158, 64)	62
16:02:59.964	45	24.5105	(1574, 644)	(157, 64)	62
16:03:00.014	43	24.6018	(1564, 644)	(156, 64)	62
16:03:00.061	46	24.7167	(1554, 644)	(155, 64)	62
16:03:00.112	46	24.9163	(1548, 645)	(155, 65)	62
16:03:00.167	44	24.8656	(1544, 645)	(154, 65)	62
16:03:00.215	49	25.1474	(1534, 645)	(153, 65)	62
16:03:00.273	51	25.3167	(1524, 646)	(152, 65)	62
16:03:00.336	48	25.3117	(1514, 647)	(151, 65)	62
16:03:00.389	46	25.4781	(1504, 648)	(150, 65)	62
16:03:00.445	54	25.7185	(1494, 649)	(149, 65)	62
16:03:00.508	54	25.8037	(1484, 651)	(148, 65)	62
16:03:00.571	41	25.9261	(1474, 652)	(147, 65)	62
16:03:00.617	40	26.0756	(1464, 652)	(146, 65)	62
16:03:00.659	50	26.2453	(1454, 653)	(145, 65)	62
16:03:00.718	47	26.3076	(1444, 654)	(144, 65)	62
16:03:00.772	44	26.4987	(1434, 654)	(143, 65)	62
16:03:00.819	44	26.6061	(1419, 654)	(142, 65)	62
16:03:00.869	48	26.6684	(1414, 654)	(141, 65)	62
16:03:00.926	54	26.6779	(1404, 654)	(140, 65)	62
16:03:00.992	43	26.7581	(1394, 654)	(139, 65)	62
16:03:01.042	44	26.9206	(1384, 654)	(138, 65)	62
16:03:01.091	45	27.8164	(1374, 654)	(137, 65)	62
16:03:01.140	44	27.2227	(1356, 653)	(136, 65)	62
16:03:01.188	43	27.1732	(1354, 653)	(135, 65)	62
16:03:01.236	51	27.2213	(1344, 652)	(134, 65)	62
16:03:01.294	54	27.2126	(1334, 651)	(133, 65)	62
16:03:01.356	56	27.193	(1323, 651)	(132, 65)	62
16:03:01.418	46	27.1993	(1314, 650)	(131, 65)	62
16:03:01.467	49	27.1939	(1303, 649)	(130, 65)	62
16:03:01.523	55	27.1178	(1294, 648)	(129, 65)	62
16:03:01.586	45	27.1779	(1284, 647)	(128, 65)	62
16:03:01.640	46	27.2284	(1274, 647)	(127, 65)	62
16:03:01.689	47	27.2052	(1264, 646)	(126, 65)	62
16:03:01.745	51	27.1458	(1256, 644)	(126, 64)	62
16:03:01.802	44	27.2188	(1254, 644)	(125, 64)	62
16:03:01.848	45	27.0864	(1244, 643)	(124, 64)	62
16:03:01.897	48	27.0084	(1234, 643)	(123, 64)	62
16:03:01.953	52	26.9416	(1224, 641)	(122, 64)	62
16:03:02.010	43	26.9234	(1214, 641)	(121, 64)	62
16:03:02.057	41	27.0424	(1204, 641)	(120, 64)	62
16:03:02.105	49	26.9794	(1194, 640)	(119, 64)	62
16:03:02.163	53	26.7865	(1184, 639)	(118, 64)	62
16:03:02.225	49	26.7213	(1174, 639)	(117, 64)	62
16:03:02.279	41	26.6161	(1164, 637)	(116, 64)	62
16:03:02.327	45	26.6305	(1154, 637)	(115, 64)	62
16:03:02.377	47	26.4559	(1144, 636)	(114, 64)	62
16:03:02.434	45	26.3773	(1134, 636)	(113, 64)	62
16:03:02.491	50	26.1724	(1124, 635)	(112, 64)	62
16:03:02.552	53	26.2049	(1114, 635)	(111, 64)	62
16:03:02.615	56	26.1936	(1110, 634)	(111, 63)	62
16:03:02.676	43	26.0641	(1104, 634)	(110, 63)	62
16:03:02.724	42	26.0138	(1093, 633)	(109, 63)	62
16:03:02.774	49	25.7923	(1084, 632)	(108, 63)	62
16:03:02.830	48	25.687	(1074, 632)	(107, 63)	62
16:03:02.884	42	25.6766	(1064, 631)	(106, 63)	62
16:03:02.934	42	25.531	(1051, 631)	(105, 63)	62
16:03:02.982	48	25.3136	(1032, 629)	(103, 63)	62
16:03:03.039	54	25.2076	(1024, 629)	(102, 63)	62
16:03:03.102	40	25.1473	(1014, 629)	(101, 63)	62
16:03:03.148	45	25.0468	(1004, 628)	(100, 63)	62
16:03:03.198	53	24.9416	(994, 627)	(99, 63)	62
16:03:03.261	50	24.8403	(984, 627)	(98, 63)	62
16:03:03.315	42	24.7276	(974, 627)	(97, 63)	62
16:03:03.364	50	24.6296	(964, 626)	(96, 63)	62
16:03:03.421	51	24.4924	(954, 626)	(95, 63)	62
16:03:03.485	43	24.5059	(944, 626)	(94, 63)	62
16:03:03.530	40	24.3896	(934, 625)	(93, 63)	62
16:03:03.572	46	24.1933	(927, 624)	(93, 62)	62
16:03:03.622	50	24.0276	(924, 624)	(92, 62)	62
16:03:03.677	48	23.8658	(914, 623)	(91, 62)	62
16:03:03.732	39	23.7833	(904, 622)	(90, 62)	62
16:03:03.773	37	23.6099	(894, 621)	(89, 62)	62
16:03:03.816	45	23.3873	(884, 620)	(88, 62)	62
16:03:03.865	46	23.1141	(873, 619)	(87, 62)	62
16:03:03.923	43	22.9458	(864, 619)	(86, 62)	62
16:03:03.968	41	22.8412	(854, 619)	(85, 62)	62
16:03:04.011	40	22.6895	(843, 618)	(84, 62)	62
16:03:04.061	48	22.449	(834, 618)	(83, 62)	62
16:03:04.118	42	22.1708	(823, 617)	(82, 62)	62
16:03:04.163	37	21.9603	(814, 617)	(81, 62)	62
16:03:04.205	47	21.7313	(804, 617)	(80, 62)	62
16:03:04.262	49	21.4779	(794, 617)	(79, 62)	62
16:03:04.320	45	21.1784	(784, 616)	(78, 62)	62
16:03:04.372	37	20.8393	(772, 616)	(77, 62)	62
16:03:04.413	39	20.6138	(764, 615)	(76, 62)	62
16:03:04.457	44	20.3061	(754, 615)	(75, 62)	62
16:03:04.505	44	20.0487	(744, 615)	(74, 62)	62
16:03:04.554	38	19.8039	(734, 615)	(73, 62)	62
16:03:04.601	36	19.5809	(724, 615)	(72, 62)	62
16:03:04.643	36	19.249	(714, 615)	(71, 62)	62
16:03:04.685	35	18.9754	(704, 615)	(70, 62)	62
16:03:04.726	36	18.7142	(694, 615)	(69, 62)	62
16:03:04.768	35	18.455	(684, 615)	(68, 62)	62
16:03:04.810	35	18.2224	(674, 615)	(67, 62)	62
16:03:04.852	34	17.8283	(664, 616)	(66, 62)	62
16:03:04.893	34	17.4859	(654, 617)	(65, 62)	62
16:03:04.934	34	17.1855	(644, 618)	(64, 62)	62
16:03:04.976	32	16.844	(634, 618)	(63, 62)	62
16:03:05.011	32	16.5717	(624, 619)	(62, 62)	62
16:03:05.046	36	16.276	(614, 619)	(61, 62)	62
16:03:05.088	36	16.0206	(604, 621)	(60, 62)	62
16:03:05.130	36	16.6367	(594, 621)	(59, 62)	62
16:03:05.173	31	15.555	(584, 622)	(58, 62)	62
16:03:05.206	29	15.3667	(574, 624)	(57, 62)	62
16:03:05.240	30	15.0754	(566, 625)	(57, 63)	62
16:03:05.275	33	15.0603	(564, 625)	(56, 63)	62
16:03:05.318	42	14.7652	(554, 625)	(55, 63)	62
16:03:05.368	34	14.5246	(544, 626)	(54, 63)	62
16:03:05.407	30	14.3154	(534, 628)	(53, 63)	62
16:03:05.442	33	14.0813	(524, 629)	(52, 63)	62
16:03:05.485	35	13.7444	(514, 631)	(51, 63)	62
16:03:05.526	35	13.4729	(504, 633)	(50, 63)	62
16:03:05.568	34	13.2076	(494, 634)	(49, 63)	62
16:03:05.610	29	13.1754	(493, 635)	(49, 64)	62
16:03:05.644	28	12.9837	(484, 637)	(48, 64)	62
16:03:05.678	29	12.4677	(467, 641)	(47, 64)	62
16:03:05.713	32	12.3764	(464, 642)	(46, 64)	62
16:03:05.749	33	12.1653	(458, 645)	(46, 65)	62
16:03:05.791	27	12.0782	(454, 646)	(45, 65)	62
16:03:05.824	26	11.7938	(444, 650)	(44, 65)	62
16:03:05.852	25	11.5246	(434, 654)	(43, 65)	62
16:03:05.880	25	11.4815	(432, 655)	(43, 66)	62
16:03:05.907	26	11.2871	(424, 658)	(42, 66)	62
16:03:05.935	25	11.0779	(414, 662)	(41, 66)	62
16:03:05.963	25	10.9674	(409, 665)	(41, 67)	62
16:03:05.991	24	10.8844	(404, 667)	(40, 67)	62
16:03:06.019	26	10.6781	(394, 671)	(39, 67)	62
16:03:06.047	24	10.5243	(387, 675)	(39, 68)	62
16:03:06.074	25	10.4754	(384, 676)	(38, 68)	62
16:03:06.102	24	10.2785	(374, 680)	(37, 68)	62
16:03:06.130	25	10.111	(367, 685)	(37, 69)	62
16:03:06.158	25	10.0505	(364, 687)	(36, 69)	62
16:03:06.186	28	9.84696	(356, 695)	(36, 70)	62
16:03:06.221	25	9.83496	(354, 695)	(35, 70)	62
16:03:06.249	24	9.66133	(344, 704)	(34, 70)	62
16:03:06.276	24	9.62193	(344, 705)	(34, 71)	62
16:03:06.304	24	9.43881	(337, 715)	(34, 72)	62
16:03:06.332	29	9.33867	(335, 725)	(34, 73)	62
16:03:06.367	23	9.31822	(334, 727)	(33, 73)	62
16:03:06.395	23	9.2483	(331, 735)	(33, 74)	62
16:03:06.423	23	9.15911	(329, 746)	(33, 75)	62
16:03:06.450	23	9.08059	(329, 755)	(33, 76)	62
16:03:06.477	24	9.04874	(329, 765)	(33, 77)	62
16:03:06.505	24	9.04933	(329, 775)	(33, 78)	62
16:03:06.534	23	8.98385	(329, 785)	(33, 79)	62
16:03:06.561	24	8.91941	(329, 795)	(33, 80)	62
16:03:06.589	24	8.89793	(329, 805)	(33, 81)	62
16:03:06.617	23	8.89467	(329, 833)	(33, 83)	62
16:03:06.645	22	8.91363	(329, 836)	(33, 84)	62
16:03:06.672	23	8.85674	(329, 845)	(33, 85)	62
16:03:06.701	23	8.89452	(329, 855)	(33, 86)	62
16:03:06.728	23	8.91363	(330, 865)	(33, 87)	62
16:03:06.757	27	8.88548	(332, 875)	(33, 88)	62
16:03:06.791	30	8.91556	(335, 883)	(34, 88)	62
16:03:06.826	29	8.91526	(335, 885)	(34, 89)	62
16:03:06.861	26	8.95585	(338, 895)	(34, 90)	62
16:03:06.895	28	9.02607	(341, 905)	(34, 91)	62
16:03:06.931	28	9.01378	(345, 914)	(35, 91)	62
16:03:06.965	30	9.0363	(346, 915)	(35, 92)	62
16:03:07.000	29	9.09363	(350, 925)	(35, 93)	62
16:03:07.036	28	9.17837	(355, 931)	(36, 93)	62
16:03:07.070	29	9.2117	(357, 935)	(36, 94)	62
16:03:07.104	30	9.34133	(364, 945)	(36, 95)	62
16:03:07.139	29	9.37274	(365, 945)	(37, 95)	62
16:03:07.173	30	9.52963	(373, 955)	(37, 96)	62
16:03:07.208	30	9.55422	(375, 956)	(38, 96)	62
16:03:07.243	27	9.70533	(384, 965)	(38, 97)	62
16:03:07.277	25	9.7603	(385, 966)	(39, 97)	62
16:03:07.305	25	9.98163	(395, 975)	(40, 98)	62
16:03:07.333	26	10.207	(405, 982)	(41, 98)	62
16:03:07.361	25	10.3799	(411, 987)	(41, 99)	62
16:03:07.389	25	10.5064	(415, 989)	(42, 99)	62
16:03:07.417	25	10.7437	(423, 995)	(42, 100)	62
16:03:07.444	26	10.8166	(425, 996)	(43, 100)	62
16:03:07.472	27	11.1881	(435, 1001)	(44, 100)	62
16:03:07.508	27	11.4204	(441, 1005)	(44, 101)	62
16:03:07.542	34	11.5594	(446, 1007)	(45, 101)	62
16:03:07.584	33	11.9036	(455, 1012)	(46, 101)	62
16:03:07.626	33	12.0991	(461, 1015)	(46, 102)	62
16:03:07.668	30	12.2271	(465, 1017)	(47, 102)	62
16:03:07.702	29	12.6458	(475, 1022)	(48, 102)	62
16:03:07.736	29	12.8517	(481, 1025)	(48, 103)	62
16:03:07.771	30	12.9412	(485, 1026)	(49, 103)	62
16:03:07.805	30	13.2612	(495, 1030)	(50, 103)	62
16:03:07.841	36	13.6529	(505, 1034)	(51, 103)	62
16:03:07.884	36	13.6732	(506, 1035)	(51, 104)	62
16:03:07.924	28	14.0252	(515, 1037)	(52, 104)	62
16:03:07.958	29	14.3496	(525, 1040)	(53, 104)	62
16:03:07.993	35	14.8409	(540, 1043)	(54, 104)	62
16:03:08.036	39	14.9865	(545, 1044)	(55, 104)	62
16:03:08.085	36	15.064	(549, 1045)	(55, 105)	62
16:03:08.126	31	15.2576	(555, 1046)	(56, 105)	62
16:03:08.160	30	16.1969	(577, 1050)	(58, 105)	62
16:03:08.195	36	16.3784	(585, 1052)	(59, 105)	62
16:03:08.238	40	16.7096	(595, 1053)	(60, 105)	62
16:03:08.285	34	17.1041	(605, 1054)	(61, 105)	62
16:03:08.328	39	17.2741	(608, 1055)	(61, 106)	62
16:03:08.369	33	17.4447	(615, 1056)	(62, 106)	62
16:03:08.412	41	17.6545	(625, 1057)	(63, 106)	62
16:03:08.460	41	17.9681	(635, 1058)	(64, 106)	62
16:03:08.510	39	18.3747	(645, 1059)	(65, 106)	62
16:03:08.557	42	18.6582	(655, 1060)	(66, 106)	62
16:03:08.607	46	18.996	(665, 1061)	(67, 106)	62
16:03:08.662	43	19.2641	(675, 1061)	(68, 106)	62
16:03:08.711	37	19.4603	(685, 1063)	(69, 106)	62
16:03:08.751	39	19.7376	(695, 1063)	(70, 106)	62
16:03:08.794	39	20.0742	(705, 1064)	(71, 106)	62
16:03:08.843	48	20.2059	(715, 1064)	(72, 106)	62
16:03:08.899	46	20.3317	(719, 1065)	(72, 107)	62
16:03:08.954	41	20.4947	(725, 1065)	(73, 107)	62
16:03:09.002	40	20.7261	(735, 1066)	(74, 107)	62
16:03:09.052	43	20.9284	(745, 1066)	(75, 107)	62
16:03:09.101	49	21.2486	(755, 1066)	(76, 107)	62
16:03:09.156	39	21.5738	(765, 1066)	(77, 107)	62
16:03:09.204	41	21.6441	(775, 1067)	(78, 107)	62
16:03:09.252	42	21.8536	(785, 1067)	(79, 107)	62
16:03:09.300	42	22.0498	(795, 1068)	(80, 107)	62
16:03:09.349	42	22.1541	(805, 1069)	(81, 107)	62
16:03:09.398	44	22.3616	(815, 1070)	(82, 107)	62
16:03:09.448	50	22.4775	(825, 1071)	(83, 107)	62
16:03:09.504	49	22.6797	(835, 1072)	(84, 107)	62
16:03:09.561	43	22.7677	(845, 1073)	(85, 107)	62
16:03:09.606	36	22.9841	(856, 1074)	(86, 107)	62
16:03:09.647	37	23.0399	(862, 1075)	(86, 108)	62
16:03:09.690	42	23.0373	(865, 1075)	(87, 108)	62
16:03:09.739	42	23.1486	(875, 1075)	(88, 108)	62
16:03:09.787	38	23.2782	(885, 1076)	(89, 108)	62
16:03:09.829	37	23.3679	(895, 1077)	(90, 108)	62
16:03:09.870	48	23.4161	(905, 1078)	(91, 108)	62
16:03:09.927	51	23.4757	(915, 1078)	(92, 108)	62
16:03:09.986	44	23.5947	(925, 1079)	(93, 108)	62
16:03:10.038	41	23.6659	(935, 1080)	(94, 108)	62
16:03:10.087	47	24.453	(945, 1081)	(95, 108)	62
16:03:10.143	52	23.8156	(955, 1082)	(96, 108)	62
16:03:10.205	44	23.9473	(965, 1082)	(97, 108)	62
16:03:10.254	47	23.9973	(975, 1083)	(98, 108)	62
16:03:10.310	48	24.0787	(986, 1083)	(99, 108)	62
16:03:10.364	40	24.1384	(995, 1084)	(100, 108)	62
16:03:10.413	47	24.1804	(1005, 1084)	(101, 108)	62
16:03:10.470	47	24.213	(1015, 1084)	(102, 108)	62
16:03:10.525	47	24.1436	(1017, 1085)	(102, 109)	62
16:03:10.582	48	24.2717	(1025, 1085)	(103, 109)	62
16:03:10.636	41	24.4527	(1040, 1085)	(104, 109)	62
16:03:10.684	44	24.4564	(1048, 1085)	(105, 109)	62
16:03:10.733	45	24.5296	(1055, 1086)	(106, 109)	62
16:03:10.783	51	24.5404	(1065, 1086)	(107, 109)	62
16:03:10.839	43	24.6345	(1075, 1086)	(108, 109)	62
16:03:10.886	44	24.6433	(1085, 1086)	(109, 109)	62
16:03:10.935	44	24.6221	(1096, 1086)	(110, 109)	62
16:03:10.983	49	24.6495	(1105, 1086)	(111, 109)	62
16:03:11.041	40	24.6812	(1115, 1086)	(112, 109)	62
16:03:11.087	38	24.7561	(1126, 1086)	(113, 109)	62
16:03:11.128	48	24.8206	(1135, 1086)	(114, 109)	62
16:03:11.186	53	24.7877	(1146, 1086)	(115, 109)	62
16:03:11.250	40	24.7957	(1155, 1086)	(116, 109)	62
16:03:11.295	38	24.8382	(1166, 1086)	(117, 109)	62
16:03:11.337	43	24.8639	(1175, 1086)	(118, 109)	62
16:03:11.386	45	24.8883	(1185, 1085)	(119, 109)	62
16:03:11.436	45	24.9778	(1188, 1084)	(119, 108)	62
16:03:11.484	45	25.0116	(1195, 1084)	(120, 108)	62
16:03:11.533	45	25.1601	(1205, 1082)	(121, 108)	62
16:03:11.582	49	25.2105	(1215, 1081)	(122, 108)	62
16:03:11.638	43	25.2862	(1225, 1081)	(123, 108)	62
16:03:11.686	39	25.3178	(1235, 1081)	(124, 108)	62
16:03:11.727	39	25.4548	(1245, 1080)	(125, 108)	62
16:03:11.768	55	25.3961	(1255, 1080)	(126, 108)	62
16:03:11.832	49	25.397	(1265, 1079)	(127, 108)	62
16:03:11.887	42	26.2129	(1275, 1078)	(128, 108)	62
16:03:11.935	45	25.572	(1286, 1077)	(129, 108)	62
16:03:11.985	53	25.5513	(1295, 1077)	(130, 108)	62
16:03:12.049	48	25.54	(1305, 1077)	(131, 108)	62
16:03:12.103	43	26.161	(1315, 1077)	(132, 108)	62
16:03:12.151	50	25.4671	(1325, 1077)	(133, 108)	62
16:03:12.208	53	25.4379	(1335, 1077)	(134, 108)	62
16:03:12.272	45	25.4599	(1345, 1077)	(135, 108)	62
16:03:12.325	46	25.4419	(1355, 1077)	(136, 108)	62
16:03:12.374	45	25.3064	(1365, 1079)	(137, 108)	62
16:03:12.422	49	25.3148	(1375, 1080)	(138, 108)	62
16:03:12.482	45	25.2247	(1385, 1081)	(139, 108)	62
16:03:12.534	41	25.1231	(1395, 1081)	(140, 108)	62
16:03:12.581	45	25.0425	(1405, 1083)	(141, 108)	62
16:03:12.632	49	24.9736	(1416, 1084)	(142, 108)	62
16:03:12.687	43	24.8862	(1418, 1085)	(142, 109)	62
16:03:12.734	40	24.8729	(1425, 1085)	(143, 109)	62
16:03:12.776	39	24.8323	(1437, 1088)	(144, 109)	62
16:03:12.818	45	24.7514	(1445, 1088)	(145, 109)	62
16:03:12.867	45	24.6081	(1455, 1089)	(146, 109)	62
16:03:12.916	43	24.6407	(1465, 1090)	(147, 109)	62
16:03:12.965	47	24.4705	(1476, 1091)	(148, 109)	62
16:03:13.021	48	24.4329	(1485, 1092)	(149, 109)	62
16:03:13.076	52	24.2724	(1495, 1093)	(150, 109)	62
16:03:13.133	42	24.2443	(1505, 1093)	(151, 109)	62
16:03:13.179	47	24.1773	(1515, 1093)	(152, 109)	62
16:03:13.239	49	24.1172	(1525, 1093)	(153, 109)	62
16:03:13.301	46	24.0702	(1535, 1094)	(154, 109)	62
16:03:13.354	44	24.084	(1545, 1094)	(155, 109)	62
16:03:13.403	43	24.0443	(1555, 1094)	(156, 109)	62
16:03:13.451	45	23.9853	(1565, 1094)	(157, 109)	62
16:03:13.501	45	23.8748	(1566, 1095)	(157, 110)	62
16:03:13.548	43	23.8681	(1575, 1095)	(158, 110)	62
16:03:13.599	49	23.8564	(1585, 1095)	(159, 110)	62
16:03:13.654	46	23.7433	(1596, 1096)	(160, 110)	62
16:03:13.709	41	23.7058	(1605, 1096)	(161, 110)	62
16:03:13.756	45	23.6458	(1615, 1096)	(162, 110)	62
16:03:13.807	51	23.5221	(1625, 1097)	(163, 110)	62
16:03:13.870	49	23.4345	(1635, 1097)	(164, 110)	62
16:03:13.925	45	23.3641	(1645, 1097)	(165, 110)	62
16:03:13.979	37	23.376	(1655, 1098)	(166, 110)	62
16:03:14.020	43	23.3399	(1665, 1098)	(167, 110)	62
16:03:14.070	52	23.2191	(1675, 1099)	(168, 110)	62
16:03:14.127	42	23.1332	(1685, 1099)	(169, 110)	62
16:03:14.174	37	23.1012	(1695, 1100)	(170, 110)	62
16:03:14.215	39	22.9757	(1705, 1100)	(171, 110)	62
16:03:14.258	43	22.8816	(1715, 1101)	(172, 110)	62
16:03:14.306	44	22.8302	(1725, 1101)	(173, 110)	62
16:03:14.355	41	22.6827	(1735, 1103)	(174, 110)	62
16:03:14.404	38	22.5573	(1748, 1104)	(175, 110)	62
16:03:14.445	39	22.4751	(1753, 1105)	(175, 111)	62
16:03:14.486	47	22.4369	(1755, 1105)	(176, 111)	62
16:03:14.544	51	22.3055	(1765, 1106)	(177, 111)	62
16:03:14.601	42	22.1154	(1775, 1107)	(178, 111)	62
16:03:14.647	46	22.0372	(1785, 1108)	(179, 111)	62
16:03:14.703	49	21.755	(1798, 1109)	(180, 111)	62
16:03:14.759	44	21.5453	(1806, 1111)	(181, 111)	62
16:03:14.806	38	21.4727	(1815, 1112)	(182, 111)	62
16:03:14.847	44	21.3819	(1825, 1112)	(183, 111)	62
16:03:14.899	49	21.1258	(1835, 1113)	(184, 111)	62
16:03:14.954	49	20.9409	(1850, 1114)	(185, 111)	62
16:03:15.009	40	20.8329	(1855, 1114)	(186, 111)	62
16:03:15.057	40	20.7074	(1858, 1115)	(186, 112)	62
16:03:15.105	41	20.541	(1865, 1116)	(187, 112)	62
16:03:15.155	41	20.3351	(1877, 1117)	(188, 112)	62
16:03:15.203	37	20.1613	(1885, 1118)	(189, 112)	62
16:03:15.244	43	19.9418	(1895, 1120)	(190, 112)	62
16:03:15.294	47	19.7081	(1905, 1121)	(191, 112)	62
16:03:15.350	34	6.77882	(0, 0)	(0, 0)	62
EOM

