BOM
Frame extends: 2263, 1306
_ms_area: 10
measurements taken: 585
current rendering method: 0
is mouse replay: 1
Camera settings: Roation Quaternion: ( -0.0169966, -0.387047, -0.117464, 0.914388), Translationsvektor: ( 0.198851, -0.335375, 1.4).
System_Time	Elapsed_Time_PaintGL	Elapsed_Kernel_Time	Frame_Coordinates	Grid_Position	Manual_Measurement
16:01:34.092	82	76.8058	(-1, -1)	(-1, -1)	62
16:01:34.179	85	76.7987	(-1, -1)	(-1, -1)	62
16:01:34.272	86	76.7844	(-1, -1)	(-1, -1)	62
16:01:34.361	83	76.8382	(-1, -1)	(-1, -1)	62
16:01:34.454	89	76.7314	(-1, -1)	(-1, -1)	62
16:01:34.557	88	76.737	(-1, -1)	(-1, -1)	62
16:01:34.656	89	76.7603	(-1, -1)	(-1, -1)	62
16:01:34.752	89	76.7239	(-1, -1)	(-1, -1)	62
16:01:34.848	89	76.7147	(-1, -1)	(-1, -1)	62
16:01:34.945	86	76.78	(-1, -1)	(-1, -1)	62
16:01:35.039	89	76.7419	(-1, -1)	(-1, -1)	62
16:01:35.134	84	76.7692	(-1, -1)	(-1, -1)	62
16:01:35.225	88	76.6969	(-1, -1)	(-1, -1)	62
16:01:35.324	85	76.76	(-1, -1)	(-1, -1)	62
16:01:35.419	84	76.751	(-1, -1)	(-1, -1)	62
16:01:35.513	86	76.7379	(-1, -1)	(-1, -1)	62
16:01:35.662	90	76.8114	(-1, -1)	(-1, -1)	62
16:01:35.766	82	76.788	(-1, -1)	(-1, -1)	62
16:01:35.864	82	76.8504	(-1, -1)	(-1, -1)	62
16:01:35.952	82	76.801	(-1, -1)	(-1, -1)	62
16:01:36.044	85	76.7493	(-1, -1)	(-1, -1)	62
16:01:36.137	84	76.7391	(-1, -1)	(-1, -1)	62
16:01:36.225	86	76.6904	(-1, -1)	(-1, -1)	62
16:01:36.326	85	76.7018	(-1, -1)	(-1, -1)	62
16:01:36.418	84	76.8603	(-1, -1)	(-1, -1)	62
16:01:36.509	84	77.1207	(-1, -1)	(-1, -1)	62
16:01:36.600	83	76.9692	(-1, -1)	(-1, -1)	62
16:01:36.697	84	77.0865	(-1, -1)	(-1, -1)	62
16:01:36.787	83	77.1019	(-1, -1)	(-1, -1)	62
16:01:36.877	83	77.0176	(-1, -1)	(-1, -1)	62
16:01:36.968	84	76.8601	(-1, -1)	(-1, -1)	62
16:01:37.059	88	76.7393	(-1, -1)	(-1, -1)	62
16:01:37.157	88	76.7556	(-1, -1)	(-1, -1)	62
16:01:37.252	84	76.8687	(-1, -1)	(-1, -1)	62
16:01:37.344	90	76.7154	(-1, -1)	(-1, -1)	62
16:01:37.440	88	76.7212	(-1, -1)	(-1, -1)	62
16:01:37.539	88	76.7556	(-1, -1)	(-1, -1)	62
16:01:37.636	84	76.7769	(-1, -1)	(-1, -1)	62
16:01:37.725	86	76.7831	(-1, -1)	(-1, -1)	62
16:01:37.817	86	76.771	(-1, -1)	(-1, -1)	62
16:01:37.911	88	76.7127	(-1, -1)	(-1, -1)	62
16:01:38.011	86	76.7313	(-1, -1)	(-1, -1)	62
16:01:38.102	89	76.7335	(-1, -1)	(-1, -1)	62
16:01:38.201	87	76.7652	(-1, -1)	(-1, -1)	62
16:01:38.297	84	76.739	(-1, -1)	(-1, -1)	62
16:01:38.388	82	76.9273	(-1, -1)	(-1, -1)	62
16:01:38.476	83	76.8849	(-1, -1)	(-1, -1)	62
16:01:38.570	85	76.791	(-1, -1)	(-1, -1)	62
16:01:38.663	85	76.7677	(-1, -1)	(-1, -1)	62
16:01:38.755	87	76.7679	(-1, -1)	(-1, -1)	62
16:01:38.853	87	76.804	(-1, -1)	(-1, -1)	62
16:01:38.950	83	76.7889	(-1, -1)	(-1, -1)	62
16:01:39.039	85	76.8116	(-1, -1)	(-1, -1)	62
16:01:39.132	89	76.7616	(-1, -1)	(-1, -1)	62
16:01:39.227	83	76.8299	(-1, -1)	(-1, -1)	62
16:01:39.317	83	76.823	(-1, -1)	(-1, -1)	62
16:01:39.410	85	76.7501	(-1, -1)	(-1, -1)	62
16:01:39.498	84	76.815	(-1, -1)	(-1, -1)	62
16:01:39.588	84	76.7599	(-1, -1)	(-1, -1)	62
16:01:39.680	85	76.721	(-1, -1)	(-1, -1)	62
16:01:39.771	88	76.7673	(-1, -1)	(-1, -1)	62
16:01:39.868	87	76.7637	(-1, -1)	(-1, -1)	62
16:01:39.965	88	76.7081	(-1, -1)	(-1, -1)	62
16:01:40.063	89	76.8219	(-1, -1)	(-1, -1)	62
16:01:40.158	83	76.9092	(-1, -1)	(-1, -1)	62
16:01:40.249	83	76.8966	(-1, -1)	(-1, -1)	62
16:01:40.339	84	76.7471	(-1, -1)	(-1, -1)	62
16:01:40.431	87	76.7495	(-1, -1)	(-1, -1)	62
16:01:40.520	83	76.7834	(-1, -1)	(-1, -1)	62
16:01:40.613	86	76.7756	(-1, -1)	(-1, -1)	62
16:01:40.701	85	76.8413	(-1, -1)	(-1, -1)	62
16:01:40.793	90	76.7031	(-1, -1)	(-1, -1)	62
16:01:40.890	88	76.763	(-1, -1)	(-1, -1)	62
16:01:40.989	89	76.7391	(-1, -1)	(-1, -1)	62
16:01:41.104	85	77.0231	(-1, -1)	(-1, -1)	62
16:01:41.196	83	77.2561	(-1, -1)	(-1, -1)	62
16:01:41.300	84	76.9551	(-1, -1)	(-1, -1)	62
16:01:41.390	87	76.8067	(-1, -1)	(-1, -1)	62
16:01:41.480	87	76.7994	(-1, -1)	(-1, -1)	62
16:01:41.569	84	76.7529	(-1, -1)	(-1, -1)	62
16:01:41.662	87	76.6867	(-1, -1)	(-1, -1)	62
16:01:41.760	82	76.7692	(-1, -1)	(-1, -1)	62
16:01:41.848	83	76.8277	(-1, -1)	(-1, -1)	62
16:01:41.938	82	76.7717	(-1, -1)	(-1, -1)	62
16:01:42.028	84	76.8173	(-1, -1)	(-1, -1)	62
16:01:42.120	84	76.7659	(-1, -1)	(-1, -1)	62
16:01:42.209	84	76.7806	(-1, -1)	(-1, -1)	62
16:01:42.303	87	76.7449	(-1, -1)	(-1, -1)	62
16:01:42.397	86	76.7785	(-1, -1)	(-1, -1)	62
16:01:42.491	86	77.1431	(-1, -1)	(-1, -1)	62
16:01:42.585	83	76.7621	(-1, -1)	(-1, -1)	62
16:01:42.677	90	76.7074	(-1, -1)	(-1, -1)	62
16:01:42.775	88	76.7462	(-1, -1)	(-1, -1)	62
16:01:42.871	89	76.7261	(-1, -1)	(-1, -1)	62
16:01:42.968	89	76.7745	(-1, -1)	(-1, -1)	62
16:01:43.064	85	76.7557	(-1, -1)	(-1, -1)	62
16:01:43.156	90	76.7145	(-1, -1)	(-1, -1)	62
16:01:43.253	85	76.7304	(-1, -1)	(-1, -1)	62
16:01:43.344	90	76.7059	(-1, -1)	(-1, -1)	62
16:01:43.441	86	76.7539	(-1, -1)	(-1, -1)	62
16:01:43.532	88	76.7341	(-1, -1)	(-1, -1)	62
16:01:43.628	87	76.7142	(-1, -1)	(-1, -1)	62
16:01:43.727	89	76.7434	(-1, -1)	(-1, -1)	62
16:01:43.824	89	76.7394	(-1, -1)	(-1, -1)	62
16:01:43.919	88	76.7255	(-1, -1)	(-1, -1)	62
16:01:44.011	89	76.7502	(-1, -1)	(-1, -1)	62
16:01:44.108	87	76.7422	(-1, -1)	(-1, -1)	62
16:01:44.199	88	76.7487	(-1, -1)	(-1, -1)	62
16:01:44.294	86	76.9741	(-1, -1)	(-1, -1)	62
16:01:44.386	89	76.7421	(-1, -1)	(-1, -1)	62
16:01:44.485	96	76.7695	(-1, -1)	(-1, -1)	62
16:01:44.588	89	76.752	(-1, -1)	(-1, -1)	62
16:01:44.687	95	76.7274	(-1, -1)	(-1, -1)	62
16:01:44.788	84	76.8421	(-1, -1)	(-1, -1)	62
16:01:44.880	86	76.8019	(-1, -1)	(-1, -1)	62
16:01:44.969	84	76.7744	(-1, -1)	(-1, -1)	62
16:01:45.061	87	76.7618	(-1, -1)	(-1, -1)	62
16:01:45.158	88	76.7502	(-1, -1)	(-1, -1)	62
16:01:45.255	88	76.7489	(-1, -1)	(-1, -1)	62
16:01:45.352	85	76.7341	(-1, -1)	(-1, -1)	62
16:01:45.443	89	76.7681	(-1, -1)	(-1, -1)	62
16:01:45.540	86	76.792	(-1, -1)	(-1, -1)	62
16:01:45.631	90	76.7413	(-1, -1)	(-1, -1)	62
16:01:45.727	85	76.7858	(-1, -1)	(-1, -1)	62
16:01:45.820	88	76.7353	(-1, -1)	(-1, -1)	62
16:01:45.916	88	76.7501	(-1, -1)	(-1, -1)	62
16:01:46.014	88	76.724	(-1, -1)	(-1, -1)	62
16:01:46.111	87	76.7687	(-1, -1)	(-1, -1)	62
16:01:46.207	86	76.7775	(-1, -1)	(-1, -1)	62
16:01:46.298	87	76.7673	(-1, -1)	(-1, -1)	62
16:01:46.387	82	76.8354	(-1, -1)	(-1, -1)	62
16:01:46.479	88	76.7379	(-1, -1)	(-1, -1)	62
16:01:46.575	85	76.823	(-1, -1)	(-1, -1)	62
16:01:46.666	91	76.7345	(-1, -1)	(-1, -1)	62
16:01:46.764	88	76.727	(-1, -1)	(-1, -1)	62
16:01:46.862	87	76.7113	(-1, -1)	(-1, -1)	62
16:01:46.959	90	76.7213	(-1, -1)	(-1, -1)	62
16:01:47.056	88	76.7212	(-1, -1)	(-1, -1)	62
16:01:47.154	88	76.7627	(-1, -1)	(-1, -1)	62
16:01:47.250	87	76.7193	(-1, -1)	(-1, -1)	62
16:01:47.350	88	76.7664	(-1, -1)	(-1, -1)	62
16:01:47.444	85	76.7637	(-1, -1)	(-1, -1)	62
16:01:47.539	90	76.7427	(-1, -1)	(-1, -1)	62
16:01:47.635	86	76.725	(-1, -1)	(-1, -1)	62
16:01:47.722	83	76.8013	(-1, -1)	(-1, -1)	62
16:01:47.813	87	76.7215	(-1, -1)	(-1, -1)	62
16:01:47.902	85	76.7754	(-1, -1)	(-1, -1)	62
16:01:47.995	88	76.7839	(-1, -1)	(-1, -1)	62
16:01:48.090	86	76.729	(-1, -1)	(-1, -1)	62
16:01:48.182	89	76.7816	(-1, -1)	(-1, -1)	62
16:01:48.279	84	76.7796	(-1, -1)	(-1, -1)	62
16:01:48.370	89	76.7471	(-1, -1)	(-1, -1)	62
16:01:48.467	85	76.7321	(-1, -1)	(-1, -1)	62
16:01:48.565	89	76.7504	(-1, -1)	(-1, -1)	62
16:01:48.664	89	76.7379	(-1, -1)	(-1, -1)	62
16:01:48.758	85	76.8175	(-1, -1)	(-1, -1)	62
16:01:48.850	88	76.7375	(-1, -1)	(-1, -1)	62
16:01:48.947	89	76.7317	(-1, -1)	(-1, -1)	62
16:01:49.044	88	76.7321	(-1, -1)	(-1, -1)	62
16:01:49.140	84	76.7505	(-1, -1)	(-1, -1)	62
16:01:49.232	89	76.7317	(-1, -1)	(-1, -1)	62
16:01:49.328	85	76.789	(-1, -1)	(-1, -1)	62
16:01:49.420	90	76.7759	(-1, -1)	(-1, -1)	62
16:01:49.517	92	76.7246	(-1, -1)	(-1, -1)	62
16:01:49.614	89	76.7004	(-1, -1)	(-1, -1)	62
16:01:49.710	84	76.8107	(-1, -1)	(-1, -1)	62
16:01:49.802	88	76.7533	(-1, -1)	(-1, -1)	62
16:01:49.899	88	76.7329	(-1, -1)	(-1, -1)	62
16:01:49.996	86	76.7424	(-1, -1)	(-1, -1)	62
16:01:50.088	87	76.7662	(-1, -1)	(-1, -1)	62
16:01:50.183	86	76.7893	(-1, -1)	(-1, -1)	62
16:01:50.274	91	76.7916	(-1, -1)	(-1, -1)	62
16:01:50.371	85	76.7593	(-1, -1)	(-1, -1)	62
16:01:50.462	90	76.748	(-1, -1)	(-1, -1)	62
16:01:50.560	89	76.7587	(-1, -1)	(-1, -1)	62
16:01:50.655	83	76.7904	(-1, -1)	(-1, -1)	62
16:01:50.747	85	76.7071	(-1, -1)	(-1, -1)	62
16:01:50.837	84	76.824	(-1, -1)	(-1, -1)	62
16:01:50.928	89	76.7756	(-1, -1)	(-1, -1)	62
16:01:51.026	88	76.785	(-1, -1)	(-1, -1)	62
16:01:51.123	90	76.7481	(-1, -1)	(-1, -1)	62
16:01:51.221	87	76.7396	(-1, -1)	(-1, -1)	62
16:01:51.317	91	76.7502	(-1, -1)	(-1, -1)	62
16:01:51.415	89	76.8087	(-1, -1)	(-1, -1)	62
16:01:51.510	88	76.7658	(-1, -1)	(-1, -1)	62
16:01:51.609	89	76.7464	(-1, -1)	(-1, -1)	62
16:01:51.705	84	76.7824	(-1, -1)	(-1, -1)	62
16:01:51.797	89	76.7366	(-1, -1)	(-1, -1)	62
16:01:51.894	85	76.7652	(-1, -1)	(-1, -1)	62
16:01:51.984	88	76.7459	(-1, -1)	(-1, -1)	62
16:01:52.081	85	76.7797	(-1, -1)	(-1, -1)	62
16:01:52.170	89	76.7659	(-1, -1)	(-1, -1)	62
16:01:52.271	87	76.775	(-1, -1)	(-1, -1)	62
16:01:52.365	85	76.8236	(-1, -1)	(-1, -1)	62
16:01:52.458	87	76.7569	(-1, -1)	(-1, -1)	62
16:01:52.554	85	76.7772	(-1, -1)	(-1, -1)	62
16:01:52.646	87	76.7612	(-1, -1)	(-1, -1)	62
16:01:52.741	86	76.7904	(-1, -1)	(-1, -1)	62
16:01:52.834	89	76.7516	(-1, -1)	(-1, -1)	62
16:01:52.930	85	76.7627	(-1, -1)	(-1, -1)	62
16:01:53.023	91	76.7404	(-1, -1)	(-1, -1)	62
16:01:53.125	86	76.7566	(-1, -1)	(-1, -1)	62
16:01:53.222	89	76.7073	(-1, -1)	(-1, -1)	62
16:01:53.320	92	76.7244	(-1, -1)	(-1, -1)	62
16:01:53.417	87	76.7474	(-1, -1)	(-1, -1)	62
16:01:53.515	88	76.7483	(-1, -1)	(-1, -1)	62
16:01:53.610	84	76.7736	(-1, -1)	(-1, -1)	62
16:01:53.702	90	76.7441	(-1, -1)	(-1, -1)	62
16:01:53.798	84	76.795	(-1, -1)	(-1, -1)	62
16:01:53.889	89	76.7053	(-1, -1)	(-1, -1)	62
16:01:53.991	90	76.7159	(-1, -1)	(-1, -1)	62
16:01:54.091	90	76.6935	(-1, -1)	(-1, -1)	62
16:01:54.190	92	76.7982	(-1, -1)	(-1, -1)	62
16:01:54.293	89	76.7219	(-1, -1)	(-1, -1)	62
16:01:54.390	89	76.7513	(-1, -1)	(-1, -1)	62
16:01:54.490	89	76.7102	(-1, -1)	(-1, -1)	62
16:01:54.585	90	76.7074	(-1, -1)	(-1, -1)	62
16:01:54.681	86	76.7679	(-1, -1)	(-1, -1)	62
16:01:54.773	87	76.732	(-1, -1)	(-1, -1)	62
16:01:54.868	86	76.7044	(-1, -1)	(-1, -1)	62
16:01:54.960	86	76.689	(-1, -1)	(-1, -1)	62
16:01:55.051	84	76.7689	(-1, -1)	(-1, -1)	62
16:01:55.140	88	76.7215	(-1, -1)	(-1, -1)	62
16:01:55.240	86	76.7077	(-1, -1)	(-1, -1)	62
16:01:55.334	83	76.7982	(-1, -1)	(-1, -1)	62
16:01:55.426	89	76.7178	(-1, -1)	(-1, -1)	62
16:01:55.522	88	76.737	(-1, -1)	(-1, -1)	62
16:01:55.615	87	76.7864	(-1, -1)	(-1, -1)	62
16:01:55.710	87	76.6836	(-1, -1)	(-1, -1)	62
16:01:55.802	89	76.6987	(-1, -1)	(-1, -1)	62
16:01:55.898	84	76.7693	(-1, -1)	(-1, -1)	62
16:01:55.989	86	76.7188	(-1, -1)	(-1, -1)	62
16:01:56.080	91	76.7604	(-1, -1)	(-1, -1)	62
16:01:56.176	89	76.7444	(-1, -1)	(-1, -1)	62
16:01:56.275	87	76.7533	(-1, -1)	(-1, -1)	62
16:01:56.369	89	76.6679	(-1, -1)	(-1, -1)	62
16:01:56.469	89	76.7679	(-1, -1)	(-1, -1)	62
16:01:56.567	88	76.712	(-1, -1)	(-1, -1)	62
16:01:56.664	87	76.7559	(-1, -1)	(-1, -1)	62
16:01:56.759	84	76.7622	(-1, -1)	(-1, -1)	62
16:01:56.852	88	76.7034	(-1, -1)	(-1, -1)	62
16:01:56.947	86	76.7541	(-1, -1)	(-1, -1)	62
16:01:57.038	85	76.7893	(-1, -1)	(-1, -1)	62
16:01:57.128	86	76.7404	(-1, -1)	(-1, -1)	62
16:01:57.220	88	76.7713	(-1, -1)	(-1, -1)	62
16:01:57.318	89	76.7425	(-1, -1)	(-1, -1)	62
16:01:57.414	89	76.7465	(-1, -1)	(-1, -1)	62
16:01:57.512	89	76.7551	(-1, -1)	(-1, -1)	62
16:01:57.608	89	76.7316	(-1, -1)	(-1, -1)	62
16:01:57.706	89	76.8262	(-1, -1)	(-1, -1)	62
16:01:57.802	85	76.811	(-1, -1)	(-1, -1)	62
16:01:57.893	90	76.7498	(-1, -1)	(-1, -1)	62
16:01:57.991	85	76.7556	(-1, -1)	(-1, -1)	62
16:01:58.083	88	76.7465	(-1, -1)	(-1, -1)	62
16:01:58.179	85	76.7844	(-1, -1)	(-1, -1)	62
16:01:58.270	89	76.7356	(-1, -1)	(-1, -1)	62
16:01:58.368	88	76.7887	(-1, -1)	(-1, -1)	62
16:01:58.463	83	76.8281	(-1, -1)	(-1, -1)	62
16:01:58.554	88	76.7701	(-1, -1)	(-1, -1)	62
16:01:58.650	84	76.7887	(-1, -1)	(-1, -1)	62
16:01:58.742	89	76.7237	(-1, -1)	(-1, -1)	62
16:01:58.838	85	76.771	(-1, -1)	(-1, -1)	62
16:01:58.930	91	76.6902	(-1, -1)	(-1, -1)	62
16:01:59.027	94	76.7388	(-1, -1)	(-1, -1)	62
16:01:59.131	88	76.7649	(-1, -1)	(-1, -1)	62
16:01:59.230	91	76.729	(-1, -1)	(-1, -1)	62
16:01:59.326	88	76.7736	(-1, -1)	(-1, -1)	62
16:01:59.424	88	76.7693	(-1, -1)	(-1, -1)	62
16:01:59.520	88	76.7061	(-1, -1)	(-1, -1)	62
16:01:59.617	90	76.745	(-1, -1)	(-1, -1)	62
16:01:59.714	85	76.7105	(-1, -1)	(-1, -1)	62
16:01:59.805	88	76.7241	(-1, -1)	(-1, -1)	62
16:01:59.895	83	76.7646	(-1, -1)	(-1, -1)	62
16:01:59.986	87	76.7376	(-1, -1)	(-1, -1)	62
16:02:00.075	84	76.8523	(-1, -1)	(-1, -1)	62
16:02:00.167	89	76.7044	(-1, -1)	(-1, -1)	62
16:02:00.266	91	76.8373	(-1, -1)	(-1, -1)	62
16:02:00.360	88	76.6781	(-1, -1)	(-1, -1)	62
16:02:00.452	90	76.7404	(-1, -1)	(-1, -1)	62
16:02:00.549	87	76.7058	(-1, -1)	(-1, -1)	62
16:02:00.647	88	76.7748	(-1, -1)	(-1, -1)	62
16:02:00.743	84	76.7769	(-1, -1)	(-1, -1)	62
16:02:00.834	89	76.7572	(-1, -1)	(-1, -1)	62
16:02:00.931	85	76.7456	(-1, -1)	(-1, -1)	62
16:02:01.023	88	76.7501	(-1, -1)	(-1, -1)	62
16:02:01.118	85	76.8637	(-1, -1)	(-1, -1)	62
16:02:01.209	89	76.7381	(-1, -1)	(-1, -1)	62
16:02:01.307	86	76.7773	(-1, -1)	(-1, -1)	62
16:02:01.395	85	76.7833	(-1, -1)	(-1, -1)	62
16:02:01.490	87	76.819	(-1, -1)	(-1, -1)	62
16:02:01.584	85	76.7516	(-1, -1)	(-1, -1)	62
16:02:01.676	88	76.7507	(-1, -1)	(-1, -1)	62
16:02:01.772	86	76.737	(-1, -1)	(-1, -1)	62
16:02:01.864	89	76.7324	(-1, -1)	(-1, -1)	62
16:02:01.962	91	76.7692	(-1, -1)	(-1, -1)	62
16:02:02.058	89	76.8059	(-1, -1)	(-1, -1)	62
16:02:02.156	87	76.7314	(-1, -1)	(-1, -1)	62
16:02:02.255	89	76.7373	(-1, -1)	(-1, -1)	62
16:02:02.350	89	76.7212	(-1, -1)	(-1, -1)	62
16:02:02.447	89	76.7357	(-1, -1)	(-1, -1)	62
16:02:02.545	88	76.7279	(-1, -1)	(-1, -1)	62
16:02:02.641	87	76.7047	(-1, -1)	(-1, -1)	62
16:02:02.732	89	76.6913	(-1, -1)	(-1, -1)	62
16:02:02.828	84	76.803	(-1, -1)	(-1, -1)	62
16:02:02.920	91	76.7736	(-1, -1)	(-1, -1)	62
16:02:03.017	86	76.7791	(-1, -1)	(-1, -1)	62
16:02:03.108	89	76.7104	(-1, -1)	(-1, -1)	62
16:02:03.205	88	76.7326	(-1, -1)	(-1, -1)	62
16:02:03.303	89	76.7827	(-1, -1)	(-1, -1)	62
16:02:03.399	91	76.7559	(-1, -1)	(-1, -1)	62
16:02:03.497	88	76.7526	(-1, -1)	(-1, -1)	62
16:02:03.594	88	76.7641	(-1, -1)	(-1, -1)	62
16:02:03.692	85	76.6788	(-1, -1)	(-1, -1)	62
16:02:03.782	88	76.7868	(-1, -1)	(-1, -1)	62
16:02:03.878	85	76.7335	(-1, -1)	(-1, -1)	62
16:02:03.969	90	76.7567	(-1, -1)	(-1, -1)	62
16:02:04.070	90	76.7523	(-1, -1)	(-1, -1)	62
16:02:04.165	89	76.7516	(-1, -1)	(-1, -1)	62
16:02:04.262	84	76.7373	(-1, -1)	(-1, -1)	62
16:02:04.350	87	76.7139	(-1, -1)	(-1, -1)	62
16:02:04.442	88	76.8212	(-1, -1)	(-1, -1)	62
16:02:04.538	84	76.8123	(-1, -1)	(-1, -1)	62
16:02:04.630	87	76.7634	(-1, -1)	(-1, -1)	62
16:02:04.726	85	76.7985	(-1, -1)	(-1, -1)	62
16:02:04.818	88	76.7578	(-1, -1)	(-1, -1)	62
16:02:04.916	88	76.7633	(-1, -1)	(-1, -1)	62
16:02:05.012	91	76.7443	(-1, -1)	(-1, -1)	62
16:02:05.110	92	76.7381	(-1, -1)	(-1, -1)	62
16:02:05.211	88	76.7114	(-1, -1)	(-1, -1)	62
16:02:05.311	86	76.7646	(-1, -1)	(-1, -1)	62
16:02:05.401	89	76.7207	(-1, -1)	(-1, -1)	62
16:02:05.500	87	76.6862	(-1, -1)	(-1, -1)	62
16:02:05.595	86	76.7234	(-1, -1)	(-1, -1)	62
16:02:05.687	89	76.7348	(-1, -1)	(-1, -1)	62
16:02:05.784	88	76.7714	(-1, -1)	(-1, -1)	62
16:02:05.883	89	76.7418	(-1, -1)	(-1, -1)	62
16:02:05.979	88	76.7347	(-1, -1)	(-1, -1)	62
16:02:06.074	83	76.7535	(-1, -1)	(-1, -1)	62
16:02:06.167	88	76.7865	(-1, -1)	(-1, -1)	62
16:02:06.263	84	76.821	(-1, -1)	(-1, -1)	62
16:02:06.354	87	76.7324	(-1, -1)	(-1, -1)	62
16:02:06.443	85	76.7853	(-1, -1)	(-1, -1)	62
16:02:06.535	89	76.7459	(-1, -1)	(-1, -1)	62
16:02:06.632	84	76.7796	(-1, -1)	(-1, -1)	62
16:02:06.722	85	76.7412	(-1, -1)	(-1, -1)	62
16:02:06.813	91	76.7735	(-1, -1)	(-1, -1)	62
16:02:06.911	89	76.7188	(-1, -1)	(-1, -1)	62
16:02:07.007	90	76.7428	(-1, -1)	(-1, -1)	62
16:02:07.104	84	76.7704	(-1, -1)	(-1, -1)	62
16:02:07.195	88	76.7831	(-1, -1)	(-1, -1)	62
16:02:07.291	84	76.8037	(-1, -1)	(-1, -1)	62
16:02:07.382	87	76.7459	(-1, -1)	(-1, -1)	62
16:02:07.472	82	76.7963	(-1, -1)	(-1, -1)	62
16:02:07.563	89	76.7049	(-1, -1)	(-1, -1)	62
16:02:07.662	94	76.7338	(-1, -1)	(-1, -1)	62
16:02:07.765	89	76.7495	(-1, -1)	(-1, -1)	62
16:02:07.865	92	76.7279	(-1, -1)	(-1, -1)	62
16:02:07.968	95	76.6991	(-1, -1)	(-1, -1)	62
16:02:08.073	85	76.7961	(-1, -1)	(-1, -1)	62
16:02:08.168	91	76.7576	(-1, -1)	(-1, -1)	62
16:02:08.266	88	76.7156	(-1, -1)	(-1, -1)	62
16:02:08.362	85	76.7676	(-1, -1)	(-1, -1)	62
16:02:08.452	84	76.7871	(-1, -1)	(-1, -1)	62
16:02:08.543	84	76.8064	(-1, -1)	(-1, -1)	62
16:02:08.634	90	76.6801	(-1, -1)	(-1, -1)	62
16:02:08.732	84	76.7353	(-1, -1)	(-1, -1)	62
16:02:08.822	89	76.7099	(-1, -1)	(-1, -1)	62
16:02:08.919	87	76.7612	(-1, -1)	(-1, -1)	62
16:02:09.017	87	76.769	(-1, -1)	(-1, -1)	62
16:02:09.113	85	76.7073	(-1, -1)	(-1, -1)	62
16:02:09.204	89	76.7129	(-1, -1)	(-1, -1)	62
16:02:09.302	88	76.7351	(-1, -1)	(-1, -1)	62
16:02:09.397	87	76.7513	(-1, -1)	(-1, -1)	62
16:02:09.491	87	76.7504	(-1, -1)	(-1, -1)	62
16:02:09.586	84	76.7116	(-1, -1)	(-1, -1)	62
16:02:09.679	89	76.7652	(-1, -1)	(-1, -1)	62
16:02:09.774	84	76.7019	(-1, -1)	(-1, -1)	62
16:02:09.865	88	76.7375	(-1, -1)	(-1, -1)	62
16:02:09.964	91	76.7465	(-1, -1)	(-1, -1)	62
16:02:10.060	88	76.7321	(-1, -1)	(-1, -1)	62
16:02:10.161	88	76.7591	(-1, -1)	(-1, -1)	62
16:02:10.254	89	76.723	(-1, -1)	(-1, -1)	62
16:02:10.351	88	76.7659	(-1, -1)	(-1, -1)	62
16:02:10.446	85	76.8001	(-1, -1)	(-1, -1)	62
16:02:10.539	88	76.7504	(-1, -1)	(-1, -1)	62
16:02:10.636	85	76.7892	(-1, -1)	(-1, -1)	62
16:02:10.727	88	76.7209	(-1, -1)	(-1, -1)	62
16:02:10.825	87	76.7493	(-1, -1)	(-1, -1)	62
16:02:10.920	88	76.7434	(-1, -1)	(-1, -1)	62
16:02:11.019	92	76.7446	(-1, -1)	(-1, -1)	62
16:02:11.130	89	76.7286	(-1, -1)	(-1, -1)	62
16:02:11.229	89	76.7138	(-1, -1)	(-1, -1)	62
16:02:11.324	90	76.7053	(-1, -1)	(-1, -1)	62
16:02:11.421	91	76.745	(-1, -1)	(-1, -1)	62
16:02:11.517	87	76.9667	(-1, -1)	(-1, -1)	62
16:02:11.610	87	76.7102	(-1, -1)	(-1, -1)	62
16:02:11.707	86	76.7581	(-1, -1)	(-1, -1)	62
16:02:11.798	90	76.7776	(-1, -1)	(-1, -1)	62
16:02:11.895	88	76.7213	(-1, -1)	(-1, -1)	62
16:02:11.990	84	76.8073	(-1, -1)	(-1, -1)	62
16:02:12.082	87	76.7339	(-1, -1)	(-1, -1)	62
16:02:12.170	85	76.7624	(-1, -1)	(-1, -1)	62
16:02:12.263	89	76.6951	(-1, -1)	(-1, -1)	62
16:02:12.359	86	76.7239	(-1, -1)	(-1, -1)	62
16:02:12.451	88	76.6975	(-1, -1)	(-1, -1)	62
16:02:12.547	85	76.8373	(-1, -1)	(-1, -1)	62
16:02:12.638	89	76.745	(-1, -1)	(-1, -1)	62
16:02:12.735	85	76.7431	(-1, -1)	(-1, -1)	62
16:02:12.826	89	76.7394	(-1, -1)	(-1, -1)	62
16:02:12.924	90	76.8116	(-1, -1)	(-1, -1)	62
16:02:13.021	90	76.7381	(-1, -1)	(-1, -1)	62
16:02:13.119	87	76.7976	(-1, -1)	(-1, -1)	62
16:02:13.214	83	76.8004	(-1, -1)	(-1, -1)	62
16:02:13.305	89	76.7024	(-1, -1)	(-1, -1)	62
16:02:13.402	86	76.7468	(-1, -1)	(-1, -1)	62
16:02:13.494	88	76.7844	(-1, -1)	(-1, -1)	62
16:02:13.589	85	76.7628	(-1, -1)	(-1, -1)	62
16:02:13.680	89	76.7105	(-1, -1)	(-1, -1)	62
16:02:13.781	91	76.7293	(-1, -1)	(-1, -1)	62
16:02:13.874	85	76.7967	(-1, -1)	(-1, -1)	62
16:02:13.966	87	76.7726	(-1, -1)	(-1, -1)	62
16:02:14.062	85	76.7757	(-1, -1)	(-1, -1)	62
16:02:14.154	88	76.7418	(-1, -1)	(-1, -1)	62
16:02:14.250	86	76.6898	(-1, -1)	(-1, -1)	62
16:02:14.343	89	76.6801	(-1, -1)	(-1, -1)	62
16:02:14.439	87	76.8159	(-1, -1)	(-1, -1)	62
16:02:14.536	89	76.7407	(-1, -1)	(-1, -1)	62
16:02:14.633	84	76.7652	(-1, -1)	(-1, -1)	62
16:02:14.723	83	76.8261	(-1, -1)	(-1, -1)	62
16:02:14.814	89	76.7526	(-1, -1)	(-1, -1)	62
16:02:14.909	85	76.8107	(-1, -1)	(-1, -1)	62
16:02:15.003	88	76.7935	(-1, -1)	(-1, -1)	62
16:02:15.098	84	76.8191	(-1, -1)	(-1, -1)	62
16:02:15.190	88	76.7203	(-1, -1)	(-1, -1)	62
16:02:15.289	91	76.7185	(-1, -1)	(-1, -1)	62
16:02:15.385	89	76.7403	(-1, -1)	(-1, -1)	62
16:02:15.482	93	76.795	(-1, -1)	(-1, -1)	62
16:02:15.585	89	76.7578	(-1, -1)	(-1, -1)	62
16:02:15.683	85	76.7603	(-1, -1)	(-1, -1)	62
16:02:15.773	91	76.7296	(-1, -1)	(-1, -1)	62
16:02:15.872	88	76.735	(-1, -1)	(-1, -1)	62
16:02:15.969	89	76.6753	(-1, -1)	(-1, -1)	62
16:02:16.066	87	76.744	(-1, -1)	(-1, -1)	62
16:02:16.161	85	76.7945	(-1, -1)	(-1, -1)	62
16:02:16.254	88	76.7144	(-1, -1)	(-1, -1)	62
16:02:16.351	86	76.719	(-1, -1)	(-1, -1)	62
16:02:16.441	90	76.6964	(-1, -1)	(-1, -1)	62
16:02:16.539	87	76.76	(-1, -1)	(-1, -1)	62
16:02:16.636	87	76.6834	(-1, -1)	(-1, -1)	62
16:02:16.733	88	76.7942	(-1, -1)	(-1, -1)	62
16:02:16.828	87	76.7366	(-1, -1)	(-1, -1)	62
16:02:16.921	90	76.787	(-1, -1)	(-1, -1)	62
16:02:17.016	85	76.8039	(-1, -1)	(-1, -1)	62
16:02:17.108	90	76.7479	(-1, -1)	(-1, -1)	62
16:02:17.205	86	76.719	(-1, -1)	(-1, -1)	62
16:02:17.296	90	76.6927	(-1, -1)	(-1, -1)	62
16:02:17.398	86	76.7361	(-1, -1)	(-1, -1)	62
16:02:17.491	90	76.715	(-1, -1)	(-1, -1)	62
16:02:17.588	85	76.7717	(-1, -1)	(-1, -1)	62
16:02:17.686	91	76.744	(-1, -1)	(-1, -1)	62
16:02:17.783	89	76.7766	(-1, -1)	(-1, -1)	62
16:02:17.880	90	76.7199	(-1, -1)	(-1, -1)	62
16:02:17.979	91	76.7092	(-1, -1)	(-1, -1)	62
16:02:18.073	83	76.7727	(-1, -1)	(-1, -1)	62
16:02:18.164	85	76.7862	(-1, -1)	(-1, -1)	62
16:02:18.255	89	76.7332	(-1, -1)	(-1, -1)	62
16:02:18.353	87	76.7544	(-1, -1)	(-1, -1)	62
16:02:18.450	85	76.7096	(-1, -1)	(-1, -1)	62
16:02:18.541	87	76.7913	(-1, -1)	(-1, -1)	62
16:02:18.637	86	76.7034	(-1, -1)	(-1, -1)	62
16:02:18.729	89	76.7529	(-1, -1)	(-1, -1)	62
16:02:18.824	87	76.783	(-1, -1)	(-1, -1)	62
16:02:18.916	88	76.7665	(-1, -1)	(-1, -1)	62
16:02:19.014	89	76.8064	(-1, -1)	(-1, -1)	62
16:02:19.111	88	76.7164	(-1, -1)	(-1, -1)	62
16:02:19.208	88	76.7572	(-1, -1)	(-1, -1)	62
16:02:19.304	86	76.7385	(-1, -1)	(-1, -1)	62
16:02:19.395	89	76.7221	(-1, -1)	(-1, -1)	62
16:02:19.491	85	76.7948	(-1, -1)	(-1, -1)	62
16:02:19.583	89	76.76	(-1, -1)	(-1, -1)	62
16:02:19.681	84	76.749	(-1, -1)	(-1, -1)	62
16:02:19.770	85	76.7628	(-1, -1)	(-1, -1)	62
16:02:19.863	87	76.7991	(-1, -1)	(-1, -1)	62
16:02:19.959	88	76.7521	(-1, -1)	(-1, -1)	62
16:02:20.056	91	76.7241	(-1, -1)	(-1, -1)	62
16:02:20.152	85	76.7524	(-1, -1)	(-1, -1)	62
16:02:20.251	87	76.7498	(-1, -1)	(-1, -1)	62
16:02:20.346	85	76.8252	(-1, -1)	(-1, -1)	62
16:02:20.438	88	76.7907	(-1, -1)	(-1, -1)	62
16:02:20.537	86	76.78	(-1, -1)	(-1, -1)	62
16:02:20.633	88	76.7741	(-1, -1)	(-1, -1)	62
16:02:20.731	83	76.8039	(-1, -1)	(-1, -1)	62
16:02:20.819	85	76.8	(-1, -1)	(-1, -1)	62
16:02:20.911	87	76.785	(-1, -1)	(-1, -1)	62
16:02:20.999	84	76.7363	(-1, -1)	(-1, -1)	62
16:02:21.091	90	76.6785	(-1, -1)	(-1, -1)	62
16:02:21.188	83	76.7732	(-1, -1)	(-1, -1)	62
16:02:21.280	88	76.7412	(-1, -1)	(-1, -1)	62
16:02:21.376	87	76.7526	(-1, -1)	(-1, -1)	62
16:02:21.470	88	76.7123	(-1, -1)	(-1, -1)	62
16:02:21.567	92	76.7439	(-1, -1)	(-1, -1)	62
16:02:21.669	88	76.7941	(-1, -1)	(-1, -1)	62
16:02:21.764	85	76.8412	(-1, -1)	(-1, -1)	62
16:02:21.857	88	76.7582	(-1, -1)	(-1, -1)	62
16:02:21.954	86	76.735	(-1, -1)	(-1, -1)	62
16:02:22.043	86	76.7096	(-1, -1)	(-1, -1)	62
16:02:22.134	89	76.7464	(-1, -1)	(-1, -1)	62
16:02:22.231	85	76.751	(-1, -1)	(-1, -1)	62
16:02:22.323	86	76.6907	(-1, -1)	(-1, -1)	62
16:02:22.417	84	76.8279	(-1, -1)	(-1, -1)	62
16:02:22.510	89	76.7332	(-1, -1)	(-1, -1)	62
16:02:22.608	89	76.7194	(-1, -1)	(-1, -1)	62
16:02:22.703	85	76.8079	(-1, -1)	(-1, -1)	62
16:02:22.795	90	76.8133	(-1, -1)	(-1, -1)	62
16:02:22.890	85	76.8517	(-1, -1)	(-1, -1)	62
16:02:22.982	87	76.8043	(-1, -1)	(-1, -1)	62
16:02:23.073	85	76.7302	(-1, -1)	(-1, -1)	62
16:02:23.164	87	76.7041	(-1, -1)	(-1, -1)	62
16:02:23.260	85	76.7828	(-1, -1)	(-1, -1)	62
16:02:23.352	89	76.7763	(-1, -1)	(-1, -1)	62
16:02:23.450	88	76.7453	(-1, -1)	(-1, -1)	62
16:02:23.546	88	76.7375	(-1, -1)	(-1, -1)	62
16:02:23.644	94	76.7369	(-1, -1)	(-1, -1)	62
16:02:23.747	89	76.7376	(-1, -1)	(-1, -1)	62
16:02:23.846	92	76.7652	(-1, -1)	(-1, -1)	62
16:02:23.940	90	76.7436	(-1, -1)	(-1, -1)	62
16:02:24.040	87	76.7225	(-1, -1)	(-1, -1)	62
16:02:24.134	85	76.7757	(-1, -1)	(-1, -1)	62
16:02:24.227	89	76.7613	(-1, -1)	(-1, -1)	62
16:02:24.323	87	76.7499	(-1, -1)	(-1, -1)	62
16:02:24.420	89	76.7065	(-1, -1)	(-1, -1)	62
16:02:24.517	84	76.7957	(-1, -1)	(-1, -1)	62
16:02:24.610	86	76.6988	(-1, -1)	(-1, -1)	62
16:02:24.700	85	76.7791	(-1, -1)	(-1, -1)	62
16:02:24.800	90	76.8142	(-1, -1)	(-1, -1)	62
16:02:24.901	86	76.7637	(-1, -1)	(-1, -1)	62
16:02:24.994	89	76.7581	(-1, -1)	(-1, -1)	62
16:02:25.090	88	76.7572	(-1, -1)	(-1, -1)	62
16:02:25.186	89	76.7347	(-1, -1)	(-1, -1)	62
16:02:25.285	87	76.739	(-1, -1)	(-1, -1)	62
16:02:25.380	91	76.6917	(-1, -1)	(-1, -1)	62
16:02:25.478	89	76.7084	(-1, -1)	(-1, -1)	62
16:02:25.574	85	76.7944	(-1, -1)	(-1, -1)	62
16:02:25.667	87	76.721	(-1, -1)	(-1, -1)	62
16:02:25.762	85	76.7644	(-1, -1)	(-1, -1)	62
16:02:25.854	89	76.7527	(-1, -1)	(-1, -1)	62
16:02:25.952	85	76.7748	(-1, -1)	(-1, -1)	62
16:02:26.042	88	76.7206	(-1, -1)	(-1, -1)	62
16:02:26.139	94	76.8127	(-1, -1)	(-1, -1)	62
16:02:26.243	89	76.7536	(-1, -1)	(-1, -1)	62
16:02:26.341	88	76.7354	(-1, -1)	(-1, -1)	62
16:02:26.438	88	76.752	(-1, -1)	(-1, -1)	62
16:02:26.537	88	76.7563	(-1, -1)	(-1, -1)	62
16:02:26.631	85	76.7956	(-1, -1)	(-1, -1)	62
16:02:26.725	86	76.7569	(-1, -1)	(-1, -1)	62
16:02:26.821	85	76.7188	(-1, -1)	(-1, -1)	62
16:02:26.917	89	76.7456	(-1, -1)	(-1, -1)	62
16:02:27.013	85	76.8655	(-1, -1)	(-1, -1)	62
16:02:27.109	88	76.7514	(-1, -1)	(-1, -1)	62
16:02:27.201	85	76.7401	(-1, -1)	(-1, -1)	62
16:02:27.292	90	76.7105	(-1, -1)	(-1, -1)	62
16:02:27.390	90	76.7434	(-1, -1)	(-1, -1)	62
16:02:27.488	88	76.7163	(-1, -1)	(-1, -1)	62
16:02:27.584	88	76.7397	(-1, -1)	(-1, -1)	62
16:02:27.680	85	76.8021	(-1, -1)	(-1, -1)	62
16:02:27.773	87	76.6896	(-1, -1)	(-1, -1)	62
16:02:27.869	85	76.7548	(-1, -1)	(-1, -1)	62
16:02:27.960	90	76.8025	(-1, -1)	(-1, -1)	62
16:02:28.056	85	76.7381	(-1, -1)	(-1, -1)	62
16:02:28.147	90	76.677	(-1, -1)	(-1, -1)	62
16:02:28.247	88	76.6859	(-1, -1)	(-1, -1)	62
16:02:28.342	89	76.7193	(-1, -1)	(-1, -1)	62
16:02:28.442	88	76.7807	(-1, -1)	(-1, -1)	62
16:02:28.536	86	76.7316	(-1, -1)	(-1, -1)	62
16:02:28.628	87	76.7434	(-1, -1)	(-1, -1)	62
16:02:28.716	84	76.7778	(-1, -1)	(-1, -1)	62
16:02:28.808	89	76.7179	(-1, -1)	(-1, -1)	62
16:02:28.905	86	76.7676	(-1, -1)	(-1, -1)	62
16:02:28.994	85	76.8058	(-1, -1)	(-1, -1)	62
16:02:29.087	88	76.788	(-1, -1)	(-1, -1)	62
16:02:29.183	85	76.7856	(-1, -1)	(-1, -1)	62
16:02:29.275	87	76.7767	(-1, -1)	(-1, -1)	62
16:02:29.370	86	76.727	(-1, -1)	(-1, -1)	62
16:02:29.463	88	76.6742	(-1, -1)	(-1, -1)	62
16:02:29.558	85	76.9791	(-1, -1)	(-1, -1)	62
EOM

