BOM
Frame extends: 2263, 1306
_ms_area: 10
measurements taken: 585
current rendering method: 2
is mouse replay: 1
Camera settings: Roation Quaternion: ( -0.0169966, -0.387047, -0.117464, 0.914388), Translationsvektor: ( 0.198851, -0.335375, 1.4).
System_Time	Elapsed_Time_PaintGL	Elapsed_Kernel_Time	Frame_Coordinates	Grid_Position	Manual_Measurement
16:03:41.082	41	27.7477	(318, 226)	(32, 23)	62
16:03:41.126	45	27.8286	(325, 225)	(33, 23)	62
16:03:41.178	47	27.8412	(335, 225)	(34, 23)	62
16:03:41.232	44	27.9803	(345, 225)	(35, 23)	62
16:03:41.278	38	28.0807	(357, 225)	(36, 23)	62
16:03:41.319	44	28.1973	(372, 225)	(37, 23)	62
16:03:41.370	48	28.1249	(375, 225)	(38, 23)	62
16:03:41.426	42	28.2673	(385, 225)	(39, 23)	62
16:03:41.473	38	28.4003	(395, 225)	(40, 23)	62
16:03:41.515	41	28.4538	(405, 225)	(41, 23)	62
16:03:41.566	45	28.3859	(415, 225)	(42, 23)	62
16:03:41.621	44	28.5932	(425, 225)	(43, 23)	62
16:03:41.677	40	28.6834	(435, 226)	(44, 23)	62
16:03:41.723	40	28.6935	(445, 226)	(45, 23)	62
16:03:41.772	40	28.6895	(455, 226)	(46, 23)	62
16:03:41.822	40	28.781	(465, 227)	(47, 23)	62
16:03:41.870	40	28.8418	(475, 227)	(48, 23)	62
16:03:41.919	44	28.8327	(485, 228)	(49, 23)	62
16:03:41.968	41	28.8585	(495, 228)	(50, 23)	62
16:03:42.021	40	28.9748	(505, 229)	(51, 23)	62
16:03:42.064	39	29.0979	(515, 229)	(52, 23)	62
16:03:42.105	40	29.0256	(525, 229)	(53, 23)	62
16:03:42.147	39	28.985	(535, 229)	(54, 23)	62
16:03:42.188	40	29.047	(545, 229)	(55, 23)	62
16:03:42.231	38	29.121	(555, 229)	(56, 23)	62
16:03:42.273	39	29.1477	(565, 229)	(57, 23)	62
16:03:42.314	38	29.067	(575, 229)	(58, 23)	62
16:03:42.355	42	29.245	(585, 229)	(59, 23)	62
16:03:42.407	48	29.2105	(596, 229)	(60, 23)	62
16:03:42.462	49	29.1748	(605, 230)	(61, 23)	62
16:03:42.516	43	29.2637	(615, 230)	(62, 23)	62
16:03:42.565	45	29.4215	(626, 230)	(63, 23)	62
16:03:42.614	43	29.3919	(635, 230)	(64, 23)	62
16:03:42.662	42	29.4156	(645, 230)	(65, 23)	62
16:03:42.711	39	29.4637	(655, 230)	(66, 23)	62
16:03:42.752	41	29.584	(665, 230)	(67, 23)	62
16:03:42.803	47	29.5093	(680, 230)	(68, 23)	62
16:03:42.858	46	29.6327	(685, 230)	(69, 23)	62
16:03:42.912	40	29.561	(695, 230)	(70, 23)	62
16:03:42.954	41	29.748	(705, 230)	(71, 23)	62
16:03:43.003	46	29.9141	(715, 230)	(72, 23)	62
16:03:43.053	51	29.7073	(725, 230)	(73, 23)	62
16:03:43.109	43	29.6267	(735, 230)	(74, 23)	62
16:03:43.156	42	29.7825	(749, 230)	(75, 23)	62
16:03:43.206	46	29.7246	(756, 230)	(76, 23)	62
16:03:43.260	48	29.7665	(766, 230)	(77, 23)	62
16:03:43.320	42	29.7999	(775, 230)	(78, 23)	62
16:03:43.364	46	30.027	(785, 230)	(79, 23)	62
16:03:43.414	48	30.2019	(796, 229)	(80, 23)	62
16:03:43.470	50	30.1136	(805, 229)	(81, 23)	62
16:03:43.526	45	30	(815, 229)	(82, 23)	62
16:03:43.573	42	30.0447	(825, 228)	(83, 23)	62
16:03:43.621	45	30.0237	(835, 228)	(84, 23)	62
16:03:43.672	49	29.9852	(845, 228)	(85, 23)	62
16:03:43.727	40	29.8933	(855, 228)	(86, 23)	62
16:03:43.774	48	29.896	(865, 228)	(87, 23)	62
16:03:43.834	49	29.86	(875, 228)	(88, 23)	62
16:03:43.894	52	29.8219	(885, 228)	(89, 23)	62
16:03:43.956	41	29.7487	(895, 228)	(90, 23)	62
16:03:44.004	44	29.8474	(905, 228)	(91, 23)	62
16:03:44.054	49	29.8351	(915, 228)	(92, 23)	62
16:03:44.110	51	29.8199	(925, 228)	(93, 23)	62
16:03:44.165	40	29.8105	(935, 228)	(94, 23)	62
16:03:44.212	39	29.8159	(945, 227)	(95, 23)	62
16:03:44.253	47	29.7801	(957, 227)	(96, 23)	62
16:03:44.305	46	29.6104	(966, 227)	(97, 23)	62
16:03:44.359	42	29.6601	(975, 227)	(98, 23)	62
16:03:44.407	43	29.745	(985, 227)	(99, 23)	62
16:03:44.456	44	29.6665	(995, 227)	(100, 23)	62
16:03:44.504	46	29.5828	(1005, 227)	(101, 23)	62
16:03:44.554	40	29.4667	(1015, 226)	(102, 23)	62
16:03:44.601	40	29.5099	(1025, 226)	(103, 23)	62
16:03:44.643	43	29.4674	(1035, 226)	(104, 23)	62
16:03:44.695	49	29.4015	(1045, 225)	(105, 23)	62
16:03:44.749	43	29.2923	(1055, 225)	(106, 23)	62
16:03:44.796	45	29.2927	(1065, 225)	(107, 23)	62
16:03:44.846	47	29.2233	(1071, 224)	(107, 22)	62
16:03:44.902	47	29.2766	(1075, 224)	(108, 22)	62
16:03:44.957	47	29.1615	(1085, 224)	(109, 22)	62
16:03:45.012	44	29.1003	(1095, 224)	(110, 22)	62
16:03:45.061	47	29.0853	(1105, 224)	(111, 22)	62
16:03:45.118	51	28.9455	(1115, 224)	(112, 22)	62
16:03:45.176	44	28.977	(1125, 224)	(113, 22)	62
16:03:45.228	41	28.887	(1135, 224)	(114, 22)	62
16:03:45.276	41	28.984	(1146, 223)	(115, 22)	62
16:03:45.325	42	28.8348	(1155, 223)	(116, 22)	62
16:03:45.375	48	28.7961	(1165, 223)	(117, 22)	62
16:03:45.429	42	28.7985	(1175, 223)	(118, 22)	62
16:03:45.477	43	28.7573	(1185, 223)	(119, 22)	62
16:03:45.527	43	28.728	(1195, 223)	(120, 22)	62
16:03:45.575	43	28.7464	(1205, 223)	(121, 22)	62
16:03:45.624	39	28.6567	(1215, 223)	(122, 22)	62
16:03:45.671	41	28.6516	(1225, 223)	(123, 22)	62
16:03:45.721	48	28.648	(1235, 223)	(124, 22)	62
16:03:45.778	44	28.6292	(1245, 223)	(125, 22)	62
16:03:45.825	39	28.5519	(1255, 223)	(126, 22)	62
16:03:45.867	39	28.6332	(1265, 224)	(127, 22)	62
16:03:45.911	49	28.6117	(1275, 224)	(128, 22)	62
16:03:45.967	48	28.5418	(1282, 225)	(128, 23)	62
16:03:46.022	39	28.5865	(1285, 225)	(129, 23)	62
16:03:46.068	43	28.4653	(1295, 226)	(130, 23)	62
16:03:46.118	46	28.5956	(1305, 226)	(131, 23)	62
16:03:46.174	46	28.6036	(1316, 228)	(132, 23)	62
16:03:46.230	42	28.4855	(1326, 228)	(133, 23)	62
16:03:46.277	40	28.4016	(1335, 228)	(134, 23)	62
16:03:46.326	47	28.4199	(1345, 229)	(135, 23)	62
16:03:46.383	48	28.3625	(1355, 230)	(136, 23)	62
16:03:46.439	42	28.2963	(1366, 230)	(137, 23)	62
16:03:46.485	40	28.3388	(1375, 230)	(138, 23)	62
16:03:46.527	46	28.3816	(1386, 231)	(139, 23)	62
16:03:46.577	49	28.2428	(1395, 231)	(140, 23)	62
16:03:46.636	45	28.2284	(1405, 232)	(141, 23)	62
16:03:46.688	42	28.1919	(1415, 232)	(142, 23)	62
16:03:46.736	45	28.2981	(1425, 232)	(143, 23)	62
16:03:46.787	48	28.2175	(1435, 233)	(144, 23)	62
16:03:46.841	50	28.2689	(1445, 234)	(145, 23)	62
16:03:46.896	40	28.2714	(1455, 234)	(146, 23)	62
16:03:46.944	43	28.2917	(1465, 234)	(147, 23)	62
16:03:46.993	42	28.2213	(1478, 234)	(148, 23)	62
16:03:47.042	43	28.2839	(1485, 234)	(149, 23)	62
16:03:47.091	42	28.2345	(1488, 235)	(149, 24)	62
16:03:47.140	42	28.1627	(1495, 235)	(150, 24)	62
16:03:47.188	41	28.1412	(1506, 235)	(151, 24)	62
16:03:47.238	42	28.1676	(1516, 235)	(152, 24)	62
16:03:47.286	39	28.1594	(1526, 236)	(153, 24)	62
16:03:47.333	40	28.0668	(1535, 236)	(154, 24)	62
16:03:47.377	47	28.0782	(1546, 236)	(155, 24)	62
16:03:47.433	44	28.068	(1556, 237)	(156, 24)	62
16:03:47.482	38	28.1006	(1565, 237)	(157, 24)	62
16:03:47.528	45	28.0028	(1575, 238)	(158, 24)	62
16:03:47.579	48	28.017	(1585, 238)	(159, 24)	62
16:03:47.634	49	28.0452	(1595, 239)	(160, 24)	62
16:03:47.690	47	28.0123	(1605, 239)	(161, 24)	62
16:03:47.743	41	28.0745	(1615, 240)	(162, 24)	62
16:03:47.793	48	28.0123	(1625, 240)	(163, 24)	62
16:03:47.850	49	28.0941	(1636, 241)	(164, 24)	62
16:03:47.906	42	28.039	(1645, 242)	(165, 24)	62
16:03:47.952	45	27.9812	(1655, 242)	(166, 24)	62
16:03:48.002	48	27.9973	(1666, 243)	(167, 24)	62
16:03:48.058	49	27.8861	(1676, 244)	(168, 24)	62
16:03:48.117	40	27.9606	(1677, 245)	(168, 25)	62
16:03:48.160	42	27.9015	(1686, 245)	(169, 25)	62
16:03:48.210	42	27.9123	(1696, 246)	(170, 25)	62
16:03:48.259	42	27.883	(1705, 246)	(171, 25)	62
16:03:48.308	41	27.9899	(1715, 248)	(172, 25)	62
16:03:48.357	42	27.904	(1726, 249)	(173, 25)	62
16:03:48.405	40	27.9839	(1735, 250)	(174, 25)	62
16:03:48.453	47	27.8929	(1745, 251)	(175, 25)	62
16:03:48.510	42	27.8701	(1755, 253)	(176, 25)	62
16:03:48.557	40	27.901	(1765, 254)	(177, 25)	62
16:03:48.607	43	27.8979	(1768, 255)	(177, 26)	62
16:03:48.656	46	27.8613	(1775, 256)	(178, 26)	62
16:03:48.712	40	27.8993	(1785, 258)	(179, 26)	62
16:03:48.759	37	27.8347	(1795, 260)	(180, 26)	62
16:03:48.800	40	27.7896	(1805, 262)	(181, 26)	62
16:03:48.842	47	27.7393	(1815, 264)	(182, 26)	62
16:03:48.899	48	27.7384	(1817, 265)	(182, 27)	62
16:03:48.956	40	27.737	(1825, 267)	(183, 27)	62
16:03:49.002	38	27.8022	(1838, 271)	(184, 27)	62
16:03:49.043	42	27.8231	(1845, 273)	(185, 27)	62
16:03:49.093	43	27.7862	(1849, 275)	(185, 28)	62
16:03:49.142	44	27.7179	(1858, 278)	(186, 28)	62
16:03:49.191	41	27.6951	(1865, 280)	(187, 28)	62
16:03:49.241	49	27.7295	(1874, 285)	(187, 29)	62
16:03:49.296	47	27.6821	(1875, 285)	(188, 29)	62
16:03:49.352	43	27.6267	(1885, 289)	(189, 29)	62
16:03:49.399	39	27.6172	(1895, 294)	(190, 29)	62
16:03:49.441	40	27.5976	(1895, 295)	(190, 30)	62
16:03:49.488	40	27.4646	(1905, 299)	(191, 30)	62
16:03:49.531	50	27.5274	(1912, 305)	(191, 31)	62
16:03:49.588	40	27.4836	(1915, 307)	(192, 31)	62
16:03:49.634	52	27.4926	(1925, 314)	(193, 31)	62
16:03:49.694	42	27.4298	(1926, 315)	(193, 32)	62
16:03:49.739	39	27.4265	(1935, 322)	(194, 32)	62
16:03:49.782	43	27.4837	(1937, 325)	(194, 33)	62
16:03:49.830	44	27.3361	(1945, 333)	(195, 33)	62
16:03:49.879	43	27.3065	(1947, 335)	(195, 34)	62
16:03:49.927	44	27.3418	(1955, 344)	(196, 34)	62
16:03:49.978	40	27.2545	(1955, 345)	(196, 35)	62
16:03:50.024	41	27.4022	(1963, 355)	(196, 36)	62
16:03:50.073	45	27.3524	(1965, 358)	(197, 36)	62
16:03:50.122	49	27.3127	(1968, 365)	(197, 37)	62
16:03:50.178	47	27.2773	(1973, 375)	(197, 38)	62
16:03:50.233	38	27.2824	(1975, 379)	(198, 38)	62
16:03:50.273	39	27.3726	(1976, 385)	(198, 39)	62
16:03:50.317	49	27.2818	(1980, 395)	(198, 40)	62
16:03:50.373	60	27.2424	(1982, 405)	(198, 41)	62
16:03:50.441	38	27.3917	(1984, 415)	(198, 42)	62
16:03:50.482	36	27.4099	(1985, 417)	(199, 42)	62
16:03:50.525	45	27.3907	(1985, 425)	(199, 43)	62
16:03:50.574	44	27.4498	(1987, 435)	(199, 44)	62
16:03:50.623	41	27.3393	(1988, 445)	(199, 45)	62
16:03:50.671	40	27.3803	(1989, 455)	(199, 46)	62
16:03:50.719	41	27.4924	(1989, 465)	(199, 47)	62
16:03:50.769	48	27.4076	(1989, 475)	(199, 48)	62
16:03:50.825	48	27.3579	(1988, 485)	(199, 49)	62
16:03:50.881	38	27.4662	(1985, 495)	(199, 50)	62
16:03:50.927	41	27.4724	(1984, 495)	(198, 50)	62
16:03:50.978	47	27.5332	(1980, 505)	(198, 51)	62
16:03:51.035	43	27.6302	(1972, 516)	(197, 52)	62
16:03:51.088	42	27.775	(1965, 525)	(197, 53)	62
16:03:51.137	49	27.6914	(1964, 526)	(196, 53)	62
16:03:51.194	46	27.8593	(1954, 534)	(195, 53)	62
16:03:51.249	43	27.9081	(1953, 535)	(195, 54)	62
16:03:51.296	41	28.0973	(1944, 539)	(194, 54)	62
16:03:51.346	49	28.1367	(1937, 545)	(194, 55)	62
16:03:51.401	48	28.1345	(1934, 547)	(193, 55)	62
16:03:51.458	44	28.4418	(1924, 555)	(192, 56)	62
16:03:51.506	42	28.7603	(1914, 561)	(191, 56)	62
16:03:51.555	49	29.0904	(1907, 565)	(191, 57)	62
16:03:51.610	50	28.7609	(1904, 567)	(190, 57)	62
16:03:51.666	46	28.8655	(1894, 572)	(189, 57)	62
16:03:51.721	38	28.9428	(1890, 575)	(189, 58)	62
16:03:51.762	39	29.1153	(1884, 577)	(188, 58)	62
16:03:51.803	42	29.1241	(1874, 581)	(187, 58)	62
16:03:51.853	45	29.3256	(1866, 585)	(187, 59)	62
16:03:51.901	40	29.384	(1864, 585)	(186, 59)	62
16:03:51.949	39	29.3567	(1854, 590)	(185, 59)	62
16:03:51.992	46	29.6206	(1844, 594)	(184, 59)	62
16:03:52.049	50	29.9345	(1843, 595)	(184, 60)	62
16:03:52.105	45	29.5188	(1834, 597)	(183, 60)	62
16:03:52.159	46	29.7231	(1823, 601)	(182, 60)	62
16:03:52.215	49	29.8	(1810, 606)	(181, 61)	62
16:03:52.271	56	29.9379	(1804, 609)	(180, 61)	62
16:03:52.333	40	30.0396	(1794, 612)	(179, 61)	62
16:03:52.380	46	29.923	(1787, 615)	(179, 62)	62
16:03:52.430	42	29.8972	(1784, 616)	(178, 62)	62
16:03:52.478	40	30.0578	(1774, 619)	(177, 62)	62
16:03:52.520	39	30.2199	(1764, 622)	(176, 62)	62
16:03:52.561	40	30.1939	(1758, 625)	(176, 63)	62
16:03:52.603	43	30.3244	(1754, 626)	(175, 63)	62
16:03:52.653	48	30.247	(1744, 628)	(174, 63)	62
16:03:52.708	44	30.4994	(1734, 631)	(173, 63)	62
16:03:52.756	44	30.4175	(1724, 633)	(172, 63)	62
16:03:52.805	47	30.5981	(1715, 635)	(172, 64)	62
16:03:52.862	53	30.4644	(1714, 635)	(171, 64)	62
16:03:52.927	44	30.3708	(1704, 637)	(170, 64)	62
16:03:52.978	46	30.48	(1694, 638)	(169, 64)	62
16:03:53.027	44	30.6944	(1684, 640)	(168, 64)	62
16:03:53.077	52	30.5818	(1674, 641)	(167, 64)	62
16:03:53.141	45	30.5387	(1664, 642)	(166, 64)	62
16:03:53.194	41	30.7159	(1654, 643)	(165, 64)	62
16:03:53.243	42	30.7065	(1644, 644)	(164, 64)	62
16:03:53.292	52	30.7982	(1633, 644)	(163, 64)	62
16:03:53.355	46	30.7686	(1624, 644)	(162, 64)	62
16:03:53.402	41	30.876	(1614, 644)	(161, 64)	62
16:03:53.451	42	31.0197	(1604, 644)	(160, 64)	62
16:03:53.501	49	31.0738	(1594, 644)	(159, 64)	62
16:03:53.556	48	31.0203	(1584, 644)	(158, 64)	62
16:03:53.611	48	31.0428	(1574, 644)	(157, 64)	62
16:03:53.668	60	31.0956	(1564, 644)	(156, 64)	62
16:03:53.737	50	31.2092	(1554, 644)	(155, 64)	62
16:03:53.793	43	31.3262	(1548, 645)	(155, 65)	62
16:03:53.840	46	31.2585	(1544, 645)	(154, 65)	62
16:03:53.891	50	31.184	(1534, 645)	(153, 65)	62
16:03:53.946	52	31.5413	(1524, 646)	(152, 65)	62
16:03:54.008	43	31.597	(1514, 647)	(151, 65)	62
16:03:54.056	44	31.527	(1504, 648)	(150, 65)	62
16:03:54.104	45	31.5907	(1494, 649)	(149, 65)	62
16:03:54.153	47	31.8317	(1484, 651)	(148, 65)	62
16:03:54.203	43	31.8459	(1474, 652)	(147, 65)	62
16:03:54.250	43	31.6244	(1464, 652)	(146, 65)	62
16:03:54.299	43	31.8796	(1454, 653)	(145, 65)	62
16:03:54.348	51	31.8681	(1444, 654)	(144, 65)	62
16:03:54.408	48	32.0341	(1434, 654)	(143, 65)	62
16:03:54.459	43	32.1483	(1419, 654)	(142, 65)	62
16:03:54.507	45	32.0142	(1414, 654)	(141, 65)	62
16:03:54.557	47	32.1388	(1404, 654)	(140, 65)	62
16:03:54.615	45	32.2001	(1394, 654)	(139, 65)	62
16:03:54.667	43	32.1919	(1384, 654)	(138, 65)	62
16:03:54.716	44	32.2157	(1374, 654)	(137, 65)	62
16:03:54.766	53	32.2901	(1356, 653)	(136, 65)	62
16:03:54.829	48	32.2535	(1354, 653)	(135, 65)	62
16:03:54.883	43	32.2093	(1344, 652)	(134, 65)	62
16:03:54.933	46	32.3883	(1334, 651)	(133, 65)	62
16:03:54.988	48	32.4504	(1323, 651)	(132, 65)	62
16:03:55.043	46	32.4378	(1314, 650)	(131, 65)	62
16:03:55.091	49	32.3511	(1303, 649)	(130, 65)	62
16:03:55.148	52	32.2541	(1294, 648)	(129, 65)	62
16:03:55.205	53	32.3741	(1284, 647)	(128, 65)	62
16:03:55.265	44	32.4843	(1274, 647)	(127, 65)	62
16:03:55.314	46	32.3237	(1264, 646)	(126, 65)	62
16:03:55.365	51	32.2068	(1256, 644)	(126, 64)	62
16:03:55.427	51	32.265	(1254, 644)	(125, 64)	62
16:03:55.481	45	32.4658	(1244, 643)	(124, 64)	62
16:03:55.530	46	32.4452	(1234, 643)	(123, 64)	62
16:03:55.585	46	32.2056	(1224, 641)	(122, 64)	62
16:03:55.634	47	32.1596	(1214, 641)	(121, 64)	62
16:03:55.691	44	32.3541	(1204, 641)	(120, 64)	62
16:03:55.739	45	32.2911	(1194, 640)	(119, 64)	62
16:03:55.788	45	32.1037	(1184, 639)	(118, 64)	62
16:03:55.844	53	31.9535	(1174, 639)	(117, 64)	62
16:03:55.908	47	32.0699	(1164, 637)	(116, 64)	62
16:03:55.961	46	32.2234	(1154, 637)	(115, 64)	62
16:03:56.009	49	31.9286	(1144, 636)	(114, 64)	62
16:03:56.067	45	31.8754	(1134, 636)	(113, 64)	62
16:03:56.120	43	31.9714	(1124, 635)	(112, 64)	62
16:03:56.171	51	31.965	(1114, 635)	(111, 64)	62
16:03:56.227	50	31.7899	(1110, 634)	(111, 63)	62
16:03:56.282	47	31.8298	(1104, 634)	(110, 63)	62
16:03:56.336	42	31.8197	(1093, 633)	(109, 63)	62
16:03:56.384	49	31.7567	(1084, 632)	(108, 63)	62
16:03:56.442	52	31.6641	(1074, 632)	(107, 63)	62
16:03:56.505	45	31.4921	(1064, 631)	(106, 63)	62
16:03:56.551	42	31.547	(1051, 631)	(105, 63)	62
16:03:56.600	44	31.3616	(1032, 629)	(103, 63)	62
16:03:56.650	52	31.2584	(1024, 629)	(102, 63)	62
16:03:56.706	50	31.2089	(1014, 629)	(101, 63)	62
16:03:56.761	43	31.2071	(1004, 628)	(100, 63)	62
16:03:56.809	46	31.2067	(994, 627)	(99, 63)	62
16:03:56.859	50	30.904	(984, 627)	(98, 63)	62
16:03:56.915	48	30.8655	(974, 627)	(97, 63)	62
16:03:56.969	44	31.0129	(964, 626)	(96, 63)	62
16:03:57.018	48	30.7572	(954, 626)	(95, 63)	62
16:03:57.074	47	30.5634	(944, 626)	(94, 63)	62
16:03:57.130	46	30.6443	(934, 625)	(93, 63)	62
16:03:57.185	45	30.3964	(927, 624)	(93, 62)	62
16:03:57.234	48	30.4244	(924, 624)	(92, 62)	62
16:03:57.290	46	30.3636	(914, 623)	(91, 62)	62
16:03:57.345	45	30.2172	(904, 622)	(90, 62)	62
16:03:57.393	43	30.0781	(894, 621)	(89, 62)	62
16:03:57.442	50	29.9748	(884, 620)	(88, 62)	62
16:03:57.499	49	29.7524	(873, 619)	(87, 62)	62
16:03:57.554	49	29.5126	(864, 619)	(86, 62)	62
16:03:57.608	41	29.4665	(854, 619)	(85, 62)	62
16:03:57.657	43	29.3068	(843, 618)	(84, 62)	62
16:03:57.706	42	29.2492	(834, 618)	(83, 62)	62
16:03:57.754	42	29.1073	(823, 617)	(82, 62)	62
16:03:57.803	38	28.9981	(814, 617)	(81, 62)	62
16:03:57.844	47	28.9644	(804, 617)	(80, 62)	62
16:03:57.902	48	28.8329	(794, 617)	(79, 62)	62
16:03:57.957	46	28.5846	(784, 616)	(78, 62)	62
16:03:58.012	40	28.608	(772, 616)	(77, 62)	62
16:03:58.053	46	28.4599	(764, 615)	(76, 62)	62
16:03:58.104	44	28.3298	(754, 615)	(75, 62)	62
16:03:58.151	48	28.2767	(744, 615)	(74, 62)	62
16:03:58.209	44	28.1473	(734, 615)	(73, 62)	62
16:03:58.256	41	28.0815	(724, 615)	(72, 62)	62
16:03:58.304	42	28.0098	(714, 615)	(71, 62)	62
16:03:58.353	42	27.8479	(704, 615)	(70, 62)	62
16:03:58.401	42	27.8364	(694, 615)	(69, 62)	62
16:03:58.450	41	27.5732	(684, 615)	(68, 62)	62
16:03:58.498	41	27.483	(674, 615)	(67, 62)	62
16:03:58.547	43	27.395	(664, 616)	(66, 62)	62
16:03:58.596	41	27.2673	(654, 617)	(65, 62)	62
16:03:58.645	41	27.3745	(644, 618)	(64, 62)	62
16:03:58.693	41	27.2807	(634, 618)	(63, 62)	62
16:03:58.742	47	27.1641	(624, 619)	(62, 62)	62
16:03:58.799	46	26.924	(614, 619)	(61, 62)	62
16:03:58.855	41	26.8184	(604, 621)	(60, 62)	62
16:03:58.901	38	26.7824	(594, 621)	(59, 62)	62
16:03:58.943	41	26.6378	(584, 622)	(58, 62)	62
16:03:58.993	47	26.5557	(574, 624)	(57, 62)	62
16:03:59.048	42	26.5459	(566, 625)	(57, 63)	62
16:03:59.096	41	26.5443	(564, 625)	(56, 63)	62
16:03:59.145	45	26.4473	(554, 625)	(55, 63)	62
16:03:59.194	40	26.3394	(544, 626)	(54, 63)	62
16:03:59.242	41	26.2785	(534, 628)	(53, 63)	62
16:03:59.291	35	26.2547	(524, 629)	(52, 63)	62
16:03:59.332	36	26.2041	(514, 631)	(51, 63)	62
16:03:59.375	42	26.1271	(504, 633)	(50, 63)	62
16:03:59.423	40	26.0898	(494, 634)	(49, 63)	62
16:03:59.471	35	26.105	(493, 635)	(49, 64)	62
16:03:59.512	40	26.0779	(484, 637)	(48, 64)	62
16:03:59.563	43	25.9241	(467, 641)	(47, 64)	62
16:03:59.611	45	25.9354	(464, 642)	(46, 64)	62
16:03:59.662	38	25.8757	(458, 645)	(46, 65)	62
16:03:59.708	38	25.8794	(454, 646)	(45, 65)	62
16:03:59.750	37	25.8216	(444, 650)	(44, 65)	62
16:03:59.792	47	25.7505	(434, 654)	(43, 65)	62
16:03:59.848	43	25.7123	(432, 655)	(43, 66)	62
16:03:59.896	39	25.7329	(424, 658)	(42, 66)	62
16:03:59.945	42	25.7243	(414, 662)	(41, 66)	62
16:03:59.994	40	25.6308	(409, 665)	(41, 67)	62
16:04:00.041	35	25.6634	(404, 667)	(40, 67)	62
16:04:00.082	37	25.6366	(394, 671)	(39, 67)	62
16:04:00.126	43	25.6196	(387, 675)	(39, 68)	62
16:04:00.177	46	25.5373	(384, 676)	(38, 68)	62
16:04:00.230	46	25.5576	(374, 680)	(37, 68)	62
16:04:00.286	41	25.8161	(367, 685)	(37, 69)	62
16:04:00.333	43	25.5916	(364, 687)	(36, 69)	62
16:04:00.384	45	25.5434	(356, 695)	(36, 70)	62
16:04:00.439	43	25.4907	(354, 695)	(35, 70)	62
16:04:00.486	36	25.609	(344, 704)	(34, 70)	62
16:04:00.527	36	25.5276	(344, 705)	(34, 71)	62
16:04:00.569	38	25.575	(337, 715)	(34, 72)	62
16:04:00.612	37	25.5089	(335, 725)	(34, 73)	62
16:04:00.653	38	25.5022	(334, 727)	(33, 73)	62
16:04:00.695	37	25.477	(331, 735)	(33, 74)	62
16:04:00.736	35	25.4809	(329, 746)	(33, 75)	62
16:04:00.778	36	25.459	(329, 755)	(33, 76)	62
16:04:00.820	45	25.4676	(329, 765)	(33, 77)	62
16:04:00.870	46	25.4064	(329, 775)	(33, 78)	62
16:04:00.927	40	25.3905	(329, 785)	(33, 79)	62
16:04:00.973	36	25.4954	(329, 795)	(33, 80)	62
16:04:01.014	40	25.4443	(329, 805)	(33, 81)	62
16:04:01.058	44	25.3644	(329, 833)	(33, 83)	62
16:04:01.107	42	25.3796	(329, 836)	(33, 84)	62
16:04:01.154	38	25.4074	(329, 845)	(33, 85)	62
16:04:01.196	41	25.4234	(329, 855)	(33, 86)	62
16:04:01.246	45	25.3622	(330, 865)	(33, 87)	62
16:04:01.301	46	25.3621	(332, 875)	(33, 88)	62
16:04:01.356	37	25.4336	(335, 883)	(34, 88)	62
16:04:01.397	38	25.4199	(335, 885)	(34, 89)	62
16:04:01.438	45	25.4582	(338, 895)	(34, 90)	62
16:04:01.491	42	25.4087	(341, 905)	(34, 91)	62
16:04:01.536	36	25.5298	(345, 914)	(35, 91)	62
16:04:01.577	42	25.447	(346, 915)	(35, 92)	62
16:04:01.627	42	25.5123	(350, 925)	(35, 93)	62
16:04:01.675	43	25.5674	(355, 931)	(36, 93)	62
16:04:01.724	45	25.572	(357, 935)	(36, 94)	62
16:04:01.772	42	25.7387	(364, 945)	(36, 95)	62
16:04:01.823	42	25.6243	(365, 945)	(37, 95)	62
16:04:01.871	46	25.5984	(373, 955)	(37, 96)	62
16:04:01.929	42	25.5938	(375, 956)	(38, 96)	62
16:04:01.975	38	25.6407	(384, 965)	(38, 97)	62
16:04:02.015	38	25.687	(385, 966)	(39, 97)	62
16:04:02.058	39	25.6653	(395, 975)	(40, 98)	62
16:04:02.099	40	25.7476	(405, 982)	(41, 98)	62
16:04:02.148	39	25.7544	(411, 987)	(41, 99)	62
16:04:02.196	40	25.7455	(415, 989)	(42, 99)	62
16:04:02.245	37	25.7963	(423, 995)	(42, 100)	62
16:04:02.287	42	25.8156	(425, 996)	(43, 100)	62
16:04:02.336	42	25.8941	(435, 1001)	(44, 100)	62
16:04:02.385	38	25.9107	(441, 1005)	(44, 101)	62
16:04:02.426	39	25.9425	(446, 1007)	(45, 101)	62
16:04:02.468	38	25.9461	(455, 1012)	(46, 101)	62
16:04:02.509	38	25.9855	(461, 1015)	(46, 102)	62
16:04:02.551	39	26.0299	(465, 1017)	(47, 102)	62
16:04:02.593	40	26.1073	(475, 1022)	(48, 102)	62
16:04:02.635	38	26.1458	(481, 1025)	(48, 103)	62
16:04:02.685	46	26.1473	(485, 1026)	(49, 103)	62
16:04:02.739	41	26.2273	(495, 1030)	(50, 103)	62
16:04:02.788	39	26.3809	(505, 1034)	(51, 103)	62
16:04:02.836	38	26.4062	(506, 1035)	(51, 104)	62
16:04:02.877	46	26.4163	(515, 1037)	(52, 104)	62
16:04:02.928	46	26.4547	(525, 1040)	(53, 104)	62
16:04:02.984	43	26.6163	(540, 1043)	(54, 104)	62
16:04:03.030	44	26.7724	(545, 1044)	(55, 104)	62
16:04:03.081	48	26.6459	(549, 1045)	(55, 105)	62
16:04:03.136	46	26.6978	(555, 1046)	(56, 105)	62
16:04:03.194	47	26.8532	(577, 1050)	(58, 105)	62
16:04:03.246	40	26.9687	(585, 1052)	(59, 105)	62
16:04:03.288	40	27.0231	(595, 1053)	(60, 105)	62
16:04:03.337	44	27.0698	(605, 1054)	(61, 105)	62
16:04:03.386	46	27.0613	(608, 1055)	(61, 106)	62
16:04:03.442	37	27.1839	(615, 1056)	(62, 106)	62
16:04:03.482	39	27.3185	(625, 1057)	(63, 106)	62
16:04:03.525	45	27.5449	(635, 1058)	(64, 106)	62
16:04:03.573	40	27.4892	(645, 1059)	(65, 106)	62
16:04:03.614	39	27.5618	(655, 1060)	(66, 106)	62
16:04:03.656	42	27.7015	(665, 1061)	(67, 106)	62
16:04:03.706	42	27.961	(675, 1061)	(68, 106)	62
16:04:03.756	48	27.7576	(685, 1063)	(69, 106)	62
16:04:03.811	43	27.8618	(695, 1063)	(70, 106)	62
16:04:03.858	42	28.1742	(705, 1064)	(71, 106)	62
16:04:03.907	50	28.1813	(715, 1064)	(72, 106)	62
16:04:03.964	49	28.2015	(719, 1065)	(72, 107)	62
16:04:04.019	44	28.2819	(725, 1065)	(73, 107)	62
16:04:04.066	42	28.5025	(735, 1066)	(74, 107)	62
16:04:04.116	42	28.6877	(745, 1066)	(75, 107)	62
16:04:04.164	43	28.7455	(755, 1066)	(76, 107)	62
16:04:04.213	43	28.8908	(765, 1066)	(77, 107)	62
16:04:04.261	40	28.9719	(775, 1067)	(78, 107)	62
16:04:04.303	40	29.153	(785, 1067)	(79, 107)	62
16:04:04.351	50	29.272	(795, 1068)	(80, 107)	62
16:04:04.410	48	29.3871	(805, 1069)	(81, 107)	62
16:04:04.465	44	29.4498	(815, 1070)	(82, 107)	62
16:04:04.511	41	29.7073	(825, 1071)	(83, 107)	62
16:04:04.560	46	29.7684	(835, 1072)	(84, 107)	62
16:04:04.609	40	29.7938	(845, 1073)	(85, 107)	62
16:04:04.657	42	29.7428	(856, 1074)	(86, 107)	62
16:04:04.706	42	29.8016	(862, 1075)	(86, 108)	62
16:04:04.756	51	29.8976	(865, 1075)	(87, 108)	62
16:04:04.812	49	29.9684	(875, 1075)	(88, 108)	62
16:04:04.868	43	30.0473	(885, 1076)	(89, 108)	62
16:04:04.914	40	30.123	(895, 1077)	(90, 108)	62
16:04:04.956	45	30.2575	(905, 1078)	(91, 108)	62
16:04:05.006	48	30.317	(915, 1078)	(92, 108)	62
16:04:05.062	47	30.4462	(925, 1079)	(93, 108)	62
16:04:05.116	41	30.4087	(935, 1080)	(94, 108)	62
16:04:05.164	46	30.6364	(945, 1081)	(95, 108)	62
16:04:05.214	49	30.4843	(955, 1082)	(96, 108)	62
16:04:05.271	51	30.5373	(965, 1082)	(97, 108)	62
16:04:05.325	45	30.5193	(975, 1083)	(98, 108)	62
16:04:05.375	51	30.6154	(986, 1083)	(99, 108)	62
16:04:05.430	51	30.6363	(995, 1084)	(100, 108)	62
16:04:05.491	43	30.7065	(1005, 1084)	(101, 108)	62
16:04:05.540	43	30.741	(1015, 1084)	(102, 108)	62
16:04:05.590	51	30.6742	(1017, 1085)	(102, 109)	62
16:04:05.644	43	30.7976	(1025, 1085)	(103, 109)	62
16:04:05.693	41	30.7076	(1040, 1085)	(104, 109)	62
16:04:05.741	45	30.687	(1048, 1085)	(105, 109)	62
16:04:05.791	51	30.7209	(1055, 1086)	(106, 109)	62
16:04:05.848	50	30.7687	(1065, 1086)	(107, 109)	62
16:04:05.903	48	30.7739	(1075, 1086)	(108, 109)	62
16:04:05.958	45	30.8935	(1085, 1086)	(109, 109)	62
16:04:06.006	46	30.8231	(1096, 1086)	(110, 109)	62
16:04:06.055	45	30.8504	(1105, 1086)	(111, 109)	62
16:04:06.104	46	30.8447	(1115, 1086)	(112, 109)	62
16:04:06.153	43	30.8782	(1126, 1086)	(113, 109)	62
16:04:06.201	45	30.8601	(1135, 1086)	(114, 109)	62
16:04:06.250	47	30.9079	(1146, 1086)	(115, 109)	62
16:04:06.306	52	30.8972	(1155, 1086)	(116, 109)	62
16:04:06.367	41	30.8412	(1166, 1086)	(117, 109)	62
16:04:06.415	42	30.8579	(1175, 1086)	(118, 109)	62
16:04:06.465	49	30.932	(1185, 1085)	(119, 109)	62
16:04:06.522	49	30.9058	(1188, 1084)	(119, 108)	62
16:04:06.576	41	30.908	(1195, 1084)	(120, 108)	62
16:04:06.625	41	30.9262	(1205, 1082)	(121, 108)	62
16:04:06.673	41	30.9961	(1215, 1081)	(122, 108)	62
16:04:06.723	48	31.0976	(1225, 1081)	(123, 108)	62
16:04:06.780	42	30.9999	(1235, 1081)	(124, 108)	62
16:04:06.826	43	31.1659	(1245, 1080)	(125, 108)	62
16:04:06.876	48	30.9991	(1255, 1080)	(126, 108)	62
16:04:06.932	49	31.0745	(1265, 1079)	(127, 108)	62
16:04:06.991	43	31.0914	(1275, 1078)	(128, 108)	62
16:04:07.042	44	31.0804	(1286, 1077)	(129, 108)	62
16:04:07.092	51	31.0163	(1295, 1077)	(130, 108)	62
16:04:07.147	53	31.0766	(1305, 1077)	(131, 108)	62
16:04:07.211	51	31.1364	(1315, 1077)	(132, 108)	62
16:04:07.265	46	31.123	(1325, 1077)	(133, 108)	62
16:04:07.314	44	31.0159	(1335, 1077)	(134, 108)	62
16:04:07.364	48	31.0773	(1345, 1077)	(135, 108)	62
16:04:07.417	46	31.1319	(1355, 1077)	(136, 108)	62
16:04:07.466	46	31.1421	(1365, 1079)	(137, 108)	62
16:04:07.515	44	31.0219	(1375, 1080)	(138, 108)	62
16:04:07.564	45	31.0381	(1385, 1081)	(139, 108)	62
16:04:07.613	42	31.104	(1395, 1081)	(140, 108)	62
16:04:07.661	43	30.9381	(1405, 1083)	(141, 108)	62
16:04:07.708	43	30.8181	(1416, 1084)	(142, 108)	62
16:04:07.759	49	30.9468	(1418, 1085)	(142, 109)	62
16:04:07.814	44	30.8924	(1425, 1085)	(143, 109)	62
16:04:07.861	41	30.8439	(1437, 1088)	(144, 109)	62
16:04:07.910	45	30.8607	(1445, 1088)	(145, 109)	62
16:04:07.961	49	30.7175	(1455, 1089)	(146, 109)	62
16:04:08.016	41	30.6444	(1465, 1090)	(147, 109)	62
16:04:08.064	41	30.6321	(1476, 1091)	(148, 109)	62
16:04:08.119	50	30.5541	(1485, 1092)	(149, 109)	62
16:04:08.177	51	30.4953	(1495, 1093)	(150, 109)	62
16:04:08.231	43	30.6935	(1505, 1093)	(151, 109)	62
16:04:08.279	45	30.5667	(1515, 1093)	(152, 109)	62
16:04:08.328	43	30.4901	(1525, 1093)	(153, 109)	62
16:04:08.377	49	30.3652	(1535, 1094)	(154, 109)	62
16:04:08.433	43	30.4124	(1545, 1094)	(155, 109)	62
16:04:08.480	46	30.4241	(1555, 1094)	(156, 109)	62
16:04:08.531	44	30.4071	(1565, 1094)	(157, 109)	62
16:04:08.578	50	30.323	(1566, 1095)	(157, 110)	62
16:04:08.636	44	30.1932	(1575, 1095)	(158, 110)	62
16:04:08.682	41	30.3424	(1585, 1095)	(159, 110)	62
16:04:08.732	49	30.3053	(1596, 1096)	(160, 110)	62
16:04:08.788	52	30.2004	(1605, 1096)	(161, 110)	62
16:04:08.851	41	30.1471	(1615, 1096)	(162, 110)	62
16:04:08.897	48	30.231	(1625, 1097)	(163, 110)	62
16:04:08.956	50	30.1452	(1635, 1097)	(164, 110)	62
16:04:09.011	50	30.0766	(1645, 1097)	(165, 110)	62
16:04:09.065	44	29.9873	(1655, 1098)	(166, 110)	62
16:04:09.115	45	29.9775	(1665, 1098)	(167, 110)	62
16:04:09.171	50	29.9966	(1675, 1099)	(168, 110)	62
16:04:09.226	56	30.0314	(1685, 1099)	(169, 110)	62
16:04:09.288	43	29.9262	(1695, 1100)	(170, 110)	62
16:04:09.336	49	29.9991	(1705, 1100)	(171, 110)	62
16:04:09.393	49	29.9853	(1715, 1101)	(172, 110)	62
16:04:09.448	47	29.973	(1725, 1101)	(173, 110)	62
16:04:09.503	41	30.0659	(1735, 1103)	(174, 110)	62
16:04:09.551	47	30.1458	(1748, 1104)	(175, 110)	62
16:04:09.608	46	30.0883	(1753, 1105)	(175, 111)	62
16:04:09.662	41	30.1372	(1755, 1105)	(176, 111)	62
16:04:09.711	39	30.0446	(1765, 1106)	(177, 111)	62
16:04:09.754	48	29.8502	(1775, 1107)	(178, 111)	62
16:04:09.810	50	30.0133	(1785, 1108)	(179, 111)	62
16:04:09.866	48	29.9298	(1798, 1109)	(180, 111)	62
16:04:09.920	42	30.0004	(1806, 1111)	(181, 111)	62
16:04:09.970	50	29.8884	(1815, 1112)	(182, 111)	62
16:04:10.026	47	29.9914	(1825, 1112)	(183, 111)	62
16:04:10.083	46	29.9095	(1835, 1113)	(184, 111)	62
16:04:10.135	42	29.8311	(1850, 1114)	(185, 111)	62
16:04:10.184	48	29.7963	(1855, 1114)	(186, 111)	62
16:04:10.241	49	29.8184	(1858, 1115)	(186, 112)	62
16:04:10.297	45	29.7818	(1865, 1116)	(187, 112)	62
16:04:10.351	45	29.7698	(1877, 1117)	(188, 112)	62
16:04:10.401	51	29.7813	(1885, 1118)	(189, 112)	62
16:04:10.458	48	29.6921	(1895, 1120)	(190, 112)	62
16:04:10.513	45	29.6904	(1905, 1121)	(191, 112)	62
16:04:10.566	41	24.8668	(0, 0)	(0, 0)	62
EOM

