BOM
Frame extends: 2263, 1306
_ms_area: 10
measurements taken: 585
current rendering method: 1
is mouse replay: 1
Camera settings: Roation Quaternion: ( 0.260744, -0.551627, -0.0525365, 0.790532), Translationsvektor: ( -0.0583296, 0.0137825, 1.51).
System_Time	Elapsed_Time_PaintGL	Elapsed_Kernel_Time	Frame_Coordinates	Grid_Position	Manual_Measurement
18:55:44.041	30	10.1308	(318, 226)	(32, 23)	49
18:55:44.077	26	10.1791	(325, 225)	(33, 23)	49
18:55:44.104	25	10.349	(335, 225)	(34, 23)	49
18:55:44.132	24	10.5639	(345, 225)	(35, 23)	49
18:55:44.160	26	10.9081	(357, 225)	(36, 23)	49
18:55:44.188	27	11.2616	(372, 225)	(37, 23)	49
18:55:44.223	26	11.3679	(375, 225)	(38, 23)	49
18:55:44.257	27	11.6201	(385, 225)	(39, 23)	49
18:55:44.292	25	11.808	(395, 225)	(40, 23)	49
18:55:44.320	25	11.924	(405, 225)	(41, 23)	49
18:55:44.347	28	12.1053	(415, 225)	(42, 23)	49
18:55:44.383	33	12.2243	(425, 225)	(43, 23)	49
18:55:44.418	32	12.4535	(435, 226)	(44, 23)	49
18:55:44.453	32	12.7319	(445, 226)	(45, 23)	49
18:55:44.495	30	12.8293	(455, 226)	(46, 23)	49
18:55:44.528	31	13.0716	(465, 227)	(47, 23)	49
18:55:44.564	33	13.2387	(475, 227)	(48, 23)	49
18:55:44.605	34	13.459	(485, 228)	(49, 23)	49
18:55:44.648	33	13.6692	(495, 228)	(50, 23)	49
18:55:44.689	34	13.848	(505, 229)	(51, 23)	49
18:55:44.731	34	13.8767	(515, 229)	(52, 23)	49
18:55:44.773	33	13.9938	(525, 229)	(53, 23)	49
18:55:44.816	33	14.0822	(535, 229)	(54, 23)	49
18:55:44.856	33	14.1329	(545, 229)	(55, 23)	49
18:55:44.898	32	14.2468	(555, 229)	(56, 23)	49
18:55:44.932	29	14.4028	(565, 229)	(57, 23)	49
18:55:44.967	32	14.583	(575, 229)	(58, 23)	49
18:55:45.002	34	14.5724	(585, 229)	(59, 23)	49
18:55:45.044	34	14.6819	(596, 229)	(60, 23)	49
18:55:45.085	35	14.8447	(605, 230)	(61, 23)	49
18:55:45.127	32	14.8914	(615, 230)	(62, 23)	49
18:55:45.161	35	15.0704	(626, 230)	(63, 23)	49
18:55:45.204	38	15.0599	(635, 230)	(64, 23)	49
18:55:45.245	31	15.1296	(645, 230)	(65, 23)	49
18:55:45.281	40	15.2092	(655, 230)	(66, 23)	49
18:55:45.331	30	15.2963	(665, 230)	(67, 23)	49
18:55:45.370	47	15.4056	(680, 230)	(68, 23)	49
18:55:45.426	36	15.4087	(685, 230)	(69, 23)	49
18:55:45.468	35	15.4532	(695, 230)	(70, 23)	49
18:55:45.509	35	15.4246	(705, 230)	(71, 23)	49
18:55:45.550	29	15.5096	(715, 230)	(72, 23)	49
18:55:45.585	29	15.5516	(725, 230)	(73, 23)	49
18:55:45.619	35	15.5249	(735, 230)	(74, 23)	49
18:55:45.663	36	15.5114	(749, 230)	(75, 23)	49
18:55:45.705	36	15.4837	(756, 230)	(76, 23)	49
18:55:45.746	31	15.5233	(766, 230)	(77, 23)	49
18:55:45.780	29	15.5267	(775, 230)	(78, 23)	49
18:55:45.815	29	15.4279	(785, 230)	(79, 23)	49
18:55:45.850	35	15.3837	(796, 229)	(80, 23)	49
18:55:45.893	38	15.3347	(805, 229)	(81, 23)	49
18:55:45.941	34	15.3357	(815, 229)	(82, 23)	49
18:55:45.982	31	15.4132	(825, 228)	(83, 23)	49
18:55:46.017	33	15.2834	(835, 228)	(84, 23)	49
18:55:46.052	33	15.6071	(845, 228)	(85, 23)	49
18:55:46.093	40	15.2529	(855, 228)	(86, 23)	49
18:55:46.143	33	15.0975	(865, 228)	(87, 23)	49
18:55:46.183	33	15.0921	(875, 228)	(88, 23)	49
18:55:46.225	35	14.9458	(885, 228)	(89, 23)	49
18:55:46.267	35	14.9142	(895, 228)	(90, 23)	49
18:55:46.309	35	14.8699	(905, 228)	(91, 23)	49
18:55:46.351	34	14.7877	(915, 228)	(92, 23)	49
18:55:46.392	34	14.7862	(925, 228)	(93, 23)	49
18:55:46.434	35	14.688	(935, 228)	(94, 23)	49
18:55:46.476	33	14.6247	(945, 227)	(95, 23)	49
18:55:46.517	34	14.4656	(957, 227)	(96, 23)	49
18:55:46.559	34	14.3858	(966, 227)	(97, 23)	49
18:55:46.601	34	14.3203	(975, 227)	(98, 23)	49
18:55:46.643	34	14.6323	(985, 227)	(99, 23)	49
18:55:46.686	39	14.0507	(995, 227)	(100, 23)	49
18:55:46.734	41	14.0012	(1005, 227)	(101, 23)	49
18:55:46.785	34	14.0098	(1015, 226)	(102, 23)	49
18:55:46.823	29	14.1141	(1025, 226)	(103, 23)	49
18:55:46.858	29	13.9124	(1035, 226)	(104, 23)	49
18:55:46.893	30	13.8197	(1045, 225)	(105, 23)	49
18:55:46.927	30	13.7276	(1055, 225)	(106, 23)	49
18:55:46.962	31	13.5935	(1065, 225)	(107, 23)	49
18:55:46.997	30	13.6028	(1071, 224)	(107, 22)	49
18:55:47.031	30	13.5664	(1075, 224)	(108, 22)	49
18:55:47.066	31	14.0015	(1085, 224)	(109, 22)	49
18:55:47.102	30	13.4492	(1095, 224)	(110, 22)	49
18:55:47.136	29	13.4393	(1105, 224)	(111, 22)	49
18:55:47.171	30	13.2606	(1115, 224)	(112, 22)	49
18:55:47.205	27	13.2304	(1125, 224)	(113, 22)	49
18:55:47.240	27	13.1148	(1135, 224)	(114, 22)	49
18:55:47.274	28	12.9987	(1146, 223)	(115, 22)	49
18:55:47.309	27	12.9378	(1155, 223)	(116, 22)	49
18:55:47.337	28	12.8936	(1165, 223)	(117, 22)	49
18:55:47.372	28	12.8274	(1175, 223)	(118, 22)	49
18:55:47.407	27	12.8187	(1185, 223)	(119, 22)	49
18:55:47.441	26	12.7603	(1195, 223)	(120, 22)	49
18:55:47.469	26	12.7372	(1205, 223)	(121, 22)	49
18:55:47.497	26	12.7071	(1215, 223)	(122, 22)	49
18:55:47.524	27	12.7016	(1225, 223)	(123, 22)	49
18:55:47.560	32	12.615	(1235, 223)	(124, 22)	49
18:55:47.595	33	12.5784	(1245, 223)	(125, 22)	49
18:55:47.637	28	12.4603	(1255, 223)	(126, 22)	49
18:55:47.671	32	12.3658	(1265, 224)	(127, 22)	49
18:55:47.706	31	12.3324	(1275, 224)	(128, 22)	49
18:55:47.741	31	12.5596	(1282, 225)	(128, 23)	49
18:55:47.776	29	12.1487	(1285, 225)	(129, 23)	49
18:55:47.810	26	12.0861	(1295, 226)	(130, 23)	49
18:55:47.845	27	11.9397	(1305, 226)	(131, 23)	49
18:55:47.879	27	11.908	(1316, 228)	(132, 23)	49
18:55:47.914	28	11.8104	(1326, 228)	(133, 23)	49
18:55:47.949	26	11.7871	(1335, 228)	(134, 23)	49
18:55:47.977	26	11.7627	(1345, 229)	(135, 23)	49
18:55:48.005	26	11.8052	(1355, 230)	(136, 23)	49
18:55:48.033	26	11.8465	(1366, 230)	(137, 23)	49
18:55:48.067	27	11.9324	(1375, 230)	(138, 23)	49
18:55:48.103	33	12.0495	(1386, 231)	(139, 23)	49
18:55:48.144	33	12.217	(1395, 231)	(140, 23)	49
18:55:48.186	33	12.4207	(1405, 232)	(141, 23)	49
18:55:48.227	36	12.5698	(1415, 232)	(142, 23)	49
18:55:48.270	34	12.8441	(1425, 232)	(143, 23)	49
18:55:48.311	27	13.0532	(1435, 233)	(144, 23)	49
18:55:48.345	33	13.1862	(1445, 234)	(145, 23)	49
18:55:48.381	35	13.3378	(1455, 234)	(146, 23)	49
18:55:48.422	35	13.456	(1465, 234)	(147, 23)	49
18:55:48.464	30	13.6167	(1478, 234)	(148, 23)	49
18:55:48.498	28	13.7652	(1485, 234)	(149, 23)	49
18:55:48.532	29	13.779	(1488, 235)	(149, 24)	49
18:55:48.567	30	13.8353	(1495, 235)	(150, 24)	49
18:55:48.602	30	13.9087	(1506, 235)	(151, 24)	49
18:55:48.639	42	13.9154	(1516, 235)	(152, 24)	49
18:55:48.687	34	14.0262	(1526, 236)	(153, 24)	49
18:55:48.727	29	14.1628	(1535, 236)	(154, 24)	49
18:55:48.762	34	14.211	(1546, 236)	(155, 24)	49
18:55:48.805	37	14.2575	(1556, 237)	(156, 24)	49
18:55:48.846	31	14.3073	(1565, 237)	(157, 24)	49
18:55:48.881	29	14.4436	(1575, 238)	(158, 24)	49
18:55:48.922	29	14.5397	(1585, 238)	(159, 24)	49
18:55:48.957	28	14.6468	(1595, 239)	(160, 24)	49
18:55:48.991	30	14.7267	(1605, 239)	(161, 24)	49
18:55:49.026	30	14.8961	(1615, 240)	(162, 24)	49
18:55:49.062	34	14.9821	(1625, 240)	(163, 24)	49
18:55:49.103	33	15.1684	(1636, 241)	(164, 24)	49
18:55:49.137	32	15.2244	(1645, 242)	(165, 24)	49
18:55:49.173	31	15.3338	(1655, 242)	(166, 24)	49
18:55:49.207	31	15.3864	(1666, 243)	(167, 24)	49
18:55:49.242	37	15.4047	(1676, 244)	(168, 24)	49
18:55:49.286	38	15.4114	(1677, 245)	(168, 25)	49
18:55:49.332	32	15.5267	(1686, 245)	(169, 25)	49
18:55:49.367	32	15.5585	(1696, 246)	(170, 25)	49
18:55:49.402	33	15.5129	(1705, 246)	(171, 25)	49
18:55:49.437	32	15.4213	(1715, 248)	(172, 25)	49
18:55:49.473	41	15.3907	(1726, 249)	(173, 25)	49
18:55:49.524	37	15.3173	(1735, 250)	(174, 25)	49
18:55:49.569	31	15.1489	(1745, 251)	(175, 25)	49
18:55:49.604	35	15.116	(1755, 253)	(176, 25)	49
18:55:49.647	35	15.0323	(1765, 254)	(177, 25)	49
18:55:49.687	35	15.0831	(1768, 255)	(177, 26)	49
18:55:49.729	33	14.9604	(1775, 256)	(178, 26)	49
18:55:49.764	29	15.0336	(1785, 258)	(179, 26)	49
18:55:49.799	30	15.0948	(1795, 260)	(180, 26)	49
18:55:49.834	29	14.9218	(1805, 262)	(181, 26)	49
18:55:49.868	30	14.7076	(1815, 264)	(182, 26)	49
18:55:49.903	37	14.4782	(1817, 265)	(182, 27)	49
18:55:49.945	32	14.3601	(1825, 267)	(183, 27)	49
18:55:49.979	29	14.1806	(1838, 271)	(184, 27)	49
18:55:50.014	28	13.9667	(1845, 273)	(185, 27)	49
18:55:50.048	29	13.9323	(1849, 275)	(185, 28)	49
18:55:50.083	35	13.8658	(1858, 278)	(186, 28)	49
18:55:50.126	36	13.6153	(1865, 280)	(187, 28)	49
18:55:50.167	29	13.7036	(1874, 285)	(187, 29)	49
18:55:50.201	27	13.6421	(1875, 285)	(188, 29)	49
18:55:50.235	32	13.3825	(1885, 289)	(189, 29)	49
18:55:50.271	34	13.052	(1895, 294)	(190, 29)	49
18:55:50.313	34	13.057	(1895, 295)	(190, 30)	49
18:55:50.355	29	12.7582	(1905, 299)	(191, 30)	49
18:55:50.388	28	12.5476	(1912, 305)	(191, 31)	49
18:55:50.423	26	12.4917	(1915, 307)	(192, 31)	49
18:55:50.451	29	12.3244	(1925, 314)	(193, 31)	49
18:55:50.487	32	12.2889	(1926, 315)	(193, 32)	49
18:55:50.522	30	12.1441	(1935, 322)	(194, 32)	49
18:55:50.556	32	12.123	(1937, 325)	(194, 33)	49
18:55:50.591	32	12.6047	(1945, 333)	(195, 33)	49
18:55:50.626	32	11.979	(1947, 335)	(195, 34)	49
18:55:50.661	31	12.0329	(1955, 344)	(196, 34)	49
18:55:50.695	31	12.0643	(1955, 345)	(196, 35)	49
18:55:50.730	31	11.9988	(1963, 355)	(196, 36)	49
18:55:50.765	32	12.065	(1965, 358)	(197, 36)	49
18:55:50.799	31	11.9295	(1968, 365)	(197, 37)	49
18:55:50.834	35	11.979	(1973, 375)	(197, 38)	49
18:55:50.876	30	11.9785	(1975, 379)	(198, 38)	49
18:55:50.911	39	11.9633	(1976, 385)	(198, 39)	49
18:55:50.953	31	11.8886	(1980, 395)	(198, 40)	49
18:55:50.987	29	11.7917	(1982, 405)	(198, 41)	49
18:55:51.021	30	11.8994	(1984, 415)	(198, 42)	49
18:55:51.056	32	11.8535	(1985, 417)	(199, 42)	49
18:55:51.092	35	11.8493	(1985, 425)	(199, 43)	49
18:55:51.133	32	11.8247	(1987, 435)	(199, 44)	49
18:55:51.168	31	11.8569	(1988, 445)	(199, 45)	49
18:55:51.203	31	11.9947	(1989, 455)	(199, 46)	49
18:55:51.238	30	11.9323	(1989, 465)	(199, 47)	49
18:55:51.272	32	12.1443	(1989, 475)	(199, 48)	49
18:55:51.307	32	12.1707	(1988, 485)	(199, 49)	49
18:55:51.342	31	12.1945	(1985, 495)	(199, 50)	49
18:55:51.377	28	12.2892	(1984, 495)	(198, 50)	49
18:55:51.411	28	12.4279	(1980, 505)	(198, 51)	49
18:55:51.446	27	12.6676	(1972, 516)	(197, 52)	49
18:55:51.480	32	12.8409	(1965, 525)	(197, 53)	49
18:55:51.515	32	12.8378	(1964, 526)	(196, 53)	49
18:55:51.550	32	13.0154	(1954, 534)	(195, 53)	49
18:55:51.585	33	13.0459	(1953, 535)	(195, 54)	49
18:55:51.626	33	13.1776	(1944, 539)	(194, 54)	49
18:55:51.661	27	13.4246	(1937, 545)	(194, 55)	49
18:55:51.695	28	13.4376	(1934, 547)	(193, 55)	49
18:55:51.731	34	13.5551	(1924, 555)	(192, 56)	49
18:55:51.773	35	13.7634	(1914, 561)	(191, 56)	49
18:55:51.816	32	13.8495	(1907, 565)	(191, 57)	49
18:55:51.856	29	13.8951	(1904, 567)	(190, 57)	49
18:55:51.890	29	13.9584	(1894, 572)	(189, 57)	49
18:55:51.925	32	14.0176	(1890, 575)	(189, 58)	49
18:55:51.960	36	14.0859	(1884, 577)	(188, 58)	49
18:55:52.003	35	14.033	(1874, 581)	(187, 58)	49
18:55:52.046	35	14.0815	(1866, 585)	(187, 59)	49
18:55:52.086	30	14.1123	(1864, 585)	(186, 59)	49
18:55:52.120	33	14.1976	(1854, 590)	(185, 59)	49
18:55:52.162	38	14.2459	(1844, 594)	(184, 59)	49
18:55:52.205	37	14.2013	(1843, 595)	(184, 60)	49
18:55:52.247	34	14.1892	(1834, 597)	(183, 60)	49
18:55:52.288	34	14.179	(1823, 601)	(182, 60)	49
18:55:52.329	37	14.7259	(1810, 606)	(181, 61)	49
18:55:52.372	41	14.0188	(1804, 609)	(180, 61)	49
18:55:52.421	36	14.0496	(1794, 612)	(179, 61)	49
18:55:52.462	34	13.9707	(1787, 615)	(179, 62)	49
18:55:52.503	34	13.9759	(1784, 616)	(178, 62)	49
18:55:52.544	38	13.9121	(1774, 619)	(177, 62)	49
18:55:52.588	40	13.8108	(1764, 622)	(176, 62)	49
18:55:52.636	41	13.7046	(1758, 625)	(176, 63)	49
18:55:52.684	31	13.6961	(1754, 626)	(175, 63)	49
18:55:52.717	33	13.645	(1744, 628)	(174, 63)	49
18:55:52.762	42	13.496	(1734, 631)	(173, 63)	49
18:55:52.810	35	13.3889	(1724, 633)	(172, 63)	49
18:55:52.851	31	13.247	(1715, 635)	(172, 64)	49
18:55:52.886	31	13.2504	(1714, 635)	(171, 64)	49
18:55:52.920	37	13.7484	(1704, 637)	(170, 64)	49
18:55:52.962	30	13.1317	(1694, 638)	(169, 64)	49
18:55:52.996	33	12.9668	(1684, 640)	(168, 64)	49
18:55:53.031	31	12.8699	(1674, 641)	(167, 64)	49
18:55:53.066	31	12.836	(1664, 642)	(166, 64)	49
18:55:53.102	30	12.7335	(1654, 643)	(165, 64)	49
18:55:53.135	27	12.7633	(1644, 644)	(164, 64)	49
18:55:53.169	29	12.6908	(1633, 644)	(163, 64)	49
18:55:53.205	32	12.5862	(1624, 644)	(162, 64)	49
18:55:53.247	34	12.5105	(1614, 644)	(161, 64)	49
18:55:53.288	34	12.4074	(1604, 644)	(160, 64)	49
18:55:53.331	29	12.3154	(1594, 644)	(159, 64)	49
18:55:53.364	38	12.2292	(1584, 644)	(158, 64)	49
18:55:53.406	27	12.111	(1574, 644)	(157, 64)	49
18:55:53.441	32	11.9279	(1564, 644)	(156, 64)	49
18:55:53.476	31	11.8129	(1554, 644)	(155, 64)	49
18:55:53.511	32	12.3444	(1548, 645)	(155, 65)	49
18:55:53.546	27	11.684	(1544, 645)	(154, 65)	49
18:55:53.580	26	11.5904	(1534, 645)	(153, 65)	49
18:55:53.607	31	11.5142	(1524, 646)	(152, 65)	49
18:55:53.643	33	11.3874	(1514, 647)	(151, 65)	49
18:55:53.685	33	11.3341	(1504, 648)	(150, 65)	49
18:55:53.726	35	11.2921	(1494, 649)	(149, 65)	49
18:55:53.767	29	11.2105	(1484, 651)	(148, 65)	49
18:55:53.802	29	11.1919	(1474, 652)	(147, 65)	49
18:55:53.837	28	11.1289	(1464, 652)	(146, 65)	49
18:55:53.872	27	11.0991	(1454, 653)	(145, 65)	49
18:55:53.906	29	11.1193	(1444, 654)	(144, 65)	49
18:55:53.942	34	11.0281	(1434, 654)	(143, 65)	49
18:55:53.984	27	11.0333	(1419, 654)	(142, 65)	49
18:55:54.018	29	11.5739	(1414, 654)	(141, 65)	49
18:55:54.053	27	10.9721	(1404, 654)	(140, 65)	49
18:55:54.087	28	10.9406	(1394, 654)	(139, 65)	49
18:55:54.123	29	10.9116	(1384, 654)	(138, 65)	49
18:55:54.157	29	11.4877	(1374, 654)	(137, 65)	49
18:55:54.192	27	10.8702	(1356, 653)	(136, 65)	49
18:55:54.226	28	10.8501	(1354, 653)	(135, 65)	49
18:55:54.261	27	10.7893	(1344, 652)	(134, 65)	49
18:55:54.296	27	10.7874	(1334, 651)	(133, 65)	49
18:55:54.331	27	10.7849	(1323, 651)	(132, 65)	49
18:55:54.366	27	10.7927	(1314, 650)	(131, 65)	49
18:55:54.400	27	10.7413	(1303, 649)	(130, 65)	49
18:55:54.435	27	10.7674	(1294, 648)	(129, 65)	49
18:55:54.470	26	10.7744	(1284, 647)	(128, 65)	49
18:55:54.505	28	11.3619	(1274, 647)	(127, 65)	49
18:55:54.539	28	10.8302	(1264, 646)	(126, 65)	49
18:55:54.575	28	11.4471	(1256, 644)	(126, 64)	49
18:55:54.609	25	10.8456	(1254, 644)	(125, 64)	49
18:55:54.637	24	10.8879	(1244, 643)	(124, 64)	49
18:55:54.665	31	10.8919	(1234, 643)	(123, 64)	49
18:55:54.700	31	10.8927	(1224, 641)	(122, 64)	49
18:55:54.735	31	10.8877	(1214, 641)	(121, 64)	49
18:55:54.770	27	10.9009	(1204, 641)	(120, 64)	49
18:55:54.804	25	10.9698	(1194, 640)	(119, 64)	49
18:55:54.831	25	11.0227	(1184, 639)	(118, 64)	49
18:55:54.859	28	11.0636	(1174, 639)	(117, 64)	49
18:55:54.894	29	11.0199	(1164, 637)	(116, 64)	49
18:55:54.929	29	11.1447	(1154, 637)	(115, 64)	49
18:55:54.964	29	11.1717	(1144, 636)	(114, 64)	49
18:55:54.998	29	11.265	(1134, 636)	(113, 64)	49
18:55:55.033	34	11.8887	(1124, 635)	(112, 64)	49
18:55:55.075	34	11.3237	(1114, 635)	(111, 64)	49
18:55:55.118	36	11.3479	(1110, 634)	(111, 63)	49
18:55:55.160	35	11.3921	(1104, 634)	(110, 63)	49
18:55:55.201	29	11.4446	(1093, 633)	(109, 63)	49
18:55:55.234	28	11.5696	(1084, 632)	(108, 63)	49
18:55:55.270	35	11.641	(1074, 632)	(107, 63)	49
18:55:55.312	36	11.7292	(1064, 631)	(106, 63)	49
18:55:55.354	36	11.844	(1051, 631)	(105, 63)	49
18:55:55.397	30	11.9163	(1032, 629)	(103, 63)	49
18:55:55.436	29	12.0077	(1024, 629)	(102, 63)	49
18:55:55.471	31	12.6292	(1014, 629)	(101, 63)	49
18:55:55.506	29	12.133	(1004, 628)	(100, 63)	49
18:55:55.540	35	12.1548	(994, 627)	(99, 63)	49
18:55:55.585	35	12.0999	(984, 627)	(98, 63)	49
18:55:55.624	28	12.2043	(974, 627)	(97, 63)	49
18:55:55.659	30	12.221	(964, 626)	(96, 63)	49
18:55:55.694	32	12.2156	(954, 626)	(95, 63)	49
18:55:55.729	31	12.3499	(944, 626)	(94, 63)	49
18:55:55.763	32	12.4333	(934, 625)	(93, 63)	49
18:55:55.798	33	12.4941	(927, 624)	(93, 62)	49
18:55:55.839	28	12.5436	(924, 624)	(92, 62)	49
18:55:55.874	35	12.6273	(914, 623)	(91, 62)	49
18:55:55.917	40	12.612	(904, 622)	(90, 62)	49
18:55:55.966	40	12.7206	(894, 621)	(89, 62)	49
18:55:56.015	38	12.871	(884, 620)	(88, 62)	49
18:55:56.056	29	12.9914	(873, 619)	(87, 62)	49
18:55:56.090	27	13.1003	(864, 619)	(86, 62)	49
18:55:56.124	27	13.2092	(854, 619)	(85, 62)	49
18:55:56.159	31	13.3487	(843, 618)	(84, 62)	49
18:55:56.194	32	13.411	(834, 618)	(83, 62)	49
18:55:56.229	31	13.5674	(823, 617)	(82, 62)	49
18:55:56.263	29	13.673	(814, 617)	(81, 62)	49
18:55:56.298	27	13.6942	(804, 617)	(80, 62)	49
18:55:56.332	32	13.8338	(794, 617)	(79, 62)	49
18:55:56.368	33	14.523	(784, 616)	(78, 62)	49
18:55:56.409	34	14	(772, 616)	(77, 62)	49
18:55:56.451	31	14.1738	(764, 615)	(76, 62)	49
18:55:56.486	33	14.2563	(754, 615)	(75, 62)	49
18:55:56.529	34	14.2359	(744, 615)	(74, 62)	49
18:55:56.570	35	14.2733	(734, 615)	(73, 62)	49
18:55:56.612	35	14.304	(724, 615)	(72, 62)	49
18:55:56.653	31	14.4119	(714, 615)	(71, 62)	49
18:55:56.687	30	14.4764	(704, 615)	(70, 62)	49
18:55:56.722	33	14.5399	(694, 615)	(69, 62)	49
18:55:56.764	36	14.5298	(684, 615)	(68, 62)	49
18:55:56.806	36	14.5333	(674, 615)	(67, 62)	49
18:55:56.849	31	14.5307	(664, 616)	(66, 62)	49
18:55:56.882	29	14.6077	(654, 617)	(65, 62)	49
18:55:56.917	32	14.5945	(644, 618)	(64, 62)	49
18:55:56.952	49	14.647	(634, 618)	(63, 62)	49
18:55:57.008	32	14.6713	(624, 619)	(62, 62)	49
18:55:57.042	33	14.8427	(614, 619)	(61, 62)	49
18:55:57.085	33	14.7396	(604, 621)	(60, 62)	49
18:55:57.125	33	14.7717	(594, 621)	(59, 62)	49
18:55:57.161	34	14.7935	(584, 622)	(58, 62)	49
18:55:57.203	32	14.7957	(574, 624)	(57, 62)	49
18:55:57.237	33	14.7953	(566, 625)	(57, 63)	49
18:55:57.279	33	14.7486	(564, 625)	(56, 63)	49
18:55:57.314	33	14.8037	(554, 625)	(55, 63)	49
18:55:57.355	32	14.7999	(544, 626)	(54, 63)	49
18:55:57.390	33	14.6544	(534, 628)	(53, 63)	49
18:55:57.433	38	14.6573	(524, 629)	(52, 63)	49
18:55:57.482	32	14.6044	(514, 631)	(51, 63)	49
18:55:57.521	28	14.5739	(504, 633)	(50, 63)	49
18:55:57.556	28	14.5117	(494, 634)	(49, 63)	49
18:55:57.590	33	14.4047	(493, 635)	(49, 64)	49
18:55:57.627	33	14.3513	(484, 637)	(48, 64)	49
18:55:57.668	33	14.1852	(467, 641)	(47, 64)	49
18:55:57.710	31	14.1951	(464, 642)	(46, 64)	49
18:55:57.744	29	14.136	(458, 645)	(46, 65)	49
18:55:57.779	31	14.1154	(454, 646)	(45, 65)	49
18:55:57.813	34	13.9779	(444, 650)	(44, 65)	49
18:55:57.848	34	13.7613	(434, 654)	(43, 65)	49
18:55:57.892	34	13.7904	(432, 655)	(43, 66)	49
18:55:57.932	34	13.629	(424, 658)	(42, 66)	49
18:55:57.974	33	13.4803	(414, 662)	(41, 66)	49
18:55:58.015	33	13.3283	(409, 665)	(41, 67)	49
18:55:58.050	34	13.3366	(404, 667)	(40, 67)	49
18:55:58.092	32	13.0637	(394, 671)	(39, 67)	49
18:55:58.127	29	13.4307	(387, 675)	(39, 68)	49
18:55:58.161	27	12.9316	(384, 676)	(38, 68)	49
18:55:58.195	28	12.7367	(374, 680)	(37, 68)	49
18:55:58.230	28	12.5529	(367, 685)	(37, 69)	49
18:55:58.265	28	12.4705	(364, 687)	(36, 69)	49
18:55:58.302	32	12.1935	(356, 695)	(36, 70)	49
18:55:58.343	29	12.1653	(354, 695)	(35, 70)	49
18:55:58.377	31	11.9634	(344, 704)	(34, 70)	49
18:55:58.412	33	11.9181	(344, 705)	(34, 71)	49
18:55:58.454	33	11.7298	(337, 715)	(34, 72)	49
18:55:58.496	33	11.6756	(335, 725)	(34, 73)	49
18:55:58.537	28	11.7261	(334, 727)	(33, 73)	49
18:55:58.572	26	11.5597	(331, 735)	(33, 74)	49
18:55:58.606	28	11.6659	(329, 746)	(33, 75)	49
18:55:58.641	26	11.5533	(329, 755)	(33, 76)	49
18:55:58.676	33	11.373	(329, 765)	(33, 77)	49
18:55:58.719	31	11.0855	(329, 775)	(33, 78)	49
18:55:58.759	27	11.0633	(329, 785)	(33, 79)	49
18:55:58.794	28	10.9533	(329, 795)	(33, 80)	49
18:55:58.829	27	10.9176	(329, 805)	(33, 81)	49
18:55:58.863	27	10.6299	(329, 833)	(33, 83)	49
18:55:58.898	28	10.561	(329, 836)	(33, 84)	49
18:55:58.933	28	10.5921	(329, 845)	(33, 85)	49
18:55:58.968	26	10.5203	(329, 855)	(33, 86)	49
18:55:58.995	25	10.4825	(330, 865)	(33, 87)	49
18:55:59.023	24	10.3883	(332, 875)	(33, 88)	49
18:55:59.050	26	10.4333	(335, 883)	(34, 88)	49
18:55:59.080	29	10.3452	(335, 885)	(34, 89)	49
18:55:59.114	30	10.3942	(338, 895)	(34, 90)	49
18:55:59.150	27	10.3046	(341, 905)	(34, 91)	49
18:55:59.183	24	10.3096	(345, 914)	(35, 91)	49
18:55:59.210	24	10.3407	(346, 915)	(35, 92)	49
18:55:59.238	28	10.3459	(350, 925)	(35, 93)	49
18:55:59.274	29	10.3659	(355, 931)	(36, 93)	49
18:55:59.308	30	10.3513	(357, 935)	(36, 94)	49
18:55:59.343	29	10.4089	(364, 945)	(36, 95)	49
18:55:59.377	26	10.4987	(365, 945)	(37, 95)	49
18:55:59.405	25	10.6618	(373, 955)	(37, 96)	49
18:55:59.433	26	10.7353	(375, 956)	(38, 96)	49
18:55:59.462	31	10.8865	(384, 965)	(38, 97)	49
18:55:59.497	31	10.8745	(385, 966)	(39, 97)	49
18:55:59.532	31	11.1279	(395, 975)	(40, 98)	49
18:55:59.573	28	11.4695	(405, 982)	(41, 98)	49
18:55:59.607	26	11.6087	(411, 987)	(41, 99)	49
18:55:59.641	28	11.737	(415, 989)	(42, 99)	49
18:55:59.677	29	11.9142	(423, 995)	(42, 100)	49
18:55:59.712	37	11.9803	(425, 996)	(43, 100)	49
18:55:59.754	32	12.0153	(435, 1001)	(44, 100)	49
18:55:59.789	29	12.0933	(441, 1005)	(44, 101)	49
18:55:59.823	26	12.2076	(446, 1007)	(45, 101)	49
18:55:59.851	26	12.4	(455, 1012)	(46, 101)	49
18:55:59.886	36	12.415	(461, 1015)	(46, 102)	49
18:55:59.928	36	12.3856	(465, 1017)	(47, 102)	49
18:55:59.970	36	12.5409	(475, 1022)	(48, 102)	49
18:56:00.010	29	12.7246	(481, 1025)	(48, 103)	49
18:56:00.045	26	12.6148	(485, 1026)	(49, 103)	49
18:56:00.073	26	12.7883	(495, 1030)	(50, 103)	49
18:56:00.100	30	12.9262	(505, 1034)	(51, 103)	49
18:56:00.136	38	12.8662	(506, 1035)	(51, 104)	49
18:56:00.178	32	12.9625	(515, 1037)	(52, 104)	49
18:56:00.211	29	13.0446	(525, 1040)	(53, 104)	49
18:56:00.246	28	13.216	(540, 1043)	(54, 104)	49
18:56:00.281	29	13.3604	(545, 1044)	(55, 104)	49
18:56:00.319	34	13.2788	(549, 1045)	(55, 105)	49
18:56:00.359	34	13.4367	(555, 1046)	(56, 105)	49
18:56:00.402	31	13.655	(577, 1050)	(58, 105)	49
18:56:00.441	28	13.8996	(585, 1052)	(59, 105)	49
18:56:00.476	27	13.9972	(595, 1053)	(60, 105)	49
18:56:00.511	28	14.1535	(605, 1054)	(61, 105)	49
18:56:00.546	29	14.2726	(608, 1055)	(61, 106)	49
18:56:00.582	35	14.4904	(615, 1056)	(62, 106)	49
18:56:00.623	32	14.5945	(625, 1057)	(63, 106)	49
18:56:00.656	30	14.8121	(635, 1058)	(64, 106)	49
18:56:00.692	36	14.8479	(645, 1059)	(65, 106)	49
18:56:00.735	36	14.881	(655, 1060)	(66, 106)	49
18:56:00.776	34	14.8394	(665, 1061)	(67, 106)	49
18:56:00.818	33	14.8736	(675, 1061)	(68, 106)	49
18:56:00.858	29	14.781	(685, 1063)	(69, 106)	49
18:56:00.893	30	14.8427	(695, 1063)	(70, 106)	49
18:56:00.928	36	14.7086	(705, 1064)	(71, 106)	49
18:56:00.970	33	14.7197	(715, 1064)	(72, 106)	49
18:56:01.006	32	14.6784	(719, 1065)	(72, 107)	49
18:56:01.047	33	15.1766	(725, 1065)	(73, 107)	49
18:56:01.088	39	15.1627	(735, 1066)	(74, 107)	49
18:56:01.138	40	14.6076	(745, 1066)	(75, 107)	49
18:56:01.187	41	14.5443	(755, 1066)	(76, 107)	49
18:56:01.236	33	14.5674	(765, 1066)	(77, 107)	49
18:56:01.275	34	14.4816	(775, 1067)	(78, 107)	49
18:56:01.318	33	14.5471	(785, 1067)	(79, 107)	49
18:56:01.359	35	14.5142	(795, 1068)	(80, 107)	49
18:56:01.401	35	14.4338	(805, 1069)	(81, 107)	49
18:56:01.444	32	14.4099	(815, 1070)	(82, 107)	49
18:56:01.484	32	14.2401	(825, 1071)	(83, 107)	49
18:56:01.519	35	14.1901	(835, 1072)	(84, 107)	49
18:56:01.561	34	14.2196	(845, 1073)	(85, 107)	49
18:56:01.603	30	14.2083	(856, 1074)	(86, 107)	49
18:56:01.637	29	14.1585	(862, 1075)	(86, 108)	49
18:56:01.671	27	14.1504	(865, 1075)	(87, 108)	49
18:56:01.699	31	14.117	(875, 1075)	(88, 108)	49
18:56:01.735	33	14.0107	(885, 1076)	(89, 108)	49
18:56:01.777	33	14.4766	(895, 1077)	(90, 108)	49
18:56:01.819	29	13.776	(905, 1078)	(91, 108)	49
18:56:01.852	29	13.7841	(915, 1078)	(92, 108)	49
18:56:01.887	27	13.6458	(925, 1079)	(93, 108)	49
18:56:01.922	33	13.491	(935, 1080)	(94, 108)	49
18:56:01.959	31	13.3748	(945, 1081)	(95, 108)	49
18:56:01.999	32	13.3296	(955, 1082)	(96, 108)	49
18:56:02.035	31	13.1375	(965, 1082)	(97, 108)	49
18:56:02.074	28	13.0634	(975, 1083)	(98, 108)	49
18:56:02.109	26	12.9359	(986, 1083)	(99, 108)	49
18:56:02.138	26	12.7683	(995, 1084)	(100, 108)	49
18:56:02.165	28	12.6859	(1005, 1084)	(101, 108)	49
18:56:02.201	32	12.5404	(1015, 1084)	(102, 108)	49
18:56:02.236	32	12.4892	(1017, 1085)	(102, 109)	49
18:56:02.277	28	12.3557	(1025, 1085)	(103, 109)	49
18:56:02.311	26	12.2578	(1040, 1085)	(104, 109)	49
18:56:02.339	27	12.205	(1048, 1085)	(105, 109)	49
18:56:02.374	27	12.1253	(1055, 1086)	(106, 109)	49
18:56:02.409	30	12.1061	(1065, 1086)	(107, 109)	49
18:56:02.444	36	12.0745	(1075, 1086)	(108, 109)	49
18:56:02.487	36	12.1489	(1085, 1086)	(109, 109)	49
18:56:02.527	30	12.1899	(1096, 1086)	(110, 109)	49
18:56:02.562	30	12.2613	(1105, 1086)	(111, 109)	49
18:56:02.597	30	12.3621	(1115, 1086)	(112, 109)	49
18:56:02.632	30	12.5284	(1126, 1086)	(113, 109)	49
18:56:02.666	40	12.6308	(1135, 1086)	(114, 109)	49
18:56:02.709	28	12.8216	(1146, 1086)	(115, 109)	49
18:56:02.743	31	12.9004	(1155, 1086)	(116, 109)	49
18:56:02.778	34	12.9327	(1166, 1086)	(117, 109)	49
18:56:02.820	33	12.9474	(1175, 1086)	(118, 109)	49
18:56:02.862	34	13.0093	(1185, 1085)	(119, 109)	49
18:56:02.903	31	13.0262	(1188, 1084)	(119, 108)	49
18:56:02.937	30	13.0652	(1195, 1084)	(120, 108)	49
18:56:02.972	34	13.1056	(1205, 1082)	(121, 108)	49
18:56:03.014	34	13.1276	(1215, 1081)	(122, 108)	49
18:56:03.056	34	13.2019	(1225, 1081)	(123, 108)	49
18:56:03.098	32	13.2283	(1235, 1081)	(124, 108)	49
18:56:03.133	27	13.3643	(1245, 1080)	(125, 108)	49
18:56:03.167	27	13.3277	(1255, 1080)	(126, 108)	49
18:56:03.201	30	13.3575	(1265, 1079)	(127, 108)	49
18:56:03.237	32	13.4628	(1275, 1078)	(128, 108)	49
18:56:03.273	32	13.4464	(1286, 1077)	(129, 108)	49
18:56:03.313	33	13.465	(1295, 1077)	(130, 108)	49
18:56:03.355	28	13.4156	(1305, 1077)	(131, 108)	49
18:56:03.388	34	13.4378	(1315, 1077)	(132, 108)	49
18:56:03.432	37	13.339	(1325, 1077)	(133, 108)	49
18:56:03.474	35	13.463	(1335, 1077)	(134, 108)	49
18:56:03.515	35	13.4996	(1345, 1077)	(135, 108)	49
18:56:03.556	29	13.4679	(1355, 1077)	(136, 108)	49
18:56:03.590	28	13.5997	(1365, 1079)	(137, 108)	49
18:56:03.625	32	13.5508	(1375, 1080)	(138, 108)	49
18:56:03.662	34	13.6526	(1385, 1081)	(139, 108)	49
18:56:03.702	34	13.6987	(1395, 1081)	(140, 108)	49
18:56:03.744	30	13.7338	(1405, 1083)	(141, 108)	49
18:56:03.778	28	13.6505	(1416, 1084)	(142, 108)	49
18:56:03.812	27	13.7144	(1418, 1085)	(142, 109)	49
18:56:03.840	29	13.6419	(1425, 1085)	(143, 109)	49
18:56:03.876	34	13.6471	(1437, 1088)	(144, 109)	49
18:56:03.918	34	13.5516	(1445, 1088)	(145, 109)	49
18:56:03.961	33	13.4218	(1455, 1089)	(146, 109)	49
18:56:04.001	30	13.4191	(1465, 1090)	(147, 109)	49
18:56:04.036	34	13.2841	(1476, 1091)	(148, 109)	49
18:56:04.078	33	13.2098	(1485, 1092)	(149, 109)	49
18:56:04.119	34	13.1585	(1495, 1093)	(150, 109)	49
18:56:04.161	31	13.1344	(1505, 1093)	(151, 109)	49
18:56:04.195	30	13.121	(1515, 1093)	(152, 109)	49
18:56:04.230	29	13.1027	(1525, 1093)	(153, 109)	49
18:56:04.264	30	13.063	(1535, 1094)	(154, 109)	49
18:56:04.299	28	13.0416	(1545, 1094)	(155, 109)	49
18:56:04.334	30	13.0837	(1555, 1094)	(156, 109)	49
18:56:04.369	29	12.983	(1565, 1094)	(157, 109)	49
18:56:04.404	29	13.0012	(1566, 1095)	(157, 110)	49
18:56:04.439	27	13.0228	(1575, 1095)	(158, 110)	49
18:56:04.474	28	12.969	(1585, 1095)	(159, 110)	49
18:56:04.508	33	12.8876	(1596, 1096)	(160, 110)	49
18:56:04.552	40	13.0247	(1605, 1096)	(161, 110)	49
18:56:04.599	29	13.0465	(1615, 1096)	(162, 110)	49
18:56:04.633	33	13.1132	(1625, 1097)	(163, 110)	49
18:56:04.675	38	13.0393	(1635, 1097)	(164, 110)	49
18:56:04.718	34	12.8588	(1645, 1097)	(165, 110)	49
18:56:04.759	31	12.7679	(1655, 1098)	(166, 110)	49
18:56:04.794	31	12.8384	(1665, 1098)	(167, 110)	49
18:56:04.831	27	12.9034	(1675, 1099)	(168, 110)	49
18:56:04.864	31	12.8813	(1685, 1099)	(169, 110)	49
18:56:04.899	32	12.8373	(1695, 1100)	(170, 110)	49
18:56:04.941	32	12.781	(1705, 1100)	(171, 110)	49
18:56:04.982	32	12.7609	(1715, 1101)	(172, 110)	49
18:56:05.023	29	12.6696	(1725, 1101)	(173, 110)	49
18:56:05.057	26	12.7037	(1735, 1103)	(174, 110)	49
18:56:05.085	30	12.6966	(1748, 1104)	(175, 110)	49
18:56:05.120	32	12.6575	(1753, 1105)	(175, 111)	49
18:56:05.155	32	12.656	(1755, 1105)	(176, 111)	49
18:56:05.190	31	12.6059	(1765, 1106)	(177, 111)	49
18:56:05.224	27	12.6387	(1775, 1107)	(178, 111)	49
18:56:05.259	26	12.6101	(1785, 1108)	(179, 111)	49
18:56:05.287	26	12.5581	(1798, 1109)	(180, 111)	49
18:56:05.322	26	12.483	(1806, 1111)	(181, 111)	49
18:56:05.350	26	12.5252	(1815, 1112)	(182, 111)	49
18:56:05.386	27	13.0209	(1825, 1112)	(183, 111)	49
18:56:05.419	26	12.405	(1835, 1113)	(184, 111)	49
18:56:05.447	26	12.227	(1850, 1114)	(185, 111)	49
18:56:05.475	26	12.2508	(1855, 1114)	(186, 111)	49
18:56:05.502	27	12.205	(1858, 1115)	(186, 112)	49
18:56:05.530	26	12.1447	(1865, 1116)	(187, 112)	49
18:56:05.558	25	12.0559	(1877, 1117)	(188, 112)	49
18:56:05.586	26	11.9239	(1885, 1118)	(189, 112)	49
18:56:05.614	26	11.8573	(1895, 1120)	(190, 112)	49
18:56:05.642	25	11.6898	(1905, 1121)	(191, 112)	49
18:56:05.669	17	3.63674	(0, 0)	(0, 0)	49
EOM

