BOM
Frame extends: 2263, 1306
_ms_area: 10
measurements taken: 585
current rendering method: 0
is mouse replay: 1
Camera settings: Roation Quaternion: ( 0.0635341, 0.68235, -0.135584, -0.715522), Translationsvektor: ( 0.164384, -0.174579, 1.775).
System_Time	Elapsed_Time_PaintGL	Elapsed_Kernel_Time	Frame_Coordinates	Grid_Position	Manual_Measurement
00:14:54.702	34	27.6064	(318, 226)	(32, 23)	98
00:14:54.742	36	27.5662	(325, 225)	(33, 23)	98
00:14:54.788	36	27.6498	(335, 225)	(34, 23)	98
00:14:54.831	35	27.7847	(345, 225)	(35, 23)	98
00:14:54.873	34	27.8711	(357, 225)	(36, 23)	98
00:14:54.918	40	27.908	(372, 225)	(37, 23)	98
00:14:54.965	39	27.9044	(375, 225)	(38, 23)	98
00:14:55.014	40	27.9899	(385, 225)	(39, 23)	98
00:14:55.061	36	28.0776	(395, 225)	(40, 23)	98
00:14:55.105	39	28.1274	(405, 225)	(41, 23)	98
00:14:55.153	41	28.2092	(415, 225)	(42, 23)	98
00:14:55.203	39	28.2653	(425, 225)	(43, 23)	98
00:14:55.249	34	28.3924	(435, 226)	(44, 23)	98
00:14:55.290	34	28.4492	(445, 226)	(45, 23)	98
00:14:55.334	41	28.4296	(455, 226)	(46, 23)	98
00:14:55.382	41	28.5004	(465, 227)	(47, 23)	98
00:14:55.431	40	28.5843	(475, 227)	(48, 23)	98
00:14:55.478	35	28.7636	(485, 228)	(49, 23)	98
00:14:55.519	36	28.7837	(495, 228)	(50, 23)	98
00:14:55.563	43	28.8324	(505, 229)	(51, 23)	98
00:14:55.612	41	28.8184	(515, 229)	(52, 23)	98
00:14:55.662	37	28.9049	(525, 229)	(53, 23)	98
00:14:55.707	39	29.0599	(535, 229)	(54, 23)	98
00:14:55.751	40	29.0025	(545, 229)	(55, 23)	98
00:14:55.798	39	29.0403	(555, 229)	(56, 23)	98
00:14:55.842	38	29.14	(565, 229)	(57, 23)	98
00:14:55.889	36	29.2424	(575, 229)	(58, 23)	98
00:14:55.930	36	29.3401	(585, 229)	(59, 23)	98
00:14:55.973	42	29.2879	(596, 229)	(60, 23)	98
00:14:56.022	42	29.3027	(605, 230)	(61, 23)	98
00:14:56.071	41	29.4018	(615, 230)	(62, 23)	98
00:14:56.118	37	29.5661	(626, 230)	(63, 23)	98
00:14:56.161	36	29.4784	(635, 230)	(64, 23)	98
00:14:56.202	42	29.5244	(645, 230)	(65, 23)	98
00:14:56.253	40	29.5622	(655, 230)	(66, 23)	98
00:14:56.300	38	29.6981	(665, 230)	(67, 23)	98
00:14:56.341	38	29.7117	(680, 230)	(68, 23)	98
00:14:56.383	42	29.6939	(685, 230)	(69, 23)	98
00:14:56.432	42	29.7975	(695, 230)	(70, 23)	98
00:14:56.481	42	29.8244	(705, 230)	(71, 23)	98
00:14:56.528	39	29.8532	(715, 230)	(72, 23)	98
00:14:56.571	42	29.8492	(725, 230)	(73, 23)	98
00:14:56.619	42	29.9723	(735, 230)	(74, 23)	98
00:14:56.674	40	29.967	(749, 230)	(75, 23)	98
00:14:56.716	37	30.0852	(756, 230)	(76, 23)	98
00:14:56.757	36	30.0921	(766, 230)	(77, 23)	98
00:14:56.798	41	30.0649	(775, 230)	(78, 23)	98
00:14:56.849	43	30.1533	(785, 230)	(79, 23)	98
00:14:56.899	42	30.0839	(796, 229)	(80, 23)	98
00:14:56.945	38	30.1841	(805, 229)	(81, 23)	98
00:14:56.986	38	30.2367	(815, 229)	(82, 23)	98
00:14:57.030	42	30.2076	(825, 228)	(83, 23)	98
00:14:57.079	42	30.2147	(835, 228)	(84, 23)	98
00:14:57.127	37	30.2692	(845, 228)	(85, 23)	98
00:14:57.168	36	30.3407	(855, 228)	(86, 23)	98
00:14:57.209	37	30.3265	(865, 228)	(87, 23)	98
00:14:57.253	44	30.296	(875, 228)	(88, 23)	98
00:14:57.302	42	30.3166	(885, 228)	(89, 23)	98
00:14:57.351	39	30.3818	(895, 228)	(90, 23)	98
00:14:57.397	37	30.4339	(905, 228)	(91, 23)	98
00:14:57.440	37	30.3385	(915, 228)	(92, 23)	98
00:14:57.480	37	30.4243	(925, 228)	(93, 23)	98
00:14:57.524	42	30.4523	(935, 228)	(94, 23)	98
00:14:57.572	38	30.3867	(945, 227)	(95, 23)	98
00:14:57.612	38	30.4861	(957, 227)	(96, 23)	98
00:14:57.655	40	30.411	(966, 227)	(97, 23)	98
00:14:57.703	39	30.4898	(975, 227)	(98, 23)	98
00:14:57.752	40	30.4799	(985, 227)	(99, 23)	98
00:14:57.800	36	30.5727	(995, 227)	(100, 23)	98
00:14:57.842	38	30.521	(1005, 227)	(101, 23)	98
00:14:57.885	43	30.4144	(1015, 226)	(102, 23)	98
00:14:57.934	42	30.4335	(1025, 226)	(103, 23)	98
00:14:57.982	37	30.6084	(1035, 226)	(104, 23)	98
00:14:58.023	36	30.4994	(1045, 225)	(105, 23)	98
00:14:58.068	42	30.3911	(1055, 225)	(106, 23)	98
00:14:58.115	42	30.4169	(1065, 225)	(107, 23)	98
00:14:58.171	41	30.4399	(1071, 224)	(107, 22)	98
00:14:58.217	38	30.444	(1075, 224)	(108, 22)	98
00:14:58.261	43	30.3933	(1085, 224)	(109, 22)	98
00:14:58.310	43	30.3837	(1095, 224)	(110, 22)	98
00:14:58.358	41	30.3676	(1105, 224)	(111, 22)	98
00:14:58.405	37	30.4784	(1115, 224)	(112, 22)	98
00:14:58.446	37	30.3933	(1125, 224)	(113, 22)	98
00:14:58.489	38	30.3399	(1135, 224)	(114, 22)	98
00:14:58.530	41	30.2865	(1146, 223)	(115, 22)	98
00:14:58.581	42	30.3036	(1155, 223)	(116, 22)	98
00:14:58.628	38	30.2324	(1165, 223)	(117, 22)	98
00:14:58.670	36	30.3441	(1175, 223)	(118, 22)	98
00:14:58.711	36	30.2559	(1185, 223)	(119, 22)	98
00:14:58.754	40	30.2441	(1195, 223)	(120, 22)	98
00:14:58.803	39	30.1551	(1205, 223)	(121, 22)	98
00:14:58.850	36	30.1936	(1215, 223)	(122, 22)	98
00:14:58.894	40	30.1098	(1225, 223)	(123, 22)	98
00:14:58.945	42	30.1616	(1235, 223)	(124, 22)	98
00:14:58.997	41	30.1284	(1245, 223)	(125, 22)	98
00:14:59.045	38	30.0476	(1255, 223)	(126, 22)	98
00:14:59.086	37	30.0468	(1265, 224)	(127, 22)	98
00:14:59.130	42	29.9812	(1275, 224)	(128, 22)	98
00:14:59.179	43	29.9916	(1282, 225)	(128, 23)	98
00:14:59.234	40	29.9698	(1285, 225)	(129, 23)	98
00:14:59.281	37	29.9963	(1295, 226)	(130, 23)	98
00:14:59.324	43	29.9053	(1305, 226)	(131, 23)	98
00:14:59.373	43	29.8449	(1316, 228)	(132, 23)	98
00:14:59.422	42	29.8394	(1326, 228)	(133, 23)	98
00:14:59.469	41	29.8541	(1335, 228)	(134, 23)	98
00:14:59.518	39	29.7464	(1345, 229)	(135, 23)	98
00:14:59.568	42	29.699	(1355, 230)	(136, 23)	98
00:14:59.616	42	29.6702	(1366, 230)	(137, 23)	98
00:14:59.665	38	29.6133	(1375, 230)	(138, 23)	98
00:14:59.706	37	29.6286	(1386, 231)	(139, 23)	98
00:14:59.748	38	29.5449	(1395, 231)	(140, 23)	98
00:14:59.795	40	29.5921	(1405, 232)	(141, 23)	98
00:14:59.846	42	29.5073	(1415, 232)	(142, 23)	98
00:14:59.893	36	29.4634	(1425, 232)	(143, 23)	98
00:14:59.934	36	29.4219	(1435, 233)	(144, 23)	98
00:14:59.976	37	29.3613	(1445, 234)	(145, 23)	98
00:15:00.020	40	29.2262	(1455, 234)	(146, 23)	98
00:15:00.066	37	29.3444	(1465, 234)	(147, 23)	98
00:15:00.108	35	29.2016	(1478, 234)	(148, 23)	98
00:15:00.149	36	29.1637	(1485, 234)	(149, 23)	98
00:15:00.193	42	29.0822	(1488, 235)	(149, 24)	98
00:15:00.241	42	29.0095	(1495, 235)	(150, 24)	98
00:15:00.293	40	28.9738	(1506, 235)	(151, 24)	98
00:15:00.338	36	28.9074	(1516, 235)	(152, 24)	98
00:15:00.379	35	28.9702	(1526, 236)	(153, 24)	98
00:15:00.422	40	28.829	(1535, 236)	(154, 24)	98
00:15:00.471	38	28.709	(1546, 236)	(155, 24)	98
00:15:00.519	38	28.692	(1556, 237)	(156, 24)	98
00:15:00.561	41	28.6121	(1565, 237)	(157, 24)	98
00:15:00.610	42	28.612	(1575, 238)	(158, 24)	98
00:15:00.659	42	28.5575	(1585, 238)	(159, 24)	98
00:15:00.713	38	28.5025	(1595, 239)	(160, 24)	98
00:15:00.756	36	28.3954	(1605, 239)	(161, 24)	98
00:15:00.798	39	28.3504	(1615, 240)	(162, 24)	98
00:15:00.848	41	28.3001	(1625, 240)	(163, 24)	98
00:15:00.898	39	28.2862	(1636, 241)	(164, 24)	98
00:15:00.943	37	28.2156	(1645, 242)	(165, 24)	98
00:15:00.983	36	28.1517	(1655, 242)	(166, 24)	98
00:15:01.027	40	28.0616	(1666, 243)	(167, 24)	98
00:15:01.075	42	28.0181	(1676, 244)	(168, 24)	98
00:15:01.125	40	28.0185	(1677, 245)	(168, 25)	98
00:15:01.172	35	28.0436	(1686, 245)	(169, 25)	98
00:15:01.215	40	27.8393	(1696, 246)	(170, 25)	98
00:15:01.263	41	27.8335	(1705, 246)	(171, 25)	98
00:15:01.312	40	27.7659	(1715, 248)	(172, 25)	98
00:15:01.362	36	27.7234	(1726, 249)	(173, 25)	98
00:15:01.400	34	27.6821	(1735, 250)	(174, 25)	98
00:15:01.442	36	27.6139	(1745, 251)	(175, 25)	98
00:15:01.487	40	27.4954	(1755, 253)	(176, 25)	98
00:15:01.535	38	27.4729	(1765, 254)	(177, 25)	98
00:15:01.582	36	27.4117	(1768, 255)	(177, 26)	98
00:15:01.623	34	27.4196	(1775, 256)	(178, 26)	98
00:15:01.667	40	27.289	(1785, 258)	(179, 26)	98
00:15:01.716	44	27.2892	(1795, 260)	(180, 26)	98
00:15:01.765	40	27.2104	(1805, 262)	(181, 26)	98
00:15:01.811	35	27.201	(1815, 264)	(182, 26)	98
00:15:01.853	34	27.197	(1817, 265)	(182, 27)	98
00:15:01.894	36	27.0877	(1825, 267)	(183, 27)	98
00:15:01.938	40	27.0268	(1838, 271)	(184, 27)	98
00:15:01.987	38	26.9487	(1845, 273)	(185, 27)	98
00:15:02.027	35	27.0015	(1849, 275)	(185, 28)	98
00:15:02.068	34	26.992	(1858, 278)	(186, 28)	98
00:15:02.110	38	26.8641	(1865, 280)	(187, 28)	98
00:15:02.153	40	26.8234	(1874, 285)	(187, 29)	98
00:15:02.201	35	26.7988	(1875, 285)	(188, 29)	98
00:15:02.242	32	26.8259	(1885, 289)	(189, 29)	98
00:15:02.276	34	26.8369	(1895, 294)	(190, 29)	98
00:15:02.319	38	26.7018	(1895, 295)	(190, 30)	98
00:15:02.362	40	26.6382	(1905, 299)	(191, 30)	98
00:15:02.412	34	26.6215	(1912, 305)	(191, 31)	98
00:15:02.450	33	26.6732	(1915, 307)	(192, 31)	98
00:15:02.485	34	26.6182	(1925, 314)	(193, 31)	98
00:15:02.528	37	26.5295	(1926, 315)	(193, 32)	98
00:15:02.570	37	26.5268	(1935, 322)	(194, 32)	98
00:15:02.615	35	26.4871	(1937, 325)	(194, 33)	98
00:15:02.653	34	26.511	(1945, 333)	(195, 33)	98
00:15:02.694	34	26.536	(1947, 335)	(195, 34)	98
00:15:02.735	36	26.4113	(1955, 344)	(196, 34)	98
00:15:02.778	34	26.496	(1955, 345)	(196, 35)	98
00:15:02.824	37	26.4058	(1963, 355)	(196, 36)	98
00:15:02.867	33	26.4919	(1965, 358)	(197, 36)	98
00:15:02.902	33	26.5039	(1968, 365)	(197, 37)	98
00:15:02.937	34	26.4679	(1973, 375)	(197, 38)	98
00:15:02.981	38	26.3683	(1975, 379)	(198, 38)	98
00:15:03.029	38	26.3655	(1976, 385)	(198, 39)	98
00:15:03.076	33	26.4954	(1980, 395)	(198, 40)	98
00:15:03.110	34	26.5221	(1982, 405)	(198, 41)	98
00:15:03.146	36	26.5087	(1984, 415)	(198, 42)	98
00:15:03.188	37	26.4176	(1985, 417)	(199, 42)	98
00:15:03.231	38	26.4904	(1985, 425)	(199, 43)	98
00:15:03.272	33	26.5001	(1987, 435)	(199, 44)	98
00:15:03.312	34	26.5776	(1988, 445)	(199, 45)	98
00:15:03.355	36	26.5496	(1989, 455)	(199, 46)	98
00:15:03.397	36	26.5493	(1989, 465)	(199, 47)	98
00:15:03.439	35	26.5539	(1989, 475)	(199, 48)	98
00:15:03.482	36	26.6582	(1988, 485)	(199, 49)	98
00:15:03.521	34	26.719	(1985, 495)	(199, 50)	98
00:15:03.563	33	26.7561	(1984, 495)	(198, 50)	98
00:15:03.604	36	26.7846	(1980, 505)	(198, 51)	98
00:15:03.648	37	26.8246	(1972, 516)	(197, 52)	98
00:15:03.693	37	26.9665	(1965, 525)	(197, 53)	98
00:15:03.737	34	26.9465	(1964, 526)	(196, 53)	98
00:15:03.779	33	27.0317	(1954, 534)	(195, 53)	98
00:15:03.820	39	26.9916	(1953, 535)	(195, 54)	98
00:15:03.865	38	27.0745	(1944, 539)	(194, 54)	98
00:15:03.911	37	27.151	(1937, 545)	(194, 55)	98
00:15:03.953	36	27.1741	(1934, 547)	(193, 55)	98
00:15:03.994	37	27.2628	(1924, 555)	(192, 56)	98
00:15:04.037	41	27.3612	(1914, 561)	(191, 56)	98
00:15:04.086	39	27.4479	(1907, 565)	(191, 57)	98
00:15:04.135	34	27.4596	(1904, 567)	(190, 57)	98
00:15:04.174	40	27.5161	(1894, 572)	(189, 57)	98
00:15:04.225	39	27.6326	(1890, 575)	(189, 58)	98
00:15:04.274	41	27.6966	(1884, 577)	(188, 58)	98
00:15:04.322	36	27.7877	(1874, 581)	(187, 58)	98
00:15:04.362	35	27.8839	(1866, 585)	(187, 59)	98
00:15:04.405	37	27.8099	(1864, 585)	(186, 59)	98
00:15:04.446	39	27.9581	(1854, 590)	(185, 59)	98
00:15:04.496	40	28.0093	(1844, 594)	(184, 59)	98
00:15:04.544	37	28.0444	(1843, 595)	(184, 60)	98
00:15:04.584	35	28.1905	(1834, 597)	(183, 60)	98
00:15:04.626	34	28.2422	(1823, 601)	(182, 60)	98
00:15:04.670	41	28.3427	(1810, 606)	(181, 61)	98
00:15:04.719	41	28.3407	(1804, 609)	(180, 61)	98
00:15:04.766	37	28.4732	(1794, 612)	(179, 61)	98
00:15:04.807	37	28.5741	(1787, 615)	(179, 62)	98
00:15:04.851	42	28.5939	(1784, 616)	(178, 62)	98
00:15:04.899	41	28.6581	(1774, 619)	(177, 62)	98
00:15:04.949	39	28.7018	(1764, 622)	(176, 62)	98
00:15:04.995	37	28.6901	(1758, 625)	(176, 63)	98
00:15:05.037	38	28.7501	(1754, 626)	(175, 63)	98
00:15:05.080	41	28.8764	(1744, 628)	(174, 63)	98
00:15:05.128	43	29.0055	(1734, 631)	(173, 63)	98
00:15:05.177	38	28.9803	(1724, 633)	(172, 63)	98
00:15:05.218	37	29.0643	(1715, 635)	(172, 64)	98
00:15:05.259	41	29.0276	(1714, 635)	(171, 64)	98
00:15:05.310	42	29.152	(1704, 637)	(170, 64)	98
00:15:05.358	41	29.2566	(1694, 638)	(169, 64)	98
00:15:05.405	37	29.4584	(1684, 640)	(168, 64)	98
00:15:05.448	43	29.4258	(1674, 641)	(167, 64)	98
00:15:05.497	42	29.457	(1664, 642)	(166, 64)	98
00:15:05.546	42	29.561	(1654, 643)	(165, 64)	98
00:15:05.594	37	29.6024	(1644, 644)	(164, 64)	98
00:15:05.634	37	29.7513	(1633, 644)	(163, 64)	98
00:15:05.678	40	29.7785	(1624, 644)	(162, 64)	98
00:15:05.726	38	29.8317	(1614, 644)	(161, 64)	98
00:15:05.769	38	29.8917	(1604, 644)	(160, 64)	98
00:15:05.816	36	30.0538	(1594, 644)	(159, 64)	98
00:15:05.856	40	30.0536	(1584, 644)	(158, 64)	98
00:15:05.900	41	30.0793	(1574, 644)	(157, 64)	98
00:15:05.948	44	30.1644	(1564, 644)	(156, 64)	98
00:15:05.998	43	30.2151	(1554, 644)	(155, 64)	98
00:15:06.045	36	30.3381	(1548, 645)	(155, 65)	98
00:15:06.086	38	30.3388	(1544, 645)	(154, 65)	98
00:15:06.130	43	30.3314	(1534, 645)	(153, 65)	98
00:15:06.178	43	30.3859	(1524, 646)	(152, 65)	98
00:15:06.227	39	30.4799	(1514, 647)	(151, 65)	98
00:15:06.274	38	30.6547	(1504, 648)	(150, 65)	98
00:15:06.317	44	30.5938	(1494, 649)	(149, 65)	98
00:15:06.367	42	30.7345	(1484, 651)	(148, 65)	98
00:15:06.419	42	30.7505	(1474, 652)	(147, 65)	98
00:15:06.468	38	30.9225	(1464, 652)	(146, 65)	98
00:15:06.511	39	30.9107	(1454, 653)	(145, 65)	98
00:15:06.554	43	30.9201	(1444, 654)	(144, 65)	98
00:15:06.603	42	30.9868	(1434, 654)	(143, 65)	98
00:15:06.650	39	31.0938	(1419, 654)	(142, 65)	98
00:15:06.691	39	31.2059	(1414, 654)	(141, 65)	98
00:15:06.735	45	31.217	(1404, 654)	(140, 65)	98
00:15:06.790	43	31.2212	(1394, 654)	(139, 65)	98
00:15:06.839	42	31.2569	(1384, 654)	(138, 65)	98
00:15:06.886	39	31.413	(1374, 654)	(137, 65)	98
00:15:06.927	40	31.4892	(1356, 653)	(136, 65)	98
00:15:06.970	41	31.4062	(1354, 653)	(135, 65)	98
00:15:07.022	43	31.3794	(1344, 652)	(134, 65)	98
00:15:07.074	40	31.4175	(1334, 651)	(133, 65)	98
00:15:07.124	44	31.4437	(1323, 651)	(132, 65)	98
00:15:07.173	43	31.517	(1314, 650)	(131, 65)	98
00:15:07.223	44	31.5379	(1303, 649)	(130, 65)	98
00:15:07.277	40	31.6204	(1294, 648)	(129, 65)	98
00:15:07.324	41	31.5862	(1284, 647)	(128, 65)	98
00:15:07.373	45	31.6713	(1274, 647)	(127, 65)	98
00:15:07.423	45	31.7159	(1264, 646)	(126, 65)	98
00:15:07.472	42	31.7433	(1256, 644)	(126, 64)	98
00:15:07.519	37	31.7468	(1254, 644)	(125, 64)	98
00:15:07.560	38	31.855	(1244, 643)	(124, 64)	98
00:15:07.604	44	31.8092	(1234, 643)	(123, 64)	98
00:15:07.652	43	31.877	(1224, 641)	(122, 64)	98
00:15:07.701	42	31.9637	(1214, 641)	(121, 64)	98
00:15:07.748	38	32.0068	(1204, 641)	(120, 64)	98
00:15:07.789	39	32.02	(1194, 640)	(119, 64)	98
00:15:07.833	43	31.9927	(1184, 639)	(118, 64)	98
00:15:07.881	43	32.0249	(1174, 639)	(117, 64)	98
00:15:07.930	40	32.0483	(1164, 637)	(116, 64)	98
00:15:07.977	38	32.1142	(1154, 637)	(115, 64)	98
00:15:08.018	42	32.0966	(1144, 636)	(114, 64)	98
00:15:08.073	45	32.0721	(1134, 636)	(113, 64)	98
00:15:08.130	42	32.0751	(1124, 635)	(112, 64)	98
00:15:08.180	39	32.1427	(1114, 635)	(111, 64)	98
00:15:08.228	42	32.0391	(1110, 634)	(111, 63)	98
00:15:08.278	45	32.0538	(1104, 634)	(110, 63)	98
00:15:08.334	43	32.0582	(1093, 633)	(109, 63)	98
00:15:08.381	40	32.1473	(1084, 632)	(108, 63)	98
00:15:08.430	42	32.023	(1074, 632)	(107, 63)	98
00:15:08.479	45	31.9966	(1064, 631)	(106, 63)	98
00:15:08.536	46	32.0585	(1051, 631)	(105, 63)	98
00:15:08.590	40	31.9985	(1032, 629)	(103, 63)	98
00:15:08.639	43	31.9864	(1024, 629)	(102, 63)	98
00:15:08.689	45	31.9652	(1014, 629)	(101, 63)	98
00:15:08.743	39	32.1236	(1004, 628)	(100, 63)	98
00:15:08.784	38	32.1313	(994, 627)	(99, 63)	98
00:15:08.827	41	31.9659	(984, 627)	(98, 63)	98
00:15:08.875	42	31.9483	(974, 627)	(97, 63)	98
00:15:08.924	44	32.0376	(964, 626)	(96, 63)	98
00:15:08.971	42	31.9821	(954, 626)	(95, 63)	98
00:15:09.021	45	31.9233	(944, 626)	(94, 63)	98
00:15:09.070	45	31.9084	(934, 625)	(93, 63)	98
00:15:09.120	44	31.9979	(927, 624)	(93, 62)	98
00:15:09.169	44	31.9693	(924, 624)	(92, 62)	98
00:15:09.215	40	31.9883	(914, 623)	(91, 62)	98
00:15:09.257	39	31.9609	(904, 622)	(90, 62)	98
00:15:09.300	43	31.8874	(894, 621)	(89, 62)	98
00:15:09.348	45	31.8135	(884, 620)	(88, 62)	98
00:15:09.397	42	31.8308	(873, 619)	(87, 62)	98
00:15:09.444	37	31.8609	(864, 619)	(86, 62)	98
00:15:09.485	39	31.8695	(854, 619)	(85, 62)	98
00:15:09.527	45	31.7113	(843, 618)	(84, 62)	98
00:15:09.577	40	31.7025	(834, 618)	(83, 62)	98
00:15:09.618	37	31.7204	(823, 617)	(82, 62)	98
00:15:09.660	37	31.7071	(814, 617)	(81, 62)	98
00:15:09.702	44	31.6098	(804, 617)	(80, 62)	98
00:15:09.752	43	31.5296	(794, 617)	(79, 62)	98
00:15:09.799	42	31.508	(784, 616)	(78, 62)	98
00:15:09.848	39	31.444	(772, 616)	(77, 62)	98
00:15:09.896	41	31.399	(764, 615)	(76, 62)	98
00:15:09.946	44	31.3827	(754, 615)	(75, 62)	98
00:15:09.995	42	31.4215	(744, 615)	(74, 62)	98
00:15:10.043	39	31.3563	(734, 615)	(73, 62)	98
00:15:10.084	40	31.4233	(724, 615)	(72, 62)	98
00:15:10.134	44	31.3021	(714, 615)	(71, 62)	98
00:15:10.182	50	31.2228	(704, 615)	(70, 62)	98
00:15:10.239	40	31.1416	(694, 615)	(69, 62)	98
00:15:10.285	39	31.1247	(684, 615)	(68, 62)	98
00:15:10.329	44	31.1159	(674, 615)	(67, 62)	98
00:15:10.384	44	31.0698	(664, 616)	(66, 62)	98
00:15:10.435	43	30.9901	(654, 617)	(65, 62)	98
00:15:10.480	39	31.0055	(644, 618)	(64, 62)	98
00:15:10.523	44	30.8594	(634, 618)	(63, 62)	98
00:15:10.572	44	30.8167	(624, 619)	(62, 62)	98
00:15:10.621	43	30.7545	(614, 619)	(61, 62)	98
00:15:10.669	41	30.7301	(604, 621)	(60, 62)	98
00:15:10.715	37	30.6976	(594, 621)	(59, 62)	98
00:15:10.757	37	30.6831	(584, 622)	(58, 62)	98
00:15:10.799	38	30.5717	(574, 624)	(57, 62)	98
00:15:10.843	39	30.4284	(566, 625)	(57, 63)	98
00:15:10.890	38	30.5713	(564, 625)	(56, 63)	98
00:15:10.932	38	30.4696	(554, 625)	(55, 63)	98
00:15:10.975	42	30.372	(544, 626)	(54, 63)	98
00:15:11.023	44	30.2969	(534, 628)	(53, 63)	98
00:15:11.073	40	30.2308	(524, 629)	(52, 63)	98
00:15:11.119	39	30.3083	(514, 631)	(51, 63)	98
00:15:11.162	38	30.1047	(504, 633)	(50, 63)	98
00:15:11.204	44	30.0244	(494, 634)	(49, 63)	98
00:15:11.256	42	30.0184	(493, 635)	(49, 64)	98
00:15:11.302	41	29.9944	(484, 637)	(48, 64)	98
00:15:11.349	38	29.9308	(467, 641)	(47, 64)	98
00:15:11.395	43	29.8324	(464, 642)	(46, 64)	98
00:15:11.448	42	29.84	(458, 645)	(46, 65)	98
00:15:11.496	42	29.8596	(454, 646)	(45, 65)	98
00:15:11.545	37	29.7548	(444, 650)	(44, 65)	98
00:15:11.586	39	29.6557	(434, 654)	(43, 65)	98
00:15:11.636	42	29.6281	(432, 655)	(43, 66)	98
00:15:11.684	43	29.6024	(424, 658)	(42, 66)	98
00:15:11.731	37	29.5913	(414, 662)	(41, 66)	98
00:15:11.772	36	29.5776	(409, 665)	(41, 67)	98
00:15:11.817	38	29.4948	(404, 667)	(40, 67)	98
00:15:11.857	39	29.4244	(394, 671)	(39, 67)	98
00:15:11.899	37	29.3759	(387, 675)	(39, 68)	98
00:15:11.941	36	29.4287	(384, 676)	(38, 68)	98
00:15:11.982	38	29.3071	(374, 680)	(37, 68)	98
00:15:12.024	39	29.3159	(367, 685)	(37, 69)	98
00:15:12.067	38	29.2055	(364, 687)	(36, 69)	98
00:15:12.114	38	29.2201	(356, 695)	(36, 70)	98
00:15:12.155	36	29.2495	(354, 695)	(35, 70)	98
00:15:12.197	38	29.232	(344, 704)	(34, 70)	98
00:15:12.240	40	29.0973	(344, 705)	(34, 71)	98
00:15:12.289	42	29.041	(337, 715)	(34, 72)	98
00:15:12.337	37	29.0464	(335, 725)	(34, 73)	98
00:15:12.378	35	29.1267	(334, 727)	(33, 73)	98
00:15:12.420	37	29.052	(331, 735)	(33, 74)	98
00:15:12.462	42	29.0302	(329, 746)	(33, 75)	98
00:15:12.511	41	29.0228	(329, 755)	(33, 76)	98
00:15:12.559	38	29.1049	(329, 765)	(33, 77)	98
00:15:12.601	36	29.0996	(329, 775)	(33, 78)	98
00:15:12.644	41	29.0545	(329, 785)	(33, 79)	98
00:15:12.693	42	29.1022	(329, 795)	(33, 80)	98
00:15:12.743	41	29.0674	(329, 805)	(33, 81)	98
00:15:12.789	36	29.0639	(329, 833)	(33, 83)	98
00:15:12.831	36	29.107	(329, 836)	(33, 84)	98
00:15:12.872	39	29.0905	(329, 845)	(33, 85)	98
00:15:12.921	43	29.017	(329, 855)	(33, 86)	98
00:15:12.970	38	29.1064	(330, 865)	(33, 87)	98
00:15:13.011	37	29.0713	(332, 875)	(33, 88)	98
00:15:13.053	38	29.1159	(335, 883)	(34, 88)	98
00:15:13.096	41	29.0604	(335, 885)	(34, 89)	98
00:15:13.145	41	29.0834	(338, 895)	(34, 90)	98
00:15:13.192	38	29.0927	(341, 905)	(34, 91)	98
00:15:13.233	36	29.177	(345, 914)	(35, 91)	98
00:15:13.276	43	29.12	(346, 915)	(35, 92)	98
00:15:13.325	42	29.141	(350, 925)	(35, 93)	98
00:15:13.374	41	29.183	(355, 931)	(36, 93)	98
00:15:13.420	36	29.3145	(357, 935)	(36, 94)	98
00:15:13.462	37	29.296	(364, 945)	(36, 95)	98
00:15:13.504	38	29.2649	(365, 945)	(37, 95)	98
00:15:13.546	36	29.3271	(373, 955)	(37, 96)	98
00:15:13.589	37	29.304	(375, 956)	(38, 96)	98
00:15:13.629	36	29.4046	(384, 965)	(38, 97)	98
00:15:13.674	41	29.3914	(385, 966)	(39, 97)	98
00:15:13.721	41	29.4443	(395, 975)	(40, 98)	98
00:15:13.768	37	29.5227	(405, 982)	(41, 98)	98
00:15:13.810	35	29.5837	(411, 987)	(41, 99)	98
00:15:13.851	37	29.6055	(415, 989)	(42, 99)	98
00:15:13.895	41	29.581	(423, 995)	(42, 100)	98
00:15:13.942	39	29.6083	(425, 996)	(43, 100)	98
00:15:13.985	39	29.7295	(435, 1001)	(44, 100)	98
00:15:14.032	39	29.6963	(441, 1005)	(44, 101)	98
00:15:14.075	39	29.8314	(446, 1007)	(45, 101)	98
00:15:14.124	42	29.7987	(455, 1012)	(46, 101)	98
00:15:14.173	41	29.8865	(461, 1015)	(46, 102)	98
00:15:14.220	39	29.9302	(465, 1017)	(47, 102)	98
00:15:14.263	38	29.9615	(475, 1022)	(48, 102)	98
00:15:14.304	38	30.0883	(481, 1025)	(48, 103)	98
00:15:14.347	41	30.0587	(485, 1026)	(49, 103)	98
00:15:14.395	41	30.0658	(495, 1030)	(50, 103)	98
00:15:14.445	40	30.1044	(505, 1034)	(51, 103)	98
00:15:14.491	37	30.1687	(506, 1035)	(51, 104)	98
00:15:14.535	42	30.1714	(515, 1037)	(52, 104)	98
00:15:14.583	42	30.1963	(525, 1040)	(53, 104)	98
00:15:14.640	41	30.325	(540, 1043)	(54, 104)	98
00:15:14.686	39	30.344	(545, 1044)	(55, 104)	98
00:15:14.729	43	30.3916	(549, 1045)	(55, 105)	98
00:15:14.778	44	30.4319	(555, 1046)	(56, 105)	98
00:15:14.827	42	30.5255	(577, 1050)	(58, 105)	98
00:15:14.874	37	30.6545	(585, 1052)	(59, 105)	98
00:15:14.915	37	30.659	(595, 1053)	(60, 105)	98
00:15:14.958	40	30.7304	(605, 1054)	(61, 105)	98
00:15:15.006	42	30.7864	(608, 1055)	(61, 106)	98
00:15:15.056	42	30.7864	(615, 1056)	(62, 106)	98
00:15:15.103	37	30.9862	(625, 1057)	(63, 106)	98
00:15:15.145	37	30.9935	(635, 1058)	(64, 106)	98
00:15:15.187	41	30.9561	(645, 1059)	(65, 106)	98
00:15:15.238	42	31.0074	(655, 1060)	(66, 106)	98
00:15:15.284	38	31.1105	(665, 1061)	(67, 106)	98
00:15:15.325	37	31.2603	(675, 1061)	(68, 106)	98
00:15:15.366	40	31.2305	(685, 1063)	(69, 106)	98
00:15:15.411	42	31.2594	(695, 1063)	(70, 106)	98
00:15:15.459	42	31.3108	(705, 1064)	(71, 106)	98
00:15:15.507	39	31.3317	(715, 1064)	(72, 106)	98
00:15:15.555	38	31.5012	(719, 1065)	(72, 107)	98
00:15:15.597	37	31.4439	(725, 1065)	(73, 107)	98
00:15:15.639	43	31.4068	(735, 1066)	(74, 107)	98
00:15:15.689	41	31.4945	(745, 1066)	(75, 107)	98
00:15:15.735	38	31.6593	(755, 1066)	(76, 107)	98
00:15:15.777	38	31.6052	(765, 1066)	(77, 107)	98
00:15:15.818	40	31.6129	(775, 1067)	(78, 107)	98
00:15:15.863	43	31.6007	(785, 1067)	(79, 107)	98
00:15:15.911	40	31.6495	(795, 1068)	(80, 107)	98
00:15:15.959	37	31.7702	(805, 1069)	(81, 107)	98
00:15:15.999	42	31.7873	(815, 1070)	(82, 107)	98
00:15:16.050	44	31.804	(825, 1071)	(83, 107)	98
00:15:16.099	44	31.8517	(835, 1072)	(84, 107)	98
00:15:16.146	40	31.8927	(845, 1073)	(85, 107)	98
00:15:16.195	40	31.9421	(856, 1074)	(86, 107)	98
00:15:16.245	44	31.8409	(862, 1075)	(86, 108)	98
00:15:16.300	44	31.9194	(865, 1075)	(87, 108)	98
00:15:16.348	41	31.9179	(875, 1075)	(88, 108)	98
00:15:16.397	42	32.0004	(885, 1076)	(89, 108)	98
00:15:16.446	42	32.0061	(895, 1077)	(90, 108)	98
00:15:16.494	45	32.0564	(905, 1078)	(91, 108)	98
00:15:16.545	42	32.0471	(915, 1078)	(92, 108)	98
00:15:16.591	40	32.0622	(925, 1079)	(93, 108)	98
00:15:16.641	45	32.0873	(935, 1080)	(94, 108)	98
00:15:16.696	45	32.1553	(945, 1081)	(95, 108)	98
00:15:16.745	42	32.0956	(955, 1082)	(96, 108)	98
00:15:16.791	39	32.2007	(965, 1082)	(97, 108)	98
00:15:16.833	40	32.2013	(975, 1083)	(98, 108)	98
00:15:16.877	45	32.207	(986, 1083)	(99, 108)	98
00:15:16.933	44	32.173	(995, 1084)	(100, 108)	98
00:15:16.980	40	32.2388	(1005, 1084)	(101, 108)	98
00:15:17.022	39	32.2954	(1015, 1084)	(102, 108)	98
00:15:17.066	45	32.2584	(1017, 1085)	(102, 109)	98
00:15:17.120	45	32.2298	(1025, 1085)	(103, 109)	98
00:15:17.180	44	32.3264	(1040, 1085)	(104, 109)	98
00:15:17.230	41	32.3973	(1048, 1085)	(105, 109)	98
00:15:17.280	44	32.2646	(1055, 1086)	(106, 109)	98
00:15:17.329	45	32.2416	(1065, 1086)	(107, 109)	98
00:15:17.387	43	32.2153	(1075, 1086)	(108, 109)	98
00:15:17.432	42	32.1834	(1085, 1086)	(109, 109)	98
00:15:17.482	45	32.2806	(1096, 1086)	(110, 109)	98
00:15:17.530	46	32.263	(1105, 1086)	(111, 109)	98
00:15:17.592	44	32.2148	(1115, 1086)	(112, 109)	98
00:15:17.641	41	32.1822	(1126, 1086)	(113, 109)	98
00:15:17.692	44	32.2495	(1135, 1086)	(114, 109)	98
00:15:17.746	44	32.1779	(1146, 1086)	(115, 109)	98
00:15:17.794	40	32.1221	(1155, 1086)	(116, 109)	98
00:15:17.842	42	32.1001	(1166, 1086)	(117, 109)	98
00:15:17.893	44	32.1366	(1175, 1086)	(118, 109)	98
00:15:17.944	44	32.0502	(1185, 1085)	(119, 109)	98
00:15:17.997	43	32.0631	(1188, 1084)	(119, 108)	98
00:15:18.044	38	32.1046	(1195, 1084)	(120, 108)	98
00:15:18.085	39	32.0539	(1205, 1082)	(121, 108)	98
00:15:18.129	41	31.956	(1215, 1081)	(122, 108)	98
00:15:18.176	43	31.999	(1225, 1081)	(123, 108)	98
00:15:18.227	42	31.9363	(1235, 1081)	(124, 108)	98
00:15:18.274	39	31.9887	(1245, 1080)	(125, 108)	98
00:15:18.315	39	32.0284	(1255, 1080)	(126, 108)	98
00:15:18.364	43	31.8747	(1265, 1079)	(127, 108)	98
00:15:18.414	42	31.8225	(1275, 1078)	(128, 108)	98
00:15:18.461	37	31.8708	(1286, 1077)	(129, 108)	98
00:15:18.502	38	31.8207	(1295, 1077)	(130, 108)	98
00:15:18.545	41	31.704	(1305, 1077)	(131, 108)	98
00:15:18.594	44	31.6933	(1315, 1077)	(132, 108)	98
00:15:18.643	40	31.7119	(1325, 1077)	(133, 108)	98
00:15:18.690	39	31.6803	(1335, 1077)	(134, 108)	98
00:15:18.734	43	31.6024	(1345, 1077)	(135, 108)	98
00:15:18.782	44	31.5597	(1355, 1077)	(136, 108)	98
00:15:18.831	43	31.5144	(1365, 1079)	(137, 108)	98
00:15:18.878	40	31.4864	(1375, 1080)	(138, 108)	98
00:15:18.927	40	31.3317	(1385, 1081)	(139, 108)	98
00:15:18.977	44	31.331	(1395, 1081)	(140, 108)	98
00:15:19.027	43	31.3007	(1405, 1083)	(141, 108)	98
00:15:19.073	38	31.3747	(1416, 1084)	(142, 108)	98
00:15:19.114	37	31.2514	(1418, 1085)	(142, 109)	98
00:15:19.157	43	31.1729	(1425, 1085)	(143, 109)	98
00:15:19.206	42	31.1366	(1437, 1088)	(144, 109)	98
00:15:19.256	43	31.0317	(1445, 1088)	(145, 109)	98
00:15:19.301	38	31.064	(1455, 1089)	(146, 109)	98
00:15:19.344	43	30.8921	(1465, 1090)	(147, 109)	98
00:15:19.394	42	30.8339	(1476, 1091)	(148, 109)	98
00:15:19.443	42	30.8676	(1485, 1092)	(149, 109)	98
00:15:19.491	41	30.821	(1495, 1093)	(150, 109)	98
00:15:19.538	41	30.664	(1505, 1093)	(151, 109)	98
00:15:19.589	42	30.5714	(1515, 1093)	(152, 109)	98
00:15:19.637	42	30.5261	(1525, 1093)	(153, 109)	98
00:15:19.686	42	30.4747	(1535, 1094)	(154, 109)	98
00:15:19.733	37	30.3825	(1545, 1094)	(155, 109)	98
00:15:19.774	36	30.397	(1555, 1094)	(156, 109)	98
00:15:19.818	42	30.2089	(1565, 1094)	(157, 109)	98
00:15:19.866	42	30.2416	(1566, 1095)	(157, 110)	98
00:15:19.914	37	30.1831	(1575, 1095)	(158, 110)	98
00:15:19.954	38	30.2347	(1585, 1095)	(159, 110)	98
00:15:19.999	42	29.9833	(1596, 1096)	(160, 110)	98
00:15:20.047	43	29.939	(1605, 1096)	(161, 110)	98
00:15:20.098	41	29.9135	(1615, 1096)	(162, 110)	98
00:15:20.143	35	29.8351	(1625, 1097)	(163, 110)	98
00:15:20.184	37	29.7277	(1635, 1097)	(164, 110)	98
00:15:20.227	41	29.6333	(1645, 1097)	(165, 110)	98
00:15:20.276	40	29.5172	(1655, 1098)	(166, 110)	98
00:15:20.326	40	29.4933	(1665, 1098)	(167, 110)	98
00:15:20.373	37	29.3359	(1675, 1099)	(168, 110)	98
00:15:20.415	49	29.2585	(1685, 1099)	(169, 110)	98
00:15:20.471	43	29.2348	(1695, 1100)	(170, 110)	98
00:15:20.520	41	29.1019	(1705, 1100)	(171, 110)	98
00:15:20.567	38	29.0111	(1715, 1101)	(172, 110)	98
00:15:20.609	37	28.9526	(1725, 1101)	(173, 110)	98
00:15:20.650	42	28.8836	(1735, 1103)	(174, 110)	98
00:15:20.701	40	28.8224	(1748, 1104)	(175, 110)	98
00:15:20.748	36	28.8218	(1753, 1105)	(175, 111)	98
00:15:20.790	37	28.8009	(1755, 1105)	(176, 111)	98
00:15:20.831	39	28.6357	(1765, 1106)	(177, 111)	98
00:15:20.874	37	28.5607	(1775, 1107)	(178, 111)	98
00:15:20.915	36	28.4787	(1785, 1108)	(179, 111)	98
00:15:20.957	36	28.4204	(1798, 1109)	(180, 111)	98
00:15:20.998	35	28.3959	(1806, 1111)	(181, 111)	98
00:15:21.041	40	28.2209	(1815, 1112)	(182, 111)	98
00:15:21.090	38	28.1513	(1825, 1112)	(183, 111)	98
00:15:21.137	36	28.3259	(1835, 1113)	(184, 111)	98
00:15:21.179	33	27.9816	(1850, 1114)	(185, 111)	98
00:15:21.220	34	27.9849	(1855, 1114)	(186, 111)	98
00:15:21.262	34	27.9296	(1858, 1115)	(186, 112)	98
00:15:21.304	34	27.8557	(1865, 1116)	(187, 112)	98
00:15:21.346	33	27.7627	(1877, 1117)	(188, 112)	98
00:15:21.387	33	27.7418	(1885, 1118)	(189, 112)	98
00:15:21.422	33	27.6169	(1895, 1120)	(190, 112)	98
00:15:21.464	35	27.4658	(1905, 1121)	(191, 112)	98
00:15:21.505	34	24.1723	(0, 0)	(0, 0)	98
EOM

