BOM
Frame extends: 2263, 1306
_ms_area: 10
measurements taken: 585
current rendering method: 0
is mouse replay: 1
Camera settings: Roation Quaternion: ( -0.00927681, 0.775348, -0.00906515, -0.631399), Translationsvektor: ( 0.326116, -0.188361, 1.775).
System_Time	Elapsed_Time_PaintGL	Elapsed_Kernel_Time	Frame_Coordinates	Grid_Position	Manual_Measurement
15:51:39.060	34	27.0557	(-1, -1)	(-1, -1)	62
15:51:39.099	37	27.0606	(-1, -1)	(-1, -1)	62
15:51:39.140	38	27.0344	(-1, -1)	(-1, -1)	62
15:51:39.181	39	27.0705	(-1, -1)	(-1, -1)	62
15:51:39.229	36	27.0313	(-1, -1)	(-1, -1)	62
15:51:39.271	33	27.1153	(-1, -1)	(-1, -1)	62
15:51:39.313	36	27.0419	(-1, -1)	(-1, -1)	62
15:51:39.354	37	27.0375	(-1, -1)	(-1, -1)	62
15:51:39.396	36	27.0778	(-1, -1)	(-1, -1)	62
15:51:39.438	34	27.0305	(-1, -1)	(-1, -1)	62
15:51:39.479	35	27.1224	(-1, -1)	(-1, -1)	62
15:51:39.524	36	27.0481	(-1, -1)	(-1, -1)	62
15:51:39.564	35	27.0316	(-1, -1)	(-1, -1)	62
15:51:39.606	36	27.0286	(-1, -1)	(-1, -1)	62
15:51:39.649	35	27.076	(-1, -1)	(-1, -1)	62
15:51:39.689	34	27.0859	(-1, -1)	(-1, -1)	62
15:51:39.732	40	27.0233	(-1, -1)	(-1, -1)	62
15:51:39.780	38	27.0178	(-1, -1)	(-1, -1)	62
15:51:39.823	37	27.0317	(-1, -1)	(-1, -1)	62
15:51:39.871	34	27.0465	(-1, -1)	(-1, -1)	62
15:51:39.910	34	27.0932	(-1, -1)	(-1, -1)	62
15:51:39.952	34	27.0981	(-1, -1)	(-1, -1)	62
15:51:40.051	34	27.0471	(-1, -1)	(-1, -1)	62
15:51:40.092	34	27.0384	(-1, -1)	(-1, -1)	62
15:51:40.133	35	27.0397	(-1, -1)	(-1, -1)	62
15:51:40.179	38	27.0412	(-1, -1)	(-1, -1)	62
15:51:40.225	38	27.035	(-1, -1)	(-1, -1)	62
15:51:40.275	39	27.0538	(-1, -1)	(-1, -1)	62
15:51:40.321	35	27.0357	(-1, -1)	(-1, -1)	62
15:51:40.363	35	27.1836	(-1, -1)	(-1, -1)	62
15:51:40.406	39	27.0476	(-1, -1)	(-1, -1)	62
15:51:40.454	39	27.0593	(-1, -1)	(-1, -1)	62
15:51:40.502	35	27.0625	(-1, -1)	(-1, -1)	62
15:51:40.544	34	27.0504	(-1, -1)	(-1, -1)	62
15:51:40.584	36	27.0222	(-1, -1)	(-1, -1)	62
15:51:40.627	36	27.0637	(-1, -1)	(-1, -1)	62
15:51:40.669	36	27.0348	(-1, -1)	(-1, -1)	62
15:51:40.711	34	27.063	(-1, -1)	(-1, -1)	62
15:51:40.752	33	27.1077	(-1, -1)	(-1, -1)	62
15:51:40.787	33	27.1049	(-1, -1)	(-1, -1)	62
15:51:40.829	36	27.0763	(-1, -1)	(-1, -1)	62
15:51:40.872	42	27.0948	(-1, -1)	(-1, -1)	62
15:51:40.922	39	27.0582	(-1, -1)	(-1, -1)	62
15:51:40.968	35	27.0714	(-1, -1)	(-1, -1)	62
15:51:41.009	35	27.0994	(-1, -1)	(-1, -1)	62
15:51:41.055	39	27.0268	(-1, -1)	(-1, -1)	62
15:51:41.101	39	27.0702	(-1, -1)	(-1, -1)	62
15:51:41.153	37	27.0834	(-1, -1)	(-1, -1)	62
15:51:41.196	37	27.045	(-1, -1)	(-1, -1)	62
15:51:41.242	38	27.0347	(-1, -1)	(-1, -1)	62
15:51:41.288	35	27.0883	(-1, -1)	(-1, -1)	62
15:51:41.331	39	27.0785	(-1, -1)	(-1, -1)	62
15:51:41.379	35	27.0182	(-1, -1)	(-1, -1)	62
15:51:41.420	34	27.0356	(-1, -1)	(-1, -1)	62
15:51:41.462	39	27.0062	(-1, -1)	(-1, -1)	62
15:51:41.512	40	27.0622	(-1, -1)	(-1, -1)	62
15:51:41.561	39	27.064	(-1, -1)	(-1, -1)	62
15:51:41.607	36	27.0305	(-1, -1)	(-1, -1)	62
15:51:41.650	39	27.0277	(-1, -1)	(-1, -1)	62
15:51:41.698	40	27.0572	(-1, -1)	(-1, -1)	62
15:51:41.748	40	27.0253	(-1, -1)	(-1, -1)	62
15:51:41.795	34	27.1123	(-1, -1)	(-1, -1)	62
15:51:41.836	36	27.0544	(-1, -1)	(-1, -1)	62
15:51:41.878	35	27.0244	(-1, -1)	(-1, -1)	62
15:51:41.919	38	27.0459	(-1, -1)	(-1, -1)	62
15:51:41.965	38	27.0923	(-1, -1)	(-1, -1)	62
15:51:42.010	34	27.1087	(-1, -1)	(-1, -1)	62
15:51:42.051	33	27.0987	(-1, -1)	(-1, -1)	62
15:51:42.086	35	27.0773	(-1, -1)	(-1, -1)	62
15:51:42.128	37	27.0745	(-1, -1)	(-1, -1)	62
15:51:42.172	41	27.036	(-1, -1)	(-1, -1)	62
15:51:42.218	35	27.0601	(-1, -1)	(-1, -1)	62
15:51:42.260	34	27.1307	(-1, -1)	(-1, -1)	62
15:51:42.303	41	27.0723	(-1, -1)	(-1, -1)	62
15:51:42.352	38	27.0164	(-1, -1)	(-1, -1)	62
15:51:42.399	34	27.1441	(-1, -1)	(-1, -1)	62
15:51:42.440	33	27.1299	(-1, -1)	(-1, -1)	62
15:51:42.475	34	27.0901	(-1, -1)	(-1, -1)	62
15:51:42.517	37	27.0356	(-1, -1)	(-1, -1)	62
15:51:42.561	41	27.0375	(-1, -1)	(-1, -1)	62
15:51:42.608	35	27.0393	(-1, -1)	(-1, -1)	62
15:51:42.649	34	27.1247	(-1, -1)	(-1, -1)	62
15:51:42.684	33	27.0966	(-1, -1)	(-1, -1)	62
15:51:42.726	35	27.101	(-1, -1)	(-1, -1)	62
15:51:42.774	39	27.0292	(-1, -1)	(-1, -1)	62
15:51:42.817	36	27.0369	(-1, -1)	(-1, -1)	62
15:51:42.859	34	27.0401	(-1, -1)	(-1, -1)	62
15:51:42.900	37	27.0576	(-1, -1)	(-1, -1)	62
15:51:42.946	40	27.0213	(-1, -1)	(-1, -1)	62
15:51:42.993	39	27.0412	(-1, -1)	(-1, -1)	62
15:51:43.040	34	27.0513	(-1, -1)	(-1, -1)	62
15:51:43.086	38	27.0221	(-1, -1)	(-1, -1)	62
15:51:43.132	39	27.0422	(-1, -1)	(-1, -1)	62
15:51:43.189	37	27.032	(-1, -1)	(-1, -1)	62
15:51:43.234	37	27.0526	(-1, -1)	(-1, -1)	62
15:51:43.275	33	27.1084	(-1, -1)	(-1, -1)	62
15:51:43.317	34	27.1135	(-1, -1)	(-1, -1)	62
15:51:43.361	37	27.0412	(-1, -1)	(-1, -1)	62
15:51:43.412	38	27.0296	(-1, -1)	(-1, -1)	62
15:51:43.456	34	27.2079	(-1, -1)	(-1, -1)	62
15:51:43.497	36	27.1268	(-1, -1)	(-1, -1)	62
15:51:43.541	40	27.0671	(-1, -1)	(-1, -1)	62
15:51:43.589	41	27.0513	(-1, -1)	(-1, -1)	62
15:51:43.638	39	27.0701	(-1, -1)	(-1, -1)	62
15:51:43.679	35	27.0446	(-1, -1)	(-1, -1)	62
15:51:43.720	35	27.0381	(-1, -1)	(-1, -1)	62
15:51:43.762	34	27.1041	(-1, -1)	(-1, -1)	62
15:51:43.805	39	27.0428	(-1, -1)	(-1, -1)	62
15:51:43.855	37	27.0578	(-1, -1)	(-1, -1)	62
15:51:43.894	34	27.1166	(-1, -1)	(-1, -1)	62
15:51:43.935	33	27.0892	(-1, -1)	(-1, -1)	62
15:51:43.971	35	27.0634	(-1, -1)	(-1, -1)	62
15:51:44.012	38	27.0671	(-1, -1)	(-1, -1)	62
15:51:44.056	37	27.0406	(-1, -1)	(-1, -1)	62
15:51:44.102	33	27.1259	(-1, -1)	(-1, -1)	62
15:51:44.144	35	27.1193	(-1, -1)	(-1, -1)	62
15:51:44.186	35	27.1373	(-1, -1)	(-1, -1)	62
15:51:44.231	39	27.0338	(-1, -1)	(-1, -1)	62
15:51:44.277	35	27.0361	(-1, -1)	(-1, -1)	62
15:51:44.319	36	27.0532	(-1, -1)	(-1, -1)	62
15:51:44.360	35	27.0628	(-1, -1)	(-1, -1)	62
15:51:44.402	35	27.0547	(-1, -1)	(-1, -1)	62
15:51:44.444	35	27.0449	(-1, -1)	(-1, -1)	62
15:51:44.485	35	27.0489	(-1, -1)	(-1, -1)	62
15:51:44.527	35	27.0276	(-1, -1)	(-1, -1)	62
15:51:44.570	35	27.053	(-1, -1)	(-1, -1)	62
15:51:44.610	37	27.0499	(-1, -1)	(-1, -1)	62
15:51:44.653	40	27.0394	(-1, -1)	(-1, -1)	62
15:51:44.701	36	27.0631	(-1, -1)	(-1, -1)	62
15:51:44.743	36	27.0471	(-1, -1)	(-1, -1)	62
15:51:44.786	35	27.0212	(-1, -1)	(-1, -1)	62
15:51:44.826	35	27.0299	(-1, -1)	(-1, -1)	62
15:51:44.867	37	27.0535	(-1, -1)	(-1, -1)	62
15:51:44.910	35	27.024	(-1, -1)	(-1, -1)	62
15:51:44.952	40	27.0375	(-1, -1)	(-1, -1)	62
15:51:45.001	39	27.0502	(-1, -1)	(-1, -1)	62
15:51:45.049	40	27.0259	(-1, -1)	(-1, -1)	62
15:51:45.098	39	27.0556	(-1, -1)	(-1, -1)	62
15:51:45.145	35	27.0347	(-1, -1)	(-1, -1)	62
15:51:45.187	36	27.0778	(-1, -1)	(-1, -1)	62
15:51:45.229	35	27.0486	(-1, -1)	(-1, -1)	62
15:51:45.271	40	27.0376	(-1, -1)	(-1, -1)	62
15:51:45.322	39	27.0403	(-1, -1)	(-1, -1)	62
15:51:45.368	35	27.0647	(-1, -1)	(-1, -1)	62
15:51:45.412	35	27.0489	(-1, -1)	(-1, -1)	62
15:51:45.451	40	27.0437	(-1, -1)	(-1, -1)	62
15:51:45.501	39	27.0326	(-1, -1)	(-1, -1)	62
15:51:45.548	35	27.0809	(-1, -1)	(-1, -1)	62
15:51:45.589	34	27.1058	(-1, -1)	(-1, -1)	62
15:51:45.624	34	27.1153	(-1, -1)	(-1, -1)	62
15:51:45.668	40	27.032	(-1, -1)	(-1, -1)	62
15:51:45.717	36	27.0634	(-1, -1)	(-1, -1)	62
15:51:45.757	35	27.0255	(-1, -1)	(-1, -1)	62
15:51:45.798	33	27.1243	(-1, -1)	(-1, -1)	62
15:51:45.833	33	27.1135	(-1, -1)	(-1, -1)	62
15:51:45.876	39	27.0326	(-1, -1)	(-1, -1)	62
15:51:45.925	38	27.0649	(-1, -1)	(-1, -1)	62
15:51:45.966	34	27.1603	(-1, -1)	(-1, -1)	62
15:51:46.009	34	27.0508	(-1, -1)	(-1, -1)	62
15:51:46.051	39	27.0364	(-1, -1)	(-1, -1)	62
15:51:46.101	42	27.0401	(-1, -1)	(-1, -1)	62
15:51:46.155	40	27.0664	(-1, -1)	(-1, -1)	62
15:51:46.202	35	27.0594	(-1, -1)	(-1, -1)	62
15:51:46.244	34	27.1255	(-1, -1)	(-1, -1)	62
15:51:46.286	36	27.0609	(-1, -1)	(-1, -1)	62
15:51:46.328	37	27.0376	(-1, -1)	(-1, -1)	62
15:51:46.370	36	27.0656	(-1, -1)	(-1, -1)	62
15:51:46.411	36	27.0216	(-1, -1)	(-1, -1)	62
15:51:46.453	40	27.0437	(-1, -1)	(-1, -1)	62
15:51:46.502	39	27.0508	(-1, -1)	(-1, -1)	62
15:51:46.551	39	27.0727	(-1, -1)	(-1, -1)	62
15:51:46.601	34	27.0679	(-1, -1)	(-1, -1)	62
15:51:46.640	34	27.1209	(-1, -1)	(-1, -1)	62
15:51:46.683	39	27.0502	(-1, -1)	(-1, -1)	62
15:51:46.730	37	27.0455	(-1, -1)	(-1, -1)	62
15:51:46.774	39	27.0576	(-1, -1)	(-1, -1)	62
15:51:46.821	36	27.0844	(-1, -1)	(-1, -1)	62
15:51:46.865	40	27.0399	(-1, -1)	(-1, -1)	62
15:51:46.912	38	27.024	(-1, -1)	(-1, -1)	62
15:51:46.965	38	27.051	(-1, -1)	(-1, -1)	62
15:51:47.008	35	27.0397	(-1, -1)	(-1, -1)	62
15:51:47.050	33	27.1286	(-1, -1)	(-1, -1)	62
15:51:47.084	35	27.1265	(-1, -1)	(-1, -1)	62
15:51:47.127	38	27.0449	(-1, -1)	(-1, -1)	62
15:51:47.170	39	27.061	(-1, -1)	(-1, -1)	62
15:51:47.219	36	27.0345	(-1, -1)	(-1, -1)	62
15:51:47.258	34	27.1532	(-1, -1)	(-1, -1)	62
15:51:47.299	34	27.0889	(-1, -1)	(-1, -1)	62
15:51:47.343	39	27.0455	(-1, -1)	(-1, -1)	62
15:51:47.392	39	27.0385	(-1, -1)	(-1, -1)	62
15:51:47.441	35	27.0351	(-1, -1)	(-1, -1)	62
15:51:47.481	36	27.0396	(-1, -1)	(-1, -1)	62
15:51:47.525	38	27.0736	(-1, -1)	(-1, -1)	62
15:51:47.573	38	27.077	(-1, -1)	(-1, -1)	62
15:51:47.622	39	27.0345	(-1, -1)	(-1, -1)	62
15:51:47.669	35	27.0508	(-1, -1)	(-1, -1)	62
15:51:47.710	34	27.1317	(-1, -1)	(-1, -1)	62
15:51:47.753	38	27.0329	(-1, -1)	(-1, -1)	62
15:51:47.795	39	27.0261	(-1, -1)	(-1, -1)	62
15:51:47.844	37	27.0483	(-1, -1)	(-1, -1)	62
15:51:47.885	34	27.2366	(-1, -1)	(-1, -1)	62
15:51:47.927	40	27.0498	(-1, -1)	(-1, -1)	62
15:51:47.976	38	27.0545	(-1, -1)	(-1, -1)	62
15:51:48.025	38	27.0385	(-1, -1)	(-1, -1)	62
15:51:48.067	35	27.1351	(-1, -1)	(-1, -1)	62
15:51:48.107	34	27.1114	(-1, -1)	(-1, -1)	62
15:51:48.149	33	27.0961	(-1, -1)	(-1, -1)	62
15:51:48.193	37	27.0369	(-1, -1)	(-1, -1)	62
15:51:48.241	37	27.0378	(-1, -1)	(-1, -1)	62
15:51:48.281	34	27.1267	(-1, -1)	(-1, -1)	62
15:51:48.323	34	27.0711	(-1, -1)	(-1, -1)	62
15:51:48.369	38	27.0354	(-1, -1)	(-1, -1)	62
15:51:48.413	40	27.0686	(-1, -1)	(-1, -1)	62
15:51:48.465	38	27.0732	(-1, -1)	(-1, -1)	62
15:51:48.510	34	27.1098	(-1, -1)	(-1, -1)	62
15:51:48.552	33	27.1139	(-1, -1)	(-1, -1)	62
15:51:48.594	37	27.0356	(-1, -1)	(-1, -1)	62
15:51:48.635	39	27.0393	(-1, -1)	(-1, -1)	62
15:51:48.678	38	27.0295	(-1, -1)	(-1, -1)	62
15:51:48.719	34	27.1319	(-1, -1)	(-1, -1)	62
15:51:48.760	33	27.1495	(-1, -1)	(-1, -1)	62
15:51:48.802	36	27.0499	(-1, -1)	(-1, -1)	62
15:51:48.844	40	27.0687	(-1, -1)	(-1, -1)	62
15:51:48.897	37	27.0431	(-1, -1)	(-1, -1)	62
15:51:48.942	34	27.0564	(-1, -1)	(-1, -1)	62
15:51:48.983	36	27.0341	(-1, -1)	(-1, -1)	62
15:51:49.025	39	27.0422	(-1, -1)	(-1, -1)	62
15:51:49.074	40	27.0422	(-1, -1)	(-1, -1)	62
15:51:49.122	35	27.0705	(-1, -1)	(-1, -1)	62
15:51:49.164	35	27.0407	(-1, -1)	(-1, -1)	62
15:51:49.209	38	27.0332	(-1, -1)	(-1, -1)	62
15:51:49.258	39	27.0345	(-1, -1)	(-1, -1)	62
15:51:49.304	39	27.0329	(-1, -1)	(-1, -1)	62
15:51:49.351	34	27.0942	(-1, -1)	(-1, -1)	62
15:51:49.393	36	27.0147	(-1, -1)	(-1, -1)	62
15:51:49.436	38	27.0692	(-1, -1)	(-1, -1)	62
15:51:49.485	38	27.0948	(-1, -1)	(-1, -1)	62
15:51:49.532	36	27.0468	(-1, -1)	(-1, -1)	62
15:51:49.575	35	27.0624	(-1, -1)	(-1, -1)	62
15:51:49.615	37	27.0684	(-1, -1)	(-1, -1)	62
15:51:49.658	39	27.0299	(-1, -1)	(-1, -1)	62
15:51:49.709	36	27.0671	(-1, -1)	(-1, -1)	62
15:51:49.748	35	27.0361	(-1, -1)	(-1, -1)	62
15:51:49.789	36	27.0412	(-1, -1)	(-1, -1)	62
15:51:49.831	40	27.065	(-1, -1)	(-1, -1)	62
15:51:49.881	39	27.0347	(-1, -1)	(-1, -1)	62
15:51:49.930	39	27.0621	(-1, -1)	(-1, -1)	62
15:51:49.977	35	27.1009	(-1, -1)	(-1, -1)	62
15:51:50.022	47	27.0273	(-1, -1)	(-1, -1)	62
15:51:50.075	39	27.0361	(-1, -1)	(-1, -1)	62
15:51:50.124	39	27.0633	(-1, -1)	(-1, -1)	62
15:51:50.172	34	27.0553	(-1, -1)	(-1, -1)	62
15:51:50.213	33	27.0932	(-1, -1)	(-1, -1)	62
15:51:50.247	35	27.1047	(-1, -1)	(-1, -1)	62
15:51:50.293	38	27.031	(-1, -1)	(-1, -1)	62
15:51:50.339	35	27.0391	(-1, -1)	(-1, -1)	62
15:51:50.380	33	27.1047	(-1, -1)	(-1, -1)	62
15:51:50.414	34	27.0976	(-1, -1)	(-1, -1)	62
15:51:50.449	34	27.1126	(-1, -1)	(-1, -1)	62
15:51:50.492	35	27.0336	(-1, -1)	(-1, -1)	62
15:51:50.533	37	27.0415	(-1, -1)	(-1, -1)	62
15:51:50.575	36	27.04	(-1, -1)	(-1, -1)	62
15:51:50.619	36	27.0656	(-1, -1)	(-1, -1)	62
15:51:50.658	36	27.0387	(-1, -1)	(-1, -1)	62
15:51:50.700	36	27.0372	(-1, -1)	(-1, -1)	62
15:51:50.742	35	27.0287	(-1, -1)	(-1, -1)	62
15:51:50.785	35	27.0364	(-1, -1)	(-1, -1)	62
15:51:50.825	37	27.0399	(-1, -1)	(-1, -1)	62
15:51:50.867	35	27.0536	(-1, -1)	(-1, -1)	62
15:51:50.910	35	27.039	(-1, -1)	(-1, -1)	62
15:51:50.950	38	27.0036	(-1, -1)	(-1, -1)	62
15:51:51.001	39	27.0708	(-1, -1)	(-1, -1)	62
15:51:51.048	34	27.1056	(-1, -1)	(-1, -1)	62
15:51:51.089	37	27.0339	(-1, -1)	(-1, -1)	62
15:51:51.132	39	27.0434	(-1, -1)	(-1, -1)	62
15:51:51.181	39	27.0604	(-1, -1)	(-1, -1)	62
15:51:51.230	36	27.0204	(-1, -1)	(-1, -1)	62
15:51:51.270	36	27.0618	(-1, -1)	(-1, -1)	62
15:51:51.313	40	27.0299	(-1, -1)	(-1, -1)	62
15:51:51.362	38	27.0526	(-1, -1)	(-1, -1)	62
15:51:51.412	39	27.0535	(-1, -1)	(-1, -1)	62
15:51:51.461	36	27.0868	(-1, -1)	(-1, -1)	62
15:51:51.499	36	27.0431	(-1, -1)	(-1, -1)	62
15:51:51.541	40	27.0467	(-1, -1)	(-1, -1)	62
15:51:51.591	40	27.049	(-1, -1)	(-1, -1)	62
15:51:51.640	38	27.0447	(-1, -1)	(-1, -1)	62
15:51:51.687	33	27.027	(-1, -1)	(-1, -1)	62
15:51:51.728	33	27.1006	(-1, -1)	(-1, -1)	62
15:51:51.771	38	27.0412	(-1, -1)	(-1, -1)	62
15:51:51.814	39	27.0656	(-1, -1)	(-1, -1)	62
15:51:51.862	38	27.0753	(-1, -1)	(-1, -1)	62
15:51:51.902	33	27.1089	(-1, -1)	(-1, -1)	62
15:51:51.937	33	27.1173	(-1, -1)	(-1, -1)	62
15:51:51.979	36	27.031	(-1, -1)	(-1, -1)	62
15:51:52.022	35	27.0514	(-1, -1)	(-1, -1)	62
15:51:52.063	35	27.029	(-1, -1)	(-1, -1)	62
15:51:52.104	37	27.047	(-1, -1)	(-1, -1)	62
15:51:52.148	40	27.0212	(-1, -1)	(-1, -1)	62
15:51:52.196	38	27.0452	(-1, -1)	(-1, -1)	62
15:51:52.244	39	27.0447	(-1, -1)	(-1, -1)	62
15:51:52.292	34	27.0772	(-1, -1)	(-1, -1)	62
15:51:52.333	34	27.076	(-1, -1)	(-1, -1)	62
15:51:52.376	37	27.0563	(-1, -1)	(-1, -1)	62
15:51:52.418	38	27.0289	(-1, -1)	(-1, -1)	62
15:51:52.467	39	27.0547	(-1, -1)	(-1, -1)	62
15:51:52.514	35	27.0471	(-1, -1)	(-1, -1)	62
15:51:52.556	35	27.0465	(-1, -1)	(-1, -1)	62
15:51:52.598	35	27.0329	(-1, -1)	(-1, -1)	62
15:51:52.639	36	27.0332	(-1, -1)	(-1, -1)	62
15:51:52.682	39	27.0332	(-1, -1)	(-1, -1)	62
15:51:52.725	35	27.0572	(-1, -1)	(-1, -1)	62
15:51:52.765	36	27.1047	(-1, -1)	(-1, -1)	62
15:51:52.808	39	27.0415	(-1, -1)	(-1, -1)	62
15:51:52.856	40	27.0462	(-1, -1)	(-1, -1)	62
15:51:52.906	40	27.0267	(-1, -1)	(-1, -1)	62
15:51:52.952	35	27.0437	(-1, -1)	(-1, -1)	62
15:51:52.994	36	27.0504	(-1, -1)	(-1, -1)	62
15:51:53.035	35	27.075	(-1, -1)	(-1, -1)	62
15:51:53.078	41	27.076	(-1, -1)	(-1, -1)	62
15:51:53.127	41	27.0455	(-1, -1)	(-1, -1)	62
15:51:53.175	34	27.1107	(-1, -1)	(-1, -1)	62
15:51:53.216	36	27.132	(-1, -1)	(-1, -1)	62
15:51:53.261	39	27.0459	(-1, -1)	(-1, -1)	62
15:51:53.308	39	27.0253	(-1, -1)	(-1, -1)	62
15:51:53.349	35	27.059	(-1, -1)	(-1, -1)	62
15:51:53.390	33	27.113	(-1, -1)	(-1, -1)	62
15:51:53.425	33	27.1098	(-1, -1)	(-1, -1)	62
15:51:53.467	35	27.033	(-1, -1)	(-1, -1)	62
15:51:53.508	34	27.0862	(-1, -1)	(-1, -1)	62
15:51:53.551	35	27.0356	(-1, -1)	(-1, -1)	62
15:51:53.591	35	27.0274	(-1, -1)	(-1, -1)	62
15:51:53.634	36	27.0781	(-1, -1)	(-1, -1)	62
15:51:53.676	37	27.067	(-1, -1)	(-1, -1)	62
15:51:53.717	37	27.0319	(-1, -1)	(-1, -1)	62
15:51:53.759	34	27.0381	(-1, -1)	(-1, -1)	62
15:51:53.800	36	27.1043	(-1, -1)	(-1, -1)	62
15:51:53.844	39	27.0313	(-1, -1)	(-1, -1)	62
15:51:53.891	42	27.059	(-1, -1)	(-1, -1)	62
15:51:53.942	39	27.0489	(-1, -1)	(-1, -1)	62
15:51:53.990	34	27.0797	(-1, -1)	(-1, -1)	62
15:51:54.030	39	27.0673	(-1, -1)	(-1, -1)	62
15:51:54.073	39	27.0462	(-1, -1)	(-1, -1)	62
15:51:54.122	39	27.0357	(-1, -1)	(-1, -1)	62
15:51:54.170	39	27.0696	(-1, -1)	(-1, -1)	62
15:51:54.217	34	27.14	(-1, -1)	(-1, -1)	62
15:51:54.260	35	27.0581	(-1, -1)	(-1, -1)	62
15:51:54.302	35	27.0446	(-1, -1)	(-1, -1)	62
15:51:54.342	38	27.0533	(-1, -1)	(-1, -1)	62
15:51:54.385	34	27.0625	(-1, -1)	(-1, -1)	62
15:51:54.427	34	27.0658	(-1, -1)	(-1, -1)	62
15:51:54.467	36	27.1255	(-1, -1)	(-1, -1)	62
15:51:54.511	38	27.0696	(-1, -1)	(-1, -1)	62
15:51:54.559	40	27.0951	(-1, -1)	(-1, -1)	62
15:51:54.610	39	27.0359	(-1, -1)	(-1, -1)	62
15:51:54.655	34	27.0996	(-1, -1)	(-1, -1)	62
15:51:54.698	39	27.0335	(-1, -1)	(-1, -1)	62
15:51:54.740	35	27.0353	(-1, -1)	(-1, -1)	62
15:51:54.780	39	27.0557	(-1, -1)	(-1, -1)	62
15:51:54.822	35	27.0858	(-1, -1)	(-1, -1)	62
15:51:54.863	34	27.0708	(-1, -1)	(-1, -1)	62
15:51:54.898	35	27.1236	(-1, -1)	(-1, -1)	62
15:51:54.945	38	27.0474	(-1, -1)	(-1, -1)	62
15:51:54.990	38	27.0479	(-1, -1)	(-1, -1)	62
15:51:55.031	34	27.1098	(-1, -1)	(-1, -1)	62
15:51:55.072	33	27.0892	(-1, -1)	(-1, -1)	62
15:51:55.106	36	27.1049	(-1, -1)	(-1, -1)	62
15:51:55.151	38	27.0369	(-1, -1)	(-1, -1)	62
15:51:55.199	42	27.0256	(-1, -1)	(-1, -1)	62
15:51:55.246	34	27.1474	(-1, -1)	(-1, -1)	62
15:51:55.288	36	27.1376	(-1, -1)	(-1, -1)	62
15:51:55.331	40	27.0455	(-1, -1)	(-1, -1)	62
15:51:55.380	40	27.0733	(-1, -1)	(-1, -1)	62
15:51:55.432	37	27.0387	(-1, -1)	(-1, -1)	62
15:51:55.476	35	27.0339	(-1, -1)	(-1, -1)	62
15:51:55.519	40	27.0379	(-1, -1)	(-1, -1)	62
15:51:55.573	39	27.0292	(-1, -1)	(-1, -1)	62
15:51:55.623	41	27.0421	(-1, -1)	(-1, -1)	62
15:51:55.671	34	27.2653	(-1, -1)	(-1, -1)	62
15:51:55.712	35	27.0711	(-1, -1)	(-1, -1)	62
15:51:55.754	35	27.0406	(-1, -1)	(-1, -1)	62
15:51:55.796	35	27.0513	(-1, -1)	(-1, -1)	62
15:51:55.839	39	27.0302	(-1, -1)	(-1, -1)	62
15:51:55.886	37	27.0815	(-1, -1)	(-1, -1)	62
15:51:55.928	35	27.0425	(-1, -1)	(-1, -1)	62
15:51:55.969	36	27.0513	(-1, -1)	(-1, -1)	62
15:51:56.012	39	27.019	(-1, -1)	(-1, -1)	62
15:51:56.062	39	27.0625	(-1, -1)	(-1, -1)	62
15:51:56.108	33	27.1034	(-1, -1)	(-1, -1)	62
15:51:56.150	35	27.0695	(-1, -1)	(-1, -1)	62
15:51:56.191	37	27.021	(-1, -1)	(-1, -1)	62
15:51:56.235	39	27.0647	(-1, -1)	(-1, -1)	62
15:51:56.286	38	27.0396	(-1, -1)	(-1, -1)	62
15:51:56.330	36	27.0388	(-1, -1)	(-1, -1)	62
15:51:56.374	38	27.0782	(-1, -1)	(-1, -1)	62
15:51:56.422	39	27.0427	(-1, -1)	(-1, -1)	62
15:51:56.473	38	27.0572	(-1, -1)	(-1, -1)	62
15:51:56.521	34	27.056	(-1, -1)	(-1, -1)	62
15:51:56.560	33	27.0858	(-1, -1)	(-1, -1)	62
15:51:56.595	35	27.0393	(-1, -1)	(-1, -1)	62
15:51:56.637	34	27.1287	(-1, -1)	(-1, -1)	62
15:51:56.678	35	27.027	(-1, -1)	(-1, -1)	62
15:51:56.720	33	27.0788	(-1, -1)	(-1, -1)	62
15:51:56.761	33	27.1062	(-1, -1)	(-1, -1)	62
15:51:56.804	37	27.0585	(-1, -1)	(-1, -1)	62
15:51:56.846	37	27.0256	(-1, -1)	(-1, -1)	62
15:51:56.888	38	27.064	(-1, -1)	(-1, -1)	62
15:51:56.931	37	27.0541	(-1, -1)	(-1, -1)	62
15:51:56.971	35	27.0773	(-1, -1)	(-1, -1)	62
15:51:57.013	39	27.039	(-1, -1)	(-1, -1)	62
15:51:57.062	40	27.0387	(-1, -1)	(-1, -1)	62
15:51:57.116	38	27.0324	(-1, -1)	(-1, -1)	62
15:51:57.158	33	27.1034	(-1, -1)	(-1, -1)	62
15:51:57.200	38	27.0461	(-1, -1)	(-1, -1)	62
15:51:57.242	38	27.0244	(-1, -1)	(-1, -1)	62
15:51:57.284	37	27.0575	(-1, -1)	(-1, -1)	62
15:51:57.325	37	27.0313	(-1, -1)	(-1, -1)	62
15:51:57.367	35	27.0504	(-1, -1)	(-1, -1)	62
15:51:57.408	35	27.0437	(-1, -1)	(-1, -1)	62
15:51:57.450	38	27.0332	(-1, -1)	(-1, -1)	62
15:51:57.494	38	27.0276	(-1, -1)	(-1, -1)	62
15:51:57.542	35	27.0526	(-1, -1)	(-1, -1)	62
15:51:57.582	33	27.0847	(-1, -1)	(-1, -1)	62
15:51:57.624	37	27.0763	(-1, -1)	(-1, -1)	62
15:51:57.666	37	27.061	(-1, -1)	(-1, -1)	62
15:51:57.709	36	27.0797	(-1, -1)	(-1, -1)	62
15:51:57.749	33	27.1124	(-1, -1)	(-1, -1)	62
15:51:57.790	34	27.0932	(-1, -1)	(-1, -1)	62
15:51:57.833	34	27.089	(-1, -1)	(-1, -1)	62
15:51:57.873	35	27.1067	(-1, -1)	(-1, -1)	62
15:51:57.917	38	27.0289	(-1, -1)	(-1, -1)	62
15:51:57.964	35	27.033	(-1, -1)	(-1, -1)	62
15:51:58.006	32	27.0899	(-1, -1)	(-1, -1)	62
15:51:58.040	35	27.1268	(-1, -1)	(-1, -1)	62
15:51:58.087	39	27.0375	(-1, -1)	(-1, -1)	62
15:51:58.132	39	27.0564	(-1, -1)	(-1, -1)	62
15:51:58.180	34	27.1372	(-1, -1)	(-1, -1)	62
15:51:58.221	33	27.1127	(-1, -1)	(-1, -1)	62
15:51:58.256	36	27.1117	(-1, -1)	(-1, -1)	62
15:51:58.299	39	27.0656	(-1, -1)	(-1, -1)	62
15:51:58.352	39	27.0452	(-1, -1)	(-1, -1)	62
15:51:58.396	36	27.0655	(-1, -1)	(-1, -1)	62
15:51:58.437	33	27.1286	(-1, -1)	(-1, -1)	62
15:51:58.480	39	27.0364	(-1, -1)	(-1, -1)	62
15:51:58.529	41	27.0335	(-1, -1)	(-1, -1)	62
15:51:58.581	38	27.0591	(-1, -1)	(-1, -1)	62
15:51:58.624	34	27.1107	(-1, -1)	(-1, -1)	62
15:51:58.667	39	27.0827	(-1, -1)	(-1, -1)	62
15:51:58.716	34	27.0456	(-1, -1)	(-1, -1)	62
15:51:58.758	38	27.0394	(-1, -1)	(-1, -1)	62
15:51:58.806	34	27.0327	(-1, -1)	(-1, -1)	62
15:51:58.847	34	27.0766	(-1, -1)	(-1, -1)	62
15:51:58.889	40	27.0467	(-1, -1)	(-1, -1)	62
15:51:58.939	39	27.0384	(-1, -1)	(-1, -1)	62
15:51:58.989	38	27.0416	(-1, -1)	(-1, -1)	62
15:51:59.036	36	27.0484	(-1, -1)	(-1, -1)	62
15:51:59.078	40	27.0511	(-1, -1)	(-1, -1)	62
15:51:59.127	39	27.049	(-1, -1)	(-1, -1)	62
15:51:59.175	39	27.0068	(-1, -1)	(-1, -1)	62
15:51:59.225	35	27.0916	(-1, -1)	(-1, -1)	62
15:51:59.265	34	27.2096	(-1, -1)	(-1, -1)	62
15:51:59.306	37	27.0523	(-1, -1)	(-1, -1)	62
15:51:59.349	40	27.0261	(-1, -1)	(-1, -1)	62
15:51:59.399	39	27.0385	(-1, -1)	(-1, -1)	62
15:51:59.445	34	27.1167	(-1, -1)	(-1, -1)	62
15:51:59.487	36	27.043	(-1, -1)	(-1, -1)	62
15:51:59.530	39	27.045	(-1, -1)	(-1, -1)	62
15:51:59.579	40	27.0375	(-1, -1)	(-1, -1)	62
15:51:59.627	39	27.0241	(-1, -1)	(-1, -1)	62
15:51:59.674	34	27.105	(-1, -1)	(-1, -1)	62
15:51:59.716	34	27.1387	(-1, -1)	(-1, -1)	62
15:51:59.759	38	27.033	(-1, -1)	(-1, -1)	62
15:51:59.802	38	27.045	(-1, -1)	(-1, -1)	62
15:51:59.849	35	27.0418	(-1, -1)	(-1, -1)	62
15:51:59.890	33	27.1135	(-1, -1)	(-1, -1)	62
15:51:59.924	33	27.1056	(-1, -1)	(-1, -1)	62
15:51:59.967	36	27.0379	(-1, -1)	(-1, -1)	62
15:52:00.011	38	27.0714	(-1, -1)	(-1, -1)	62
15:52:00.057	34	27.065	(-1, -1)	(-1, -1)	62
15:52:00.098	35	27.0613	(-1, -1)	(-1, -1)	62
15:52:00.140	37	27.0298	(-1, -1)	(-1, -1)	62
15:52:00.184	40	27.0458	(-1, -1)	(-1, -1)	62
15:52:00.232	40	27.0329	(-1, -1)	(-1, -1)	62
15:52:00.280	35	27.393	(-1, -1)	(-1, -1)	62
15:52:00.321	34	27.0936	(-1, -1)	(-1, -1)	62
15:52:00.363	33	27.1065	(-1, -1)	(-1, -1)	62
15:52:00.405	36	27.0561	(-1, -1)	(-1, -1)	62
15:52:00.446	36	27.0443	(-1, -1)	(-1, -1)	62
15:52:00.488	34	27.0591	(-1, -1)	(-1, -1)	62
15:52:00.529	35	27.1087	(-1, -1)	(-1, -1)	62
15:52:00.571	34	27.0993	(-1, -1)	(-1, -1)	62
15:52:00.613	35	27.2314	(-1, -1)	(-1, -1)	62
15:52:00.655	39	27.0567	(-1, -1)	(-1, -1)	62
15:52:00.696	34	27.1321	(-1, -1)	(-1, -1)	62
15:52:00.738	35	27.063	(-1, -1)	(-1, -1)	62
15:52:00.780	38	27.0476	(-1, -1)	(-1, -1)	62
15:52:00.829	40	27.0449	(-1, -1)	(-1, -1)	62
15:52:00.884	39	27.0612	(-1, -1)	(-1, -1)	62
15:52:00.927	35	27.0477	(-1, -1)	(-1, -1)	62
15:52:00.969	39	27.0353	(-1, -1)	(-1, -1)	62
15:52:01.018	40	27.0627	(-1, -1)	(-1, -1)	62
15:52:01.070	39	27.0279	(-1, -1)	(-1, -1)	62
15:52:01.113	35	27.0652	(-1, -1)	(-1, -1)	62
15:52:01.155	33	27.0856	(-1, -1)	(-1, -1)	62
15:52:01.189	34	27.1074	(-1, -1)	(-1, -1)	62
15:52:01.232	38	27.0357	(-1, -1)	(-1, -1)	62
15:52:01.281	37	27.0484	(-1, -1)	(-1, -1)	62
15:52:01.322	34	27.2327	(-1, -1)	(-1, -1)	62
15:52:01.363	33	27.0916	(-1, -1)	(-1, -1)	62
15:52:01.398	34	27.1369	(-1, -1)	(-1, -1)	62
15:52:01.440	38	27.0585	(-1, -1)	(-1, -1)	62
15:52:01.483	40	27.0296	(-1, -1)	(-1, -1)	62
15:52:01.532	36	27.0535	(-1, -1)	(-1, -1)	62
15:52:01.573	35	27.0274	(-1, -1)	(-1, -1)	62
15:52:01.615	35	27.0481	(-1, -1)	(-1, -1)	62
15:52:01.657	38	27.0539	(-1, -1)	(-1, -1)	62
15:52:01.706	37	27.0422	(-1, -1)	(-1, -1)	62
15:52:01.746	34	27.1022	(-1, -1)	(-1, -1)	62
15:52:01.787	40	27.0458	(-1, -1)	(-1, -1)	62
15:52:01.830	39	27.0252	(-1, -1)	(-1, -1)	62
15:52:01.879	37	27.0711	(-1, -1)	(-1, -1)	62
15:52:01.921	37	27.0313	(-1, -1)	(-1, -1)	62
15:52:01.962	34	27.1323	(-1, -1)	(-1, -1)	62
15:52:02.003	34	27.0799	(-1, -1)	(-1, -1)	62
15:52:02.046	39	27.0486	(-1, -1)	(-1, -1)	62
15:52:02.095	39	27.0443	(-1, -1)	(-1, -1)	62
15:52:02.146	38	27.0204	(-1, -1)	(-1, -1)	62
15:52:02.191	36	27.0327	(-1, -1)	(-1, -1)	62
15:52:02.234	40	27.0656	(-1, -1)	(-1, -1)	62
15:52:02.283	39	27.0486	(-1, -1)	(-1, -1)	62
15:52:02.334	37	27.0487	(-1, -1)	(-1, -1)	62
15:52:02.379	34	27.044	(-1, -1)	(-1, -1)	62
15:52:02.420	35	27.1144	(-1, -1)	(-1, -1)	62
15:52:02.464	38	27.047	(-1, -1)	(-1, -1)	62
15:52:02.512	39	27.0364	(-1, -1)	(-1, -1)	62
15:52:02.571	38	27.055	(-1, -1)	(-1, -1)	62
15:52:02.614	34	27.1212	(-1, -1)	(-1, -1)	62
15:52:02.649	34	27.1154	(-1, -1)	(-1, -1)	62
15:52:02.693	37	27.0384	(-1, -1)	(-1, -1)	62
15:52:02.734	36	27.0807	(-1, -1)	(-1, -1)	62
15:52:02.776	36	27.0495	(-1, -1)	(-1, -1)	62
15:52:02.818	35	27.0431	(-1, -1)	(-1, -1)	62
15:52:02.858	32	27.1064	(-1, -1)	(-1, -1)	62
15:52:02.892	33	27.1044	(-1, -1)	(-1, -1)	62
15:52:02.935	37	27.0502	(-1, -1)	(-1, -1)	62
15:52:02.978	38	27.0449	(-1, -1)	(-1, -1)	62
15:52:03.039	33	27.1065	(-1, -1)	(-1, -1)	62
15:52:03.081	38	27.0831	(-1, -1)	(-1, -1)	62
15:52:03.124	40	27.0548	(-1, -1)	(-1, -1)	62
15:52:03.173	39	27.0279	(-1, -1)	(-1, -1)	62
15:52:03.223	39	27.0708	(-1, -1)	(-1, -1)	62
15:52:03.270	34	27.0452	(-1, -1)	(-1, -1)	62
15:52:03.310	35	27.021	(-1, -1)	(-1, -1)	62
15:52:03.352	34	27.1246	(-1, -1)	(-1, -1)	62
15:52:03.396	39	27.0422	(-1, -1)	(-1, -1)	62
15:52:03.443	35	27.0908	(-1, -1)	(-1, -1)	62
15:52:03.484	36	27.0373	(-1, -1)	(-1, -1)	62
15:52:03.526	35	27.0724	(-1, -1)	(-1, -1)	62
15:52:03.568	36	27.0265	(-1, -1)	(-1, -1)	62
15:52:03.610	39	27.0409	(-1, -1)	(-1, -1)	62
15:52:03.658	35	27.0486	(-1, -1)	(-1, -1)	62
15:52:03.700	36	27.0293	(-1, -1)	(-1, -1)	62
15:52:03.742	34	27.0563	(-1, -1)	(-1, -1)	62
15:52:03.785	38	27.0492	(-1, -1)	(-1, -1)	62
15:52:03.839	37	27.0813	(-1, -1)	(-1, -1)	62
15:52:03.880	36	27.0498	(-1, -1)	(-1, -1)	62
15:52:03.922	36	27.0521	(-1, -1)	(-1, -1)	62
15:52:03.965	39	27.0639	(-1, -1)	(-1, -1)	62
15:52:04.013	39	27.0773	(-1, -1)	(-1, -1)	62
15:52:04.061	35	27.065	(-1, -1)	(-1, -1)	62
15:52:04.103	33	27.1019	(-1, -1)	(-1, -1)	62
15:52:04.147	40	27.0141	(-1, -1)	(-1, -1)	62
15:52:04.195	39	27.0077	(-1, -1)	(-1, -1)	62
15:52:04.244	39	27.0148	(-1, -1)	(-1, -1)	62
15:52:04.291	32	27.1199	(-1, -1)	(-1, -1)	62
15:52:04.324	34	27.1277	(-1, -1)	(-1, -1)	62
15:52:04.361	34	27.0424	(-1, -1)	(-1, -1)	62
15:52:04.402	37	27.0634	(-1, -1)	(-1, -1)	62
15:52:04.445	38	27.0659	(-1, -1)	(-1, -1)	62
15:52:04.485	37	27.0807	(-1, -1)	(-1, -1)	62
15:52:04.527	37	27.0711	(-1, -1)	(-1, -1)	62
15:52:04.572	39	27.0443	(-1, -1)	(-1, -1)	62
15:52:04.618	36	27.0188	(-1, -1)	(-1, -1)	62
15:52:04.664	39	27.0255	(-1, -1)	(-1, -1)	62
15:52:04.711	34	27.0563	(-1, -1)	(-1, -1)	62
15:52:04.749	34	27.064	(-1, -1)	(-1, -1)	62
EOM

