BOM
Frame extends: 2263, 1306
_ms_area: 10
measurements taken: 585
current rendering method: 1
is mouse replay: 1
Camera settings: Roation Quaternion: ( -0.00927681, 0.775348, -0.00906515, -0.631399), Translationsvektor: ( 0.326116, -0.188361, 1.775).
System_Time	Elapsed_Time_PaintGL	Elapsed_Kernel_Time	Frame_Coordinates	Grid_Position	Manual_Measurement
15:52:48.382	29	12.0582	(318, 226)	(32, 23)	62
15:52:48.413	26	12.203	(325, 225)	(33, 23)	62
15:52:48.441	26	12.3939	(335, 225)	(34, 23)	62
15:52:48.468	31	12.5575	(345, 225)	(35, 23)	62
15:52:48.504	32	12.7209	(357, 225)	(36, 23)	62
15:52:48.538	33	12.9326	(372, 225)	(37, 23)	62
15:52:48.582	29	13.019	(375, 225)	(38, 23)	62
15:52:48.614	27	13.2572	(385, 225)	(39, 23)	62
15:52:48.649	30	13.3764	(395, 225)	(40, 23)	62
15:52:48.684	34	13.5101	(405, 225)	(41, 23)	62
15:52:48.726	33	13.6603	(415, 225)	(42, 23)	62
15:52:48.761	34	13.7852	(425, 225)	(43, 23)	62
15:52:48.803	33	13.9664	(435, 226)	(44, 23)	62
15:52:48.845	33	14.0163	(445, 226)	(45, 23)	62
15:52:48.886	34	14.2399	(455, 226)	(46, 23)	62
15:52:48.928	33	14.3489	(465, 227)	(47, 23)	62
15:52:48.969	35	14.5618	(475, 227)	(48, 23)	62
15:52:49.012	31	14.6194	(485, 228)	(49, 23)	62
15:52:49.045	34	14.7321	(495, 228)	(50, 23)	62
15:52:49.087	36	14.7544	(505, 229)	(51, 23)	62
15:52:49.130	36	14.8249	(515, 229)	(52, 23)	62
15:52:49.172	35	14.8554	(525, 229)	(53, 23)	62
15:52:49.213	30	15.0327	(535, 229)	(54, 23)	62
15:52:49.247	30	15.0668	(545, 229)	(55, 23)	62
15:52:49.282	31	15.0819	(555, 229)	(56, 23)	62
15:52:49.317	31	15.1098	(565, 229)	(57, 23)	62
15:52:49.353	29	15.131	(575, 229)	(58, 23)	62
15:52:49.388	30	15.2121	(585, 229)	(59, 23)	62
15:52:49.421	29	15.2579	(596, 229)	(60, 23)	62
15:52:49.457	30	15.3036	(605, 230)	(61, 23)	62
15:52:49.491	35	15.2794	(615, 230)	(62, 23)	62
15:52:49.532	30	15.3252	(626, 230)	(63, 23)	62
15:52:49.567	31	15.3716	(635, 230)	(64, 23)	62
15:52:49.611	29	15.4886	(645, 230)	(65, 23)	62
15:52:49.659	29	15.6074	(655, 230)	(66, 23)	62
15:52:49.692	30	15.5659	(665, 230)	(67, 23)	62
15:52:49.741	28	15.6473	(680, 230)	(68, 23)	62
15:52:49.776	30	15.7419	(685, 230)	(69, 23)	62
15:52:49.810	30	15.7436	(695, 230)	(70, 23)	62
15:52:49.844	29	15.7425	(705, 230)	(71, 23)	62
15:52:49.880	29	15.6807	(715, 230)	(72, 23)	62
15:52:49.914	30	15.6794	(725, 230)	(73, 23)	62
15:52:49.949	30	15.6544	(735, 230)	(74, 23)	62
15:52:49.983	31	15.6686	(749, 230)	(75, 23)	62
15:52:50.019	32	15.9924	(756, 230)	(76, 23)	62
15:52:50.053	30	15.7421	(766, 230)	(77, 23)	62
15:52:50.088	29	15.7553	(775, 230)	(78, 23)	62
15:52:50.123	29	15.7239	(785, 230)	(79, 23)	62
15:52:50.157	37	15.6707	(796, 229)	(80, 23)	62
15:52:50.201	34	15.6228	(805, 229)	(81, 23)	62
15:52:50.242	34	15.596	(815, 229)	(82, 23)	62
15:52:50.283	35	15.8713	(825, 228)	(83, 23)	62
15:52:50.325	35	15.6049	(835, 228)	(84, 23)	62
15:52:50.367	34	15.8849	(845, 228)	(85, 23)	62
15:52:50.409	29	15.5806	(855, 228)	(86, 23)	62
15:52:50.443	29	15.5677	(865, 228)	(87, 23)	62
15:52:50.477	29	15.4856	(875, 228)	(88, 23)	62
15:52:50.512	34	15.435	(885, 228)	(89, 23)	62
15:52:50.555	36	15.4197	(895, 228)	(90, 23)	62
15:52:50.597	36	15.4016	(905, 228)	(91, 23)	62
15:52:50.638	33	15.4239	(915, 228)	(92, 23)	62
15:52:50.679	31	15.471	(925, 228)	(93, 23)	62
15:52:50.713	32	15.4649	(935, 228)	(94, 23)	62
15:52:50.749	32	15.3693	(945, 227)	(95, 23)	62
15:52:50.784	31	15.3345	(957, 227)	(96, 23)	62
15:52:50.819	31	15.2923	(966, 227)	(97, 23)	62
15:52:50.853	31	15.329	(975, 227)	(98, 23)	62
15:52:50.888	32	15.2926	(985, 227)	(99, 23)	62
15:52:50.923	30	15.3517	(995, 227)	(100, 23)	62
15:52:50.957	32	15.2653	(1005, 227)	(101, 23)	62
15:52:50.992	32	15.2519	(1015, 226)	(102, 23)	62
15:52:51.028	31	15.1136	(1025, 226)	(103, 23)	62
15:52:51.061	31	15.2281	(1035, 226)	(104, 23)	62
15:52:51.096	32	15.115	(1045, 225)	(105, 23)	62
15:52:51.131	31	15.1074	(1055, 225)	(106, 23)	62
15:52:51.166	31	15.0661	(1065, 225)	(107, 23)	62
15:52:51.200	32	15.0385	(1071, 224)	(107, 22)	62
15:52:51.236	31	15.3433	(1075, 224)	(108, 22)	62
15:52:51.271	31	14.812	(1085, 224)	(109, 22)	62
15:52:51.305	31	14.7381	(1095, 224)	(110, 22)	62
15:52:51.339	32	14.7335	(1105, 224)	(111, 22)	62
15:52:51.375	31	14.6904	(1115, 224)	(112, 22)	62
15:52:51.409	31	14.6061	(1125, 224)	(113, 22)	62
15:52:51.444	29	14.431	(1135, 224)	(114, 22)	62
15:52:51.478	28	14.2646	(1146, 223)	(115, 22)	62
15:52:51.513	32	14.212	(1155, 223)	(116, 22)	62
15:52:51.549	32	14.0757	(1165, 223)	(117, 22)	62
15:52:51.584	31	13.9913	(1175, 223)	(118, 22)	62
15:52:51.618	28	14.0173	(1185, 223)	(119, 22)	62
15:52:51.652	29	13.8516	(1195, 223)	(120, 22)	62
15:52:51.687	28	13.6493	(1205, 223)	(121, 22)	62
15:52:51.722	28	13.4741	(1215, 223)	(122, 22)	62
15:52:51.756	30	13.4081	(1225, 223)	(123, 22)	62
15:52:51.791	32	13.1142	(1235, 223)	(124, 22)	62
15:52:51.827	34	12.9545	(1245, 223)	(125, 22)	62
15:52:51.869	30	12.7661	(1255, 223)	(126, 22)	62
15:52:51.903	29	12.6517	(1265, 224)	(127, 22)	62
15:52:51.938	27	12.4787	(1275, 224)	(128, 22)	62
15:52:51.972	29	12.4046	(1282, 225)	(128, 23)	62
15:52:52.007	28	12.3841	(1285, 225)	(129, 23)	62
15:52:52.042	29	12.2391	(1295, 226)	(130, 23)	62
15:52:52.076	28	12.0862	(1305, 226)	(131, 23)	62
15:52:52.111	28	12.0557	(1316, 228)	(132, 23)	62
15:52:52.146	28	11.7458	(1326, 228)	(133, 23)	62
15:52:52.181	26	11.5212	(1335, 228)	(134, 23)	62
15:52:52.215	27	11.3461	(1345, 229)	(135, 23)	62
15:52:52.250	28	11.236	(1355, 230)	(136, 23)	62
15:52:52.286	27	10.849	(1366, 230)	(137, 23)	62
15:52:52.320	26	10.7061	(1375, 230)	(138, 23)	62
15:52:52.355	25	10.5717	(1386, 231)	(139, 23)	62
15:52:52.382	26	10.3394	(1395, 231)	(140, 23)	62
15:52:52.417	26	10.1144	(1405, 232)	(141, 23)	62
15:52:52.445	26	9.93082	(1415, 232)	(142, 23)	62
15:52:52.474	25	9.59067	(1425, 232)	(143, 23)	62
15:52:52.509	24	9.34859	(1435, 233)	(144, 23)	62
15:52:52.535	24	9.152	(1445, 234)	(145, 23)	62
15:52:52.562	25	8.84637	(1455, 234)	(146, 23)	62
15:52:52.591	24	8.55719	(1465, 234)	(147, 23)	62
15:52:52.619	24	8.26459	(1478, 234)	(148, 23)	62
15:52:52.648	23	8.06563	(1485, 234)	(149, 23)	62
15:52:52.674	29	7.93807	(1488, 235)	(149, 24)	62
15:52:52.709	24	7.79526	(1495, 235)	(150, 24)	62
15:52:52.736	24	7.58193	(1506, 235)	(151, 24)	62
15:52:52.765	23	7.37022	(1516, 235)	(152, 24)	62
15:52:52.793	23	7.16667	(1526, 236)	(153, 24)	62
15:52:52.821	22	6.97467	(1535, 236)	(154, 24)	62
15:52:52.848	23	6.73748	(1546, 236)	(155, 24)	62
15:52:52.877	22	6.57926	(1556, 237)	(156, 24)	62
15:52:52.904	20	6.45185	(1565, 237)	(157, 24)	62
15:52:52.932	20	6.26815	(1575, 238)	(158, 24)	62
15:52:52.959	19	6.12726	(1585, 238)	(159, 24)	62
15:52:52.980	20	5.98933	(1595, 239)	(160, 24)	62
15:52:53.008	20	5.83956	(1605, 239)	(161, 24)	62
15:52:53.035	25	5.70222	(1615, 240)	(162, 24)	62
15:52:53.064	24	5.51881	(1625, 240)	(163, 24)	62
15:52:53.091	22	5.34859	(1636, 241)	(164, 24)	62
15:52:53.119	21	5.25837	(1645, 242)	(165, 24)	62
15:52:53.147	19	5.13852	(1655, 242)	(166, 24)	62
15:52:53.167	20	4.9597	(1666, 243)	(167, 24)	62
15:52:53.196	24	4.79407	(1676, 244)	(168, 24)	62
15:52:53.225	24	4.78459	(1677, 245)	(168, 25)	62
15:52:53.252	25	4.68652	(1686, 245)	(169, 25)	62
15:52:53.280	19	4.62193	(1696, 246)	(170, 25)	62
15:52:53.306	30	4.54237	(1705, 246)	(171, 25)	62
15:52:53.341	20	4.42563	(1715, 248)	(172, 25)	62
15:52:53.369	19	4.31185	(1726, 249)	(173, 25)	62
15:52:53.390	20	4.23363	(1735, 250)	(174, 25)	62
15:52:53.418	20	4.11467	(1745, 251)	(175, 25)	62
15:52:53.446	19	3.99274	(1755, 253)	(176, 25)	62
15:52:53.467	20	3.88622	(1765, 254)	(177, 25)	62
15:52:53.495	20	3.85304	(1768, 255)	(177, 26)	62
15:52:53.523	18	3.80444	(1775, 256)	(178, 26)	62
15:52:53.543	18	3.71289	(1785, 258)	(179, 26)	62
15:52:53.564	18	3.65126	(1795, 260)	(180, 26)	62
15:52:53.585	18	3.59067	(1805, 262)	(181, 26)	62
15:52:53.605	19	3.53082	(1815, 264)	(182, 26)	62
15:52:53.626	20	3.51585	(1817, 265)	(182, 27)	62
15:52:53.648	18	3.46756	(1825, 267)	(183, 27)	62
15:52:53.668	19	3.39037	(1838, 271)	(184, 27)	62
15:52:53.690	19	3.35807	(1845, 273)	(185, 27)	62
15:52:53.717	19	3.36207	(1849, 275)	(185, 28)	62
15:52:53.739	18	3.29319	(1858, 278)	(186, 28)	62
15:52:53.759	18	3.26356	(1865, 280)	(187, 28)	62
15:52:53.779	19	3.23526	(1874, 285)	(187, 29)	62
15:52:53.801	19	3.53155	(1875, 285)	(188, 29)	62
15:52:53.828	19	3.17348	(1885, 289)	(189, 29)	62
15:52:53.849	18	3.14459	(1895, 294)	(190, 29)	62
15:52:53.869	19	3.14252	(1895, 295)	(190, 30)	62
15:52:53.891	18	3.11008	(1905, 299)	(191, 30)	62
15:52:53.911	19	3.09526	(1912, 305)	(191, 31)	62
15:52:53.932	19	3.1	(1915, 307)	(192, 31)	62
15:52:53.953	19	3.06415	(1925, 314)	(193, 31)	62
15:52:53.974	18	3.05259	(1926, 315)	(193, 32)	62
15:52:53.995	19	3.03437	(1935, 322)	(194, 32)	62
15:52:54.016	18	3.03911	(1937, 325)	(194, 33)	62
15:52:54.037	18	3.00593	(1945, 333)	(195, 33)	62
15:52:54.058	18	3.00785	(1947, 335)	(195, 34)	62
15:52:54.079	19	2.97289	(1955, 344)	(196, 34)	62
15:52:54.100	19	2.99659	(1955, 345)	(196, 35)	62
15:52:54.120	18	2.96015	(1963, 355)	(196, 36)	62
15:52:54.141	17	2.96637	(1965, 358)	(197, 36)	62
15:52:54.161	19	2.97304	(1968, 365)	(197, 37)	62
15:52:54.182	20	2.96519	(1973, 375)	(197, 38)	62
15:52:54.204	17	2.94252	(1975, 379)	(198, 38)	62
15:52:54.225	18	2.94815	(1976, 385)	(198, 39)	62
15:52:54.245	19	2.93615	(1980, 395)	(198, 40)	62
15:52:54.266	18	2.93452	(1982, 405)	(198, 41)	62
15:52:54.287	18	2.93185	(1984, 415)	(198, 42)	62
15:52:54.309	18	2.9403	(1985, 417)	(199, 42)	62
15:52:54.329	18	2.94919	(1985, 425)	(199, 43)	62
15:52:54.350	18	2.92755	(1987, 435)	(199, 44)	62
15:52:54.370	18	2.95037	(1988, 445)	(199, 45)	62
15:52:54.391	17	2.93304	(1989, 455)	(199, 46)	62
15:52:54.412	18	2.93733	(1989, 465)	(199, 47)	62
15:52:54.432	19	2.94356	(1989, 475)	(199, 48)	62
15:52:54.453	19	2.98918	(1988, 485)	(199, 49)	62
15:52:54.476	17	2.99067	(1985, 495)	(199, 50)	62
15:52:54.496	19	2.99882	(1984, 495)	(198, 50)	62
15:52:54.516	17	3.0757	(1980, 505)	(198, 51)	62
15:52:54.537	18	3.04741	(1972, 516)	(197, 52)	62
15:52:54.558	17	3.09126	(1965, 525)	(197, 53)	62
15:52:54.579	17	3.10341	(1964, 526)	(196, 53)	62
15:52:54.600	17	3.16089	(1954, 534)	(195, 53)	62
15:52:54.621	17	3.16459	(1953, 535)	(195, 54)	62
15:52:54.641	17	3.24622	(1944, 539)	(194, 54)	62
15:52:54.662	18	3.30874	(1937, 545)	(194, 55)	62
15:52:54.683	17	3.30933	(1934, 547)	(193, 55)	62
15:52:54.704	17	3.392	(1924, 555)	(192, 56)	62
15:52:54.724	18	3.48385	(1914, 561)	(191, 56)	62
15:52:54.745	17	3.53882	(1907, 565)	(191, 57)	62
15:52:54.767	17	3.56326	(1904, 567)	(190, 57)	62
15:52:54.788	18	3.69674	(1894, 572)	(189, 57)	62
15:52:54.808	18	3.73259	(1890, 575)	(189, 58)	62
15:52:54.829	17	3.81467	(1884, 577)	(188, 58)	62
15:52:54.849	19	3.88607	(1874, 581)	(187, 58)	62
15:52:54.870	18	3.972	(1866, 585)	(187, 59)	62
15:52:54.891	18	3.99926	(1864, 585)	(186, 59)	62
15:52:54.912	18	4.14518	(1854, 590)	(185, 59)	62
15:52:54.933	19	4.28548	(1844, 594)	(184, 59)	62
15:52:54.954	19	4.26474	(1843, 595)	(184, 60)	62
15:52:54.975	18	4.37585	(1834, 597)	(183, 60)	62
15:52:54.996	18	4.45156	(1823, 601)	(182, 60)	62
15:52:55.017	18	4.58282	(1810, 606)	(181, 61)	62
15:52:55.037	19	4.65985	(1804, 609)	(180, 61)	62
15:52:55.058	20	4.80444	(1794, 612)	(179, 61)	62
15:52:55.079	19	4.90089	(1787, 615)	(179, 62)	62
15:52:55.100	19	4.95156	(1784, 616)	(178, 62)	62
15:52:55.121	20	5.16104	(1774, 619)	(177, 62)	62
15:52:55.142	19	5.33185	(1764, 622)	(176, 62)	62
15:52:55.163	19	5.43541	(1758, 625)	(176, 63)	62
15:52:55.184	19	5.49689	(1754, 626)	(175, 63)	62
15:52:55.205	20	5.70622	(1744, 628)	(174, 63)	62
15:52:55.233	20	5.90696	(1734, 631)	(173, 63)	62
15:52:55.260	21	6.15067	(1724, 633)	(172, 63)	62
15:52:55.288	20	6.37482	(1715, 635)	(172, 64)	62
15:52:55.317	20	6.37437	(1714, 635)	(171, 64)	62
15:52:55.344	20	6.6243	(1704, 637)	(170, 64)	62
15:52:55.371	22	6.75585	(1694, 638)	(169, 64)	62
15:52:55.399	21	7.02267	(1684, 640)	(168, 64)	62
15:52:55.427	21	7.21585	(1674, 641)	(167, 64)	62
15:52:55.455	21	7.41007	(1664, 642)	(166, 64)	62
15:52:55.482	21	7.65111	(1654, 643)	(165, 64)	62
15:52:55.510	23	7.87526	(1644, 644)	(164, 64)	62
15:52:55.538	22	8.09037	(1633, 644)	(163, 64)	62
15:52:55.566	24	8.25407	(1624, 644)	(162, 64)	62
15:52:55.594	22	8.44252	(1614, 644)	(161, 64)	62
15:52:55.621	27	8.59022	(1604, 644)	(160, 64)	62
15:52:55.650	27	8.7317	(1594, 644)	(159, 64)	62
15:52:55.685	27	8.8237	(1584, 644)	(158, 64)	62
15:52:55.720	27	8.90756	(1574, 644)	(157, 64)	62
15:52:55.754	27	9.06963	(1564, 644)	(156, 64)	62
15:52:55.789	28	9.24311	(1554, 644)	(155, 64)	62
15:52:55.824	28	9.79659	(1548, 645)	(155, 65)	62
15:52:55.859	27	9.82756	(1544, 645)	(154, 65)	62
15:52:55.893	28	9.58696	(1534, 645)	(153, 65)	62
15:52:55.928	28	9.69348	(1524, 646)	(152, 65)	62
15:52:55.962	24	9.92741	(1514, 647)	(151, 65)	62
15:52:55.990	24	10.0203	(1504, 648)	(150, 65)	62
15:52:56.018	25	10.2062	(1494, 649)	(149, 65)	62
15:52:56.046	24	10.3385	(1484, 651)	(148, 65)	62
15:52:56.074	24	10.4101	(1474, 652)	(147, 65)	62
15:52:56.101	25	10.5073	(1464, 652)	(146, 65)	62
15:52:56.128	26	10.5895	(1454, 653)	(145, 65)	62
15:52:56.157	25	10.7326	(1444, 654)	(144, 65)	62
15:52:56.185	25	10.7963	(1434, 654)	(143, 65)	62
15:52:56.212	26	10.9621	(1419, 654)	(142, 65)	62
15:52:56.240	26	10.9431	(1414, 654)	(141, 65)	62
15:52:56.269	24	11.0133	(1404, 654)	(140, 65)	62
15:52:56.295	29	11.0945	(1394, 654)	(139, 65)	62
15:52:56.332	32	11.0382	(1384, 654)	(138, 65)	62
15:52:56.373	26	11.1524	(1374, 654)	(137, 65)	62
15:52:56.407	26	11.1978	(1356, 653)	(136, 65)	62
15:52:56.434	28	11.2381	(1354, 653)	(135, 65)	62
15:52:56.470	28	11.2247	(1344, 652)	(134, 65)	62
15:52:56.505	33	11.183	(1334, 651)	(133, 65)	62
15:52:56.547	29	11.289	(1323, 651)	(132, 65)	62
15:52:56.582	28	11.3456	(1314, 650)	(131, 65)	62
15:52:56.616	28	11.4471	(1303, 649)	(130, 65)	62
15:52:56.651	28	11.4936	(1294, 648)	(129, 65)	62
15:52:56.685	29	11.5467	(1284, 647)	(128, 65)	62
15:52:56.721	28	11.561	(1274, 647)	(127, 65)	62
15:52:56.756	30	11.6163	(1264, 646)	(126, 65)	62
15:52:56.791	28	11.6713	(1256, 644)	(126, 64)	62
15:52:56.825	28	11.7179	(1254, 644)	(125, 64)	62
15:52:56.859	33	12.1523	(1244, 643)	(124, 64)	62
15:52:56.902	36	11.7873	(1234, 643)	(123, 64)	62
15:52:56.943	33	11.8409	(1224, 641)	(122, 64)	62
15:52:56.984	28	11.9601	(1214, 641)	(121, 64)	62
15:52:57.019	28	12.0375	(1204, 641)	(120, 64)	62
15:52:57.053	28	12.1173	(1194, 640)	(119, 64)	62
15:52:57.088	29	12.113	(1184, 639)	(118, 64)	62
15:52:57.124	28	12.109	(1174, 639)	(117, 64)	62
15:52:57.158	28	12.1717	(1164, 637)	(116, 64)	62
15:52:57.193	28	12.1184	(1154, 637)	(115, 64)	62
15:52:57.228	27	12.1465	(1144, 636)	(114, 64)	62
15:52:57.262	29	12.1656	(1134, 636)	(113, 64)	62
15:52:57.297	28	12.2065	(1124, 635)	(112, 64)	62
15:52:57.332	29	12.2154	(1114, 635)	(111, 64)	62
15:52:57.367	28	12.2939	(1110, 634)	(111, 63)	62
15:52:57.401	26	12.2766	(1104, 634)	(110, 63)	62
15:52:57.428	27	12.2044	(1093, 633)	(109, 63)	62
15:52:57.457	26	12.1793	(1084, 632)	(108, 63)	62
15:52:57.484	26	12.0883	(1074, 632)	(107, 63)	62
15:52:57.513	26	11.9754	(1064, 631)	(106, 63)	62
15:52:57.540	27	11.8713	(1051, 631)	(105, 63)	62
15:52:57.568	27	11.828	(1032, 629)	(103, 63)	62
15:52:57.597	25	11.7692	(1024, 629)	(102, 63)	62
15:52:57.624	25	11.7077	(1014, 629)	(101, 63)	62
15:52:57.651	25	11.6957	(1004, 628)	(100, 63)	62
15:52:57.679	26	11.5821	(994, 627)	(99, 63)	62
15:52:57.708	25	11.4972	(984, 627)	(98, 63)	62
15:52:57.735	25	11.4841	(974, 627)	(97, 63)	62
15:52:57.763	25	11.4333	(964, 626)	(96, 63)	62
15:52:57.791	25	11.3307	(954, 626)	(95, 63)	62
15:52:57.818	25	11.2224	(944, 626)	(94, 63)	62
15:52:57.846	25	11.1593	(934, 625)	(93, 63)	62
15:52:57.875	30	11.0456	(927, 624)	(93, 62)	62
15:52:57.910	30	11.0864	(924, 624)	(92, 62)	62
15:52:57.944	30	11.0076	(914, 623)	(91, 62)	62
15:52:57.978	27	10.8747	(904, 622)	(90, 62)	62
15:52:58.013	26	10.8249	(894, 621)	(89, 62)	62
15:52:58.040	26	10.6763	(884, 620)	(88, 62)	62
15:52:58.068	26	10.5594	(873, 619)	(87, 62)	62
15:52:58.097	25	10.5004	(864, 619)	(86, 62)	62
15:52:58.124	26	10.3942	(854, 619)	(85, 62)	62
15:52:58.152	25	10.3376	(843, 618)	(84, 62)	62
15:52:58.180	26	10.1984	(834, 618)	(83, 62)	62
15:52:58.214	30	10.1403	(823, 617)	(82, 62)	62
15:52:58.250	31	9.95689	(814, 617)	(81, 62)	62
15:52:58.287	31	9.86178	(804, 617)	(80, 62)	62
15:52:58.326	33	9.77481	(794, 617)	(79, 62)	62
15:52:58.369	32	9.71956	(784, 616)	(78, 62)	62
15:52:58.403	26	9.59452	(772, 616)	(77, 62)	62
15:52:58.437	25	9.58415	(764, 615)	(76, 62)	62
15:52:58.465	25	9.44178	(754, 615)	(75, 62)	62
15:52:58.493	25	9.28222	(744, 615)	(74, 62)	62
15:52:58.521	25	9.22889	(734, 615)	(73, 62)	62
15:52:58.549	24	9.08948	(724, 615)	(72, 62)	62
15:52:58.577	23	8.98889	(714, 615)	(71, 62)	62
15:52:58.604	25	8.85422	(704, 615)	(70, 62)	62
15:52:58.632	25	8.76385	(694, 615)	(69, 62)	62
15:52:58.660	28	8.60015	(684, 615)	(68, 62)	62
15:52:58.694	24	8.492	(674, 615)	(67, 62)	62
15:52:58.722	23	8.36904	(664, 616)	(66, 62)	62
15:52:58.750	24	8.16474	(654, 617)	(65, 62)	62
15:52:58.778	24	7.98993	(644, 618)	(64, 62)	62
15:52:58.806	24	7.78785	(634, 618)	(63, 62)	62
15:52:58.834	22	7.58889	(624, 619)	(62, 62)	62
15:52:58.861	21	7.47793	(614, 619)	(61, 62)	62
15:52:58.889	25	7.29837	(604, 621)	(60, 62)	62
15:52:58.918	25	7.13644	(594, 621)	(59, 62)	62
15:52:58.945	25	7.02489	(584, 622)	(58, 62)	62
15:52:58.973	26	7.31155	(574, 624)	(57, 62)	62
15:52:59.008	21	6.75126	(566, 625)	(57, 63)	62
15:52:59.035	21	6.76474	(564, 625)	(56, 63)	62
15:52:59.062	21	6.71704	(554, 625)	(55, 63)	62
15:52:59.090	23	6.57111	(544, 626)	(54, 63)	62
15:52:59.119	25	6.38859	(534, 628)	(53, 63)	62
15:52:59.147	24	6.27274	(524, 629)	(52, 63)	62
15:52:59.174	24	6.1683	(514, 631)	(51, 63)	62
15:52:59.202	24	6.00992	(504, 633)	(50, 63)	62
15:52:59.231	22	5.93511	(494, 634)	(49, 63)	62
15:52:59.258	21	5.95718	(493, 635)	(49, 64)	62
15:52:59.285	21	5.87837	(484, 637)	(48, 64)	62
15:52:59.313	20	5.70326	(467, 641)	(47, 64)	62
15:52:59.340	21	5.70696	(464, 642)	(46, 64)	62
15:52:59.368	21	5.5997	(458, 645)	(46, 65)	62
15:52:59.396	21	5.55674	(454, 646)	(45, 65)	62
15:52:59.425	21	5.39941	(444, 650)	(44, 65)	62
15:52:59.452	20	5.36015	(434, 654)	(43, 65)	62
15:52:59.479	21	5.32948	(432, 655)	(43, 66)	62
15:52:59.508	20	5.23808	(424, 658)	(42, 66)	62
15:52:59.535	21	5.13719	(414, 662)	(41, 66)	62
15:52:59.563	20	5.05407	(409, 665)	(41, 67)	62
15:52:59.591	20	5.00682	(404, 667)	(40, 67)	62
15:52:59.619	19	4.93052	(394, 671)	(39, 67)	62
15:52:59.646	20	4.85719	(387, 675)	(39, 68)	62
15:52:59.675	21	4.82844	(384, 676)	(38, 68)	62
15:52:59.702	21	4.75985	(374, 680)	(37, 68)	62
15:52:59.730	20	4.69541	(367, 685)	(37, 69)	62
15:52:59.758	20	4.66252	(364, 687)	(36, 69)	62
15:52:59.786	20	4.58	(356, 695)	(36, 70)	62
15:52:59.813	20	4.5797	(354, 695)	(35, 70)	62
15:52:59.841	20	4.52178	(344, 704)	(34, 70)	62
15:52:59.869	19	4.528	(344, 705)	(34, 71)	62
15:52:59.890	20	4.48445	(337, 715)	(34, 72)	62
15:52:59.917	21	4.52296	(335, 725)	(34, 73)	62
15:52:59.945	20	4.50622	(334, 727)	(33, 73)	62
15:52:59.973	20	4.52385	(331, 735)	(33, 74)	62
15:52:59.994	20	4.56563	(329, 746)	(33, 75)	62
15:53:00.022	20	4.62281	(329, 755)	(33, 76)	62
15:53:00.051	19	4.68326	(329, 765)	(33, 77)	62
15:53:00.078	20	4.7317	(329, 775)	(33, 78)	62
15:53:00.105	20	4.78193	(329, 785)	(33, 79)	62
15:53:00.134	19	4.82637	(329, 795)	(33, 80)	62
15:53:00.155	19	4.86178	(329, 805)	(33, 81)	62
15:53:00.182	21	5.06104	(329, 833)	(33, 83)	62
15:53:00.210	20	5.07244	(329, 836)	(33, 84)	62
15:53:00.238	20	5.11822	(329, 845)	(33, 85)	62
15:53:00.266	19	5.19467	(329, 855)	(33, 86)	62
15:53:00.286	20	5.35141	(330, 865)	(33, 87)	62
15:53:00.307	20	5.41067	(332, 875)	(33, 88)	62
15:53:00.328	19	5.51245	(335, 883)	(34, 88)	62
15:53:00.349	20	5.51748	(335, 885)	(34, 89)	62
15:53:00.376	21	5.61748	(338, 895)	(34, 90)	62
15:53:00.404	21	5.76089	(341, 905)	(34, 91)	62
15:53:00.432	21	5.91867	(345, 914)	(35, 91)	62
15:53:00.460	22	5.89852	(346, 915)	(35, 92)	62
15:53:00.489	20	5.96089	(350, 925)	(35, 93)	62
15:53:00.515	21	6.05333	(355, 931)	(36, 93)	62
15:53:00.544	25	6.51422	(357, 935)	(36, 94)	62
15:53:00.571	27	6.1717	(364, 945)	(36, 95)	62
15:53:00.607	25	6.20978	(365, 945)	(37, 95)	62
15:53:00.636	25	6.33111	(373, 955)	(37, 96)	62
15:53:00.669	22	6.39437	(375, 956)	(38, 96)	62
15:53:00.697	22	6.49807	(384, 965)	(38, 97)	62
15:53:00.725	22	6.46948	(385, 966)	(39, 97)	62
15:53:00.752	23	6.68459	(395, 975)	(40, 98)	62
15:53:00.780	22	6.79867	(405, 982)	(41, 98)	62
15:53:00.808	22	6.90815	(411, 987)	(41, 99)	62
15:53:00.835	24	6.99807	(415, 989)	(42, 99)	62
15:53:00.864	23	7.13704	(423, 995)	(42, 100)	62
15:53:00.892	23	7.16933	(425, 996)	(43, 100)	62
15:53:00.919	23	7.32341	(435, 1001)	(44, 100)	62
15:53:00.947	23	7.39482	(441, 1005)	(44, 101)	62
15:53:00.975	24	7.84785	(446, 1007)	(45, 101)	62
15:53:01.002	23	7.52533	(455, 1012)	(46, 101)	62
15:53:01.030	23	7.57052	(461, 1015)	(46, 102)	62
15:53:01.058	23	7.62074	(465, 1017)	(47, 102)	62
15:53:01.086	24	7.7357	(475, 1022)	(48, 102)	62
15:53:01.114	24	7.81555	(481, 1025)	(48, 103)	62
15:53:01.142	24	8.18356	(485, 1026)	(49, 103)	62
15:53:01.169	25	7.98	(495, 1030)	(50, 103)	62
15:53:01.196	24	8.17007	(505, 1034)	(51, 103)	62
15:53:01.225	23	8.11763	(506, 1035)	(51, 104)	62
15:53:01.253	24	8.19896	(515, 1037)	(52, 104)	62
15:53:01.281	24	8.29852	(525, 1040)	(53, 104)	62
15:53:01.309	25	8.4723	(540, 1043)	(54, 104)	62
15:53:01.336	23	8.57807	(545, 1044)	(55, 104)	62
15:53:01.364	22	8.65141	(549, 1045)	(55, 105)	62
15:53:01.391	22	8.67511	(555, 1046)	(56, 105)	62
15:53:01.420	22	8.91319	(577, 1050)	(58, 105)	62
15:53:01.447	22	9.06504	(585, 1052)	(59, 105)	62
15:53:01.475	23	9.05985	(595, 1053)	(60, 105)	62
15:53:01.503	23	9.14341	(605, 1054)	(61, 105)	62
15:53:01.530	23	9.19674	(608, 1055)	(61, 106)	62
15:53:01.558	24	9.20267	(615, 1056)	(62, 106)	62
15:53:01.586	24	9.30296	(625, 1057)	(63, 106)	62
15:53:01.614	23	9.39807	(635, 1058)	(64, 106)	62
15:53:01.642	23	9.436	(645, 1059)	(65, 106)	62
15:53:01.670	23	9.52919	(655, 1060)	(66, 106)	62
15:53:01.697	24	9.56133	(665, 1061)	(67, 106)	62
15:53:01.725	24	9.55215	(675, 1061)	(68, 106)	62
15:53:01.754	23	9.56237	(685, 1063)	(69, 106)	62
15:53:01.781	23	9.6317	(695, 1063)	(70, 106)	62
15:53:01.809	23	9.64652	(705, 1064)	(71, 106)	62
15:53:01.836	24	9.68059	(715, 1064)	(72, 106)	62
15:53:01.864	24	9.62726	(719, 1065)	(72, 107)	62
15:53:01.892	25	9.60919	(725, 1065)	(73, 107)	62
15:53:01.920	24	9.66311	(735, 1066)	(74, 107)	62
15:53:01.955	23	9.66222	(745, 1066)	(75, 107)	62
15:53:01.983	29	9.61259	(755, 1066)	(76, 107)	62
15:53:02.018	28	9.60074	(765, 1066)	(77, 107)	62
15:53:02.052	30	9.54711	(775, 1067)	(78, 107)	62
15:53:02.088	28	9.55748	(785, 1067)	(79, 107)	62
15:53:02.122	29	9.52015	(795, 1068)	(80, 107)	62
15:53:02.157	25	9.51763	(805, 1069)	(81, 107)	62
15:53:02.184	24	9.41482	(815, 1070)	(82, 107)	62
15:53:02.211	25	9.40533	(825, 1071)	(83, 107)	62
15:53:02.240	25	9.33408	(835, 1072)	(84, 107)	62
15:53:02.267	25	9.16844	(845, 1073)	(85, 107)	62
15:53:02.295	23	9.12341	(856, 1074)	(86, 107)	62
15:53:02.323	23	8.97837	(862, 1075)	(86, 108)	62
15:53:02.351	24	8.88119	(865, 1075)	(87, 108)	62
15:53:02.379	23	8.69378	(875, 1075)	(88, 108)	62
15:53:02.407	23	8.58593	(885, 1076)	(89, 108)	62
15:53:02.434	23	8.41111	(895, 1077)	(90, 108)	62
15:53:02.462	22	8.25244	(905, 1078)	(91, 108)	62
15:53:02.490	23	8.0677	(915, 1078)	(92, 108)	62
15:53:02.518	23	7.89926	(925, 1079)	(93, 108)	62
15:53:02.545	23	7.79852	(935, 1080)	(94, 108)	62
15:53:02.574	23	7.68089	(945, 1081)	(95, 108)	62
15:53:02.602	21	7.65704	(955, 1082)	(96, 108)	62
15:53:02.629	22	7.50237	(965, 1082)	(97, 108)	62
15:53:02.656	24	7.42933	(975, 1083)	(98, 108)	62
15:53:02.685	22	7.34533	(986, 1083)	(99, 108)	62
15:53:02.712	22	7.26844	(995, 1084)	(100, 108)	62
15:53:02.740	23	7.24356	(1005, 1084)	(101, 108)	62
15:53:02.769	22	7.13363	(1015, 1084)	(102, 108)	62
15:53:02.796	22	7.10282	(1017, 1085)	(102, 109)	62
15:53:02.823	22	7.08578	(1025, 1085)	(103, 109)	62
15:53:02.851	22	6.97363	(1040, 1085)	(104, 109)	62
15:53:02.879	22	6.91808	(1048, 1085)	(105, 109)	62
15:53:02.907	22	6.88652	(1055, 1086)	(106, 109)	62
15:53:02.935	21	6.83867	(1065, 1086)	(107, 109)	62
15:53:02.963	21	6.77096	(1075, 1086)	(108, 109)	62
15:53:02.990	22	6.71778	(1085, 1086)	(109, 109)	62
15:53:03.019	22	6.5517	(1096, 1086)	(110, 109)	62
15:53:03.046	22	6.42548	(1105, 1086)	(111, 109)	62
15:53:03.074	21	6.37659	(1115, 1086)	(112, 109)	62
15:53:03.102	20	6.32933	(1126, 1086)	(113, 109)	62
15:53:03.130	21	6.26667	(1135, 1086)	(114, 109)	62
15:53:03.157	22	6.23333	(1146, 1086)	(115, 109)	62
15:53:03.185	22	6.23437	(1155, 1086)	(116, 109)	62
15:53:03.213	20	6.23926	(1166, 1086)	(117, 109)	62
15:53:03.241	19	6.23807	(1175, 1086)	(118, 109)	62
15:53:03.269	20	6.23022	(1185, 1085)	(119, 109)	62
15:53:03.296	20	6.27704	(1188, 1084)	(119, 108)	62
15:53:03.317	19	6.2563	(1195, 1084)	(120, 108)	62
15:53:03.338	20	6.29363	(1205, 1082)	(121, 108)	62
15:53:03.366	20	6.3157	(1215, 1081)	(122, 108)	62
15:53:03.394	21	6.34696	(1225, 1081)	(123, 108)	62
15:53:03.421	21	6.39408	(1235, 1081)	(124, 108)	62
15:53:03.449	21	6.41926	(1245, 1080)	(125, 108)	62
15:53:03.477	20	6.48933	(1255, 1080)	(126, 108)	62
15:53:03.498	19	6.53793	(1265, 1079)	(127, 108)	62
15:53:03.518	22	6.552	(1275, 1078)	(128, 108)	62
15:53:03.547	20	6.53704	(1286, 1077)	(129, 108)	62
15:53:03.574	22	6.55778	(1295, 1077)	(130, 108)	62
15:53:03.602	21	6.56667	(1305, 1077)	(131, 108)	62
15:53:03.630	20	6.55452	(1315, 1077)	(132, 108)	62
15:53:03.658	20	6.52859	(1325, 1077)	(133, 108)	62
15:53:03.685	24	6.55141	(1335, 1077)	(134, 108)	62
15:53:03.714	26	6.51496	(1345, 1077)	(135, 108)	62
15:53:03.742	26	6.53556	(1355, 1077)	(136, 108)	62
15:53:03.776	26	6.50919	(1365, 1079)	(137, 108)	62
15:53:03.805	26	6.51319	(1375, 1080)	(138, 108)	62
15:53:03.839	26	6.52519	(1385, 1081)	(139, 108)	62
15:53:03.874	26	6.53393	(1395, 1081)	(140, 108)	62
15:53:03.909	26	6.54874	(1405, 1083)	(141, 108)	62
15:53:03.943	26	6.57585	(1416, 1084)	(142, 108)	62
15:53:03.978	23	6.57511	(1418, 1085)	(142, 109)	62
15:53:04.005	23	6.61911	(1425, 1085)	(143, 109)	62
15:53:04.034	22	6.66593	(1437, 1088)	(144, 109)	62
15:53:04.061	22	6.70267	(1445, 1088)	(145, 109)	62
15:53:04.089	22	6.7157	(1455, 1089)	(146, 109)	62
15:53:04.116	23	6.78859	(1465, 1090)	(147, 109)	62
15:53:04.145	23	6.82119	(1476, 1091)	(148, 109)	62
15:53:04.172	23	6.91185	(1485, 1092)	(149, 109)	62
15:53:04.200	23	7.02563	(1495, 1093)	(150, 109)	62
15:53:04.228	24	7.06533	(1505, 1093)	(151, 109)	62
15:53:04.256	23	6.99111	(1515, 1093)	(152, 109)	62
15:53:04.284	22	6.98504	(1525, 1093)	(153, 109)	62
15:53:04.311	23	6.91778	(1535, 1094)	(154, 109)	62
15:53:04.339	23	6.8717	(1545, 1094)	(155, 109)	62
15:53:04.367	22	6.82326	(1555, 1094)	(156, 109)	62
15:53:04.395	23	6.75837	(1565, 1094)	(157, 109)	62
15:53:04.423	23	6.70148	(1566, 1095)	(157, 110)	62
15:53:04.450	23	6.66578	(1575, 1095)	(158, 110)	62
15:53:04.478	23	6.61867	(1585, 1095)	(159, 110)	62
15:53:04.507	21	6.57615	(1596, 1096)	(160, 110)	62
15:53:04.535	22	6.87467	(1605, 1096)	(161, 110)	62
15:53:04.562	21	6.45289	(1615, 1096)	(162, 110)	62
15:53:04.589	23	6.38696	(1625, 1097)	(163, 110)	62
15:53:04.618	30	6.30548	(1635, 1097)	(164, 110)	62
15:53:04.652	20	6.25244	(1645, 1097)	(165, 110)	62
15:53:04.673	20	6.17526	(1655, 1098)	(166, 110)	62
15:53:04.701	20	6.13837	(1665, 1098)	(167, 110)	62
15:53:04.728	20	6.00918	(1675, 1099)	(168, 110)	62
15:53:04.749	21	5.96178	(1685, 1099)	(169, 110)	62
15:53:04.777	19	5.93615	(1695, 1100)	(170, 110)	62
15:53:04.798	19	5.87674	(1705, 1100)	(171, 110)	62
15:53:04.819	19	5.78815	(1715, 1101)	(172, 110)	62
15:53:04.839	20	5.74133	(1725, 1101)	(173, 110)	62
15:53:04.868	20	5.628	(1735, 1103)	(174, 110)	62
15:53:04.895	20	5.59585	(1748, 1104)	(175, 110)	62
15:53:04.923	19	5.50474	(1753, 1105)	(175, 111)	62
15:53:04.943	20	5.47541	(1755, 1105)	(176, 111)	62
15:53:04.964	20	5.39333	(1765, 1106)	(177, 111)	62
15:53:04.986	19	5.2883	(1775, 1107)	(178, 111)	62
15:53:05.006	20	5.27096	(1785, 1108)	(179, 111)	62
15:53:05.035	19	5.20978	(1798, 1109)	(180, 111)	62
15:53:05.056	19	5.08563	(1806, 1111)	(181, 111)	62
15:53:05.076	20	5.03556	(1815, 1112)	(182, 111)	62
15:53:05.104	19	4.93126	(1825, 1112)	(183, 111)	62
15:53:05.124	20	4.86593	(1835, 1113)	(184, 111)	62
15:53:05.146	18	4.66933	(1850, 1114)	(185, 111)	62
15:53:05.166	18	4.65585	(1855, 1114)	(186, 111)	62
15:53:05.187	18	4.62341	(1858, 1115)	(186, 112)	62
15:53:05.208	18	4.50489	(1865, 1116)	(187, 112)	62
15:53:05.229	18	4.35141	(1877, 1117)	(188, 112)	62
15:53:05.249	18	4.36356	(1885, 1118)	(189, 112)	62
15:53:05.270	19	4.26207	(1895, 1120)	(190, 112)	62
15:53:05.291	19	4.09556	(1905, 1121)	(191, 112)	62
15:53:05.312	19	3.98	(0, 0)	(0, 0)	62
EOM

