BOM
Frame extends: 2263, 1306
_ms_area: 10
measurements taken: 585
current rendering method: 2
is mouse replay: 1
Camera settings: Roation Quaternion: ( -0.00927681, 0.775348, -0.00906515, -0.631399), Translationsvektor: ( 0.326116, -0.188361, 1.775).
System_Time	Elapsed_Time_PaintGL	Elapsed_Kernel_Time	Frame_Coordinates	Grid_Position	Manual_Measurement
15:53:22.135	23	11.5641	(318, 226)	(32, 23)	62
15:53:22.164	23	11.7216	(325, 225)	(33, 23)	62
15:53:22.192	22	11.7895	(335, 225)	(34, 23)	62
15:53:22.219	27	11.9096	(345, 225)	(35, 23)	62
15:53:22.256	28	11.8828	(357, 225)	(36, 23)	62
15:53:22.290	29	12.0861	(372, 225)	(37, 23)	62
15:53:22.323	23	12.0089	(375, 225)	(38, 23)	62
15:53:22.352	23	12.1363	(385, 225)	(39, 23)	62
15:53:22.379	23	12.215	(395, 225)	(40, 23)	62
15:53:22.407	24	12.2136	(405, 225)	(41, 23)	62
15:53:22.435	23	12.2471	(415, 225)	(42, 23)	62
15:53:22.463	24	12.3218	(425, 225)	(43, 23)	62
15:53:22.491	23	12.3396	(435, 226)	(44, 23)	62
15:53:22.522	24	12.3021	(445, 226)	(45, 23)	62
15:53:22.557	25	12.2236	(455, 226)	(46, 23)	62
15:53:22.590	23	12.3991	(465, 227)	(47, 23)	62
15:53:22.616	22	12.4135	(475, 227)	(48, 23)	62
15:53:22.645	21	12.4163	(485, 228)	(49, 23)	62
15:53:22.671	21	12.5446	(495, 228)	(50, 23)	62
15:53:22.699	21	12.6062	(505, 229)	(51, 23)	62
15:53:22.727	23	12.6268	(515, 229)	(52, 23)	62
15:53:22.756	23	12.6843	(525, 229)	(53, 23)	62
15:53:22.783	23	12.7256	(535, 229)	(54, 23)	62
15:53:22.810	23	12.8433	(545, 229)	(55, 23)	62
15:53:22.838	23	12.9132	(555, 229)	(56, 23)	62
15:53:22.867	22	12.8219	(565, 229)	(57, 23)	62
15:53:22.894	23	12.7849	(575, 229)	(58, 23)	62
15:53:22.921	23	12.7729	(585, 229)	(59, 23)	62
15:53:22.950	21	12.7833	(596, 229)	(60, 23)	62
15:53:22.978	21	12.7218	(605, 230)	(61, 23)	62
15:53:23.005	22	12.6767	(615, 230)	(62, 23)	62
15:53:23.032	22	12.7467	(626, 230)	(63, 23)	62
15:53:23.060	24	12.6856	(635, 230)	(64, 23)	62
15:53:23.088	26	12.7332	(645, 230)	(65, 23)	62
15:53:23.123	26	12.6399	(655, 230)	(66, 23)	62
15:53:23.158	26	12.7567	(665, 230)	(67, 23)	62
15:53:23.193	25	12.6212	(680, 230)	(68, 23)	62
15:53:23.228	22	12.7517	(685, 230)	(69, 23)	62
15:53:23.255	23	12.6139	(695, 230)	(70, 23)	62
15:53:23.284	22	12.6757	(705, 230)	(71, 23)	62
15:53:23.311	22	12.5821	(715, 230)	(72, 23)	62
15:53:23.338	23	12.5908	(725, 230)	(73, 23)	62
15:53:23.366	22	12.5224	(735, 230)	(74, 23)	62
15:53:23.395	24	12.6301	(749, 230)	(75, 23)	62
15:53:23.422	22	12.599	(756, 230)	(76, 23)	62
15:53:23.449	23	12.605	(766, 230)	(77, 23)	62
15:53:23.477	24	12.6281	(775, 230)	(78, 23)	62
15:53:23.505	22	12.6935	(785, 230)	(79, 23)	62
15:53:23.533	21	12.7321	(796, 229)	(80, 23)	62
15:53:23.560	23	12.7726	(805, 229)	(81, 23)	62
15:53:23.589	28	12.6693	(815, 229)	(82, 23)	62
15:53:23.624	26	12.867	(825, 228)	(83, 23)	62
15:53:23.658	25	12.8791	(835, 228)	(84, 23)	62
15:53:23.686	23	12.8601	(845, 228)	(85, 23)	62
15:53:23.713	23	12.7264	(855, 228)	(86, 23)	62
15:53:23.741	26	12.8308	(865, 228)	(87, 23)	62
15:53:23.771	26	12.8024	(875, 228)	(88, 23)	62
15:53:23.805	29	12.8164	(885, 228)	(89, 23)	62
15:53:23.840	25	12.772	(895, 228)	(90, 23)	62
15:53:23.867	24	12.8779	(905, 228)	(91, 23)	62
15:53:23.895	23	12.8465	(915, 228)	(92, 23)	62
15:53:23.922	25	12.8252	(925, 228)	(93, 23)	62
15:53:23.951	23	12.8267	(935, 228)	(94, 23)	62
15:53:23.978	24	12.7822	(945, 227)	(95, 23)	62
15:53:24.006	23	12.8409	(957, 227)	(96, 23)	62
15:53:24.034	25	12.8372	(966, 227)	(97, 23)	62
15:53:24.062	24	12.8154	(975, 227)	(98, 23)	62
15:53:24.090	22	12.9178	(985, 227)	(99, 23)	62
15:53:24.117	23	12.9136	(995, 227)	(100, 23)	62
15:53:24.145	26	12.924	(1005, 227)	(101, 23)	62
15:53:24.173	27	12.7896	(1015, 226)	(102, 23)	62
15:53:24.208	28	12.8821	(1025, 226)	(103, 23)	62
15:53:24.242	28	12.9113	(1035, 226)	(104, 23)	62
15:53:24.277	23	12.8579	(1045, 225)	(105, 23)	62
15:53:24.304	23	12.9052	(1055, 225)	(106, 23)	62
15:53:24.332	22	13.0068	(1065, 225)	(107, 23)	62
15:53:24.360	23	13.019	(1071, 224)	(107, 22)	62
15:53:24.388	23	13.011	(1075, 224)	(108, 22)	62
15:53:24.415	23	12.9818	(1085, 224)	(109, 22)	62
15:53:24.443	23	12.92	(1095, 224)	(110, 22)	62
15:53:24.472	22	12.9938	(1105, 224)	(111, 22)	62
15:53:24.499	23	12.9108	(1115, 224)	(112, 22)	62
15:53:24.527	23	12.9184	(1125, 224)	(113, 22)	62
15:53:24.555	22	12.7944	(1135, 224)	(114, 22)	62
15:53:24.582	24	12.7852	(1146, 223)	(115, 22)	62
15:53:24.610	27	12.7397	(1155, 223)	(116, 22)	62
15:53:24.646	27	12.6824	(1165, 223)	(117, 22)	62
15:53:24.681	27	12.64	(1175, 223)	(118, 22)	62
15:53:24.716	26	12.599	(1185, 223)	(119, 22)	62
15:53:24.750	26	12.5353	(1195, 223)	(120, 22)	62
15:53:24.785	27	12.4089	(1205, 223)	(121, 22)	62
15:53:24.819	27	12.3031	(1215, 223)	(122, 22)	62
15:53:24.854	27	12.2572	(1225, 223)	(123, 22)	62
15:53:24.889	25	12.2271	(1235, 223)	(124, 22)	62
15:53:24.917	24	12.2039	(1245, 223)	(125, 22)	62
15:53:24.944	23	12.0739	(1255, 223)	(126, 22)	62
15:53:24.974	22	12.0563	(1265, 224)	(127, 22)	62
15:53:24.999	24	11.9862	(1275, 224)	(128, 22)	62
15:53:25.028	22	11.8796	(1282, 225)	(128, 23)	62
15:53:25.056	23	11.8876	(1285, 225)	(129, 23)	62
15:53:25.084	23	11.735	(1295, 226)	(130, 23)	62
15:53:25.111	24	11.6831	(1305, 226)	(131, 23)	62
15:53:25.139	23	11.5887	(1316, 228)	(132, 23)	62
15:53:25.167	22	11.5249	(1326, 228)	(133, 23)	62
15:53:25.194	25	11.4521	(1335, 228)	(134, 23)	62
15:53:25.224	27	11.3081	(1345, 229)	(135, 23)	62
15:53:25.258	26	11.2477	(1355, 230)	(136, 23)	62
15:53:25.293	30	11.1748	(1366, 230)	(137, 23)	62
15:53:25.327	22	11.1708	(1375, 230)	(138, 23)	62
15:53:25.354	21	11.0486	(1386, 231)	(139, 23)	62
15:53:25.382	22	10.9076	(1395, 231)	(140, 23)	62
15:53:25.410	22	10.9524	(1405, 232)	(141, 23)	62
15:53:25.438	21	10.8996	(1415, 232)	(142, 23)	62
15:53:25.465	22	10.8206	(1425, 232)	(143, 23)	62
15:53:25.493	25	10.633	(1435, 233)	(144, 23)	62
15:53:25.523	25	10.4305	(1445, 234)	(145, 23)	62
15:53:25.549	20	10.5096	(1455, 234)	(146, 23)	62
15:53:25.577	20	10.3556	(1465, 234)	(147, 23)	62
15:53:25.605	19	10.2409	(1478, 234)	(148, 23)	62
15:53:25.625	20	10.2825	(1485, 234)	(149, 23)	62
15:53:25.653	19	10.1836	(1488, 235)	(149, 24)	62
15:53:25.674	20	10.1781	(1495, 235)	(150, 24)	62
15:53:25.702	19	10.0967	(1506, 235)	(151, 24)	62
15:53:25.723	20	9.9483	(1516, 235)	(152, 24)	62
15:53:25.750	20	9.96059	(1526, 236)	(153, 24)	62
15:53:25.771	20	9.86059	(1535, 236)	(154, 24)	62
15:53:25.792	18	9.75704	(1546, 236)	(155, 24)	62
15:53:25.813	18	9.69422	(1556, 237)	(156, 24)	62
15:53:25.833	20	9.60341	(1565, 237)	(157, 24)	62
15:53:25.855	18	9.4843	(1575, 238)	(158, 24)	62
15:53:25.875	19	9.49556	(1585, 238)	(159, 24)	62
15:53:25.896	19	9.48178	(1595, 239)	(160, 24)	62
15:53:25.917	19	9.47792	(1605, 239)	(161, 24)	62
15:53:25.938	19	9.44889	(1615, 240)	(162, 24)	62
15:53:25.959	20	9.43704	(1625, 240)	(163, 24)	62
15:53:25.987	18	9.39926	(1636, 241)	(164, 24)	62
15:53:26.007	19	9.45511	(1645, 242)	(165, 24)	62
15:53:26.028	22	9.37319	(1655, 242)	(166, 24)	62
15:53:26.057	21	9.40222	(1666, 243)	(167, 24)	62
15:53:26.084	23	9.37556	(1676, 244)	(168, 24)	62
15:53:26.120	22	9.38282	(1677, 245)	(168, 25)	62
15:53:26.147	21	9.37348	(1686, 245)	(169, 25)	62
15:53:26.175	19	9.33526	(1696, 246)	(170, 25)	62
15:53:26.202	21	9.35719	(1705, 246)	(171, 25)	62
15:53:26.231	22	9.36385	(1715, 248)	(172, 25)	62
15:53:26.258	22	9.34178	(1726, 249)	(173, 25)	62
15:53:26.286	22	9.33378	(1735, 250)	(174, 25)	62
15:53:26.314	22	9.272	(1745, 251)	(175, 25)	62
15:53:26.342	22	9.28726	(1755, 253)	(176, 25)	62
15:53:26.370	22	9.28741	(1765, 254)	(177, 25)	62
15:53:26.397	22	9.27526	(1768, 255)	(177, 26)	62
15:53:26.425	22	9.30889	(1775, 256)	(178, 26)	62
15:53:26.453	22	9.30785	(1785, 258)	(179, 26)	62
15:53:26.480	22	9.2963	(1795, 260)	(180, 26)	62
15:53:26.509	22	9.24444	(1805, 262)	(181, 26)	62
15:53:26.537	22	9.26148	(1815, 264)	(182, 26)	62
15:53:26.565	22	9.27378	(1817, 265)	(182, 27)	62
15:53:26.592	19	9.25467	(1825, 267)	(183, 27)	62
15:53:26.619	20	9.23244	(1838, 271)	(184, 27)	62
15:53:26.647	19	9.24222	(1845, 273)	(185, 27)	62
15:53:26.668	20	9.23156	(1849, 275)	(185, 28)	62
15:53:26.689	20	9.1963	(1858, 278)	(186, 28)	62
15:53:26.717	20	9.24652	(1865, 280)	(187, 28)	62
15:53:26.745	18	9.19007	(1874, 285)	(187, 29)	62
15:53:26.765	20	9.24385	(1875, 285)	(188, 29)	62
15:53:26.793	19	9.21156	(1885, 289)	(189, 29)	62
15:53:26.814	19	9.17126	(1895, 294)	(190, 29)	62
15:53:26.835	19	9.1723	(1895, 295)	(190, 30)	62
15:53:26.856	18	9.20859	(1905, 299)	(191, 30)	62
15:53:26.876	20	9.18252	(1912, 305)	(191, 31)	62
15:53:26.904	19	9.15008	(1915, 307)	(192, 31)	62
15:53:26.925	20	9.1603	(1925, 314)	(193, 31)	62
15:53:26.953	20	9.176	(1926, 315)	(193, 32)	62
15:53:26.980	21	9.20267	(1935, 322)	(194, 32)	62
15:53:27.009	18	9.17111	(1937, 325)	(194, 33)	62
15:53:27.036	19	9.19037	(1945, 333)	(195, 33)	62
15:53:27.057	22	9.15911	(1947, 335)	(195, 34)	62
15:53:27.086	23	9.18519	(1955, 344)	(196, 34)	62
15:53:27.114	24	9.15704	(1955, 345)	(196, 35)	62
15:53:27.142	23	9.1723	(1963, 355)	(196, 36)	62
15:53:27.170	21	9.13541	(1965, 358)	(197, 36)	62
15:53:27.197	19	9.11911	(1968, 365)	(197, 37)	62
15:53:27.217	19	9.14904	(1973, 375)	(197, 38)	62
15:53:27.239	18	9.12104	(1975, 379)	(198, 38)	62
15:53:27.259	22	9.12356	(1976, 385)	(198, 39)	62
15:53:27.287	22	9.16015	(1980, 395)	(198, 40)	62
15:53:27.315	22	9.12622	(1982, 405)	(198, 41)	62
15:53:27.343	21	9.12296	(1984, 415)	(198, 42)	62
15:53:27.371	21	9.11867	(1985, 417)	(199, 42)	62
15:53:27.398	19	9.17437	(1985, 425)	(199, 43)	62
15:53:27.418	20	9.12919	(1987, 435)	(199, 44)	62
15:53:27.440	20	9.12207	(1988, 445)	(199, 45)	62
15:53:27.468	19	9.13422	(1989, 455)	(199, 46)	62
15:53:27.496	19	9.13733	(1989, 465)	(199, 47)	62
15:53:27.523	19	9.12978	(1989, 475)	(199, 48)	62
15:53:27.544	20	9.14059	(1988, 485)	(199, 49)	62
15:53:27.572	20	9.15704	(1985, 495)	(199, 50)	62
15:53:27.600	18	9.16341	(1984, 495)	(198, 50)	62
15:53:27.620	19	9.11378	(1980, 505)	(198, 51)	62
15:53:27.641	19	9.15245	(1972, 516)	(197, 52)	62
15:53:27.662	19	9.13867	(1965, 525)	(197, 53)	62
15:53:27.683	18	9.14652	(1964, 526)	(196, 53)	62
15:53:27.703	20	9.14074	(1954, 534)	(195, 53)	62
15:53:27.725	18	9.13822	(1953, 535)	(195, 54)	62
15:53:27.745	20	9.15748	(1944, 539)	(194, 54)	62
15:53:27.774	21	9.18859	(1937, 545)	(194, 55)	62
15:53:27.801	21	9.18874	(1934, 547)	(193, 55)	62
15:53:27.829	22	9.18445	(1924, 555)	(192, 56)	62
15:53:27.858	21	9.20756	(1914, 561)	(191, 56)	62
15:53:27.885	21	9.16607	(1907, 565)	(191, 57)	62
15:53:27.913	21	9.17511	(1904, 567)	(190, 57)	62
15:53:27.942	22	9.19719	(1894, 572)	(189, 57)	62
15:53:27.968	22	9.21807	(1890, 575)	(189, 58)	62
15:53:27.996	21	9.19748	(1884, 577)	(188, 58)	62
15:53:28.024	19	9.23141	(1874, 581)	(187, 58)	62
15:53:28.051	28	9.21644	(1866, 585)	(187, 59)	62
15:53:28.087	18	9.23541	(1864, 585)	(186, 59)	62
15:53:28.107	20	9.20163	(1854, 590)	(185, 59)	62
15:53:28.135	22	9.2397	(1844, 594)	(184, 59)	62
15:53:28.163	23	9.2123	(1843, 595)	(184, 60)	62
15:53:28.194	24	9.17778	(1834, 597)	(183, 60)	62
15:53:28.226	21	9.26681	(1823, 601)	(182, 60)	62
15:53:28.254	20	9.23496	(1810, 606)	(181, 61)	62
15:53:28.281	22	9.26607	(1804, 609)	(180, 61)	62
15:53:28.309	25	9.2597	(1794, 612)	(179, 61)	62
15:53:28.338	24	9.27541	(1787, 615)	(179, 62)	62
15:53:28.365	24	9.272	(1784, 616)	(178, 62)	62
15:53:28.395	22	9.25511	(1774, 619)	(177, 62)	62
15:53:28.420	21	9.35378	(1764, 622)	(176, 62)	62
15:53:28.448	19	9.45081	(1758, 625)	(176, 63)	62
15:53:28.468	19	9.39467	(1754, 626)	(175, 63)	62
15:53:28.489	22	9.51674	(1744, 628)	(174, 63)	62
15:53:28.518	22	9.57659	(1734, 631)	(173, 63)	62
15:53:28.545	23	9.58074	(1724, 633)	(172, 63)	62
15:53:28.573	23	9.596	(1715, 635)	(172, 64)	62
15:53:28.601	22	9.63244	(1714, 635)	(171, 64)	62
15:53:28.629	21	9.73822	(1704, 637)	(170, 64)	62
15:53:28.656	20	9.7923	(1694, 638)	(169, 64)	62
15:53:28.684	19	9.8323	(1684, 640)	(168, 64)	62
15:53:28.705	20	9.89407	(1674, 641)	(167, 64)	62
15:53:28.726	19	9.96445	(1664, 642)	(166, 64)	62
15:53:28.747	20	9.99852	(1654, 643)	(165, 64)	62
15:53:28.774	20	10.087	(1644, 644)	(164, 64)	62
15:53:28.802	21	10.1447	(1633, 644)	(163, 64)	62
15:53:28.831	20	10.2176	(1624, 644)	(162, 64)	62
15:53:28.858	21	10.2975	(1614, 644)	(161, 64)	62
15:53:28.886	21	10.4151	(1604, 644)	(160, 64)	62
15:53:28.913	21	10.4852	(1594, 644)	(159, 64)	62
15:53:28.941	22	10.543	(1584, 644)	(158, 64)	62
15:53:28.969	21	10.6004	(1574, 644)	(157, 64)	62
15:53:28.997	20	10.7004	(1564, 644)	(156, 64)	62
15:53:29.025	22	10.7827	(1554, 644)	(155, 64)	62
15:53:29.053	21	10.8865	(1548, 645)	(155, 65)	62
15:53:29.080	22	10.8342	(1544, 645)	(154, 65)	62
15:53:29.108	25	10.8721	(1534, 645)	(153, 65)	62
15:53:29.136	21	11.068	(1524, 646)	(152, 65)	62
15:53:29.163	23	11.1	(1514, 647)	(151, 65)	62
15:53:29.195	26	11.0356	(1504, 648)	(150, 65)	62
15:53:29.226	22	11.1948	(1494, 649)	(149, 65)	62
15:53:29.254	21	11.3148	(1484, 651)	(148, 65)	62
15:53:29.282	21	11.3551	(1474, 652)	(147, 65)	62
15:53:29.310	20	11.4425	(1464, 652)	(146, 65)	62
15:53:29.337	22	11.4815	(1454, 653)	(145, 65)	62
15:53:29.366	21	11.6193	(1444, 654)	(144, 65)	62
15:53:29.394	21	11.6973	(1434, 654)	(143, 65)	62
15:53:29.423	23	11.8044	(1419, 654)	(142, 65)	62
15:53:29.449	22	11.8027	(1414, 654)	(141, 65)	62
15:53:29.477	22	11.923	(1404, 654)	(140, 65)	62
15:53:29.505	22	11.9684	(1394, 654)	(139, 65)	62
15:53:29.533	26	12.0003	(1384, 654)	(138, 65)	62
15:53:29.569	26	11.9427	(1374, 654)	(137, 65)	62
15:53:29.603	27	12.1184	(1356, 653)	(136, 65)	62
15:53:29.638	24	12.1313	(1354, 653)	(135, 65)	62
15:53:29.665	22	12.1486	(1344, 652)	(134, 65)	62
15:53:29.692	23	12.0772	(1334, 651)	(133, 65)	62
15:53:29.720	23	12.1554	(1323, 651)	(132, 65)	62
15:53:29.747	26	12.2098	(1314, 650)	(131, 65)	62
15:53:29.777	28	12.1487	(1303, 649)	(130, 65)	62
15:53:29.811	28	12.2207	(1294, 648)	(129, 65)	62
15:53:29.845	27	12.2227	(1284, 647)	(128, 65)	62
15:53:29.881	22	12.2748	(1274, 647)	(127, 65)	62
15:53:29.907	22	12.1748	(1264, 646)	(126, 65)	62
15:53:29.935	25	12.1668	(1256, 644)	(126, 64)	62
15:53:29.964	27	12.1836	(1254, 644)	(125, 64)	62
15:53:29.998	27	12.2307	(1244, 643)	(124, 64)	62
15:53:30.034	27	12.2336	(1234, 643)	(123, 64)	62
15:53:30.068	23	12.1387	(1224, 641)	(122, 64)	62
15:53:30.096	21	12.1401	(1214, 641)	(121, 64)	62
15:53:30.123	22	12.1797	(1204, 641)	(120, 64)	62
15:53:30.151	23	12.0754	(1194, 640)	(119, 64)	62
15:53:30.179	23	11.9988	(1184, 639)	(118, 64)	62
15:53:30.207	23	12.0292	(1174, 639)	(117, 64)	62
15:53:30.234	24	12.1081	(1164, 637)	(116, 64)	62
15:53:30.263	22	11.9801	(1154, 637)	(115, 64)	62
15:53:30.291	23	11.9653	(1144, 636)	(114, 64)	62
15:53:30.318	23	11.9585	(1134, 636)	(113, 64)	62
15:53:30.346	23	12.0127	(1124, 635)	(112, 64)	62
15:53:30.373	23	11.9323	(1114, 635)	(111, 64)	62
15:53:30.401	25	11.8382	(1110, 634)	(111, 63)	62
15:53:30.433	27	11.7287	(1104, 634)	(110, 63)	62
15:53:30.464	23	11.9196	(1093, 633)	(109, 63)	62
15:53:30.491	21	11.8367	(1084, 632)	(108, 63)	62
15:53:30.519	22	11.779	(1074, 632)	(107, 63)	62
15:53:30.547	22	11.781	(1064, 631)	(106, 63)	62
15:53:30.575	22	11.6966	(1051, 631)	(105, 63)	62
15:53:30.604	26	11.6603	(1032, 629)	(103, 63)	62
15:53:30.639	26	11.6652	(1024, 629)	(102, 63)	62
15:53:30.674	26	11.685	(1014, 629)	(101, 63)	62
15:53:30.708	22	11.6794	(1004, 628)	(100, 63)	62
15:53:30.735	24	11.7281	(994, 627)	(99, 63)	62
15:53:30.763	27	11.6403	(984, 627)	(98, 63)	62
15:53:30.798	27	11.6064	(974, 627)	(97, 63)	62
15:53:30.836	28	11.5957	(964, 626)	(96, 63)	62
15:53:30.868	28	11.5993	(954, 626)	(95, 63)	62
15:53:30.902	24	11.5136	(944, 626)	(94, 63)	62
15:53:30.930	24	11.5347	(934, 625)	(93, 63)	62
15:53:30.957	22	11.448	(927, 624)	(93, 62)	62
15:53:30.985	24	11.4313	(924, 624)	(92, 62)	62
15:53:31.013	23	11.3551	(914, 623)	(91, 62)	62
15:53:31.041	23	11.2523	(904, 622)	(90, 62)	62
15:53:31.071	22	11.2096	(894, 621)	(89, 62)	62
15:53:31.098	22	11.1673	(884, 620)	(88, 62)	62
15:53:31.124	22	11.2825	(873, 619)	(87, 62)	62
15:53:31.152	23	11.1557	(864, 619)	(86, 62)	62
15:53:31.181	26	11.0999	(854, 619)	(85, 62)	62
15:53:31.215	27	11.0807	(843, 618)	(84, 62)	62
15:53:31.250	28	11.0864	(834, 618)	(83, 62)	62
15:53:31.287	27	10.9477	(823, 617)	(82, 62)	62
15:53:31.320	21	10.9049	(814, 617)	(81, 62)	62
15:53:31.347	20	10.9467	(804, 617)	(80, 62)	62
15:53:31.375	20	10.8548	(794, 617)	(79, 62)	62
15:53:31.402	21	10.8212	(784, 616)	(78, 62)	62
15:53:31.430	21	10.8255	(772, 616)	(77, 62)	62
15:53:31.458	21	10.8599	(764, 615)	(76, 62)	62
15:53:31.486	22	10.8113	(754, 615)	(75, 62)	62
15:53:31.514	22	10.7196	(744, 615)	(74, 62)	62
15:53:31.542	20	10.6363	(734, 615)	(73, 62)	62
15:53:31.569	22	10.6219	(724, 615)	(72, 62)	62
15:53:31.597	21	10.6467	(714, 615)	(71, 62)	62
15:53:31.625	20	10.5964	(704, 615)	(70, 62)	62
15:53:31.652	21	10.5332	(694, 615)	(69, 62)	62
15:53:31.680	21	10.5477	(684, 615)	(68, 62)	62
15:53:31.708	22	10.4881	(674, 615)	(67, 62)	62
15:53:31.736	22	10.411	(664, 616)	(66, 62)	62
15:53:31.764	21	10.3502	(654, 617)	(65, 62)	62
15:53:31.792	20	10.3637	(644, 618)	(64, 62)	62
15:53:31.819	21	10.4064	(634, 618)	(63, 62)	62
15:53:31.847	21	10.3434	(624, 619)	(62, 62)	62
15:53:31.875	21	10.28	(614, 619)	(61, 62)	62
15:53:31.904	22	10.2505	(604, 621)	(60, 62)	62
15:53:31.931	20	10.1601	(594, 621)	(59, 62)	62
15:53:31.959	20	10.1385	(584, 622)	(58, 62)	62
15:53:31.986	20	10.0979	(574, 624)	(57, 62)	62
15:53:32.014	20	9.99674	(566, 625)	(57, 63)	62
15:53:32.041	20	9.94296	(564, 625)	(56, 63)	62
15:53:32.070	20	9.93585	(554, 625)	(55, 63)	62
15:53:32.098	22	9.91007	(544, 626)	(54, 63)	62
15:53:32.126	20	9.83926	(534, 628)	(53, 63)	62
15:53:32.153	20	9.864	(524, 629)	(52, 63)	62
15:53:32.181	20	9.86059	(514, 631)	(51, 63)	62
15:53:32.208	20	9.82622	(504, 633)	(50, 63)	62
15:53:32.237	21	9.84119	(494, 634)	(49, 63)	62
15:53:32.264	20	9.84533	(493, 635)	(49, 64)	62
15:53:32.292	20	9.80785	(484, 637)	(48, 64)	62
15:53:32.320	20	9.8437	(467, 641)	(47, 64)	62
15:53:32.348	19	9.76015	(464, 642)	(46, 64)	62
15:53:32.375	21	9.72711	(458, 645)	(46, 65)	62
15:53:32.403	21	9.75081	(454, 646)	(45, 65)	62
15:53:32.431	20	9.77333	(444, 650)	(44, 65)	62
15:53:32.459	20	9.71956	(434, 654)	(43, 65)	62
15:53:32.488	20	9.70133	(432, 655)	(43, 66)	62
15:53:32.515	20	9.67244	(424, 658)	(42, 66)	62
15:53:32.543	20	9.71911	(414, 662)	(41, 66)	62
15:53:32.570	20	9.68652	(409, 665)	(41, 67)	62
15:53:32.597	25	9.69096	(404, 667)	(40, 67)	62
15:53:32.627	26	9.68563	(394, 671)	(39, 67)	62
15:53:32.664	26	9.59941	(387, 675)	(39, 68)	62
15:53:32.696	26	9.63437	(384, 676)	(38, 68)	62
15:53:32.731	22	9.64015	(374, 680)	(37, 68)	62
15:53:32.758	20	9.61096	(367, 685)	(37, 69)	62
15:53:32.785	19	9.67689	(364, 687)	(36, 69)	62
15:53:32.806	18	9.64104	(356, 695)	(36, 70)	62
15:53:32.827	18	9.62756	(354, 695)	(35, 70)	62
15:53:32.848	18	9.64015	(344, 704)	(34, 70)	62
15:53:32.869	21	9.60044	(344, 705)	(34, 71)	62
15:53:32.897	22	9.66504	(337, 715)	(34, 72)	62
15:53:32.925	22	9.62711	(335, 725)	(34, 73)	62
15:53:32.953	21	9.60504	(334, 727)	(33, 73)	62
15:53:32.980	20	9.60504	(331, 735)	(33, 74)	62
15:53:33.001	21	9.61704	(329, 746)	(33, 75)	62
15:53:33.029	20	9.61911	(329, 755)	(33, 76)	62
15:53:33.056	22	9.72533	(329, 765)	(33, 77)	62
15:53:33.085	22	9.7763	(329, 775)	(33, 78)	62
15:53:33.113	22	9.75141	(329, 785)	(33, 79)	62
15:53:33.140	22	9.85704	(329, 795)	(33, 80)	62
15:53:33.169	22	9.81437	(329, 805)	(33, 81)	62
15:53:33.197	22	9.94607	(329, 833)	(33, 83)	62
15:53:33.225	22	9.92978	(329, 836)	(33, 84)	62
15:53:33.252	21	9.96785	(329, 845)	(33, 85)	62
15:53:33.280	22	9.96785	(329, 855)	(33, 86)	62
15:53:33.307	22	9.94444	(330, 865)	(33, 87)	62
15:53:33.335	22	9.91482	(332, 875)	(33, 88)	62
15:53:33.363	22	9.96296	(335, 883)	(34, 88)	62
15:53:33.392	22	9.94459	(335, 885)	(34, 89)	62
15:53:33.419	22	9.992	(338, 895)	(34, 90)	62
15:53:33.447	22	9.96948	(341, 905)	(34, 91)	62
15:53:33.476	21	9.97319	(345, 914)	(35, 91)	62
15:53:33.503	23	10.0073	(346, 915)	(35, 92)	62
15:53:33.530	22	9.98548	(350, 925)	(35, 93)	62
15:53:33.558	22	10.009	(355, 931)	(36, 93)	62
15:53:33.586	22	10.0086	(357, 935)	(36, 94)	62
15:53:33.614	22	10.0003	(364, 945)	(36, 95)	62
15:53:33.641	19	10.0093	(365, 945)	(37, 95)	62
15:53:33.661	20	10.0561	(373, 955)	(37, 96)	62
15:53:33.682	20	10.0239	(375, 956)	(38, 96)	62
15:53:33.710	22	10.1092	(384, 965)	(38, 97)	62
15:53:33.739	22	10.1433	(385, 966)	(39, 97)	62
15:53:33.766	23	10.1951	(395, 975)	(40, 98)	62
15:53:33.794	23	10.2172	(405, 982)	(41, 98)	62
15:53:33.822	22	10.2754	(411, 987)	(41, 99)	62
15:53:33.850	24	10.2616	(415, 989)	(42, 99)	62
15:53:33.880	21	10.2204	(423, 995)	(42, 100)	62
15:53:33.905	24	10.2444	(425, 996)	(43, 100)	62
15:53:33.933	24	10.315	(435, 1001)	(44, 100)	62
15:53:33.962	23	10.3172	(441, 1005)	(44, 101)	62
15:53:33.989	24	10.3185	(446, 1007)	(45, 101)	62
15:53:34.017	23	10.3436	(455, 1012)	(46, 101)	62
15:53:34.045	23	10.4105	(461, 1015)	(46, 102)	62
15:53:34.072	23	10.4387	(465, 1017)	(47, 102)	62
15:53:34.100	22	10.4253	(475, 1022)	(48, 102)	62
15:53:34.127	23	10.4775	(481, 1025)	(48, 103)	62
15:53:34.156	23	10.4716	(485, 1026)	(49, 103)	62
15:53:34.184	23	10.439	(495, 1030)	(50, 103)	62
15:53:34.211	23	10.5283	(505, 1034)	(51, 103)	62
15:53:34.240	23	10.5609	(506, 1035)	(51, 104)	62
15:53:34.266	20	10.5999	(515, 1037)	(52, 104)	62
15:53:34.294	19	10.6536	(525, 1040)	(53, 104)	62
15:53:34.315	20	10.673	(540, 1043)	(54, 104)	62
15:53:34.343	19	10.6588	(545, 1044)	(55, 104)	62
15:53:34.364	19	10.661	(549, 1045)	(55, 105)	62
15:53:34.391	21	10.6978	(555, 1046)	(56, 105)	62
15:53:34.419	20	10.6627	(577, 1050)	(58, 105)	62
15:53:34.447	21	10.8169	(585, 1052)	(59, 105)	62
15:53:34.475	21	10.7879	(595, 1053)	(60, 105)	62
15:53:34.504	33	10.8007	(605, 1054)	(61, 105)	62
15:53:34.552	22	10.7881	(608, 1055)	(61, 106)	62
15:53:34.579	22	10.845	(615, 1056)	(62, 106)	62
15:53:34.607	21	10.8379	(625, 1057)	(63, 106)	62
15:53:34.635	22	10.8274	(635, 1058)	(64, 106)	62
15:53:34.663	22	10.7981	(645, 1059)	(65, 106)	62
15:53:34.692	22	10.813	(655, 1060)	(66, 106)	62
15:53:34.718	22	10.8317	(665, 1061)	(67, 106)	62
15:53:34.746	21	10.8396	(675, 1061)	(68, 106)	62
15:53:34.774	22	10.8138	(685, 1063)	(69, 106)	62
15:53:34.803	25	10.8166	(695, 1063)	(70, 106)	62
15:53:34.837	29	10.8216	(705, 1064)	(71, 106)	62
15:53:34.872	26	10.7935	(715, 1064)	(72, 106)	62
15:53:34.906	23	10.7973	(719, 1065)	(72, 107)	62
15:53:34.934	21	10.815	(725, 1065)	(73, 107)	62
15:53:34.962	22	10.8101	(735, 1066)	(74, 107)	62
15:53:34.989	23	10.7953	(745, 1066)	(75, 107)	62
15:53:35.017	23	10.791	(755, 1066)	(76, 107)	62
15:53:35.045	22	10.8099	(765, 1066)	(77, 107)	62
15:53:35.074	22	10.7333	(775, 1067)	(78, 107)	62
15:53:35.101	21	10.7256	(785, 1067)	(79, 107)	62
15:53:35.129	22	10.7613	(795, 1068)	(80, 107)	62
15:53:35.156	22	10.7375	(805, 1069)	(81, 107)	62
15:53:35.184	21	10.6655	(815, 1070)	(82, 107)	62
15:53:35.212	22	10.6479	(825, 1071)	(83, 107)	62
15:53:35.240	22	10.6529	(835, 1072)	(84, 107)	62
15:53:35.267	23	10.6034	(845, 1073)	(85, 107)	62
15:53:35.296	22	10.5129	(856, 1074)	(86, 107)	62
15:53:35.324	21	10.505	(862, 1075)	(86, 108)	62
15:53:35.351	23	10.5443	(865, 1075)	(87, 108)	62
15:53:35.385	27	10.4618	(875, 1075)	(88, 108)	62
15:53:35.422	27	10.479	(885, 1076)	(89, 108)	62
15:53:35.457	27	10.38	(895, 1077)	(90, 108)	62
15:53:35.491	23	10.4773	(905, 1078)	(91, 108)	62
15:53:35.518	22	10.427	(915, 1078)	(92, 108)	62
15:53:35.546	23	10.4335	(925, 1079)	(93, 108)	62
15:53:35.574	22	10.4098	(935, 1080)	(94, 108)	62
15:53:35.601	22	10.4179	(945, 1081)	(95, 108)	62
15:53:35.629	23	10.3917	(955, 1082)	(96, 108)	62
15:53:35.657	23	10.3634	(965, 1082)	(97, 108)	62
15:53:35.685	21	10.4444	(975, 1083)	(98, 108)	62
15:53:35.712	20	10.3439	(986, 1083)	(99, 108)	62
15:53:35.733	20	10.3613	(995, 1084)	(100, 108)	62
15:53:35.754	20	10.3243	(1005, 1084)	(101, 108)	62
15:53:35.782	21	10.3308	(1015, 1084)	(102, 108)	62
15:53:35.810	25	10.3487	(1017, 1085)	(102, 109)	62
15:53:35.838	24	10.3333	(1025, 1085)	(103, 109)	62
15:53:35.866	24	10.2839	(1040, 1085)	(104, 109)	62
15:53:35.894	27	10.2686	(1048, 1085)	(105, 109)	62
15:53:35.928	20	10.2554	(1055, 1086)	(106, 109)	62
15:53:35.956	20	10.2959	(1065, 1086)	(107, 109)	62
15:53:35.983	21	10.2812	(1075, 1086)	(108, 109)	62
15:53:36.012	23	10.2972	(1085, 1086)	(109, 109)	62
15:53:36.040	23	10.1502	(1096, 1086)	(110, 109)	62
15:53:36.068	23	10.1935	(1105, 1086)	(111, 109)	62
15:53:36.096	23	10.1015	(1115, 1086)	(112, 109)	62
15:53:36.122	21	10.1286	(1126, 1086)	(113, 109)	62
15:53:36.150	21	10.1224	(1135, 1086)	(114, 109)	62
15:53:36.178	19	10.0902	(1146, 1086)	(115, 109)	62
15:53:36.199	23	10.0662	(1155, 1086)	(116, 109)	62
15:53:36.227	26	10.0801	(1166, 1086)	(117, 109)	62
15:53:36.257	25	9.98904	(1175, 1086)	(118, 109)	62
15:53:36.291	27	10.084	(1185, 1085)	(119, 109)	62
15:53:36.326	23	10.1172	(1188, 1084)	(119, 108)	62
15:53:36.352	21	10.0742	(1195, 1084)	(120, 108)	62
15:53:36.380	21	10.0462	(1205, 1082)	(121, 108)	62
15:53:36.408	24	10.0353	(1215, 1081)	(122, 108)	62
15:53:36.436	25	10.1067	(1225, 1081)	(123, 108)	62
15:53:36.464	24	10.0679	(1235, 1081)	(124, 108)	62
15:53:36.492	24	10.0997	(1245, 1080)	(125, 108)	62
15:53:36.522	24	10.0453	(1255, 1080)	(126, 108)	62
15:53:36.553	26	10.0812	(1265, 1079)	(127, 108)	62
15:53:36.582	20	10.0914	(1275, 1078)	(128, 108)	62
15:53:36.609	21	10.0693	(1286, 1077)	(129, 108)	62
15:53:36.637	21	10.0809	(1295, 1077)	(130, 108)	62
15:53:36.664	22	10.1154	(1305, 1077)	(131, 108)	62
15:53:36.693	20	10.1196	(1315, 1077)	(132, 108)	62
15:53:36.721	19	10.1603	(1325, 1077)	(133, 108)	62
15:53:36.748	21	10.1812	(1335, 1077)	(134, 108)	62
15:53:36.776	21	10.1721	(1345, 1077)	(135, 108)	62
15:53:36.803	22	10.2462	(1355, 1077)	(136, 108)	62
15:53:36.833	21	10.2182	(1365, 1079)	(137, 108)	62
15:53:36.859	21	10.2141	(1375, 1080)	(138, 108)	62
15:53:36.887	21	10.3191	(1385, 1081)	(139, 108)	62
15:53:36.915	21	10.3033	(1395, 1081)	(140, 108)	62
15:53:36.943	19	10.2631	(1405, 1083)	(141, 108)	62
15:53:36.972	22	10.3147	(1416, 1084)	(142, 108)	62
15:53:36.999	21	10.2797	(1418, 1085)	(142, 109)	62
15:53:37.026	21	10.3099	(1425, 1085)	(143, 109)	62
15:53:37.055	27	10.3382	(1437, 1088)	(144, 109)	62
15:53:37.090	28	10.3593	(1445, 1088)	(145, 109)	62
15:53:37.124	29	10.3181	(1455, 1089)	(146, 109)	62
15:53:37.161	25	10.2594	(1465, 1090)	(147, 109)	62
15:53:37.193	20	10.3136	(1476, 1091)	(148, 109)	62
15:53:37.220	20	10.3613	(1485, 1092)	(149, 109)	62
15:53:37.248	23	10.3289	(1495, 1093)	(150, 109)	62
15:53:37.277	24	10.2964	(1505, 1093)	(151, 109)	62
15:53:37.305	24	10.3822	(1515, 1093)	(152, 109)	62
15:53:37.334	23	10.3548	(1525, 1093)	(153, 109)	62
15:53:37.360	24	10.3419	(1535, 1094)	(154, 109)	62
15:53:37.388	23	10.3545	(1545, 1094)	(155, 109)	62
15:53:37.416	19	10.3659	(1555, 1094)	(156, 109)	62
15:53:37.443	20	10.3079	(1565, 1094)	(157, 109)	62
15:53:37.464	20	10.2976	(1566, 1095)	(157, 110)	62
15:53:37.492	19	10.268	(1575, 1095)	(158, 110)	62
15:53:37.513	19	10.2947	(1585, 1095)	(159, 110)	62
15:53:37.533	20	10.2887	(1596, 1096)	(160, 110)	62
15:53:37.561	21	10.2561	(1605, 1096)	(161, 110)	62
15:53:37.590	19	10.2431	(1615, 1096)	(162, 110)	62
15:53:37.611	19	10.2006	(1625, 1097)	(163, 110)	62
15:53:37.638	20	10.2444	(1635, 1097)	(164, 110)	62
15:53:37.666	19	10.2061	(1645, 1097)	(165, 110)	62
15:53:37.686	20	10.145	(1655, 1098)	(166, 110)	62
15:53:37.714	19	10.1127	(1665, 1098)	(167, 110)	62
15:53:37.735	20	10.0813	(1675, 1099)	(168, 110)	62
15:53:37.757	19	10.1416	(1685, 1099)	(169, 110)	62
15:53:37.777	20	10.0624	(1695, 1100)	(170, 110)	62
15:53:37.805	20	10.0356	(1705, 1100)	(171, 110)	62
15:53:37.832	20	9.98933	(1715, 1101)	(172, 110)	62
15:53:37.860	19	10.0227	(1725, 1101)	(173, 110)	62
15:53:37.881	21	9.98252	(1735, 1103)	(174, 110)	62
15:53:37.910	20	9.96415	(1748, 1104)	(175, 110)	62
15:53:37.937	19	9.97837	(1753, 1105)	(175, 111)	62
15:53:37.958	19	9.88563	(1755, 1105)	(176, 111)	62
15:53:37.979	20	9.94978	(1765, 1106)	(177, 111)	62
15:53:38.006	20	9.88385	(1775, 1107)	(178, 111)	62
15:53:38.027	20	9.86711	(1785, 1108)	(179, 111)	62
15:53:38.048	19	9.77763	(1798, 1109)	(180, 111)	62
15:53:38.069	19	9.83407	(1806, 1111)	(181, 111)	62
15:53:38.090	21	9.82059	(1815, 1112)	(182, 111)	62
15:53:38.118	23	9.656	(1825, 1112)	(183, 111)	62
15:53:38.148	24	9.64193	(1835, 1113)	(184, 111)	62
15:53:38.181	21	9.62652	(1850, 1114)	(185, 111)	62
15:53:38.208	21	9.58356	(1855, 1114)	(186, 111)	62
15:53:38.236	19	9.56993	(1858, 1115)	(186, 112)	62
15:53:38.264	18	9.51244	(1865, 1116)	(187, 112)	62
15:53:38.292	19	9.53259	(1877, 1117)	(188, 112)	62
15:53:38.319	20	9.49956	(1885, 1118)	(189, 112)	62
15:53:38.347	20	9.41674	(1895, 1120)	(190, 112)	62
15:53:38.375	19	9.45245	(1905, 1121)	(191, 112)	62
15:53:38.403	20	9.21704	(0, 0)	(0, 0)	62
EOM

